Domain Code,Domain,Area Code,Area,Element Code,Element,Item Code,Item,Year Code,Year,Unit,Value,Flag,Flag Description,Note
QCL,Crops and livestock products,228,USSR,5111,Stocks,1107,Asses,1961,1961,An,804000.0,E,Estimated value,
QCL,Crops and livestock products,228,USSR,5111,Stocks,1107,Asses,1962,1962,An,782000.0,E,Estimated value,
QCL,Crops and livestock products,228,USSR,5111,Stocks,1107,Asses,1963,1963,An,760000.0,E,Estimated value,
QCL,Crops and livestock products,228,USSR,5111,Stocks,1107,Asses,1964,1964,An,740000.0,E,Estimated value,
QCL,Crops and livestock products,228,USSR,5111,Stocks,1107,Asses,1965,1965,An,717000.0,A,Official figure,
QCL,Crops and livestock products,228,USSR,5111,Stocks,1107,Asses,1966,1966,An,713000.0,A,Official figure,
QCL,Crops and livestock products,228,USSR,5111,Stocks,1107,Asses,1967,1967,An,695000.0,A,Official figure,
QCL,Crops and livestock products,228,USSR,5111,Stocks,1107,Asses,1968,1968,An,705000.0,A,Official figure,
QCL,Crops and livestock products,228,USSR,5111,Stocks,1107,Asses,1969,1969,An,687000.0,A,Official figure,
QCL,Crops and livestock products,228,USSR,5111,Stocks,1107,Asses,1970,1970,An,581000.0,A,Official figure,
QCL,Crops and livestock products,228,USSR,5111,Stocks,1107,Asses,1971,1971,An,609000.0,A,Official figure,
QCL,Crops and livestock products,228,USSR,5111,Stocks,1107,Asses,1972,1972,An,569000.0,A,Official figure,
QCL,Crops and livestock products,228,USSR,5111,Stocks,1107,Asses,1973,1973,An,551000.0,A,Official figure,
QCL,Crops and livestock products,228,USSR,5111,Stocks,1107,Asses,1974,1974,An,525000.0,A,Official figure,
QCL,Crops and livestock products,228,USSR,5111,Stocks,1107,Asses,1975,1975,An,501000.0,A,Official figure,
QCL,Crops and livestock products,228,USSR,5111,Stocks,1107,Asses,1976,1976,An,464000.0,A,Official figure,
QCL,Crops and livestock products,228,USSR,5111,Stocks,1107,Asses,1977,1977,An,444000.0,A,Official figure,
QCL,Crops and livestock products,228,USSR,5111,Stocks,1107,Asses,1978,1978,An,418000.0,A,Official figure,
QCL,Crops and livestock products,228,USSR,5111,Stocks,1107,Asses,1979,1979,An,405000.0,A,Official figure,
QCL,Crops and livestock products,228,USSR,5111,Stocks,1107,Asses,1980,1980,An,383000.0,A,Official figure,
QCL,Crops and livestock products,228,USSR,5111,Stocks,1107,Asses,1981,1981,An,364000.0,A,Official figure,
QCL,Crops and livestock products,228,USSR,5111,Stocks,1107,Asses,1982,1982,An,366000.0,A,Official figure,
QCL,Crops and livestock products,228,USSR,5111,Stocks,1107,Asses,1983,1983,An,344000.0,A,Official figure,
QCL,Crops and livestock products,228,USSR,5111,Stocks,1107,Asses,1984,1984,An,330100.0,A,Official figure,
QCL,Crops and livestock products,228,USSR,5111,Stocks,1107,Asses,1985,1985,An,300000.0,A,Official figure,
QCL,Crops and livestock products,228,USSR,5111,Stocks,1107,Asses,1986,1986,An,300000.0,A,Official figure,
QCL,Crops and livestock products,228,USSR,5111,Stocks,1107,Asses,1987,1987,An,300000.0,A,Official figure,
QCL,Crops and livestock products,228,USSR,5111,Stocks,1107,Asses,1988,1988,An,300000.0,A,Official figure,
QCL,Crops and livestock products,228,USSR,5111,Stocks,1107,Asses,1989,1989,An,300000.0,E,Estimated value,
QCL,Crops and livestock products,228,USSR,5111,Stocks,1107,Asses,1990,1990,An,300000.0,E,Estimated value,
QCL,Crops and livestock products,228,USSR,5111,Stocks,1107,Asses,1991,1991,An,310000.0,E,Estimated value,
QCL,Crops and livestock products,228,USSR,5114,Stocks,1181,Bees,1961,1961,No,10250000.0,E,Estimated value,
QCL,Crops and livestock products,228,USSR,5114,Stocks,1181,Bees,1962,1962,No,10250000.0,E,Estimated value,
QCL,Crops and livestock products,228,USSR,5114,Stocks,1181,Bees,1963,1963,No,10986000.0,A,Official figure,
QCL,Crops and livestock products,228,USSR,5114,Stocks,1181,Bees,1964,1964,No,10325000.0,A,Official figure,
QCL,Crops and livestock products,228,USSR,5114,Stocks,1181,Bees,1965,1965,No,9930000.0,A,Official figure,
QCL,Crops and livestock products,228,USSR,5114,Stocks,1181,Bees,1966,1966,No,10004000.0,A,Official figure,
QCL,Crops and livestock products,228,USSR,5114,Stocks,1181,Bees,1967,1967,No,9901000.0,A,Official figure,
QCL,Crops and livestock products,228,USSR,5114,Stocks,1181,Bees,1968,1968,No,9831000.0,A,Official figure,
QCL,Crops and livestock products,228,USSR,5114,Stocks,1181,Bees,1969,1969,No,9847000.0,A,Official figure,
QCL,Crops and livestock products,228,USSR,5114,Stocks,1181,Bees,1970,1970,No,9515000.0,A,Official figure,
QCL,Crops and livestock products,228,USSR,5114,Stocks,1181,Bees,1971,1971,No,9765000.0,A,Official figure,
QCL,Crops and livestock products,228,USSR,5114,Stocks,1181,Bees,1972,1972,No,9822000.0,A,Official figure,
QCL,Crops and livestock products,228,USSR,5114,Stocks,1181,Bees,1973,1973,No,9963000.0,A,Official figure,
QCL,Crops and livestock products,228,USSR,5114,Stocks,1181,Bees,1974,1974,No,9783000.0,A,Official figure,
QCL,Crops and livestock products,228,USSR,5114,Stocks,1181,Bees,1975,1975,No,9597000.0,A,Official figure,
QCL,Crops and livestock products,228,USSR,5114,Stocks,1181,Bees,1976,1976,No,9241000.0,A,Official figure,
QCL,Crops and livestock products,228,USSR,5114,Stocks,1181,Bees,1977,1977,No,9429000.0,A,Official figure,
QCL,Crops and livestock products,228,USSR,5114,Stocks,1181,Bees,1978,1978,No,9206000.0,A,Official figure,
QCL,Crops and livestock products,228,USSR,5114,Stocks,1181,Bees,1979,1979,No,8465000.0,A,Official figure,
QCL,Crops and livestock products,228,USSR,5114,Stocks,1181,Bees,1980,1980,No,8189000.0,A,Official figure,
QCL,Crops and livestock products,228,USSR,5114,Stocks,1181,Bees,1981,1981,No,8000000.0,X,Figure from international organizations,Unofficial figure
QCL,Crops and livestock products,228,USSR,5114,Stocks,1181,Bees,1982,1982,No,7949000.0,A,Official figure,
QCL,Crops and livestock products,228,USSR,5114,Stocks,1181,Bees,1983,1983,No,8074000.0,A,Official figure,
QCL,Crops and livestock products,228,USSR,5114,Stocks,1181,Bees,1984,1984,No,7882000.0,A,Official figure,
QCL,Crops and livestock products,228,USSR,5114,Stocks,1181,Bees,1985,1985,No,8157000.0,A,Official figure,
QCL,Crops and livestock products,228,USSR,5114,Stocks,1181,Bees,1986,1986,No,8529000.0,A,Official figure,
QCL,Crops and livestock products,228,USSR,5114,Stocks,1181,Bees,1987,1987,No,8700000.0,E,Estimated value,
QCL,Crops and livestock products,228,USSR,5114,Stocks,1181,Bees,1988,1988,No,8800000.0,E,Estimated value,
QCL,Crops and livestock products,228,USSR,5114,Stocks,1181,Bees,1989,1989,No,9000000.0,E,Estimated value,
QCL,Crops and livestock products,228,USSR,5114,Stocks,1181,Bees,1990,1990,No,9100000.0,E,Estimated value,
QCL,Crops and livestock products,228,USSR,5114,Stocks,1181,Bees,1991,1991,No,9200000.0,E,Estimated value,
QCL,Crops and livestock products,228,USSR,5111,Stocks,946,Buffalo,1961,1961,An,389000.0,A,Official figure,
QCL,Crops and livestock products,228,USSR,5111,Stocks,946,Buffalo,1962,1962,An,392200.0,A,Official figure,
QCL,Crops and livestock products,228,USSR,5111,Stocks,946,Buffalo,1963,1963,An,390200.0,A,Official figure,
QCL,Crops and livestock products,228,USSR,5111,Stocks,946,Buffalo,1964,1964,An,389900.0,A,Official figure,
QCL,Crops and livestock products,228,USSR,5111,Stocks,946,Buffalo,1965,1965,An,363700.0,A,Official figure,
QCL,Crops and livestock products,228,USSR,5111,Stocks,946,Buffalo,1966,1966,An,407700.0,A,Official figure,
QCL,Crops and livestock products,228,USSR,5111,Stocks,946,Buffalo,1967,1967,An,439700.0,A,Official figure,
QCL,Crops and livestock products,228,USSR,5111,Stocks,946,Buffalo,1968,1968,An,473000.0,A,Official figure,
QCL,Crops and livestock products,228,USSR,5111,Stocks,946,Buffalo,1969,1969,An,485000.0,A,Official figure,
QCL,Crops and livestock products,228,USSR,5111,Stocks,946,Buffalo,1970,1970,An,461000.0,A,Official figure,
QCL,Crops and livestock products,228,USSR,5111,Stocks,946,Buffalo,1971,1971,An,449700.0,A,Official figure,
QCL,Crops and livestock products,228,USSR,5111,Stocks,946,Buffalo,1972,1972,An,442000.0,A,Official figure,
QCL,Crops and livestock products,228,USSR,5111,Stocks,946,Buffalo,1973,1973,An,429000.0,A,Official figure,
QCL,Crops and livestock products,228,USSR,5111,Stocks,946,Buffalo,1974,1974,An,433000.0,A,Official figure,
QCL,Crops and livestock products,228,USSR,5111,Stocks,946,Buffalo,1975,1975,An,427000.0,A,Official figure,
QCL,Crops and livestock products,228,USSR,5111,Stocks,946,Buffalo,1976,1976,An,418000.0,A,Official figure,
QCL,Crops and livestock products,228,USSR,5111,Stocks,946,Buffalo,1977,1977,An,393000.0,A,Official figure,
QCL,Crops and livestock products,228,USSR,5111,Stocks,946,Buffalo,1978,1978,An,383000.0,A,Official figure,
QCL,Crops and livestock products,228,USSR,5111,Stocks,946,Buffalo,1979,1979,An,360000.0,E,Estimated value,
QCL,Crops and livestock products,228,USSR,5111,Stocks,946,Buffalo,1980,1980,An,350000.0,E,Estimated value,
QCL,Crops and livestock products,228,USSR,5111,Stocks,946,Buffalo,1981,1981,An,340000.0,E,Estimated value,
QCL,Crops and livestock products,228,USSR,5111,Stocks,946,Buffalo,1982,1982,An,330000.0,E,Estimated value,
QCL,Crops and livestock products,228,USSR,5111,Stocks,946,Buffalo,1983,1983,An,320000.0,E,Estimated value,
QCL,Crops and livestock products,228,USSR,5111,Stocks,946,Buffalo,1984,1984,An,330000.0,E,Estimated value,
QCL,Crops and livestock products,228,USSR,5111,Stocks,946,Buffalo,1985,1985,An,350000.0,E,Estimated value,
QCL,Crops and livestock products,228,USSR,5111,Stocks,946,Buffalo,1986,1986,An,400000.0,A,Official figure,
QCL,Crops and livestock products,228,USSR,5111,Stocks,946,Buffalo,1987,1987,An,400000.0,A,Official figure,
QCL,Crops and livestock products,228,USSR,5111,Stocks,946,Buffalo,1988,1988,An,400000.0,A,Official figure,
QCL,Crops and livestock products,228,USSR,5111,Stocks,946,Buffalo,1989,1989,An,400000.0,E,Estimated value,
QCL,Crops and livestock products,228,USSR,5111,Stocks,946,Buffalo,1990,1990,An,420000.0,E,Estimated value,
QCL,Crops and livestock products,228,USSR,5111,Stocks,946,Buffalo,1991,1991,An,415000.0,E,Estimated value,
QCL,Crops and livestock products,228,USSR,5111,Stocks,1126,Camels,1961,1961,An,283600.0,E,Estimated value,
QCL,Crops and livestock products,228,USSR,5111,Stocks,1126,Camels,1962,1962,An,286400.0,E,Estimated value,
QCL,Crops and livestock products,228,USSR,5111,Stocks,1126,Camels,1963,1963,An,289300.0,E,Estimated value,
QCL,Crops and livestock products,228,USSR,5111,Stocks,1126,Camels,1964,1964,An,292200.0,E,Estimated value,
QCL,Crops and livestock products,228,USSR,5111,Stocks,1126,Camels,1965,1965,An,247000.0,A,Official figure,
QCL,Crops and livestock products,228,USSR,5111,Stocks,1126,Camels,1966,1966,An,244000.0,A,Official figure,
QCL,Crops and livestock products,228,USSR,5111,Stocks,1126,Camels,1967,1967,An,251000.0,A,Official figure,
QCL,Crops and livestock products,228,USSR,5111,Stocks,1126,Camels,1968,1968,An,256000.0,A,Official figure,
QCL,Crops and livestock products,228,USSR,5111,Stocks,1126,Camels,1969,1969,An,263000.0,A,Official figure,
QCL,Crops and livestock products,228,USSR,5111,Stocks,1126,Camels,1970,1970,An,244000.0,A,Official figure,
QCL,Crops and livestock products,228,USSR,5111,Stocks,1126,Camels,1971,1971,An,238100.0,A,Official figure,
QCL,Crops and livestock products,228,USSR,5111,Stocks,1126,Camels,1972,1972,An,236000.0,A,Official figure,
QCL,Crops and livestock products,228,USSR,5111,Stocks,1126,Camels,1973,1973,An,249000.0,A,Official figure,
QCL,Crops and livestock products,228,USSR,5111,Stocks,1126,Camels,1974,1974,An,245000.0,A,Official figure,
QCL,Crops and livestock products,228,USSR,5111,Stocks,1126,Camels,1975,1975,An,253000.0,A,Official figure,
QCL,Crops and livestock products,228,USSR,5111,Stocks,1126,Camels,1976,1976,An,247000.0,A,Official figure,
QCL,Crops and livestock products,228,USSR,5111,Stocks,1126,Camels,1977,1977,An,239000.0,A,Official figure,
QCL,Crops and livestock products,228,USSR,5111,Stocks,1126,Camels,1978,1978,An,237000.0,A,Official figure,
QCL,Crops and livestock products,228,USSR,5111,Stocks,1126,Camels,1979,1979,An,232000.0,A,Official figure,
QCL,Crops and livestock products,228,USSR,5111,Stocks,1126,Camels,1980,1980,An,237000.0,A,Official figure,
QCL,Crops and livestock products,228,USSR,5111,Stocks,1126,Camels,1981,1981,An,235000.0,A,Official figure,
QCL,Crops and livestock products,228,USSR,5111,Stocks,1126,Camels,1982,1982,An,238000.0,A,Official figure,
QCL,Crops and livestock products,228,USSR,5111,Stocks,1126,Camels,1983,1983,An,240000.0,A,Official figure,
QCL,Crops and livestock products,228,USSR,5111,Stocks,1126,Camels,1984,1984,An,246000.0,A,Official figure,
QCL,Crops and livestock products,228,USSR,5111,Stocks,1126,Camels,1985,1985,An,245000.0,A,Official figure,
QCL,Crops and livestock products,228,USSR,5111,Stocks,1126,Camels,1986,1986,An,254000.0,A,Official figure,
QCL,Crops and livestock products,228,USSR,5111,Stocks,1126,Camels,1987,1987,An,260000.0,A,Official figure,
QCL,Crops and livestock products,228,USSR,5111,Stocks,1126,Camels,1988,1988,An,300000.0,A,Official figure,
QCL,Crops and livestock products,228,USSR,5111,Stocks,1126,Camels,1989,1989,An,300000.0,E,Estimated value,
QCL,Crops and livestock products,228,USSR,5111,Stocks,1126,Camels,1990,1990,An,263000.0,E,Estimated value,
QCL,Crops and livestock products,228,USSR,5111,Stocks,1126,Camels,1991,1991,An,263000.0,E,Estimated value,
QCL,Crops and livestock products,228,USSR,5111,Stocks,866,Cattle,1961,1961,An,75780000.0,A,Official figure,
QCL,Crops and livestock products,228,USSR,5111,Stocks,866,Cattle,1962,1962,An,82077008.0,A,Official figure,
QCL,Crops and livestock products,228,USSR,5111,Stocks,866,Cattle,1963,1963,An,86988000.0,A,Official figure,
QCL,Crops and livestock products,228,USSR,5111,Stocks,866,Cattle,1964,1964,An,85448000.0,A,Official figure,
QCL,Crops and livestock products,228,USSR,5111,Stocks,866,Cattle,1965,1965,An,87171008.0,A,Official figure,
QCL,Crops and livestock products,228,USSR,5111,Stocks,866,Cattle,1966,1966,An,93436000.0,A,Official figure,
QCL,Crops and livestock products,228,USSR,5111,Stocks,866,Cattle,1967,1967,An,97111008.0,A,Official figure,
QCL,Crops and livestock products,228,USSR,5111,Stocks,866,Cattle,1968,1968,An,97167008.0,A,Official figure,
QCL,Crops and livestock products,228,USSR,5111,Stocks,866,Cattle,1969,1969,An,95735008.0,A,Official figure,
QCL,Crops and livestock products,228,USSR,5111,Stocks,866,Cattle,1970,1970,An,95162000.0,A,Official figure,
QCL,Crops and livestock products,228,USSR,5111,Stocks,866,Cattle,1971,1971,An,99225008.0,A,Official figure,
QCL,Crops and livestock products,228,USSR,5111,Stocks,866,Cattle,1972,1972,An,102434000.0,A,Official figure,
QCL,Crops and livestock products,228,USSR,5111,Stocks,866,Cattle,1973,1973,An,104006000.0,A,Official figure,
QCL,Crops and livestock products,228,USSR,5111,Stocks,866,Cattle,1974,1974,An,106266000.0,A,Official figure,
QCL,Crops and livestock products,228,USSR,5111,Stocks,866,Cattle,1975,1975,An,109122000.0,A,Official figure,
QCL,Crops and livestock products,228,USSR,5111,Stocks,866,Cattle,1976,1976,An,111034000.0,A,Official figure,
QCL,Crops and livestock products,228,USSR,5111,Stocks,866,Cattle,1977,1977,An,110346000.0,A,Official figure,
QCL,Crops and livestock products,228,USSR,5111,Stocks,866,Cattle,1978,1978,An,112690000.0,A,Official figure,
QCL,Crops and livestock products,228,USSR,5111,Stocks,866,Cattle,1979,1979,An,114086000.0,A,Official figure,
QCL,Crops and livestock products,228,USSR,5111,Stocks,866,Cattle,1980,1980,An,115100000.0,A,Official figure,
QCL,Crops and livestock products,228,USSR,5111,Stocks,866,Cattle,1981,1981,An,115057008.0,A,Official figure,
QCL,Crops and livestock products,228,USSR,5111,Stocks,866,Cattle,1982,1982,An,115919008.0,A,Official figure,
QCL,Crops and livestock products,228,USSR,5111,Stocks,866,Cattle,1983,1983,An,117186000.0,A,Official figure,
QCL,Crops and livestock products,228,USSR,5111,Stocks,866,Cattle,1984,1984,An,119558000.0,A,Official figure,
QCL,Crops and livestock products,228,USSR,5111,Stocks,866,Cattle,1985,1985,An,121055008.0,A,Official figure,
QCL,Crops and livestock products,228,USSR,5111,Stocks,866,Cattle,1986,1986,An,120888000.0,A,Official figure,
QCL,Crops and livestock products,228,USSR,5111,Stocks,866,Cattle,1987,1987,An,122103008.0,A,Official figure,
QCL,Crops and livestock products,228,USSR,5111,Stocks,866,Cattle,1988,1988,An,118300000.0,A,Official figure,
QCL,Crops and livestock products,228,USSR,5111,Stocks,866,Cattle,1989,1989,An,119600000.0,A,Official figure,
QCL,Crops and livestock products,228,USSR,5111,Stocks,866,Cattle,1990,1990,An,118388000.0,A,Official figure,
QCL,Crops and livestock products,228,USSR,5111,Stocks,866,Cattle,1991,1991,An,115643008.0,A,Official figure,
QCL,Crops and livestock products,228,USSR,5112,Stocks,1057,Chickens,1961,1961,1000 An,448000.0,A,Official figure,
QCL,Crops and livestock products,228,USSR,5112,Stocks,1057,Chickens,1962,1962,1000 An,488300.0,X,Figure from international organizations,Unofficial figure
QCL,Crops and livestock products,228,USSR,5112,Stocks,1057,Chickens,1963,1963,1000 An,511900.0,X,Figure from international organizations,Unofficial figure
QCL,Crops and livestock products,228,USSR,5112,Stocks,1057,Chickens,1964,1964,1000 An,426500.0,X,Figure from international organizations,Unofficial figure
QCL,Crops and livestock products,228,USSR,5112,Stocks,1057,Chickens,1965,1965,1000 An,439039.0,A,Official figure,
QCL,Crops and livestock products,228,USSR,5112,Stocks,1057,Chickens,1966,1966,1000 An,473871.0,A,Official figure,
QCL,Crops and livestock products,228,USSR,5112,Stocks,1057,Chickens,1967,1967,1000 An,503089.0,A,Official figure,
QCL,Crops and livestock products,228,USSR,5112,Stocks,1057,Chickens,1968,1968,1000 An,516406.0,A,Official figure,
QCL,Crops and livestock products,228,USSR,5112,Stocks,1057,Chickens,1969,1969,1000 An,534710.0,A,Official figure,
QCL,Crops and livestock products,228,USSR,5112,Stocks,1057,Chickens,1970,1970,1000 An,571962.0,A,Official figure,
QCL,Crops and livestock products,228,USSR,5112,Stocks,1057,Chickens,1971,1971,1000 An,621024.0,A,Official figure,
QCL,Crops and livestock products,228,USSR,5112,Stocks,1057,Chickens,1972,1972,1000 An,653913.0,A,Official figure,
QCL,Crops and livestock products,228,USSR,5112,Stocks,1057,Chickens,1973,1973,1000 An,671090.0,A,Official figure,
QCL,Crops and livestock products,228,USSR,5112,Stocks,1057,Chickens,1974,1974,1000 An,714674.0,A,Official figure,
QCL,Crops and livestock products,228,USSR,5112,Stocks,1057,Chickens,1975,1975,1000 An,754000.0,A,Official figure,
QCL,Crops and livestock products,228,USSR,5112,Stocks,1057,Chickens,1976,1976,1000 An,713000.0,A,Official figure,
QCL,Crops and livestock products,228,USSR,5112,Stocks,1057,Chickens,1977,1977,1000 An,756000.0,A,Official figure,
QCL,Crops and livestock products,228,USSR,5112,Stocks,1057,Chickens,1978,1978,1000 An,826000.0,A,Official figure,
QCL,Crops and livestock products,228,USSR,5112,Stocks,1057,Chickens,1979,1979,1000 An,886731.0,A,Official figure,
QCL,Crops and livestock products,228,USSR,5112,Stocks,1057,Chickens,1980,1980,1000 An,916940.0,A,Official figure,
QCL,Crops and livestock products,228,USSR,5112,Stocks,1057,Chickens,1981,1981,1000 An,967380.0,A,Official figure,
QCL,Crops and livestock products,228,USSR,5112,Stocks,1057,Chickens,1982,1982,1000 An,1005000.0,A,Official figure,
QCL,Crops and livestock products,228,USSR,5112,Stocks,1057,Chickens,1983,1983,1000 An,1044000.0,A,Official figure,
QCL,Crops and livestock products,228,USSR,5112,Stocks,1057,Chickens,1984,1984,1000 An,1065000.0,A,Official figure,
QCL,Crops and livestock products,228,USSR,5112,Stocks,1057,Chickens,1985,1985,1000 An,1086800.0,A,Official figure,
QCL,Crops and livestock products,228,USSR,5112,Stocks,1057,Chickens,1986,1986,1000 An,1109900.0,A,Official figure,
QCL,Crops and livestock products,228,USSR,5112,Stocks,1057,Chickens,1987,1987,1000 An,1125200.0,A,Official figure,
QCL,Crops and livestock products,228,USSR,5112,Stocks,1057,Chickens,1988,1988,1000 An,1129000.0,A,Official figure,
QCL,Crops and livestock products,228,USSR,5112,Stocks,1057,Chickens,1989,1989,1000 An,1153900.0,A,Official figure,
QCL,Crops and livestock products,228,USSR,5112,Stocks,1057,Chickens,1990,1990,1000 An,1137400.0,X,Figure from international organizations,Unofficial figure
QCL,Crops and livestock products,228,USSR,5112,Stocks,1057,Chickens,1991,1991,1000 An,1124000.0,X,Figure from international organizations,Unofficial figure
QCL,Crops and livestock products,228,USSR,5111,Stocks,1016,Goats,1961,1961,An,7290000.0,A,Official figure,
QCL,Crops and livestock products,228,USSR,5111,Stocks,1016,Goats,1962,1962,An,7033000.0,A,Official figure,
QCL,Crops and livestock products,228,USSR,5111,Stocks,1016,Goats,1963,1963,An,6695000.0,A,Official figure,
QCL,Crops and livestock products,228,USSR,5111,Stocks,1016,Goats,1964,1964,An,5651000.0,A,Official figure,
QCL,Crops and livestock products,228,USSR,5111,Stocks,1016,Goats,1965,1965,An,5443000.0,A,Official figure,
QCL,Crops and livestock products,228,USSR,5111,Stocks,1016,Goats,1966,1966,An,5552000.0,A,Official figure,
QCL,Crops and livestock products,228,USSR,5111,Stocks,1016,Goats,1967,1967,An,5559000.0,A,Official figure,
QCL,Crops and livestock products,228,USSR,5111,Stocks,1016,Goats,1968,1968,An,5580000.0,A,Official figure,
QCL,Crops and livestock products,228,USSR,5111,Stocks,1016,Goats,1969,1969,An,5554000.0,A,Official figure,
QCL,Crops and livestock products,228,USSR,5111,Stocks,1016,Goats,1970,1970,An,5148000.0,A,Official figure,
QCL,Crops and livestock products,228,USSR,5111,Stocks,1016,Goats,1971,1971,An,5362000.0,A,Official figure,
QCL,Crops and livestock products,228,USSR,5111,Stocks,1016,Goats,1972,1972,An,5417000.0,A,Official figure,
QCL,Crops and livestock products,228,USSR,5111,Stocks,1016,Goats,1973,1973,An,5604000.0,A,Official figure,
QCL,Crops and livestock products,228,USSR,5111,Stocks,1016,Goats,1974,1974,An,5900000.0,A,Official figure,
QCL,Crops and livestock products,228,USSR,5111,Stocks,1016,Goats,1975,1975,An,5927000.0,A,Official figure,
QCL,Crops and livestock products,228,USSR,5111,Stocks,1016,Goats,1976,1976,An,5655000.0,A,Official figure,
QCL,Crops and livestock products,228,USSR,5111,Stocks,1016,Goats,1977,1977,An,5539000.0,A,Official figure,
QCL,Crops and livestock products,228,USSR,5111,Stocks,1016,Goats,1978,1978,An,5586000.0,A,Official figure,
QCL,Crops and livestock products,228,USSR,5111,Stocks,1016,Goats,1979,1979,An,5504000.0,A,Official figure,
QCL,Crops and livestock products,228,USSR,5111,Stocks,1016,Goats,1980,1980,An,5824000.0,A,Official figure,
QCL,Crops and livestock products,228,USSR,5111,Stocks,1016,Goats,1981,1981,An,6103000.0,A,Official figure,
QCL,Crops and livestock products,228,USSR,5111,Stocks,1016,Goats,1982,1982,An,6123000.0,A,Official figure,
QCL,Crops and livestock products,228,USSR,5111,Stocks,1016,Goats,1983,1983,An,6340000.0,A,Official figure,
QCL,Crops and livestock products,228,USSR,5111,Stocks,1016,Goats,1984,1984,An,6511000.0,A,Official figure,
QCL,Crops and livestock products,228,USSR,5111,Stocks,1016,Goats,1985,1985,An,6325000.0,A,Official figure,
QCL,Crops and livestock products,228,USSR,5111,Stocks,1016,Goats,1986,1986,An,6480000.0,A,Official figure,
QCL,Crops and livestock products,228,USSR,5111,Stocks,1016,Goats,1987,1987,An,6491000.0,A,Official figure,
QCL,Crops and livestock products,228,USSR,5111,Stocks,1016,Goats,1988,1988,An,6500000.0,A,Official figure,
QCL,Crops and livestock products,228,USSR,5111,Stocks,1016,Goats,1989,1989,An,6800000.0,A,Official figure,
QCL,Crops and livestock products,228,USSR,5111,Stocks,1016,Goats,1990,1990,An,6562000.0,A,Official figure,
QCL,Crops and livestock products,228,USSR,5111,Stocks,1016,Goats,1991,1991,An,6692000.0,A,Official figure,
QCL,Crops and livestock products,228,USSR,5313,Laying,1062,"Hen eggs in shell, fresh",1961,1961,1000 An,268000.0,E,Estimated value,
QCL,Crops and livestock products,228,USSR,5313,Laying,1062,"Hen eggs in shell, fresh",1962,1962,1000 An,275000.0,E,Estimated value,
QCL,Crops and livestock products,228,USSR,5313,Laying,1062,"Hen eggs in shell, fresh",1963,1963,1000 An,260000.0,E,Estimated value,
QCL,Crops and livestock products,228,USSR,5313,Laying,1062,"Hen eggs in shell, fresh",1964,1964,1000 An,243000.0,E,Estimated value,
QCL,Crops and livestock products,228,USSR,5313,Laying,1062,"Hen eggs in shell, fresh",1965,1965,1000 An,266000.0,E,Estimated value,
QCL,Crops and livestock products,228,USSR,5313,Laying,1062,"Hen eggs in shell, fresh",1966,1966,1000 An,290300.0,E,Estimated value,
QCL,Crops and livestock products,228,USSR,5313,Laying,1062,"Hen eggs in shell, fresh",1967,1967,1000 An,312300.0,E,Estimated value,
QCL,Crops and livestock products,228,USSR,5313,Laying,1062,"Hen eggs in shell, fresh",1968,1968,1000 An,328500.0,E,Estimated value,
QCL,Crops and livestock products,228,USSR,5313,Laying,1062,"Hen eggs in shell, fresh",1969,1969,1000 An,336700.0,E,Estimated value,
QCL,Crops and livestock products,228,USSR,5313,Laying,1062,"Hen eggs in shell, fresh",1970,1970,1000 An,391200.0,X,Figure from international organizations,Unofficial figure
QCL,Crops and livestock products,228,USSR,5313,Laying,1062,"Hen eggs in shell, fresh",1971,1971,1000 An,421300.0,X,Figure from international organizations,Unofficial figure
QCL,Crops and livestock products,228,USSR,5313,Laying,1062,"Hen eggs in shell, fresh",1972,1972,1000 An,427400.0,X,Figure from international organizations,Unofficial figure
QCL,Crops and livestock products,228,USSR,5313,Laying,1062,"Hen eggs in shell, fresh",1973,1973,1000 An,440600.0,X,Figure from international organizations,Unofficial figure
QCL,Crops and livestock products,228,USSR,5313,Laying,1062,"Hen eggs in shell, fresh",1974,1974,1000 An,449800.0,X,Figure from international organizations,Unofficial figure
QCL,Crops and livestock products,228,USSR,5313,Laying,1062,"Hen eggs in shell, fresh",1975,1975,1000 An,454800.0,X,Figure from international organizations,Unofficial figure
QCL,Crops and livestock products,228,USSR,5313,Laying,1062,"Hen eggs in shell, fresh",1976,1976,1000 An,463300.0,X,Figure from international organizations,Unofficial figure
QCL,Crops and livestock products,228,USSR,5313,Laying,1062,"Hen eggs in shell, fresh",1977,1977,1000 An,475000.0,E,Estimated value,
QCL,Crops and livestock products,228,USSR,5313,Laying,1062,"Hen eggs in shell, fresh",1978,1978,1000 An,348000.0,E,Estimated value,
QCL,Crops and livestock products,228,USSR,5313,Laying,1062,"Hen eggs in shell, fresh",1979,1979,1000 An,352000.0,E,Estimated value,
QCL,Crops and livestock products,228,USSR,5313,Laying,1062,"Hen eggs in shell, fresh",1980,1980,1000 An,357000.0,E,Estimated value,
QCL,Crops and livestock products,228,USSR,5313,Laying,1062,"Hen eggs in shell, fresh",1981,1981,1000 An,368000.0,E,Estimated value,
QCL,Crops and livestock products,228,USSR,5313,Laying,1062,"Hen eggs in shell, fresh",1982,1982,1000 An,374000.0,E,Estimated value,
QCL,Crops and livestock products,228,USSR,5313,Laying,1062,"Hen eggs in shell, fresh",1983,1983,1000 An,377000.0,E,Estimated value,
QCL,Crops and livestock products,228,USSR,5313,Laying,1062,"Hen eggs in shell, fresh",1984,1984,1000 An,379000.0,E,Estimated value,
QCL,Crops and livestock products,228,USSR,5313,Laying,1062,"Hen eggs in shell, fresh",1985,1985,1000 An,377000.0,E,Estimated value,
QCL,Crops and livestock products,228,USSR,5313,Laying,1062,"Hen eggs in shell, fresh",1986,1986,1000 An,379000.0,E,Estimated value,
QCL,Crops and livestock products,228,USSR,5313,Laying,1062,"Hen eggs in shell, fresh",1987,1987,1000 An,380000.0,E,Estimated value,
QCL,Crops and livestock products,228,USSR,5313,Laying,1062,"Hen eggs in shell, fresh",1988,1988,1000 An,385000.0,E,Estimated value,
QCL,Crops and livestock products,228,USSR,5313,Laying,1062,"Hen eggs in shell, fresh",1989,1989,1000 An,390000.0,E,Estimated value,
QCL,Crops and livestock products,228,USSR,5313,Laying,1062,"Hen eggs in shell, fresh",1990,1990,1000 An,367077.0,E,Estimated value,
QCL,Crops and livestock products,228,USSR,5313,Laying,1062,"Hen eggs in shell, fresh",1991,1991,1000 An,385000.0,E,Estimated value,
QCL,Crops and livestock products,228,USSR,5111,Stocks,1096,Horses,1961,1961,An,9900000.0,A,Official figure,
QCL,Crops and livestock products,228,USSR,5111,Stocks,1096,Horses,1962,1962,An,9400000.0,A,Official figure,
QCL,Crops and livestock products,228,USSR,5111,Stocks,1096,Horses,1963,1963,An,9100000.0,A,Official figure,
QCL,Crops and livestock products,228,USSR,5111,Stocks,1096,Horses,1964,1964,An,8500000.0,A,Official figure,
QCL,Crops and livestock products,228,USSR,5111,Stocks,1096,Horses,1965,1965,An,7902000.0,A,Official figure,
QCL,Crops and livestock products,228,USSR,5111,Stocks,1096,Horses,1966,1966,An,7977000.0,A,Official figure,
QCL,Crops and livestock products,228,USSR,5111,Stocks,1096,Horses,1967,1967,An,7990000.0,A,Official figure,
QCL,Crops and livestock products,228,USSR,5111,Stocks,1096,Horses,1968,1968,An,8025000.0,A,Official figure,
QCL,Crops and livestock products,228,USSR,5111,Stocks,1096,Horses,1969,1969,An,8000000.0,A,Official figure,
QCL,Crops and livestock products,228,USSR,5111,Stocks,1096,Horses,1970,1970,An,7522000.0,A,Official figure,
QCL,Crops and livestock products,228,USSR,5111,Stocks,1096,Horses,1971,1971,An,7400000.0,A,Official figure,
QCL,Crops and livestock products,228,USSR,5111,Stocks,1096,Horses,1972,1972,An,7320000.0,A,Official figure,
QCL,Crops and livestock products,228,USSR,5111,Stocks,1096,Horses,1973,1973,An,7075000.0,A,Official figure,
QCL,Crops and livestock products,228,USSR,5111,Stocks,1096,Horses,1974,1974,An,6848000.0,A,Official figure,
QCL,Crops and livestock products,228,USSR,5111,Stocks,1096,Horses,1975,1975,An,6749000.0,A,Official figure,
QCL,Crops and livestock products,228,USSR,5111,Stocks,1096,Horses,1976,1976,An,6415000.0,A,Official figure,
QCL,Crops and livestock products,228,USSR,5111,Stocks,1096,Horses,1977,1977,An,5996000.0,A,Official figure,
QCL,Crops and livestock products,228,USSR,5111,Stocks,1096,Horses,1978,1978,An,5822000.0,A,Official figure,
QCL,Crops and livestock products,228,USSR,5111,Stocks,1096,Horses,1979,1979,An,5686000.0,A,Official figure,
QCL,Crops and livestock products,228,USSR,5111,Stocks,1096,Horses,1980,1980,An,5620000.0,A,Official figure,
QCL,Crops and livestock products,228,USSR,5111,Stocks,1096,Horses,1981,1981,An,5563000.0,A,Official figure,
QCL,Crops and livestock products,228,USSR,5111,Stocks,1096,Horses,1982,1982,An,5570000.0,A,Official figure,
QCL,Crops and livestock products,228,USSR,5111,Stocks,1096,Horses,1983,1983,An,5601000.0,A,Official figure,
QCL,Crops and livestock products,228,USSR,5111,Stocks,1096,Horses,1984,1984,An,5711000.0,A,Official figure,
QCL,Crops and livestock products,228,USSR,5111,Stocks,1096,Horses,1985,1985,An,5800000.0,A,Official figure,
QCL,Crops and livestock products,228,USSR,5111,Stocks,1096,Horses,1986,1986,An,5800000.0,A,Official figure,
QCL,Crops and livestock products,228,USSR,5111,Stocks,1096,Horses,1987,1987,An,5900000.0,A,Official figure,
QCL,Crops and livestock products,228,USSR,5111,Stocks,1096,Horses,1988,1988,An,5885000.0,A,Official figure,
QCL,Crops and livestock products,228,USSR,5111,Stocks,1096,Horses,1989,1989,An,5904000.0,A,Official figure,
QCL,Crops and livestock products,228,USSR,5111,Stocks,1096,Horses,1990,1990,An,5920500.0,A,Official figure,
QCL,Crops and livestock products,228,USSR,5111,Stocks,1096,Horses,1991,1991,An,5919000.0,A,Official figure,
QCL,Crops and livestock products,228,USSR,5111,Stocks,1110,Mules and hinnies,1961,1961,An,4300.0,E,Estimated value,
QCL,Crops and livestock products,228,USSR,5111,Stocks,1110,Mules and hinnies,1962,1962,An,4000.0,E,Estimated value,
QCL,Crops and livestock products,228,USSR,5111,Stocks,1110,Mules and hinnies,1963,1963,An,3600.0,E,Estimated value,
QCL,Crops and livestock products,228,USSR,5111,Stocks,1110,Mules and hinnies,1964,1964,An,3300.0,E,Estimated value,
QCL,Crops and livestock products,228,USSR,5111,Stocks,1110,Mules and hinnies,1965,1965,An,3000.0,A,Official figure,
QCL,Crops and livestock products,228,USSR,5111,Stocks,1110,Mules and hinnies,1966,1966,An,3000.0,A,Official figure,
QCL,Crops and livestock products,228,USSR,5111,Stocks,1110,Mules and hinnies,1967,1967,An,3000.0,A,Official figure,
QCL,Crops and livestock products,228,USSR,5111,Stocks,1110,Mules and hinnies,1968,1968,An,3000.0,A,Official figure,
QCL,Crops and livestock products,228,USSR,5111,Stocks,1110,Mules and hinnies,1969,1969,An,3000.0,A,Official figure,
QCL,Crops and livestock products,228,USSR,5111,Stocks,1110,Mules and hinnies,1970,1970,An,3000.0,A,Official figure,
QCL,Crops and livestock products,228,USSR,5111,Stocks,1110,Mules and hinnies,1971,1971,An,3200.0,A,Official figure,
QCL,Crops and livestock products,228,USSR,5111,Stocks,1110,Mules and hinnies,1972,1972,An,3000.0,A,Official figure,
QCL,Crops and livestock products,228,USSR,5111,Stocks,1110,Mules and hinnies,1973,1973,An,2000.0,A,Official figure,
QCL,Crops and livestock products,228,USSR,5111,Stocks,1110,Mules and hinnies,1974,1974,An,3000.0,A,Official figure,
QCL,Crops and livestock products,228,USSR,5111,Stocks,1110,Mules and hinnies,1975,1975,An,2000.0,A,Official figure,
QCL,Crops and livestock products,228,USSR,5111,Stocks,1110,Mules and hinnies,1976,1976,An,2000.0,A,Official figure,
QCL,Crops and livestock products,228,USSR,5111,Stocks,1110,Mules and hinnies,1977,1977,An,2000.0,A,Official figure,
QCL,Crops and livestock products,228,USSR,5111,Stocks,1110,Mules and hinnies,1978,1978,An,2000.0,A,Official figure,
QCL,Crops and livestock products,228,USSR,5111,Stocks,1110,Mules and hinnies,1979,1979,An,1800.0,A,Official figure,
QCL,Crops and livestock products,228,USSR,5111,Stocks,1110,Mules and hinnies,1980,1980,An,1500.0,A,Official figure,
QCL,Crops and livestock products,228,USSR,5111,Stocks,1110,Mules and hinnies,1981,1981,An,1700.0,A,Official figure,
QCL,Crops and livestock products,228,USSR,5111,Stocks,1110,Mules and hinnies,1982,1982,An,1300.0,A,Official figure,
QCL,Crops and livestock products,228,USSR,5111,Stocks,1110,Mules and hinnies,1983,1983,An,1500.0,A,Official figure,
QCL,Crops and livestock products,228,USSR,5111,Stocks,1110,Mules and hinnies,1984,1984,An,1900.0,A,Official figure,
QCL,Crops and livestock products,228,USSR,5111,Stocks,1110,Mules and hinnies,1985,1985,An,1100.0,A,Official figure,
QCL,Crops and livestock products,228,USSR,5111,Stocks,1110,Mules and hinnies,1986,1986,An,1100.0,A,Official figure,
QCL,Crops and livestock products,228,USSR,5111,Stocks,1110,Mules and hinnies,1987,1987,An,1300.0,A,Official figure,
QCL,Crops and livestock products,228,USSR,5111,Stocks,1110,Mules and hinnies,1988,1988,An,1300.0,E,Estimated value,
QCL,Crops and livestock products,228,USSR,5111,Stocks,1110,Mules and hinnies,1989,1989,An,1300.0,E,Estimated value,
QCL,Crops and livestock products,228,USSR,5111,Stocks,1110,Mules and hinnies,1990,1990,An,1300.0,E,Estimated value,
QCL,Crops and livestock products,228,USSR,5111,Stocks,1110,Mules and hinnies,1991,1991,An,1300.0,E,Estimated value,
QCL,Crops and livestock products,228,USSR,5112,Stocks,1140,Rabbits and hares,1961,1961,1000 An,9000.0,A,Official figure,
QCL,Crops and livestock products,228,USSR,5112,Stocks,1140,Rabbits and hares,1962,1962,1000 An,8800.0,E,Estimated value,
QCL,Crops and livestock products,228,USSR,5112,Stocks,1140,Rabbits and hares,1963,1963,1000 An,8000.0,E,Estimated value,
QCL,Crops and livestock products,228,USSR,5112,Stocks,1140,Rabbits and hares,1964,1964,1000 An,7800.0,E,Estimated value,
QCL,Crops and livestock products,228,USSR,5112,Stocks,1140,Rabbits and hares,1965,1965,1000 An,7500.0,E,Estimated value,
QCL,Crops and livestock products,228,USSR,5112,Stocks,1140,Rabbits and hares,1966,1966,1000 An,7300.0,E,Estimated value,
QCL,Crops and livestock products,228,USSR,5112,Stocks,1140,Rabbits and hares,1967,1967,1000 An,7386.0,A,Official figure,
QCL,Crops and livestock products,228,USSR,5112,Stocks,1140,Rabbits and hares,1968,1968,1000 An,6594.0,A,Official figure,
QCL,Crops and livestock products,228,USSR,5112,Stocks,1140,Rabbits and hares,1969,1969,1000 An,6639.0,A,Official figure,
QCL,Crops and livestock products,228,USSR,5112,Stocks,1140,Rabbits and hares,1970,1970,1000 An,7208.0,A,Official figure,
QCL,Crops and livestock products,228,USSR,5112,Stocks,1140,Rabbits and hares,1971,1971,1000 An,10587.0,A,Official figure,
QCL,Crops and livestock products,228,USSR,5112,Stocks,1140,Rabbits and hares,1972,1972,1000 An,15102.0,A,Official figure,
QCL,Crops and livestock products,228,USSR,5112,Stocks,1140,Rabbits and hares,1973,1973,1000 An,16895.0,A,Official figure,
QCL,Crops and livestock products,228,USSR,5112,Stocks,1140,Rabbits and hares,1974,1974,1000 An,19777.0,A,Official figure,
QCL,Crops and livestock products,228,USSR,5112,Stocks,1140,Rabbits and hares,1975,1975,1000 An,22223.0,A,Official figure,
QCL,Crops and livestock products,228,USSR,5112,Stocks,1140,Rabbits and hares,1976,1976,1000 An,18401.0,A,Official figure,
QCL,Crops and livestock products,228,USSR,5112,Stocks,1140,Rabbits and hares,1977,1977,1000 An,18450.0,A,Official figure,
QCL,Crops and livestock products,228,USSR,5112,Stocks,1140,Rabbits and hares,1978,1978,1000 An,18270.0,A,Official figure,
QCL,Crops and livestock products,228,USSR,5112,Stocks,1140,Rabbits and hares,1979,1979,1000 An,18500.0,E,Estimated value,
QCL,Crops and livestock products,228,USSR,5112,Stocks,1140,Rabbits and hares,1980,1980,1000 An,18800.0,E,Estimated value,
QCL,Crops and livestock products,228,USSR,5112,Stocks,1140,Rabbits and hares,1981,1981,1000 An,19200.0,E,Estimated value,
QCL,Crops and livestock products,228,USSR,5112,Stocks,1140,Rabbits and hares,1982,1982,1000 An,20000.0,E,Estimated value,
QCL,Crops and livestock products,228,USSR,5112,Stocks,1140,Rabbits and hares,1983,1983,1000 An,22000.0,E,Estimated value,
QCL,Crops and livestock products,228,USSR,5112,Stocks,1140,Rabbits and hares,1984,1984,1000 An,24000.0,E,Estimated value,
QCL,Crops and livestock products,228,USSR,5112,Stocks,1140,Rabbits and hares,1985,1985,1000 An,26000.0,E,Estimated value,
QCL,Crops and livestock products,228,USSR,5112,Stocks,1140,Rabbits and hares,1986,1986,1000 An,28000.0,E,Estimated value,
QCL,Crops and livestock products,228,USSR,5112,Stocks,1140,Rabbits and hares,1987,1987,1000 An,30000.0,E,Estimated value,
QCL,Crops and livestock products,228,USSR,5112,Stocks,1140,Rabbits and hares,1988,1988,1000 An,32000.0,E,Estimated value,
QCL,Crops and livestock products,228,USSR,5112,Stocks,1140,Rabbits and hares,1989,1989,1000 An,34000.0,E,Estimated value,
QCL,Crops and livestock products,228,USSR,5112,Stocks,1140,Rabbits and hares,1990,1990,1000 An,113000.0,E,Estimated value,
QCL,Crops and livestock products,228,USSR,5112,Stocks,1140,Rabbits and hares,1991,1991,1000 An,119000.0,E,Estimated value,
QCL,Crops and livestock products,228,USSR,5318,Milk Animals,882,Raw milk of cattle,1961,1961,An,34829008.0,A,Official figure,
QCL,Crops and livestock products,228,USSR,5318,Milk Animals,882,Raw milk of cattle,1962,1962,An,36336000.0,A,Official figure,
QCL,Crops and livestock products,228,USSR,5318,Milk Animals,882,Raw milk of cattle,1963,1963,An,37967008.0,A,Official figure,
QCL,Crops and livestock products,228,USSR,5318,Milk Animals,882,Raw milk of cattle,1964,1964,An,38348000.0,A,Official figure,
QCL,Crops and livestock products,228,USSR,5318,Milk Animals,882,Raw milk of cattle,1965,1965,An,38780000.0,A,Official figure,
QCL,Crops and livestock products,228,USSR,5318,Milk Animals,882,Raw milk of cattle,1966,1966,An,39300000.0,A,Official figure,
QCL,Crops and livestock products,228,USSR,5318,Milk Animals,882,Raw milk of cattle,1967,1967,An,40280000.0,A,Official figure,
QCL,Crops and livestock products,228,USSR,5318,Milk Animals,882,Raw milk of cattle,1968,1968,An,40400000.0,A,Official figure,
QCL,Crops and livestock products,228,USSR,5318,Milk Animals,882,Raw milk of cattle,1969,1969,An,40100000.0,A,Official figure,
QCL,Crops and livestock products,228,USSR,5318,Milk Animals,882,Raw milk of cattle,1970,1970,An,39400000.0,A,Official figure,
QCL,Crops and livestock products,228,USSR,5318,Milk Animals,882,Raw milk of cattle,1971,1971,An,39762000.0,A,Official figure,
QCL,Crops and livestock products,228,USSR,5318,Milk Animals,882,Raw milk of cattle,1972,1972,An,39969008.0,A,Official figure,
QCL,Crops and livestock products,228,USSR,5318,Milk Animals,882,Raw milk of cattle,1973,1973,An,40569008.0,A,Official figure,
QCL,Crops and livestock products,228,USSR,5318,Milk Animals,882,Raw milk of cattle,1974,1974,An,41421008.0,A,Official figure,
QCL,Crops and livestock products,228,USSR,5318,Milk Animals,882,Raw milk of cattle,1975,1975,An,41910000.0,A,Official figure,
QCL,Crops and livestock products,228,USSR,5318,Milk Animals,882,Raw milk of cattle,1976,1976,An,41917008.0,A,Official figure,
QCL,Crops and livestock products,228,USSR,5318,Milk Animals,882,Raw milk of cattle,1977,1977,An,41987008.0,A,Official figure,
QCL,Crops and livestock products,228,USSR,5318,Milk Animals,882,Raw milk of cattle,1978,1978,An,42592000.0,A,Official figure,
QCL,Crops and livestock products,228,USSR,5318,Milk Animals,882,Raw milk of cattle,1979,1979,An,43016000.0,A,Official figure,
QCL,Crops and livestock products,228,USSR,5318,Milk Animals,882,Raw milk of cattle,1980,1980,An,43310000.0,A,Official figure,
QCL,Crops and livestock products,228,USSR,5318,Milk Animals,882,Raw milk of cattle,1981,1981,An,43389008.0,A,Official figure,
QCL,Crops and livestock products,228,USSR,5318,Milk Animals,882,Raw milk of cattle,1982,1982,An,43664000.0,A,Official figure,
QCL,Crops and livestock products,228,USSR,5318,Milk Animals,882,Raw milk of cattle,1983,1983,An,43800000.0,A,Official figure,
QCL,Crops and livestock products,228,USSR,5318,Milk Animals,882,Raw milk of cattle,1984,1984,An,43862000.0,A,Official figure,
QCL,Crops and livestock products,228,USSR,5318,Milk Animals,882,Raw milk of cattle,1985,1985,An,43500000.0,A,Official figure,
QCL,Crops and livestock products,228,USSR,5318,Milk Animals,882,Raw milk of cattle,1986,1986,An,42863008.0,A,Official figure,
QCL,Crops and livestock products,228,USSR,5318,Milk Animals,882,Raw milk of cattle,1987,1987,An,42400000.0,A,Official figure,
QCL,Crops and livestock products,228,USSR,5318,Milk Animals,882,Raw milk of cattle,1988,1988,An,42000000.0,A,Official figure,
QCL,Crops and livestock products,228,USSR,5318,Milk Animals,882,Raw milk of cattle,1989,1989,An,41800000.0,A,Official figure,
QCL,Crops and livestock products,228,USSR,5318,Milk Animals,882,Raw milk of cattle,1990,1990,An,41650800.0,A,Official figure,
QCL,Crops and livestock products,228,USSR,5318,Milk Animals,882,Raw milk of cattle,1991,1991,An,41845600.0,A,Official figure,
QCL,Crops and livestock products,228,USSR,5318,Milk Animals,1020,Raw milk of goats,1961,1961,An,3500000.0,E,Estimated value,
QCL,Crops and livestock products,228,USSR,5318,Milk Animals,1020,Raw milk of goats,1962,1962,An,3653000.0,E,Estimated value,
QCL,Crops and livestock products,228,USSR,5318,Milk Animals,1020,Raw milk of goats,1963,1963,An,2653000.0,A,Official figure,
QCL,Crops and livestock products,228,USSR,5318,Milk Animals,1020,Raw milk of goats,1964,1964,An,2964000.0,A,Official figure,
QCL,Crops and livestock products,228,USSR,5318,Milk Animals,1020,Raw milk of goats,1965,1965,An,3079000.0,A,Official figure,
QCL,Crops and livestock products,228,USSR,5318,Milk Animals,1020,Raw milk of goats,1966,1966,An,2750000.0,A,Official figure,
QCL,Crops and livestock products,228,USSR,5318,Milk Animals,1020,Raw milk of goats,1967,1967,An,2971000.0,A,Official figure,
QCL,Crops and livestock products,228,USSR,5318,Milk Animals,1020,Raw milk of goats,1968,1968,An,2744000.0,A,Official figure,
QCL,Crops and livestock products,228,USSR,5318,Milk Animals,1020,Raw milk of goats,1969,1969,An,2506000.0,A,Official figure,
QCL,Crops and livestock products,228,USSR,5318,Milk Animals,1020,Raw milk of goats,1970,1970,An,2500000.0,E,Estimated value,
QCL,Crops and livestock products,228,USSR,5318,Milk Animals,1020,Raw milk of goats,1971,1971,An,2000000.0,E,Estimated value,
QCL,Crops and livestock products,228,USSR,5318,Milk Animals,1020,Raw milk of goats,1972,1972,An,2000000.0,E,Estimated value,
QCL,Crops and livestock products,228,USSR,5318,Milk Animals,1020,Raw milk of goats,1973,1973,An,2000000.0,E,Estimated value,
QCL,Crops and livestock products,228,USSR,5318,Milk Animals,1020,Raw milk of goats,1974,1974,An,2000000.0,E,Estimated value,
QCL,Crops and livestock products,228,USSR,5318,Milk Animals,1020,Raw milk of goats,1975,1975,An,1500000.0,E,Estimated value,
QCL,Crops and livestock products,228,USSR,5318,Milk Animals,1020,Raw milk of goats,1976,1976,An,1500000.0,E,Estimated value,
QCL,Crops and livestock products,228,USSR,5318,Milk Animals,1020,Raw milk of goats,1977,1977,An,2000000.0,E,Estimated value,
QCL,Crops and livestock products,228,USSR,5318,Milk Animals,1020,Raw milk of goats,1978,1978,An,1750000.0,E,Estimated value,
QCL,Crops and livestock products,228,USSR,5318,Milk Animals,1020,Raw milk of goats,1979,1979,An,1500000.0,E,Estimated value,
QCL,Crops and livestock products,228,USSR,5318,Milk Animals,1020,Raw milk of goats,1980,1980,An,1520000.0,E,Estimated value,
QCL,Crops and livestock products,228,USSR,5318,Milk Animals,1020,Raw milk of goats,1981,1981,An,1530000.0,E,Estimated value,
QCL,Crops and livestock products,228,USSR,5318,Milk Animals,1020,Raw milk of goats,1982,1982,An,1550000.0,E,Estimated value,
QCL,Crops and livestock products,228,USSR,5318,Milk Animals,1020,Raw milk of goats,1983,1983,An,1575000.0,E,Estimated value,
QCL,Crops and livestock products,228,USSR,5318,Milk Animals,1020,Raw milk of goats,1984,1984,An,1500000.0,E,Estimated value,
QCL,Crops and livestock products,228,USSR,5318,Milk Animals,1020,Raw milk of goats,1985,1985,An,1560000.0,E,Estimated value,
QCL,Crops and livestock products,228,USSR,5318,Milk Animals,1020,Raw milk of goats,1986,1986,An,1575000.0,E,Estimated value,
QCL,Crops and livestock products,228,USSR,5318,Milk Animals,1020,Raw milk of goats,1987,1987,An,1595000.0,E,Estimated value,
QCL,Crops and livestock products,228,USSR,5318,Milk Animals,1020,Raw milk of goats,1988,1988,An,1660000.0,E,Estimated value,
QCL,Crops and livestock products,228,USSR,5318,Milk Animals,1020,Raw milk of goats,1989,1989,An,1700000.0,E,Estimated value,
QCL,Crops and livestock products,228,USSR,5318,Milk Animals,1020,Raw milk of goats,1990,1990,An,1725000.0,E,Estimated value,
QCL,Crops and livestock products,228,USSR,5318,Milk Animals,1020,Raw milk of goats,1991,1991,An,1250000.0,E,Estimated value,
QCL,Crops and livestock products,228,USSR,5318,Milk Animals,982,Raw milk of sheep,1961,1961,An,1280000.0,E,Estimated value,
QCL,Crops and livestock products,228,USSR,5318,Milk Animals,982,Raw milk of sheep,1962,1962,An,1760000.0,E,Estimated value,
QCL,Crops and livestock products,228,USSR,5318,Milk Animals,982,Raw milk of sheep,1963,1963,An,1760000.0,E,Estimated value,
QCL,Crops and livestock products,228,USSR,5318,Milk Animals,982,Raw milk of sheep,1964,1964,An,1600000.0,E,Estimated value,
QCL,Crops and livestock products,228,USSR,5318,Milk Animals,982,Raw milk of sheep,1965,1965,An,1600000.0,E,Estimated value,
QCL,Crops and livestock products,228,USSR,5318,Milk Animals,982,Raw milk of sheep,1966,1966,An,1600000.0,E,Estimated value,
QCL,Crops and livestock products,228,USSR,5318,Milk Animals,982,Raw milk of sheep,1967,1967,An,1600000.0,E,Estimated value,
QCL,Crops and livestock products,228,USSR,5318,Milk Animals,982,Raw milk of sheep,1968,1968,An,1600000.0,E,Estimated value,
QCL,Crops and livestock products,228,USSR,5318,Milk Animals,982,Raw milk of sheep,1969,1969,An,1600000.0,E,Estimated value,
QCL,Crops and livestock products,228,USSR,5318,Milk Animals,982,Raw milk of sheep,1970,1970,An,1600000.0,E,Estimated value,
QCL,Crops and livestock products,228,USSR,5318,Milk Animals,982,Raw milk of sheep,1971,1971,An,1600000.0,E,Estimated value,
QCL,Crops and livestock products,228,USSR,5318,Milk Animals,982,Raw milk of sheep,1972,1972,An,1600000.0,E,Estimated value,
QCL,Crops and livestock products,228,USSR,5318,Milk Animals,982,Raw milk of sheep,1973,1973,An,1600000.0,E,Estimated value,
QCL,Crops and livestock products,228,USSR,5318,Milk Animals,982,Raw milk of sheep,1974,1974,An,1600000.0,E,Estimated value,
QCL,Crops and livestock products,228,USSR,5318,Milk Animals,982,Raw milk of sheep,1975,1975,An,1600000.0,E,Estimated value,
QCL,Crops and livestock products,228,USSR,5318,Milk Animals,982,Raw milk of sheep,1976,1976,An,1600000.0,E,Estimated value,
QCL,Crops and livestock products,228,USSR,5318,Milk Animals,982,Raw milk of sheep,1977,1977,An,1600000.0,E,Estimated value,
QCL,Crops and livestock products,228,USSR,5318,Milk Animals,982,Raw milk of sheep,1978,1978,An,1600000.0,E,Estimated value,
QCL,Crops and livestock products,228,USSR,5318,Milk Animals,982,Raw milk of sheep,1979,1979,An,1120000.0,E,Estimated value,
QCL,Crops and livestock products,228,USSR,5318,Milk Animals,982,Raw milk of sheep,1980,1980,An,1120000.0,E,Estimated value,
QCL,Crops and livestock products,228,USSR,5318,Milk Animals,982,Raw milk of sheep,1981,1981,An,1376000.0,E,Estimated value,
QCL,Crops and livestock products,228,USSR,5318,Milk Animals,982,Raw milk of sheep,1982,1982,An,1600000.0,E,Estimated value,
QCL,Crops and livestock products,228,USSR,5318,Milk Animals,982,Raw milk of sheep,1983,1983,An,1600000.0,E,Estimated value,
QCL,Crops and livestock products,228,USSR,5318,Milk Animals,982,Raw milk of sheep,1984,1984,An,1600000.0,E,Estimated value,
QCL,Crops and livestock products,228,USSR,5318,Milk Animals,982,Raw milk of sheep,1985,1985,An,1650000.0,E,Estimated value,
QCL,Crops and livestock products,228,USSR,5318,Milk Animals,982,Raw milk of sheep,1986,1986,An,1680000.0,E,Estimated value,
QCL,Crops and livestock products,228,USSR,5318,Milk Animals,982,Raw milk of sheep,1987,1987,An,1700000.0,E,Estimated value,
QCL,Crops and livestock products,228,USSR,5318,Milk Animals,982,Raw milk of sheep,1988,1988,An,1725000.0,E,Estimated value,
QCL,Crops and livestock products,228,USSR,5318,Milk Animals,982,Raw milk of sheep,1989,1989,An,1700000.0,E,Estimated value,
QCL,Crops and livestock products,228,USSR,5318,Milk Animals,982,Raw milk of sheep,1990,1990,An,1600000.0,E,Estimated value,
QCL,Crops and livestock products,228,USSR,5318,Milk Animals,982,Raw milk of sheep,1991,1991,An,1550000.0,E,Estimated value,
QCL,Crops and livestock products,228,USSR,5111,Stocks,976,Sheep,1961,1961,An,133014000.0,A,Official figure,
QCL,Crops and livestock products,228,USSR,5111,Stocks,976,Sheep,1962,1962,An,137465008.0,A,Official figure,
QCL,Crops and livestock products,228,USSR,5111,Stocks,976,Sheep,1963,1963,An,139715008.0,A,Official figure,
QCL,Crops and livestock products,228,USSR,5111,Stocks,976,Sheep,1964,1964,An,133909008.0,A,Official figure,
QCL,Crops and livestock products,228,USSR,5111,Stocks,976,Sheep,1965,1965,An,125231008.0,A,Official figure,
QCL,Crops and livestock products,228,USSR,5111,Stocks,976,Sheep,1966,1966,An,129764000.0,A,Official figure,
QCL,Crops and livestock products,228,USSR,5111,Stocks,976,Sheep,1967,1967,An,135483008.0,A,Official figure,
QCL,Crops and livestock products,228,USSR,5111,Stocks,976,Sheep,1968,1968,An,138461008.0,A,Official figure,
QCL,Crops and livestock products,228,USSR,5111,Stocks,976,Sheep,1969,1969,An,140587008.0,A,Official figure,
QCL,Crops and livestock products,228,USSR,5111,Stocks,976,Sheep,1970,1970,An,130655008.0,A,Official figure,
QCL,Crops and livestock products,228,USSR,5111,Stocks,976,Sheep,1971,1971,An,138059008.0,A,Official figure,
QCL,Crops and livestock products,228,USSR,5111,Stocks,976,Sheep,1972,1972,An,139916000.0,A,Official figure,
QCL,Crops and livestock products,228,USSR,5111,Stocks,976,Sheep,1973,1973,An,139086000.0,A,Official figure,
QCL,Crops and livestock products,228,USSR,5111,Stocks,976,Sheep,1974,1974,An,142634000.0,A,Official figure,
QCL,Crops and livestock products,228,USSR,5111,Stocks,976,Sheep,1975,1975,An,145305008.0,A,Official figure,
QCL,Crops and livestock products,228,USSR,5111,Stocks,976,Sheep,1976,1976,An,141436000.0,A,Official figure,
QCL,Crops and livestock products,228,USSR,5111,Stocks,976,Sheep,1977,1977,An,139834000.0,A,Official figure,
QCL,Crops and livestock products,228,USSR,5111,Stocks,976,Sheep,1978,1978,An,141025008.0,A,Official figure,
QCL,Crops and livestock products,228,USSR,5111,Stocks,976,Sheep,1979,1979,An,142600000.0,A,Official figure,
QCL,Crops and livestock products,228,USSR,5111,Stocks,976,Sheep,1980,1980,An,143599008.0,A,Official figure,
QCL,Crops and livestock products,228,USSR,5111,Stocks,976,Sheep,1981,1981,An,141573008.0,A,Official figure,
QCL,Crops and livestock products,228,USSR,5111,Stocks,976,Sheep,1982,1982,An,142358000.0,A,Official figure,
QCL,Crops and livestock products,228,USSR,5111,Stocks,976,Sheep,1983,1983,An,142182000.0,A,Official figure,
QCL,Crops and livestock products,228,USSR,5111,Stocks,976,Sheep,1984,1984,An,145265008.0,A,Official figure,
QCL,Crops and livestock products,228,USSR,5111,Stocks,976,Sheep,1985,1985,An,142876000.0,A,Official figure,
QCL,Crops and livestock products,228,USSR,5111,Stocks,976,Sheep,1986,1986,An,140850000.0,A,Official figure,
QCL,Crops and livestock products,228,USSR,5111,Stocks,976,Sheep,1987,1987,An,142210000.0,A,Official figure,
QCL,Crops and livestock products,228,USSR,5111,Stocks,976,Sheep,1988,1988,An,140783008.0,A,Official figure,
QCL,Crops and livestock products,228,USSR,5111,Stocks,976,Sheep,1989,1989,An,140700000.0,A,Official figure,
QCL,Crops and livestock products,228,USSR,5111,Stocks,976,Sheep,1990,1990,An,138564000.0,A,Official figure,
QCL,Crops and livestock products,228,USSR,5111,Stocks,976,Sheep,1991,1991,An,132949008.0,A,Official figure,
QCL,Crops and livestock products,228,USSR,5111,Stocks,1034,Swine / pigs,1961,1961,An,58674000.0,A,Official figure,
QCL,Crops and livestock products,228,USSR,5111,Stocks,1034,Swine / pigs,1962,1962,An,66705008.0,A,Official figure,
QCL,Crops and livestock products,228,USSR,5111,Stocks,1034,Swine / pigs,1963,1963,An,69964000.0,A,Official figure,
QCL,Crops and livestock products,228,USSR,5111,Stocks,1034,Swine / pigs,1964,1964,An,40858000.0,A,Official figure,
QCL,Crops and livestock products,228,USSR,5111,Stocks,1034,Swine / pigs,1965,1965,An,52843008.0,A,Official figure,
QCL,Crops and livestock products,228,USSR,5111,Stocks,1034,Swine / pigs,1966,1966,An,59576000.0,A,Official figure,
QCL,Crops and livestock products,228,USSR,5111,Stocks,1034,Swine / pigs,1967,1967,An,58028000.0,A,Official figure,
QCL,Crops and livestock products,228,USSR,5111,Stocks,1034,Swine / pigs,1968,1968,An,50867008.0,A,Official figure,
QCL,Crops and livestock products,228,USSR,5111,Stocks,1034,Swine / pigs,1969,1969,An,49047008.0,A,Official figure,
QCL,Crops and livestock products,228,USSR,5111,Stocks,1034,Swine / pigs,1970,1970,An,56055008.0,A,Official figure,
QCL,Crops and livestock products,228,USSR,5111,Stocks,1034,Swine / pigs,1971,1971,An,67483008.0,A,Official figure,
QCL,Crops and livestock products,228,USSR,5111,Stocks,1034,Swine / pigs,1972,1972,An,71434000.0,A,Official figure,
QCL,Crops and livestock products,228,USSR,5111,Stocks,1034,Swine / pigs,1973,1973,An,66593008.0,A,Official figure,
QCL,Crops and livestock products,228,USSR,5111,Stocks,1034,Swine / pigs,1974,1974,An,70032000.0,A,Official figure,
QCL,Crops and livestock products,228,USSR,5111,Stocks,1034,Swine / pigs,1975,1975,An,72273008.0,A,Official figure,
QCL,Crops and livestock products,228,USSR,5111,Stocks,1034,Swine / pigs,1976,1976,An,57899008.0,A,Official figure,
QCL,Crops and livestock products,228,USSR,5111,Stocks,1034,Swine / pigs,1977,1977,An,63055008.0,A,Official figure,
QCL,Crops and livestock products,228,USSR,5111,Stocks,1034,Swine / pigs,1978,1978,An,70511008.0,A,Official figure,
QCL,Crops and livestock products,228,USSR,5111,Stocks,1034,Swine / pigs,1979,1979,An,73484000.0,A,Official figure,
QCL,Crops and livestock products,228,USSR,5111,Stocks,1034,Swine / pigs,1980,1980,An,73893008.0,A,Official figure,
QCL,Crops and livestock products,228,USSR,5111,Stocks,1034,Swine / pigs,1981,1981,An,73382000.0,A,Official figure,
QCL,Crops and livestock products,228,USSR,5111,Stocks,1034,Swine / pigs,1982,1982,An,73302000.0,A,Official figure,
QCL,Crops and livestock products,228,USSR,5111,Stocks,1034,Swine / pigs,1983,1983,An,76671008.0,A,Official figure,
QCL,Crops and livestock products,228,USSR,5111,Stocks,1034,Swine / pigs,1984,1984,An,78722000.0,A,Official figure,
QCL,Crops and livestock products,228,USSR,5111,Stocks,1034,Swine / pigs,1985,1985,An,77914000.0,A,Official figure,
QCL,Crops and livestock products,228,USSR,5111,Stocks,1034,Swine / pigs,1986,1986,An,77772000.0,A,Official figure,
QCL,Crops and livestock products,228,USSR,5111,Stocks,1034,Swine / pigs,1987,1987,An,79501008.0,A,Official figure,
QCL,Crops and livestock products,228,USSR,5111,Stocks,1034,Swine / pigs,1988,1988,An,77403008.0,A,Official figure,
QCL,Crops and livestock products,228,USSR,5111,Stocks,1034,Swine / pigs,1989,1989,An,78100000.0,A,Official figure,
QCL,Crops and livestock products,228,USSR,5111,Stocks,1034,Swine / pigs,1990,1990,An,78963008.0,A,Official figure,
QCL,Crops and livestock products,228,USSR,5111,Stocks,1034,Swine / pigs,1991,1991,An,75428000.0,A,Official figure,
QCL,Crops and livestock products,228,USSR,5112,Stocks,1079,Turkeys,1961,1961,1000 An,68000.0,A,Official figure,
QCL,Crops and livestock products,228,USSR,5112,Stocks,1079,Turkeys,1962,1962,1000 An,54300.0,X,Figure from international organizations,Unofficial figure
QCL,Crops and livestock products,228,USSR,5112,Stocks,1079,Turkeys,1963,1963,1000 An,38500.0,X,Figure from international organizations,Unofficial figure
QCL,Crops and livestock products,228,USSR,5112,Stocks,1079,Turkeys,1964,1964,1000 An,22400.0,X,Figure from international organizations,Unofficial figure
QCL,Crops and livestock products,228,USSR,5112,Stocks,1079,Turkeys,1965,1965,1000 An,16972.0,A,Official figure,
QCL,Crops and livestock products,228,USSR,5112,Stocks,1079,Turkeys,1966,1966,1000 An,16637.0,A,Official figure,
QCL,Crops and livestock products,228,USSR,5112,Stocks,1079,Turkeys,1967,1967,1000 An,13067.0,A,Official figure,
QCL,Crops and livestock products,228,USSR,5112,Stocks,1079,Turkeys,1968,1968,1000 An,11946.0,A,Official figure,
QCL,Crops and livestock products,228,USSR,5112,Stocks,1079,Turkeys,1969,1969,1000 An,12220.0,A,Official figure,
QCL,Crops and livestock products,228,USSR,5112,Stocks,1079,Turkeys,1970,1970,1000 An,18377.0,A,Official figure,
QCL,Crops and livestock products,228,USSR,5112,Stocks,1079,Turkeys,1971,1971,1000 An,31648.0,A,Official figure,
QCL,Crops and livestock products,228,USSR,5112,Stocks,1079,Turkeys,1972,1972,1000 An,32581.0,A,Official figure,
QCL,Crops and livestock products,228,USSR,5112,Stocks,1079,Turkeys,1973,1973,1000 An,28904.0,A,Official figure,
QCL,Crops and livestock products,228,USSR,5112,Stocks,1079,Turkeys,1974,1974,1000 An,32980.0,A,Official figure,
QCL,Crops and livestock products,228,USSR,5112,Stocks,1079,Turkeys,1975,1975,1000 An,38000.0,A,Official figure,
QCL,Crops and livestock products,228,USSR,5112,Stocks,1079,Turkeys,1976,1976,1000 An,21000.0,A,Official figure,
QCL,Crops and livestock products,228,USSR,5112,Stocks,1079,Turkeys,1977,1977,1000 An,40000.0,A,Official figure,
QCL,Crops and livestock products,228,USSR,5112,Stocks,1079,Turkeys,1978,1978,1000 An,55000.0,A,Official figure,
QCL,Crops and livestock products,228,USSR,5112,Stocks,1079,Turkeys,1979,1979,1000 An,60000.0,A,Official figure,
QCL,Crops and livestock products,228,USSR,5112,Stocks,1079,Turkeys,1980,1980,1000 An,64000.0,A,Official figure,
QCL,Crops and livestock products,228,USSR,5112,Stocks,1079,Turkeys,1981,1981,1000 An,65000.0,A,Official figure,
QCL,Crops and livestock products,228,USSR,5112,Stocks,1079,Turkeys,1982,1982,1000 An,62000.0,A,Official figure,
QCL,Crops and livestock products,228,USSR,5112,Stocks,1079,Turkeys,1983,1983,1000 An,61000.0,A,Official figure,
QCL,Crops and livestock products,228,USSR,5112,Stocks,1079,Turkeys,1984,1984,1000 An,62000.0,A,Official figure,
QCL,Crops and livestock products,228,USSR,5112,Stocks,1079,Turkeys,1985,1985,1000 An,56200.0,A,Official figure,
QCL,Crops and livestock products,228,USSR,5112,Stocks,1079,Turkeys,1986,1986,1000 An,55600.0,A,Official figure,
QCL,Crops and livestock products,228,USSR,5112,Stocks,1079,Turkeys,1987,1987,1000 An,49000.0,A,Official figure,
QCL,Crops and livestock products,228,USSR,5112,Stocks,1079,Turkeys,1988,1988,1000 An,48000.0,E,Estimated value,
QCL,Crops and livestock products,228,USSR,5112,Stocks,1079,Turkeys,1989,1989,1000 An,47000.0,E,Estimated value,
QCL,Crops and livestock products,228,USSR,5112,Stocks,1079,Turkeys,1990,1990,1000 An,37900.0,X,Figure from international organizations,Unofficial figure
QCL,Crops and livestock products,228,USSR,5112,Stocks,1079,Turkeys,1991,1991,1000 An,37500.0,X,Figure from international organizations,Unofficial figure
QCL,Crops and livestock products,228,USSR,5111,Stocks,1746,Cattle and Buffaloes,1961,1961,An,76169000.0,A,Official figure,
QCL,Crops and livestock products,228,USSR,5111,Stocks,1746,Cattle and Buffaloes,1962,1962,An,82469208.0,A,Official figure,
QCL,Crops and livestock products,228,USSR,5111,Stocks,1746,Cattle and Buffaloes,1963,1963,An,87378200.0,A,Official figure,
QCL,Crops and livestock products,228,USSR,5111,Stocks,1746,Cattle and Buffaloes,1964,1964,An,85837900.0,A,Official figure,
QCL,Crops and livestock products,228,USSR,5111,Stocks,1746,Cattle and Buffaloes,1965,1965,An,87534708.0,A,Official figure,
QCL,Crops and livestock products,228,USSR,5111,Stocks,1746,Cattle and Buffaloes,1966,1966,An,93843700.0,A,Official figure,
QCL,Crops and livestock products,228,USSR,5111,Stocks,1746,Cattle and Buffaloes,1967,1967,An,97550708.0,A,Official figure,
QCL,Crops and livestock products,228,USSR,5111,Stocks,1746,Cattle and Buffaloes,1968,1968,An,97640008.0,A,Official figure,
QCL,Crops and livestock products,228,USSR,5111,Stocks,1746,Cattle and Buffaloes,1969,1969,An,96220008.0,A,Official figure,
QCL,Crops and livestock products,228,USSR,5111,Stocks,1746,Cattle and Buffaloes,1970,1970,An,95623000.0,A,Official figure,
QCL,Crops and livestock products,228,USSR,5111,Stocks,1746,Cattle and Buffaloes,1971,1971,An,99674708.0,A,Official figure,
QCL,Crops and livestock products,228,USSR,5111,Stocks,1746,Cattle and Buffaloes,1972,1972,An,102876000.0,A,Official figure,
QCL,Crops and livestock products,228,USSR,5111,Stocks,1746,Cattle and Buffaloes,1973,1973,An,104435000.0,A,Official figure,
QCL,Crops and livestock products,228,USSR,5111,Stocks,1746,Cattle and Buffaloes,1974,1974,An,106699000.0,A,Official figure,
QCL,Crops and livestock products,228,USSR,5111,Stocks,1746,Cattle and Buffaloes,1975,1975,An,109549000.0,A,Official figure,
QCL,Crops and livestock products,228,USSR,5111,Stocks,1746,Cattle and Buffaloes,1976,1976,An,111452000.0,A,Official figure,
QCL,Crops and livestock products,228,USSR,5111,Stocks,1746,Cattle and Buffaloes,1977,1977,An,110739000.0,A,Official figure,
QCL,Crops and livestock products,228,USSR,5111,Stocks,1746,Cattle and Buffaloes,1978,1978,An,113073000.0,A,Official figure,
QCL,Crops and livestock products,228,USSR,5111,Stocks,1746,Cattle and Buffaloes,1979,1979,An,114446000.0,E,Estimated value,
QCL,Crops and livestock products,228,USSR,5111,Stocks,1746,Cattle and Buffaloes,1980,1980,An,115450000.0,E,Estimated value,
QCL,Crops and livestock products,228,USSR,5111,Stocks,1746,Cattle and Buffaloes,1981,1981,An,115397008.0,E,Estimated value,
QCL,Crops and livestock products,228,USSR,5111,Stocks,1746,Cattle and Buffaloes,1982,1982,An,116249008.0,E,Estimated value,
QCL,Crops and livestock products,228,USSR,5111,Stocks,1746,Cattle and Buffaloes,1983,1983,An,117506000.0,E,Estimated value,
QCL,Crops and livestock products,228,USSR,5111,Stocks,1746,Cattle and Buffaloes,1984,1984,An,119888000.0,E,Estimated value,
QCL,Crops and livestock products,228,USSR,5111,Stocks,1746,Cattle and Buffaloes,1985,1985,An,121405008.0,E,Estimated value,
QCL,Crops and livestock products,228,USSR,5111,Stocks,1746,Cattle and Buffaloes,1986,1986,An,121288000.0,A,Official figure,
QCL,Crops and livestock products,228,USSR,5111,Stocks,1746,Cattle and Buffaloes,1987,1987,An,122503008.0,A,Official figure,
QCL,Crops and livestock products,228,USSR,5111,Stocks,1746,Cattle and Buffaloes,1988,1988,An,118700000.0,A,Official figure,
QCL,Crops and livestock products,228,USSR,5111,Stocks,1746,Cattle and Buffaloes,1989,1989,An,120000000.0,E,Estimated value,
QCL,Crops and livestock products,228,USSR,5111,Stocks,1746,Cattle and Buffaloes,1990,1990,An,118808000.0,E,Estimated value,
QCL,Crops and livestock products,228,USSR,5111,Stocks,1746,Cattle and Buffaloes,1991,1991,An,116058008.0,E,Estimated value,
QCL,Crops and livestock products,228,USSR,5313,Laying,1783,Eggs Primary,1961,1961,1000 An,268000.0,E,Estimated value,
QCL,Crops and livestock products,228,USSR,5313,Laying,1783,Eggs Primary,1962,1962,1000 An,275000.0,E,Estimated value,
QCL,Crops and livestock products,228,USSR,5313,Laying,1783,Eggs Primary,1963,1963,1000 An,260000.0,E,Estimated value,
QCL,Crops and livestock products,228,USSR,5313,Laying,1783,Eggs Primary,1964,1964,1000 An,243000.0,E,Estimated value,
QCL,Crops and livestock products,228,USSR,5313,Laying,1783,Eggs Primary,1965,1965,1000 An,266000.0,E,Estimated value,
QCL,Crops and livestock products,228,USSR,5313,Laying,1783,Eggs Primary,1966,1966,1000 An,290300.0,E,Estimated value,
QCL,Crops and livestock products,228,USSR,5313,Laying,1783,Eggs Primary,1967,1967,1000 An,312300.0,E,Estimated value,
QCL,Crops and livestock products,228,USSR,5313,Laying,1783,Eggs Primary,1968,1968,1000 An,328500.0,E,Estimated value,
QCL,Crops and livestock products,228,USSR,5313,Laying,1783,Eggs Primary,1969,1969,1000 An,336700.0,E,Estimated value,
QCL,Crops and livestock products,228,USSR,5313,Laying,1783,Eggs Primary,1970,1970,1000 An,391200.0,X,Figure from international organizations,
QCL,Crops and livestock products,228,USSR,5313,Laying,1783,Eggs Primary,1971,1971,1000 An,421300.0,X,Figure from international organizations,
QCL,Crops and livestock products,228,USSR,5313,Laying,1783,Eggs Primary,1972,1972,1000 An,427400.0,X,Figure from international organizations,
QCL,Crops and livestock products,228,USSR,5313,Laying,1783,Eggs Primary,1973,1973,1000 An,440600.0,X,Figure from international organizations,
QCL,Crops and livestock products,228,USSR,5313,Laying,1783,Eggs Primary,1974,1974,1000 An,449800.0,X,Figure from international organizations,
QCL,Crops and livestock products,228,USSR,5313,Laying,1783,Eggs Primary,1975,1975,1000 An,454800.0,X,Figure from international organizations,
QCL,Crops and livestock products,228,USSR,5313,Laying,1783,Eggs Primary,1976,1976,1000 An,463300.0,X,Figure from international organizations,
QCL,Crops and livestock products,228,USSR,5313,Laying,1783,Eggs Primary,1977,1977,1000 An,475000.0,E,Estimated value,
QCL,Crops and livestock products,228,USSR,5313,Laying,1783,Eggs Primary,1978,1978,1000 An,348000.0,E,Estimated value,
QCL,Crops and livestock products,228,USSR,5313,Laying,1783,Eggs Primary,1979,1979,1000 An,352000.0,E,Estimated value,
QCL,Crops and livestock products,228,USSR,5313,Laying,1783,Eggs Primary,1980,1980,1000 An,357000.0,E,Estimated value,
QCL,Crops and livestock products,228,USSR,5313,Laying,1783,Eggs Primary,1981,1981,1000 An,368000.0,E,Estimated value,
QCL,Crops and livestock products,228,USSR,5313,Laying,1783,Eggs Primary,1982,1982,1000 An,374000.0,E,Estimated value,
QCL,Crops and livestock products,228,USSR,5313,Laying,1783,Eggs Primary,1983,1983,1000 An,377000.0,E,Estimated value,
QCL,Crops and livestock products,228,USSR,5313,Laying,1783,Eggs Primary,1984,1984,1000 An,379000.0,E,Estimated value,
QCL,Crops and livestock products,228,USSR,5313,Laying,1783,Eggs Primary,1985,1985,1000 An,377000.0,E,Estimated value,
QCL,Crops and livestock products,228,USSR,5313,Laying,1783,Eggs Primary,1986,1986,1000 An,379000.0,E,Estimated value,
QCL,Crops and livestock products,228,USSR,5313,Laying,1783,Eggs Primary,1987,1987,1000 An,380000.0,E,Estimated value,
QCL,Crops and livestock products,228,USSR,5313,Laying,1783,Eggs Primary,1988,1988,1000 An,385000.0,E,Estimated value,
QCL,Crops and livestock products,228,USSR,5313,Laying,1783,Eggs Primary,1989,1989,1000 An,390000.0,E,Estimated value,
QCL,Crops and livestock products,228,USSR,5313,Laying,1783,Eggs Primary,1990,1990,1000 An,367077.0,E,Estimated value,
QCL,Crops and livestock products,228,USSR,5313,Laying,1783,Eggs Primary,1991,1991,1000 An,385000.0,E,Estimated value,
QCL,Crops and livestock products,228,USSR,5318,Milk Animals,1780,"Milk, Total",1961,1961,An,39609008.0,E,Estimated value,
QCL,Crops and livestock products,228,USSR,5318,Milk Animals,1780,"Milk, Total",1962,1962,An,41749000.0,E,Estimated value,
QCL,Crops and livestock products,228,USSR,5318,Milk Animals,1780,"Milk, Total",1963,1963,An,42380008.0,E,Estimated value,
QCL,Crops and livestock products,228,USSR,5318,Milk Animals,1780,"Milk, Total",1964,1964,An,42912000.0,E,Estimated value,
QCL,Crops and livestock products,228,USSR,5318,Milk Animals,1780,"Milk, Total",1965,1965,An,43459000.0,E,Estimated value,
QCL,Crops and livestock products,228,USSR,5318,Milk Animals,1780,"Milk, Total",1966,1966,An,43650000.0,E,Estimated value,
QCL,Crops and livestock products,228,USSR,5318,Milk Animals,1780,"Milk, Total",1967,1967,An,44851000.0,E,Estimated value,
QCL,Crops and livestock products,228,USSR,5318,Milk Animals,1780,"Milk, Total",1968,1968,An,44744000.0,E,Estimated value,
QCL,Crops and livestock products,228,USSR,5318,Milk Animals,1780,"Milk, Total",1969,1969,An,44206000.0,E,Estimated value,
QCL,Crops and livestock products,228,USSR,5318,Milk Animals,1780,"Milk, Total",1970,1970,An,43500000.0,E,Estimated value,
QCL,Crops and livestock products,228,USSR,5318,Milk Animals,1780,"Milk, Total",1971,1971,An,43362000.0,E,Estimated value,
QCL,Crops and livestock products,228,USSR,5318,Milk Animals,1780,"Milk, Total",1972,1972,An,43569008.0,E,Estimated value,
QCL,Crops and livestock products,228,USSR,5318,Milk Animals,1780,"Milk, Total",1973,1973,An,44169008.0,E,Estimated value,
QCL,Crops and livestock products,228,USSR,5318,Milk Animals,1780,"Milk, Total",1974,1974,An,45021008.0,E,Estimated value,
QCL,Crops and livestock products,228,USSR,5318,Milk Animals,1780,"Milk, Total",1975,1975,An,45010000.0,E,Estimated value,
QCL,Crops and livestock products,228,USSR,5318,Milk Animals,1780,"Milk, Total",1976,1976,An,45017008.0,E,Estimated value,
QCL,Crops and livestock products,228,USSR,5318,Milk Animals,1780,"Milk, Total",1977,1977,An,45587008.0,E,Estimated value,
QCL,Crops and livestock products,228,USSR,5318,Milk Animals,1780,"Milk, Total",1978,1978,An,45942000.0,E,Estimated value,
QCL,Crops and livestock products,228,USSR,5318,Milk Animals,1780,"Milk, Total",1979,1979,An,45636000.0,E,Estimated value,
QCL,Crops and livestock products,228,USSR,5318,Milk Animals,1780,"Milk, Total",1980,1980,An,45950000.0,E,Estimated value,
QCL,Crops and livestock products,228,USSR,5318,Milk Animals,1780,"Milk, Total",1981,1981,An,46295008.0,E,Estimated value,
QCL,Crops and livestock products,228,USSR,5318,Milk Animals,1780,"Milk, Total",1982,1982,An,46814000.0,E,Estimated value,
QCL,Crops and livestock products,228,USSR,5318,Milk Animals,1780,"Milk, Total",1983,1983,An,46975000.0,E,Estimated value,
QCL,Crops and livestock products,228,USSR,5318,Milk Animals,1780,"Milk, Total",1984,1984,An,46962000.0,E,Estimated value,
QCL,Crops and livestock products,228,USSR,5318,Milk Animals,1780,"Milk, Total",1985,1985,An,46710000.0,E,Estimated value,
QCL,Crops and livestock products,228,USSR,5318,Milk Animals,1780,"Milk, Total",1986,1986,An,46118008.0,E,Estimated value,
QCL,Crops and livestock products,228,USSR,5318,Milk Animals,1780,"Milk, Total",1987,1987,An,45695000.0,E,Estimated value,
QCL,Crops and livestock products,228,USSR,5318,Milk Animals,1780,"Milk, Total",1988,1988,An,45385000.0,E,Estimated value,
QCL,Crops and livestock products,228,USSR,5318,Milk Animals,1780,"Milk, Total",1989,1989,An,45200000.0,E,Estimated value,
QCL,Crops and livestock products,228,USSR,5318,Milk Animals,1780,"Milk, Total",1990,1990,An,44975800.0,E,Estimated value,
QCL,Crops and livestock products,228,USSR,5318,Milk Animals,1780,"Milk, Total",1991,1991,An,44645600.0,E,Estimated value,
QCL,Crops and livestock products,228,USSR,5112,Stocks,2029,Poultry Birds,1961,1961,1000 An,516000.0,A,Official figure,
QCL,Crops and livestock products,228,USSR,5112,Stocks,2029,Poultry Birds,1962,1962,1000 An,542600.0,X,Figure from international organizations,
QCL,Crops and livestock products,228,USSR,5112,Stocks,2029,Poultry Birds,1963,1963,1000 An,550400.0,X,Figure from international organizations,
QCL,Crops and livestock products,228,USSR,5112,Stocks,2029,Poultry Birds,1964,1964,1000 An,448900.0,X,Figure from international organizations,
QCL,Crops and livestock products,228,USSR,5112,Stocks,2029,Poultry Birds,1965,1965,1000 An,456011.0,A,Official figure,
QCL,Crops and livestock products,228,USSR,5112,Stocks,2029,Poultry Birds,1966,1966,1000 An,490508.0,A,Official figure,
QCL,Crops and livestock products,228,USSR,5112,Stocks,2029,Poultry Birds,1967,1967,1000 An,516156.0,A,Official figure,
QCL,Crops and livestock products,228,USSR,5112,Stocks,2029,Poultry Birds,1968,1968,1000 An,528352.0,A,Official figure,
QCL,Crops and livestock products,228,USSR,5112,Stocks,2029,Poultry Birds,1969,1969,1000 An,546930.0,A,Official figure,
QCL,Crops and livestock products,228,USSR,5112,Stocks,2029,Poultry Birds,1970,1970,1000 An,590339.0,A,Official figure,
QCL,Crops and livestock products,228,USSR,5112,Stocks,2029,Poultry Birds,1971,1971,1000 An,652672.0,A,Official figure,
QCL,Crops and livestock products,228,USSR,5112,Stocks,2029,Poultry Birds,1972,1972,1000 An,686494.0,A,Official figure,
QCL,Crops and livestock products,228,USSR,5112,Stocks,2029,Poultry Birds,1973,1973,1000 An,699994.0,A,Official figure,
QCL,Crops and livestock products,228,USSR,5112,Stocks,2029,Poultry Birds,1974,1974,1000 An,747654.0,A,Official figure,
QCL,Crops and livestock products,228,USSR,5112,Stocks,2029,Poultry Birds,1975,1975,1000 An,792000.0,A,Official figure,
QCL,Crops and livestock products,228,USSR,5112,Stocks,2029,Poultry Birds,1976,1976,1000 An,734000.0,A,Official figure,
QCL,Crops and livestock products,228,USSR,5112,Stocks,2029,Poultry Birds,1977,1977,1000 An,796000.0,A,Official figure,
QCL,Crops and livestock products,228,USSR,5112,Stocks,2029,Poultry Birds,1978,1978,1000 An,881000.0,A,Official figure,
QCL,Crops and livestock products,228,USSR,5112,Stocks,2029,Poultry Birds,1979,1979,1000 An,946731.0,A,Official figure,
QCL,Crops and livestock products,228,USSR,5112,Stocks,2029,Poultry Birds,1980,1980,1000 An,980940.0,A,Official figure,
QCL,Crops and livestock products,228,USSR,5112,Stocks,2029,Poultry Birds,1981,1981,1000 An,1032380.0,A,Official figure,
QCL,Crops and livestock products,228,USSR,5112,Stocks,2029,Poultry Birds,1982,1982,1000 An,1067000.0,A,Official figure,
QCL,Crops and livestock products,228,USSR,5112,Stocks,2029,Poultry Birds,1983,1983,1000 An,1105000.0,A,Official figure,
QCL,Crops and livestock products,228,USSR,5112,Stocks,2029,Poultry Birds,1984,1984,1000 An,1127000.0,A,Official figure,
QCL,Crops and livestock products,228,USSR,5112,Stocks,2029,Poultry Birds,1985,1985,1000 An,1143000.0,A,Official figure,
QCL,Crops and livestock products,228,USSR,5112,Stocks,2029,Poultry Birds,1986,1986,1000 An,1165500.0,A,Official figure,
QCL,Crops and livestock products,228,USSR,5112,Stocks,2029,Poultry Birds,1987,1987,1000 An,1174200.0,A,Official figure,
QCL,Crops and livestock products,228,USSR,5112,Stocks,2029,Poultry Birds,1988,1988,1000 An,1177000.0,E,Estimated value,
QCL,Crops and livestock products,228,USSR,5112,Stocks,2029,Poultry Birds,1989,1989,1000 An,1200900.0,E,Estimated value,
QCL,Crops and livestock products,228,USSR,5112,Stocks,2029,Poultry Birds,1990,1990,1000 An,1175300.0,X,Figure from international organizations,
QCL,Crops and livestock products,228,USSR,5112,Stocks,2029,Poultry Birds,1991,1991,1000 An,1161500.0,X,Figure from international organizations,
QCL,Crops and livestock products,228,USSR,5111,Stocks,1749,Sheep and Goats,1961,1961,An,140304000.0,A,Official figure,
QCL,Crops and livestock products,228,USSR,5111,Stocks,1749,Sheep and Goats,1962,1962,An,144498008.0,A,Official figure,
QCL,Crops and livestock products,228,USSR,5111,Stocks,1749,Sheep and Goats,1963,1963,An,146410008.0,A,Official figure,
QCL,Crops and livestock products,228,USSR,5111,Stocks,1749,Sheep and Goats,1964,1964,An,139560008.0,A,Official figure,
QCL,Crops and livestock products,228,USSR,5111,Stocks,1749,Sheep and Goats,1965,1965,An,130674008.0,A,Official figure,
QCL,Crops and livestock products,228,USSR,5111,Stocks,1749,Sheep and Goats,1966,1966,An,135316000.0,A,Official figure,
QCL,Crops and livestock products,228,USSR,5111,Stocks,1749,Sheep and Goats,1967,1967,An,141042008.0,A,Official figure,
QCL,Crops and livestock products,228,USSR,5111,Stocks,1749,Sheep and Goats,1968,1968,An,144041008.0,A,Official figure,
QCL,Crops and livestock products,228,USSR,5111,Stocks,1749,Sheep and Goats,1969,1969,An,146141008.0,A,Official figure,
QCL,Crops and livestock products,228,USSR,5111,Stocks,1749,Sheep and Goats,1970,1970,An,135803008.0,A,Official figure,
QCL,Crops and livestock products,228,USSR,5111,Stocks,1749,Sheep and Goats,1971,1971,An,143421008.0,A,Official figure,
QCL,Crops and livestock products,228,USSR,5111,Stocks,1749,Sheep and Goats,1972,1972,An,145333000.0,A,Official figure,
QCL,Crops and livestock products,228,USSR,5111,Stocks,1749,Sheep and Goats,1973,1973,An,144690000.0,A,Official figure,
QCL,Crops and livestock products,228,USSR,5111,Stocks,1749,Sheep and Goats,1974,1974,An,148534000.0,A,Official figure,
QCL,Crops and livestock products,228,USSR,5111,Stocks,1749,Sheep and Goats,1975,1975,An,151232008.0,A,Official figure,
QCL,Crops and livestock products,228,USSR,5111,Stocks,1749,Sheep and Goats,1976,1976,An,147091000.0,A,Official figure,
QCL,Crops and livestock products,228,USSR,5111,Stocks,1749,Sheep and Goats,1977,1977,An,145373000.0,A,Official figure,
QCL,Crops and livestock products,228,USSR,5111,Stocks,1749,Sheep and Goats,1978,1978,An,146611008.0,A,Official figure,
QCL,Crops and livestock products,228,USSR,5111,Stocks,1749,Sheep and Goats,1979,1979,An,148104000.0,A,Official figure,
QCL,Crops and livestock products,228,USSR,5111,Stocks,1749,Sheep and Goats,1980,1980,An,149423008.0,A,Official figure,
QCL,Crops and livestock products,228,USSR,5111,Stocks,1749,Sheep and Goats,1981,1981,An,147676008.0,A,Official figure,
QCL,Crops and livestock products,228,USSR,5111,Stocks,1749,Sheep and Goats,1982,1982,An,148481000.0,A,Official figure,
QCL,Crops and livestock products,228,USSR,5111,Stocks,1749,Sheep and Goats,1983,1983,An,148522000.0,A,Official figure,
QCL,Crops and livestock products,228,USSR,5111,Stocks,1749,Sheep and Goats,1984,1984,An,151776008.0,A,Official figure,
QCL,Crops and livestock products,228,USSR,5111,Stocks,1749,Sheep and Goats,1985,1985,An,149201000.0,A,Official figure,
QCL,Crops and livestock products,228,USSR,5111,Stocks,1749,Sheep and Goats,1986,1986,An,147330000.0,A,Official figure,
QCL,Crops and livestock products,228,USSR,5111,Stocks,1749,Sheep and Goats,1987,1987,An,148701000.0,A,Official figure,
QCL,Crops and livestock products,228,USSR,5111,Stocks,1749,Sheep and Goats,1988,1988,An,147283008.0,A,Official figure,
QCL,Crops and livestock products,228,USSR,5111,Stocks,1749,Sheep and Goats,1989,1989,An,147500000.0,A,Official figure,
QCL,Crops and livestock products,228,USSR,5111,Stocks,1749,Sheep and Goats,1990,1990,An,145126000.0,A,Official figure,
QCL,Crops and livestock products,228,USSR,5111,Stocks,1749,Sheep and Goats,1991,1991,An,139641008.0,A,Official figure,
