Domain Code,Domain,Area Code,Area,Element Code,Element,Item Code,Item,Year Code,Year,Unit,Value,Flag,Flag Description,Note
QCL,Crops and livestock products,143,Morocco,5312,Area harvested,221,"Almonds, in shell",1961,1961,ha,0,A,Official figure,
QCL,Crops and livestock products,143,Morocco,5510,Production,221,"Almonds, in shell",1961,1961,t,8000,A,Official figure,
QCL,Crops and livestock products,143,Morocco,5312,Area harvested,221,"Almonds, in shell",1962,1962,ha,0,A,Official figure,
QCL,Crops and livestock products,143,Morocco,5510,Production,221,"Almonds, in shell",1962,1962,t,17000,A,Official figure,
QCL,Crops and livestock products,143,Morocco,5312,Area harvested,221,"Almonds, in shell",1963,1963,ha,0,A,Official figure,
QCL,Crops and livestock products,143,Morocco,5510,Production,221,"Almonds, in shell",1963,1963,t,19000,A,Official figure,
QCL,Crops and livestock products,143,Morocco,5312,Area harvested,221,"Almonds, in shell",1964,1964,ha,0,A,Official figure,
QCL,Crops and livestock products,143,Morocco,5510,Production,221,"Almonds, in shell",1964,1964,t,16000,A,Official figure,
QCL,Crops and livestock products,143,Morocco,5312,Area harvested,221,"Almonds, in shell",1965,1965,ha,0,A,Official figure,
QCL,Crops and livestock products,143,Morocco,5510,Production,221,"Almonds, in shell",1965,1965,t,13000,A,Official figure,
QCL,Crops and livestock products,143,Morocco,5312,Area harvested,221,"Almonds, in shell",1966,1966,ha,0,A,Official figure,
QCL,Crops and livestock products,143,Morocco,5510,Production,221,"Almonds, in shell",1966,1966,t,15000,A,Official figure,
QCL,Crops and livestock products,143,Morocco,5312,Area harvested,221,"Almonds, in shell",1967,1967,ha,0,A,Official figure,
QCL,Crops and livestock products,143,Morocco,5510,Production,221,"Almonds, in shell",1967,1967,t,16000,A,Official figure,
QCL,Crops and livestock products,143,Morocco,5312,Area harvested,221,"Almonds, in shell",1968,1968,ha,0,A,Official figure,
QCL,Crops and livestock products,143,Morocco,5510,Production,221,"Almonds, in shell",1968,1968,t,11100,X,Figure from international organizations,Unofficial figure
QCL,Crops and livestock products,143,Morocco,5312,Area harvested,221,"Almonds, in shell",1969,1969,ha,0,A,Official figure,
QCL,Crops and livestock products,143,Morocco,5510,Production,221,"Almonds, in shell",1969,1969,t,9500,X,Figure from international organizations,Unofficial figure
QCL,Crops and livestock products,143,Morocco,5312,Area harvested,221,"Almonds, in shell",1970,1970,ha,0,A,Official figure,
QCL,Crops and livestock products,143,Morocco,5510,Production,221,"Almonds, in shell",1970,1970,t,9500,X,Figure from international organizations,Unofficial figure
QCL,Crops and livestock products,143,Morocco,5312,Area harvested,221,"Almonds, in shell",1971,1971,ha,0,A,Official figure,
QCL,Crops and livestock products,143,Morocco,5510,Production,221,"Almonds, in shell",1971,1971,t,8000,X,Figure from international organizations,Unofficial figure
QCL,Crops and livestock products,143,Morocco,5312,Area harvested,221,"Almonds, in shell",1972,1972,ha,0,A,Official figure,
QCL,Crops and livestock products,143,Morocco,5510,Production,221,"Almonds, in shell",1972,1972,t,11000,X,Figure from international organizations,Unofficial figure
QCL,Crops and livestock products,143,Morocco,5312,Area harvested,221,"Almonds, in shell",1973,1973,ha,0,A,Official figure,
QCL,Crops and livestock products,143,Morocco,5510,Production,221,"Almonds, in shell",1973,1973,t,13000,X,Figure from international organizations,Unofficial figure
QCL,Crops and livestock products,143,Morocco,5312,Area harvested,221,"Almonds, in shell",1974,1974,ha,0,A,Official figure,
QCL,Crops and livestock products,143,Morocco,5510,Production,221,"Almonds, in shell",1974,1974,t,13000,E,Estimated value,
QCL,Crops and livestock products,143,Morocco,5312,Area harvested,221,"Almonds, in shell",1975,1975,ha,0,A,Official figure,
QCL,Crops and livestock products,143,Morocco,5510,Production,221,"Almonds, in shell",1975,1975,t,15000,E,Estimated value,
QCL,Crops and livestock products,143,Morocco,5312,Area harvested,221,"Almonds, in shell",1976,1976,ha,0,A,Official figure,
QCL,Crops and livestock products,143,Morocco,5510,Production,221,"Almonds, in shell",1976,1976,t,16000,E,Estimated value,
QCL,Crops and livestock products,143,Morocco,5312,Area harvested,221,"Almonds, in shell",1977,1977,ha,0,A,Official figure,
QCL,Crops and livestock products,143,Morocco,5510,Production,221,"Almonds, in shell",1977,1977,t,18000,E,Estimated value,
QCL,Crops and livestock products,143,Morocco,5312,Area harvested,221,"Almonds, in shell",1978,1978,ha,0,A,Official figure,
QCL,Crops and livestock products,143,Morocco,5510,Production,221,"Almonds, in shell",1978,1978,t,20000,E,Estimated value,
QCL,Crops and livestock products,143,Morocco,5312,Area harvested,221,"Almonds, in shell",1979,1979,ha,0,A,Official figure,
QCL,Crops and livestock products,143,Morocco,5510,Production,221,"Almonds, in shell",1979,1979,t,25000,E,Estimated value,
QCL,Crops and livestock products,143,Morocco,5312,Area harvested,221,"Almonds, in shell",1980,1980,ha,70000,E,Estimated value,
QCL,Crops and livestock products,143,Morocco,5419,Yield,221,"Almonds, in shell",1980,1980,100 g/ha,4286,E,Estimated value,
QCL,Crops and livestock products,143,Morocco,5510,Production,221,"Almonds, in shell",1980,1980,t,30000,E,Estimated value,
QCL,Crops and livestock products,143,Morocco,5312,Area harvested,221,"Almonds, in shell",1981,1981,ha,89000,A,Official figure,
QCL,Crops and livestock products,143,Morocco,5419,Yield,221,"Almonds, in shell",1981,1981,100 g/ha,6685,A,Official figure,
QCL,Crops and livestock products,143,Morocco,5510,Production,221,"Almonds, in shell",1981,1981,t,59500,A,Official figure,
QCL,Crops and livestock products,143,Morocco,5312,Area harvested,221,"Almonds, in shell",1982,1982,ha,90000,A,Official figure,
QCL,Crops and livestock products,143,Morocco,5419,Yield,221,"Almonds, in shell",1982,1982,100 g/ha,6333,A,Official figure,
QCL,Crops and livestock products,143,Morocco,5510,Production,221,"Almonds, in shell",1982,1982,t,57000,A,Official figure,
QCL,Crops and livestock products,143,Morocco,5312,Area harvested,221,"Almonds, in shell",1983,1983,ha,91300,A,Official figure,
QCL,Crops and livestock products,143,Morocco,5419,Yield,221,"Almonds, in shell",1983,1983,100 g/ha,1670,A,Official figure,
QCL,Crops and livestock products,143,Morocco,5510,Production,221,"Almonds, in shell",1983,1983,t,15250,A,Official figure,
QCL,Crops and livestock products,143,Morocco,5312,Area harvested,221,"Almonds, in shell",1984,1984,ha,92100,A,Official figure,
QCL,Crops and livestock products,143,Morocco,5419,Yield,221,"Almonds, in shell",1984,1984,100 g/ha,4115,A,Official figure,
QCL,Crops and livestock products,143,Morocco,5510,Production,221,"Almonds, in shell",1984,1984,t,37900,A,Official figure,
QCL,Crops and livestock products,143,Morocco,5312,Area harvested,221,"Almonds, in shell",1985,1985,ha,94000,A,Official figure,
QCL,Crops and livestock products,143,Morocco,5419,Yield,221,"Almonds, in shell",1985,1985,100 g/ha,3245,A,Official figure,
QCL,Crops and livestock products,143,Morocco,5510,Production,221,"Almonds, in shell",1985,1985,t,30500,A,Official figure,
QCL,Crops and livestock products,143,Morocco,5312,Area harvested,221,"Almonds, in shell",1986,1986,ha,94800,A,Official figure,
QCL,Crops and livestock products,143,Morocco,5419,Yield,221,"Almonds, in shell",1986,1986,100 g/ha,3718,A,Official figure,
QCL,Crops and livestock products,143,Morocco,5510,Production,221,"Almonds, in shell",1986,1986,t,35250,A,Official figure,
QCL,Crops and livestock products,143,Morocco,5312,Area harvested,221,"Almonds, in shell",1987,1987,ha,95300,A,Official figure,
QCL,Crops and livestock products,143,Morocco,5419,Yield,221,"Almonds, in shell",1987,1987,100 g/ha,3295,A,Official figure,
QCL,Crops and livestock products,143,Morocco,5510,Production,221,"Almonds, in shell",1987,1987,t,31400,A,Official figure,
QCL,Crops and livestock products,143,Morocco,5312,Area harvested,221,"Almonds, in shell",1988,1988,ha,103600,A,Official figure,
QCL,Crops and livestock products,143,Morocco,5419,Yield,221,"Almonds, in shell",1988,1988,100 g/ha,3571,A,Official figure,
QCL,Crops and livestock products,143,Morocco,5510,Production,221,"Almonds, in shell",1988,1988,t,37000,A,Official figure,
QCL,Crops and livestock products,143,Morocco,5312,Area harvested,221,"Almonds, in shell",1989,1989,ha,103900,A,Official figure,
QCL,Crops and livestock products,143,Morocco,5419,Yield,221,"Almonds, in shell",1989,1989,100 g/ha,5351,A,Official figure,
QCL,Crops and livestock products,143,Morocco,5510,Production,221,"Almonds, in shell",1989,1989,t,55600,A,Official figure,
QCL,Crops and livestock products,143,Morocco,5312,Area harvested,221,"Almonds, in shell",1990,1990,ha,107000,A,Official figure,
QCL,Crops and livestock products,143,Morocco,5419,Yield,221,"Almonds, in shell",1990,1990,100 g/ha,5393,A,Official figure,
QCL,Crops and livestock products,143,Morocco,5510,Production,221,"Almonds, in shell",1990,1990,t,57700,A,Official figure,
QCL,Crops and livestock products,143,Morocco,5312,Area harvested,221,"Almonds, in shell",1991,1991,ha,111000,A,Official figure,
QCL,Crops and livestock products,143,Morocco,5419,Yield,221,"Almonds, in shell",1991,1991,100 g/ha,6306,A,Official figure,
QCL,Crops and livestock products,143,Morocco,5510,Production,221,"Almonds, in shell",1991,1991,t,70000,A,Official figure,
QCL,Crops and livestock products,143,Morocco,5312,Area harvested,221,"Almonds, in shell",1992,1992,ha,117000,A,Official figure,
QCL,Crops and livestock products,143,Morocco,5419,Yield,221,"Almonds, in shell",1992,1992,100 g/ha,4701,A,Official figure,
QCL,Crops and livestock products,143,Morocco,5510,Production,221,"Almonds, in shell",1992,1992,t,55000,A,Official figure,
QCL,Crops and livestock products,143,Morocco,5312,Area harvested,221,"Almonds, in shell",1993,1993,ha,117000,A,Official figure,
QCL,Crops and livestock products,143,Morocco,5419,Yield,221,"Almonds, in shell",1993,1993,100 g/ha,4017,A,Official figure,
QCL,Crops and livestock products,143,Morocco,5510,Production,221,"Almonds, in shell",1993,1993,t,47000,A,Official figure,
QCL,Crops and livestock products,143,Morocco,5312,Area harvested,221,"Almonds, in shell",1994,1994,ha,125000,A,Official figure,
QCL,Crops and livestock products,143,Morocco,5419,Yield,221,"Almonds, in shell",1994,1994,100 g/ha,2456,A,Official figure,
QCL,Crops and livestock products,143,Morocco,5510,Production,221,"Almonds, in shell",1994,1994,t,30700,A,Official figure,
QCL,Crops and livestock products,143,Morocco,5312,Area harvested,221,"Almonds, in shell",1995,1995,ha,128000,A,Official figure,
QCL,Crops and livestock products,143,Morocco,5419,Yield,221,"Almonds, in shell",1995,1995,100 g/ha,3570,A,Official figure,
QCL,Crops and livestock products,143,Morocco,5510,Production,221,"Almonds, in shell",1995,1995,t,45700,A,Official figure,
QCL,Crops and livestock products,143,Morocco,5312,Area harvested,221,"Almonds, in shell",1996,1996,ha,132300,A,Official figure,
QCL,Crops and livestock products,143,Morocco,5419,Yield,221,"Almonds, in shell",1996,1996,100 g/ha,2540,A,Official figure,
QCL,Crops and livestock products,143,Morocco,5510,Production,221,"Almonds, in shell",1996,1996,t,33600,A,Official figure,
QCL,Crops and livestock products,143,Morocco,5312,Area harvested,221,"Almonds, in shell",1997,1997,ha,137100,A,Official figure,
QCL,Crops and livestock products,143,Morocco,5419,Yield,221,"Almonds, in shell",1997,1997,100 g/ha,3844,A,Official figure,
QCL,Crops and livestock products,143,Morocco,5510,Production,221,"Almonds, in shell",1997,1997,t,52700,A,Official figure,
QCL,Crops and livestock products,143,Morocco,5312,Area harvested,221,"Almonds, in shell",1998,1998,ha,137000,A,Official figure,
QCL,Crops and livestock products,143,Morocco,5419,Yield,221,"Almonds, in shell",1998,1998,100 g/ha,3847,A,Official figure,
QCL,Crops and livestock products,143,Morocco,5510,Production,221,"Almonds, in shell",1998,1998,t,52700,A,Official figure,
QCL,Crops and livestock products,143,Morocco,5312,Area harvested,221,"Almonds, in shell",1999,1999,ha,139012,A,Official figure,
QCL,Crops and livestock products,143,Morocco,5419,Yield,221,"Almonds, in shell",1999,1999,100 g/ha,5849,A,Official figure,
QCL,Crops and livestock products,143,Morocco,5510,Production,221,"Almonds, in shell",1999,1999,t,81304,A,Official figure,
QCL,Crops and livestock products,143,Morocco,5312,Area harvested,221,"Almonds, in shell",2000,2000,ha,138000,A,Official figure,
QCL,Crops and livestock products,143,Morocco,5419,Yield,221,"Almonds, in shell",2000,2000,100 g/ha,4713,A,Official figure,
QCL,Crops and livestock products,143,Morocco,5510,Production,221,"Almonds, in shell",2000,2000,t,65044,A,Official figure,
QCL,Crops and livestock products,143,Morocco,5312,Area harvested,221,"Almonds, in shell",2001,2001,ha,137800,A,Official figure,
QCL,Crops and livestock products,143,Morocco,5419,Yield,221,"Almonds, in shell",2001,2001,100 g/ha,5938,A,Official figure,
QCL,Crops and livestock products,143,Morocco,5510,Production,221,"Almonds, in shell",2001,2001,t,81820,A,Official figure,
QCL,Crops and livestock products,143,Morocco,5312,Area harvested,221,"Almonds, in shell",2002,2002,ha,134141,A,Official figure,
QCL,Crops and livestock products,143,Morocco,5419,Yield,221,"Almonds, in shell",2002,2002,100 g/ha,6143,A,Official figure,
QCL,Crops and livestock products,143,Morocco,5510,Production,221,"Almonds, in shell",2002,2002,t,82400,A,Official figure,
QCL,Crops and livestock products,143,Morocco,5312,Area harvested,221,"Almonds, in shell",2003,2003,ha,131470,A,Official figure,
QCL,Crops and livestock products,143,Morocco,5419,Yield,221,"Almonds, in shell",2003,2003,100 g/ha,5386,A,Official figure,
QCL,Crops and livestock products,143,Morocco,5510,Production,221,"Almonds, in shell",2003,2003,t,70808,A,Official figure,
QCL,Crops and livestock products,143,Morocco,5312,Area harvested,221,"Almonds, in shell",2004,2004,ha,134500,A,Official figure,
QCL,Crops and livestock products,143,Morocco,5419,Yield,221,"Almonds, in shell",2004,2004,100 g/ha,4476,A,Official figure,
QCL,Crops and livestock products,143,Morocco,5510,Production,221,"Almonds, in shell",2004,2004,t,60200,A,Official figure,
QCL,Crops and livestock products,143,Morocco,5312,Area harvested,221,"Almonds, in shell",2005,2005,ha,141550,A,Official figure,
QCL,Crops and livestock products,143,Morocco,5419,Yield,221,"Almonds, in shell",2005,2005,100 g/ha,4990,A,Official figure,
QCL,Crops and livestock products,143,Morocco,5510,Production,221,"Almonds, in shell",2005,2005,t,70629,A,Official figure,
QCL,Crops and livestock products,143,Morocco,5312,Area harvested,221,"Almonds, in shell",2006,2006,ha,143000,A,Official figure,
QCL,Crops and livestock products,143,Morocco,5419,Yield,221,"Almonds, in shell",2006,2006,100 g/ha,5804,A,Official figure,
QCL,Crops and livestock products,143,Morocco,5510,Production,221,"Almonds, in shell",2006,2006,t,83000,A,Official figure,
QCL,Crops and livestock products,143,Morocco,5312,Area harvested,221,"Almonds, in shell",2007,2007,ha,145087,A,Official figure,
QCL,Crops and livestock products,143,Morocco,5419,Yield,221,"Almonds, in shell",2007,2007,100 g/ha,5613,A,Official figure,
QCL,Crops and livestock products,143,Morocco,5510,Production,221,"Almonds, in shell",2007,2007,t,81437,A,Official figure,
QCL,Crops and livestock products,143,Morocco,5312,Area harvested,221,"Almonds, in shell",2008,2008,ha,144228,A,Official figure,
QCL,Crops and livestock products,143,Morocco,5419,Yield,221,"Almonds, in shell",2008,2008,100 g/ha,6025,A,Official figure,
QCL,Crops and livestock products,143,Morocco,5510,Production,221,"Almonds, in shell",2008,2008,t,86902,A,Official figure,
QCL,Crops and livestock products,143,Morocco,5312,Area harvested,221,"Almonds, in shell",2009,2009,ha,136200,A,Official figure,
QCL,Crops and livestock products,143,Morocco,5419,Yield,221,"Almonds, in shell",2009,2009,100 g/ha,8421,A,Official figure,
QCL,Crops and livestock products,143,Morocco,5510,Production,221,"Almonds, in shell",2009,2009,t,114700,A,Official figure,
QCL,Crops and livestock products,143,Morocco,5312,Area harvested,221,"Almonds, in shell",2010,2010,ha,142018,A,Official figure,
QCL,Crops and livestock products,143,Morocco,5419,Yield,221,"Almonds, in shell",2010,2010,100 g/ha,6133,A,Official figure,
QCL,Crops and livestock products,143,Morocco,5510,Production,221,"Almonds, in shell",2010,2010,t,87104,A,Official figure,
QCL,Crops and livestock products,143,Morocco,5312,Area harvested,221,"Almonds, in shell",2011,2011,ha,146325,A,Official figure,
QCL,Crops and livestock products,143,Morocco,5419,Yield,221,"Almonds, in shell",2011,2011,100 g/ha,6577,A,Official figure,
QCL,Crops and livestock products,143,Morocco,5510,Production,221,"Almonds, in shell",2011,2011,t,96231,A,Official figure,
QCL,Crops and livestock products,143,Morocco,5312,Area harvested,221,"Almonds, in shell",2012,2012,ha,151109,A,Official figure,
QCL,Crops and livestock products,143,Morocco,5419,Yield,221,"Almonds, in shell",2012,2012,100 g/ha,6556,A,Official figure,
QCL,Crops and livestock products,143,Morocco,5510,Production,221,"Almonds, in shell",2012,2012,t,99067,A,Official figure,
QCL,Crops and livestock products,143,Morocco,5312,Area harvested,221,"Almonds, in shell",2013,2013,ha,155545,A,Official figure,
QCL,Crops and livestock products,143,Morocco,5419,Yield,221,"Almonds, in shell",2013,2013,100 g/ha,5999,A,Official figure,
QCL,Crops and livestock products,143,Morocco,5510,Production,221,"Almonds, in shell",2013,2013,t,93310.3,A,Official figure,
QCL,Crops and livestock products,143,Morocco,5312,Area harvested,221,"Almonds, in shell",2014,2014,ha,159100,A,Official figure,
QCL,Crops and livestock products,143,Morocco,5419,Yield,221,"Almonds, in shell",2014,2014,100 g/ha,6350,A,Official figure,
QCL,Crops and livestock products,143,Morocco,5510,Production,221,"Almonds, in shell",2014,2014,t,101025.71,A,Official figure,
QCL,Crops and livestock products,143,Morocco,5312,Area harvested,221,"Almonds, in shell",2015,2015,ha,160018,A,Official figure,
QCL,Crops and livestock products,143,Morocco,5419,Yield,221,"Almonds, in shell",2015,2015,100 g/ha,6107,A,Official figure,
QCL,Crops and livestock products,143,Morocco,5510,Production,221,"Almonds, in shell",2015,2015,t,97722.96,A,Official figure,
QCL,Crops and livestock products,143,Morocco,5312,Area harvested,221,"Almonds, in shell",2016,2016,ha,165817,A,Official figure,
QCL,Crops and livestock products,143,Morocco,5419,Yield,221,"Almonds, in shell",2016,2016,100 g/ha,6795,A,Official figure,
QCL,Crops and livestock products,143,Morocco,5510,Production,221,"Almonds, in shell",2016,2016,t,112680.53,A,Official figure,
QCL,Crops and livestock products,143,Morocco,5312,Area harvested,221,"Almonds, in shell",2017,2017,ha,170864,A,Official figure,
QCL,Crops and livestock products,143,Morocco,5419,Yield,221,"Almonds, in shell",2017,2017,100 g/ha,6843,A,Official figure,
QCL,Crops and livestock products,143,Morocco,5510,Production,221,"Almonds, in shell",2017,2017,t,116923.46,A,Official figure,
QCL,Crops and livestock products,143,Morocco,5312,Area harvested,221,"Almonds, in shell",2018,2018,ha,186255,A,Official figure,
QCL,Crops and livestock products,143,Morocco,5419,Yield,221,"Almonds, in shell",2018,2018,100 g/ha,6296,A,Official figure,
QCL,Crops and livestock products,143,Morocco,5510,Production,221,"Almonds, in shell",2018,2018,t,117270.04,A,Official figure,
QCL,Crops and livestock products,143,Morocco,5312,Area harvested,221,"Almonds, in shell",2019,2019,ha,190612,A,Official figure,
QCL,Crops and livestock products,143,Morocco,5419,Yield,221,"Almonds, in shell",2019,2019,100 g/ha,5361,A,Official figure,
QCL,Crops and livestock products,143,Morocco,5510,Production,221,"Almonds, in shell",2019,2019,t,102185.44,A,Official figure,
QCL,Crops and livestock products,143,Morocco,5312,Area harvested,221,"Almonds, in shell",2020,2020,ha,209233,A,Official figure,
QCL,Crops and livestock products,143,Morocco,5419,Yield,221,"Almonds, in shell",2020,2020,100 g/ha,6425,A,Official figure,
QCL,Crops and livestock products,143,Morocco,5510,Production,221,"Almonds, in shell",2020,2020,t,134435.76,A,Official figure,
QCL,Crops and livestock products,143,Morocco,5312,Area harvested,221,"Almonds, in shell",2021,2021,ha,219013,A,Official figure,
QCL,Crops and livestock products,143,Morocco,5419,Yield,221,"Almonds, in shell",2021,2021,100 g/ha,7728,A,Official figure,
QCL,Crops and livestock products,143,Morocco,5510,Production,221,"Almonds, in shell",2021,2021,t,169255,A,Official figure,
QCL,Crops and livestock products,143,Morocco,5312,Area harvested,221,"Almonds, in shell",2022,2022,ha,226213,A,Official figure,
QCL,Crops and livestock products,143,Morocco,5419,Yield,221,"Almonds, in shell",2022,2022,100 g/ha,7770,A,Official figure,
QCL,Crops and livestock products,143,Morocco,5510,Production,221,"Almonds, in shell",2022,2022,t,175763,A,Official figure,
QCL,Crops and livestock products,143,Morocco,5312,Area harvested,711,"Anise, badian, coriander, cumin, caraway, fennel and juniper berries, raw",1961,1961,ha,12000,E,Estimated value,
QCL,Crops and livestock products,143,Morocco,5419,Yield,711,"Anise, badian, coriander, cumin, caraway, fennel and juniper berries, raw",1961,1961,100 g/ha,5417,E,Estimated value,
QCL,Crops and livestock products,143,Morocco,5510,Production,711,"Anise, badian, coriander, cumin, caraway, fennel and juniper berries, raw",1961,1961,t,6500,E,Estimated value,
QCL,Crops and livestock products,143,Morocco,5312,Area harvested,711,"Anise, badian, coriander, cumin, caraway, fennel and juniper berries, raw",1962,1962,ha,20000,E,Estimated value,
QCL,Crops and livestock products,143,Morocco,5419,Yield,711,"Anise, badian, coriander, cumin, caraway, fennel and juniper berries, raw",1962,1962,100 g/ha,6250,E,Estimated value,
QCL,Crops and livestock products,143,Morocco,5510,Production,711,"Anise, badian, coriander, cumin, caraway, fennel and juniper berries, raw",1962,1962,t,12500,E,Estimated value,
QCL,Crops and livestock products,143,Morocco,5312,Area harvested,711,"Anise, badian, coriander, cumin, caraway, fennel and juniper berries, raw",1963,1963,ha,20000,E,Estimated value,
QCL,Crops and livestock products,143,Morocco,5419,Yield,711,"Anise, badian, coriander, cumin, caraway, fennel and juniper berries, raw",1963,1963,100 g/ha,5250,E,Estimated value,
QCL,Crops and livestock products,143,Morocco,5510,Production,711,"Anise, badian, coriander, cumin, caraway, fennel and juniper berries, raw",1963,1963,t,10500,E,Estimated value,
QCL,Crops and livestock products,143,Morocco,5312,Area harvested,711,"Anise, badian, coriander, cumin, caraway, fennel and juniper berries, raw",1964,1964,ha,10000,E,Estimated value,
QCL,Crops and livestock products,143,Morocco,5419,Yield,711,"Anise, badian, coriander, cumin, caraway, fennel and juniper berries, raw",1964,1964,100 g/ha,4500,E,Estimated value,
QCL,Crops and livestock products,143,Morocco,5510,Production,711,"Anise, badian, coriander, cumin, caraway, fennel and juniper berries, raw",1964,1964,t,4500,E,Estimated value,
QCL,Crops and livestock products,143,Morocco,5312,Area harvested,711,"Anise, badian, coriander, cumin, caraway, fennel and juniper berries, raw",1965,1965,ha,20000,E,Estimated value,
QCL,Crops and livestock products,143,Morocco,5419,Yield,711,"Anise, badian, coriander, cumin, caraway, fennel and juniper berries, raw",1965,1965,100 g/ha,7500,E,Estimated value,
QCL,Crops and livestock products,143,Morocco,5510,Production,711,"Anise, badian, coriander, cumin, caraway, fennel and juniper berries, raw",1965,1965,t,15000,E,Estimated value,
QCL,Crops and livestock products,143,Morocco,5312,Area harvested,711,"Anise, badian, coriander, cumin, caraway, fennel and juniper berries, raw",1966,1966,ha,20000,E,Estimated value,
QCL,Crops and livestock products,143,Morocco,5419,Yield,711,"Anise, badian, coriander, cumin, caraway, fennel and juniper berries, raw",1966,1966,100 g/ha,5000,E,Estimated value,
QCL,Crops and livestock products,143,Morocco,5510,Production,711,"Anise, badian, coriander, cumin, caraway, fennel and juniper berries, raw",1966,1966,t,10000,E,Estimated value,
QCL,Crops and livestock products,143,Morocco,5312,Area harvested,711,"Anise, badian, coriander, cumin, caraway, fennel and juniper berries, raw",1967,1967,ha,20000,E,Estimated value,
QCL,Crops and livestock products,143,Morocco,5419,Yield,711,"Anise, badian, coriander, cumin, caraway, fennel and juniper berries, raw",1967,1967,100 g/ha,5800,E,Estimated value,
QCL,Crops and livestock products,143,Morocco,5510,Production,711,"Anise, badian, coriander, cumin, caraway, fennel and juniper berries, raw",1967,1967,t,11600,A,Official figure,
QCL,Crops and livestock products,143,Morocco,5312,Area harvested,711,"Anise, badian, coriander, cumin, caraway, fennel and juniper berries, raw",1968,1968,ha,28000,E,Estimated value,
QCL,Crops and livestock products,143,Morocco,5419,Yield,711,"Anise, badian, coriander, cumin, caraway, fennel and juniper berries, raw",1968,1968,100 g/ha,9875,E,Estimated value,
QCL,Crops and livestock products,143,Morocco,5510,Production,711,"Anise, badian, coriander, cumin, caraway, fennel and juniper berries, raw",1968,1968,t,27650,A,Official figure,
QCL,Crops and livestock products,143,Morocco,5312,Area harvested,711,"Anise, badian, coriander, cumin, caraway, fennel and juniper berries, raw",1969,1969,ha,20000,E,Estimated value,
QCL,Crops and livestock products,143,Morocco,5419,Yield,711,"Anise, badian, coriander, cumin, caraway, fennel and juniper berries, raw",1969,1969,100 g/ha,5655,E,Estimated value,
QCL,Crops and livestock products,143,Morocco,5510,Production,711,"Anise, badian, coriander, cumin, caraway, fennel and juniper berries, raw",1969,1969,t,11310,A,Official figure,
QCL,Crops and livestock products,143,Morocco,5312,Area harvested,711,"Anise, badian, coriander, cumin, caraway, fennel and juniper berries, raw",1970,1970,ha,20000,E,Estimated value,
QCL,Crops and livestock products,143,Morocco,5419,Yield,711,"Anise, badian, coriander, cumin, caraway, fennel and juniper berries, raw",1970,1970,100 g/ha,6690,E,Estimated value,
QCL,Crops and livestock products,143,Morocco,5510,Production,711,"Anise, badian, coriander, cumin, caraway, fennel and juniper berries, raw",1970,1970,t,13380,E,Estimated value,
QCL,Crops and livestock products,143,Morocco,5312,Area harvested,711,"Anise, badian, coriander, cumin, caraway, fennel and juniper berries, raw",1971,1971,ha,24000,E,Estimated value,
QCL,Crops and livestock products,143,Morocco,5419,Yield,711,"Anise, badian, coriander, cumin, caraway, fennel and juniper berries, raw",1971,1971,100 g/ha,10125,E,Estimated value,
QCL,Crops and livestock products,143,Morocco,5510,Production,711,"Anise, badian, coriander, cumin, caraway, fennel and juniper berries, raw",1971,1971,t,24300,A,Official figure,
QCL,Crops and livestock products,143,Morocco,5312,Area harvested,711,"Anise, badian, coriander, cumin, caraway, fennel and juniper berries, raw",1972,1972,ha,23000,E,Estimated value,
QCL,Crops and livestock products,143,Morocco,5419,Yield,711,"Anise, badian, coriander, cumin, caraway, fennel and juniper berries, raw",1972,1972,100 g/ha,10017,E,Estimated value,
QCL,Crops and livestock products,143,Morocco,5510,Production,711,"Anise, badian, coriander, cumin, caraway, fennel and juniper berries, raw",1972,1972,t,23040,A,Official figure,
QCL,Crops and livestock products,143,Morocco,5312,Area harvested,711,"Anise, badian, coriander, cumin, caraway, fennel and juniper berries, raw",1973,1973,ha,20000,E,Estimated value,
QCL,Crops and livestock products,143,Morocco,5419,Yield,711,"Anise, badian, coriander, cumin, caraway, fennel and juniper berries, raw",1973,1973,100 g/ha,6965,E,Estimated value,
QCL,Crops and livestock products,143,Morocco,5510,Production,711,"Anise, badian, coriander, cumin, caraway, fennel and juniper berries, raw",1973,1973,t,13930,A,Official figure,
QCL,Crops and livestock products,143,Morocco,5312,Area harvested,711,"Anise, badian, coriander, cumin, caraway, fennel and juniper berries, raw",1974,1974,ha,20000,E,Estimated value,
QCL,Crops and livestock products,143,Morocco,5419,Yield,711,"Anise, badian, coriander, cumin, caraway, fennel and juniper berries, raw",1974,1974,100 g/ha,5175,E,Estimated value,
QCL,Crops and livestock products,143,Morocco,5510,Production,711,"Anise, badian, coriander, cumin, caraway, fennel and juniper berries, raw",1974,1974,t,10350,A,Official figure,
QCL,Crops and livestock products,143,Morocco,5312,Area harvested,711,"Anise, badian, coriander, cumin, caraway, fennel and juniper berries, raw",1975,1975,ha,20000,E,Estimated value,
QCL,Crops and livestock products,143,Morocco,5419,Yield,711,"Anise, badian, coriander, cumin, caraway, fennel and juniper berries, raw",1975,1975,100 g/ha,5500,E,Estimated value,
QCL,Crops and livestock products,143,Morocco,5510,Production,711,"Anise, badian, coriander, cumin, caraway, fennel and juniper berries, raw",1975,1975,t,11000,E,Estimated value,
QCL,Crops and livestock products,143,Morocco,5312,Area harvested,711,"Anise, badian, coriander, cumin, caraway, fennel and juniper berries, raw",1976,1976,ha,20000,E,Estimated value,
QCL,Crops and livestock products,143,Morocco,5419,Yield,711,"Anise, badian, coriander, cumin, caraway, fennel and juniper berries, raw",1976,1976,100 g/ha,5500,E,Estimated value,
QCL,Crops and livestock products,143,Morocco,5510,Production,711,"Anise, badian, coriander, cumin, caraway, fennel and juniper berries, raw",1976,1976,t,11000,E,Estimated value,
QCL,Crops and livestock products,143,Morocco,5312,Area harvested,711,"Anise, badian, coriander, cumin, caraway, fennel and juniper berries, raw",1977,1977,ha,20000,E,Estimated value,
QCL,Crops and livestock products,143,Morocco,5419,Yield,711,"Anise, badian, coriander, cumin, caraway, fennel and juniper berries, raw",1977,1977,100 g/ha,5000,E,Estimated value,
QCL,Crops and livestock products,143,Morocco,5510,Production,711,"Anise, badian, coriander, cumin, caraway, fennel and juniper berries, raw",1977,1977,t,10000,E,Estimated value,
QCL,Crops and livestock products,143,Morocco,5312,Area harvested,711,"Anise, badian, coriander, cumin, caraway, fennel and juniper berries, raw",1978,1978,ha,20000,E,Estimated value,
QCL,Crops and livestock products,143,Morocco,5419,Yield,711,"Anise, badian, coriander, cumin, caraway, fennel and juniper berries, raw",1978,1978,100 g/ha,5750,E,Estimated value,
QCL,Crops and livestock products,143,Morocco,5510,Production,711,"Anise, badian, coriander, cumin, caraway, fennel and juniper berries, raw",1978,1978,t,11500,E,Estimated value,
QCL,Crops and livestock products,143,Morocco,5312,Area harvested,711,"Anise, badian, coriander, cumin, caraway, fennel and juniper berries, raw",1979,1979,ha,20000,E,Estimated value,
QCL,Crops and livestock products,143,Morocco,5419,Yield,711,"Anise, badian, coriander, cumin, caraway, fennel and juniper berries, raw",1979,1979,100 g/ha,5500,E,Estimated value,
QCL,Crops and livestock products,143,Morocco,5510,Production,711,"Anise, badian, coriander, cumin, caraway, fennel and juniper berries, raw",1979,1979,t,11000,E,Estimated value,
QCL,Crops and livestock products,143,Morocco,5312,Area harvested,711,"Anise, badian, coriander, cumin, caraway, fennel and juniper berries, raw",1980,1980,ha,20000,E,Estimated value,
QCL,Crops and livestock products,143,Morocco,5419,Yield,711,"Anise, badian, coriander, cumin, caraway, fennel and juniper berries, raw",1980,1980,100 g/ha,6000,E,Estimated value,
QCL,Crops and livestock products,143,Morocco,5510,Production,711,"Anise, badian, coriander, cumin, caraway, fennel and juniper berries, raw",1980,1980,t,12000,E,Estimated value,
QCL,Crops and livestock products,143,Morocco,5312,Area harvested,711,"Anise, badian, coriander, cumin, caraway, fennel and juniper berries, raw",1981,1981,ha,20000,E,Estimated value,
QCL,Crops and livestock products,143,Morocco,5419,Yield,711,"Anise, badian, coriander, cumin, caraway, fennel and juniper berries, raw",1981,1981,100 g/ha,7500,E,Estimated value,
QCL,Crops and livestock products,143,Morocco,5510,Production,711,"Anise, badian, coriander, cumin, caraway, fennel and juniper berries, raw",1981,1981,t,15000,E,Estimated value,
QCL,Crops and livestock products,143,Morocco,5312,Area harvested,711,"Anise, badian, coriander, cumin, caraway, fennel and juniper berries, raw",1982,1982,ha,20000,E,Estimated value,
QCL,Crops and livestock products,143,Morocco,5419,Yield,711,"Anise, badian, coriander, cumin, caraway, fennel and juniper berries, raw",1982,1982,100 g/ha,8500,E,Estimated value,
QCL,Crops and livestock products,143,Morocco,5510,Production,711,"Anise, badian, coriander, cumin, caraway, fennel and juniper berries, raw",1982,1982,t,17000,E,Estimated value,
QCL,Crops and livestock products,143,Morocco,5312,Area harvested,711,"Anise, badian, coriander, cumin, caraway, fennel and juniper berries, raw",1983,1983,ha,20000,E,Estimated value,
QCL,Crops and livestock products,143,Morocco,5419,Yield,711,"Anise, badian, coriander, cumin, caraway, fennel and juniper berries, raw",1983,1983,100 g/ha,8500,E,Estimated value,
QCL,Crops and livestock products,143,Morocco,5510,Production,711,"Anise, badian, coriander, cumin, caraway, fennel and juniper berries, raw",1983,1983,t,17000,E,Estimated value,
QCL,Crops and livestock products,143,Morocco,5312,Area harvested,711,"Anise, badian, coriander, cumin, caraway, fennel and juniper berries, raw",1984,1984,ha,22000,E,Estimated value,
QCL,Crops and livestock products,143,Morocco,5419,Yield,711,"Anise, badian, coriander, cumin, caraway, fennel and juniper berries, raw",1984,1984,100 g/ha,9091,E,Estimated value,
QCL,Crops and livestock products,143,Morocco,5510,Production,711,"Anise, badian, coriander, cumin, caraway, fennel and juniper berries, raw",1984,1984,t,20000,E,Estimated value,
QCL,Crops and livestock products,143,Morocco,5312,Area harvested,711,"Anise, badian, coriander, cumin, caraway, fennel and juniper berries, raw",1985,1985,ha,22000,E,Estimated value,
QCL,Crops and livestock products,143,Morocco,5419,Yield,711,"Anise, badian, coriander, cumin, caraway, fennel and juniper berries, raw",1985,1985,100 g/ha,9545,E,Estimated value,
QCL,Crops and livestock products,143,Morocco,5510,Production,711,"Anise, badian, coriander, cumin, caraway, fennel and juniper berries, raw",1985,1985,t,21000,E,Estimated value,
QCL,Crops and livestock products,143,Morocco,5312,Area harvested,711,"Anise, badian, coriander, cumin, caraway, fennel and juniper berries, raw",1986,1986,ha,22000,E,Estimated value,
QCL,Crops and livestock products,143,Morocco,5419,Yield,711,"Anise, badian, coriander, cumin, caraway, fennel and juniper berries, raw",1986,1986,100 g/ha,10000,E,Estimated value,
QCL,Crops and livestock products,143,Morocco,5510,Production,711,"Anise, badian, coriander, cumin, caraway, fennel and juniper berries, raw",1986,1986,t,22000,E,Estimated value,
QCL,Crops and livestock products,143,Morocco,5312,Area harvested,711,"Anise, badian, coriander, cumin, caraway, fennel and juniper berries, raw",1987,1987,ha,22000,E,Estimated value,
QCL,Crops and livestock products,143,Morocco,5419,Yield,711,"Anise, badian, coriander, cumin, caraway, fennel and juniper berries, raw",1987,1987,100 g/ha,10000,E,Estimated value,
QCL,Crops and livestock products,143,Morocco,5510,Production,711,"Anise, badian, coriander, cumin, caraway, fennel and juniper berries, raw",1987,1987,t,22000,E,Estimated value,
QCL,Crops and livestock products,143,Morocco,5312,Area harvested,711,"Anise, badian, coriander, cumin, caraway, fennel and juniper berries, raw",1988,1988,ha,22000,E,Estimated value,
QCL,Crops and livestock products,143,Morocco,5419,Yield,711,"Anise, badian, coriander, cumin, caraway, fennel and juniper berries, raw",1988,1988,100 g/ha,10455,E,Estimated value,
QCL,Crops and livestock products,143,Morocco,5510,Production,711,"Anise, badian, coriander, cumin, caraway, fennel and juniper berries, raw",1988,1988,t,23000,E,Estimated value,
QCL,Crops and livestock products,143,Morocco,5312,Area harvested,711,"Anise, badian, coriander, cumin, caraway, fennel and juniper berries, raw",1989,1989,ha,22000,E,Estimated value,
QCL,Crops and livestock products,143,Morocco,5419,Yield,711,"Anise, badian, coriander, cumin, caraway, fennel and juniper berries, raw",1989,1989,100 g/ha,10455,E,Estimated value,
QCL,Crops and livestock products,143,Morocco,5510,Production,711,"Anise, badian, coriander, cumin, caraway, fennel and juniper berries, raw",1989,1989,t,23000,E,Estimated value,
QCL,Crops and livestock products,143,Morocco,5312,Area harvested,711,"Anise, badian, coriander, cumin, caraway, fennel and juniper berries, raw",1990,1990,ha,22000,E,Estimated value,
QCL,Crops and livestock products,143,Morocco,5419,Yield,711,"Anise, badian, coriander, cumin, caraway, fennel and juniper berries, raw",1990,1990,100 g/ha,10455,E,Estimated value,
QCL,Crops and livestock products,143,Morocco,5510,Production,711,"Anise, badian, coriander, cumin, caraway, fennel and juniper berries, raw",1990,1990,t,23000,E,Estimated value,
QCL,Crops and livestock products,143,Morocco,5312,Area harvested,711,"Anise, badian, coriander, cumin, caraway, fennel and juniper berries, raw",1991,1991,ha,22000,E,Estimated value,
QCL,Crops and livestock products,143,Morocco,5419,Yield,711,"Anise, badian, coriander, cumin, caraway, fennel and juniper berries, raw",1991,1991,100 g/ha,10455,E,Estimated value,
QCL,Crops and livestock products,143,Morocco,5510,Production,711,"Anise, badian, coriander, cumin, caraway, fennel and juniper berries, raw",1991,1991,t,23000,E,Estimated value,
QCL,Crops and livestock products,143,Morocco,5312,Area harvested,711,"Anise, badian, coriander, cumin, caraway, fennel and juniper berries, raw",1992,1992,ha,22000,E,Estimated value,
QCL,Crops and livestock products,143,Morocco,5419,Yield,711,"Anise, badian, coriander, cumin, caraway, fennel and juniper berries, raw",1992,1992,100 g/ha,10455,E,Estimated value,
QCL,Crops and livestock products,143,Morocco,5510,Production,711,"Anise, badian, coriander, cumin, caraway, fennel and juniper berries, raw",1992,1992,t,23000,E,Estimated value,
QCL,Crops and livestock products,143,Morocco,5312,Area harvested,711,"Anise, badian, coriander, cumin, caraway, fennel and juniper berries, raw",1993,1993,ha,22000,E,Estimated value,
QCL,Crops and livestock products,143,Morocco,5419,Yield,711,"Anise, badian, coriander, cumin, caraway, fennel and juniper berries, raw",1993,1993,100 g/ha,10455,E,Estimated value,
QCL,Crops and livestock products,143,Morocco,5510,Production,711,"Anise, badian, coriander, cumin, caraway, fennel and juniper berries, raw",1993,1993,t,23000,E,Estimated value,
QCL,Crops and livestock products,143,Morocco,5312,Area harvested,711,"Anise, badian, coriander, cumin, caraway, fennel and juniper berries, raw",1994,1994,ha,22000,E,Estimated value,
QCL,Crops and livestock products,143,Morocco,5419,Yield,711,"Anise, badian, coriander, cumin, caraway, fennel and juniper berries, raw",1994,1994,100 g/ha,10455,E,Estimated value,
QCL,Crops and livestock products,143,Morocco,5510,Production,711,"Anise, badian, coriander, cumin, caraway, fennel and juniper berries, raw",1994,1994,t,23000,E,Estimated value,
QCL,Crops and livestock products,143,Morocco,5312,Area harvested,711,"Anise, badian, coriander, cumin, caraway, fennel and juniper berries, raw",1995,1995,ha,22000,E,Estimated value,
QCL,Crops and livestock products,143,Morocco,5419,Yield,711,"Anise, badian, coriander, cumin, caraway, fennel and juniper berries, raw",1995,1995,100 g/ha,10455,E,Estimated value,
QCL,Crops and livestock products,143,Morocco,5510,Production,711,"Anise, badian, coriander, cumin, caraway, fennel and juniper berries, raw",1995,1995,t,23000,E,Estimated value,
QCL,Crops and livestock products,143,Morocco,5312,Area harvested,711,"Anise, badian, coriander, cumin, caraway, fennel and juniper berries, raw",1996,1996,ha,22000,E,Estimated value,
QCL,Crops and livestock products,143,Morocco,5419,Yield,711,"Anise, badian, coriander, cumin, caraway, fennel and juniper berries, raw",1996,1996,100 g/ha,10455,E,Estimated value,
QCL,Crops and livestock products,143,Morocco,5510,Production,711,"Anise, badian, coriander, cumin, caraway, fennel and juniper berries, raw",1996,1996,t,23000,E,Estimated value,
QCL,Crops and livestock products,143,Morocco,5312,Area harvested,711,"Anise, badian, coriander, cumin, caraway, fennel and juniper berries, raw",1997,1997,ha,22000,E,Estimated value,
QCL,Crops and livestock products,143,Morocco,5419,Yield,711,"Anise, badian, coriander, cumin, caraway, fennel and juniper berries, raw",1997,1997,100 g/ha,10455,E,Estimated value,
QCL,Crops and livestock products,143,Morocco,5510,Production,711,"Anise, badian, coriander, cumin, caraway, fennel and juniper berries, raw",1997,1997,t,23000,E,Estimated value,
QCL,Crops and livestock products,143,Morocco,5312,Area harvested,711,"Anise, badian, coriander, cumin, caraway, fennel and juniper berries, raw",1998,1998,ha,22000,E,Estimated value,
QCL,Crops and livestock products,143,Morocco,5419,Yield,711,"Anise, badian, coriander, cumin, caraway, fennel and juniper berries, raw",1998,1998,100 g/ha,10455,E,Estimated value,
QCL,Crops and livestock products,143,Morocco,5510,Production,711,"Anise, badian, coriander, cumin, caraway, fennel and juniper berries, raw",1998,1998,t,23000,E,Estimated value,
QCL,Crops and livestock products,143,Morocco,5312,Area harvested,711,"Anise, badian, coriander, cumin, caraway, fennel and juniper berries, raw",1999,1999,ha,22000,E,Estimated value,
QCL,Crops and livestock products,143,Morocco,5419,Yield,711,"Anise, badian, coriander, cumin, caraway, fennel and juniper berries, raw",1999,1999,100 g/ha,10455,E,Estimated value,
QCL,Crops and livestock products,143,Morocco,5510,Production,711,"Anise, badian, coriander, cumin, caraway, fennel and juniper berries, raw",1999,1999,t,23000,E,Estimated value,
QCL,Crops and livestock products,143,Morocco,5312,Area harvested,711,"Anise, badian, coriander, cumin, caraway, fennel and juniper berries, raw",2000,2000,ha,22000,E,Estimated value,
QCL,Crops and livestock products,143,Morocco,5419,Yield,711,"Anise, badian, coriander, cumin, caraway, fennel and juniper berries, raw",2000,2000,100 g/ha,10455,E,Estimated value,
QCL,Crops and livestock products,143,Morocco,5510,Production,711,"Anise, badian, coriander, cumin, caraway, fennel and juniper berries, raw",2000,2000,t,23000,E,Estimated value,
QCL,Crops and livestock products,143,Morocco,5312,Area harvested,711,"Anise, badian, coriander, cumin, caraway, fennel and juniper berries, raw",2001,2001,ha,22000,E,Estimated value,
QCL,Crops and livestock products,143,Morocco,5419,Yield,711,"Anise, badian, coriander, cumin, caraway, fennel and juniper berries, raw",2001,2001,100 g/ha,10455,E,Estimated value,
QCL,Crops and livestock products,143,Morocco,5510,Production,711,"Anise, badian, coriander, cumin, caraway, fennel and juniper berries, raw",2001,2001,t,23000,E,Estimated value,
QCL,Crops and livestock products,143,Morocco,5312,Area harvested,711,"Anise, badian, coriander, cumin, caraway, fennel and juniper berries, raw",2002,2002,ha,22000,E,Estimated value,
QCL,Crops and livestock products,143,Morocco,5419,Yield,711,"Anise, badian, coriander, cumin, caraway, fennel and juniper berries, raw",2002,2002,100 g/ha,10455,E,Estimated value,
QCL,Crops and livestock products,143,Morocco,5510,Production,711,"Anise, badian, coriander, cumin, caraway, fennel and juniper berries, raw",2002,2002,t,23000,E,Estimated value,
QCL,Crops and livestock products,143,Morocco,5312,Area harvested,711,"Anise, badian, coriander, cumin, caraway, fennel and juniper berries, raw",2003,2003,ha,22000,E,Estimated value,
QCL,Crops and livestock products,143,Morocco,5419,Yield,711,"Anise, badian, coriander, cumin, caraway, fennel and juniper berries, raw",2003,2003,100 g/ha,10455,E,Estimated value,
QCL,Crops and livestock products,143,Morocco,5510,Production,711,"Anise, badian, coriander, cumin, caraway, fennel and juniper berries, raw",2003,2003,t,23000,E,Estimated value,
QCL,Crops and livestock products,143,Morocco,5312,Area harvested,711,"Anise, badian, coriander, cumin, caraway, fennel and juniper berries, raw",2004,2004,ha,22000,E,Estimated value,
QCL,Crops and livestock products,143,Morocco,5419,Yield,711,"Anise, badian, coriander, cumin, caraway, fennel and juniper berries, raw",2004,2004,100 g/ha,10455,E,Estimated value,
QCL,Crops and livestock products,143,Morocco,5510,Production,711,"Anise, badian, coriander, cumin, caraway, fennel and juniper berries, raw",2004,2004,t,23000,E,Estimated value,
QCL,Crops and livestock products,143,Morocco,5312,Area harvested,711,"Anise, badian, coriander, cumin, caraway, fennel and juniper berries, raw",2005,2005,ha,22000,E,Estimated value,
QCL,Crops and livestock products,143,Morocco,5419,Yield,711,"Anise, badian, coriander, cumin, caraway, fennel and juniper berries, raw",2005,2005,100 g/ha,10455,E,Estimated value,
QCL,Crops and livestock products,143,Morocco,5510,Production,711,"Anise, badian, coriander, cumin, caraway, fennel and juniper berries, raw",2005,2005,t,23000,E,Estimated value,
QCL,Crops and livestock products,143,Morocco,5312,Area harvested,711,"Anise, badian, coriander, cumin, caraway, fennel and juniper berries, raw",2006,2006,ha,22000,E,Estimated value,
QCL,Crops and livestock products,143,Morocco,5419,Yield,711,"Anise, badian, coriander, cumin, caraway, fennel and juniper berries, raw",2006,2006,100 g/ha,10455,E,Estimated value,
QCL,Crops and livestock products,143,Morocco,5510,Production,711,"Anise, badian, coriander, cumin, caraway, fennel and juniper berries, raw",2006,2006,t,23000,E,Estimated value,
QCL,Crops and livestock products,143,Morocco,5312,Area harvested,711,"Anise, badian, coriander, cumin, caraway, fennel and juniper berries, raw",2007,2007,ha,22000,E,Estimated value,
QCL,Crops and livestock products,143,Morocco,5419,Yield,711,"Anise, badian, coriander, cumin, caraway, fennel and juniper berries, raw",2007,2007,100 g/ha,10455,E,Estimated value,
QCL,Crops and livestock products,143,Morocco,5510,Production,711,"Anise, badian, coriander, cumin, caraway, fennel and juniper berries, raw",2007,2007,t,23000,E,Estimated value,
QCL,Crops and livestock products,143,Morocco,5312,Area harvested,711,"Anise, badian, coriander, cumin, caraway, fennel and juniper berries, raw",2008,2008,ha,22000,E,Estimated value,
QCL,Crops and livestock products,143,Morocco,5419,Yield,711,"Anise, badian, coriander, cumin, caraway, fennel and juniper berries, raw",2008,2008,100 g/ha,10455,E,Estimated value,
QCL,Crops and livestock products,143,Morocco,5510,Production,711,"Anise, badian, coriander, cumin, caraway, fennel and juniper berries, raw",2008,2008,t,23000,E,Estimated value,
QCL,Crops and livestock products,143,Morocco,5312,Area harvested,711,"Anise, badian, coriander, cumin, caraway, fennel and juniper berries, raw",2009,2009,ha,22481,I,Imputed value,
QCL,Crops and livestock products,143,Morocco,5419,Yield,711,"Anise, badian, coriander, cumin, caraway, fennel and juniper berries, raw",2009,2009,100 g/ha,10564,E,Estimated value,
QCL,Crops and livestock products,143,Morocco,5510,Production,711,"Anise, badian, coriander, cumin, caraway, fennel and juniper berries, raw",2009,2009,t,23750.14,I,Imputed value,
QCL,Crops and livestock products,143,Morocco,5312,Area harvested,711,"Anise, badian, coriander, cumin, caraway, fennel and juniper berries, raw",2010,2010,ha,23202,I,Imputed value,
QCL,Crops and livestock products,143,Morocco,5419,Yield,711,"Anise, badian, coriander, cumin, caraway, fennel and juniper berries, raw",2010,2010,100 g/ha,10657,E,Estimated value,
QCL,Crops and livestock products,143,Morocco,5510,Production,711,"Anise, badian, coriander, cumin, caraway, fennel and juniper berries, raw",2010,2010,t,24726.29,I,Imputed value,
QCL,Crops and livestock products,143,Morocco,5312,Area harvested,711,"Anise, badian, coriander, cumin, caraway, fennel and juniper berries, raw",2011,2011,ha,23755,I,Imputed value,
QCL,Crops and livestock products,143,Morocco,5419,Yield,711,"Anise, badian, coriander, cumin, caraway, fennel and juniper berries, raw",2011,2011,100 g/ha,10733,E,Estimated value,
QCL,Crops and livestock products,143,Morocco,5510,Production,711,"Anise, badian, coriander, cumin, caraway, fennel and juniper berries, raw",2011,2011,t,25496.96,I,Imputed value,
QCL,Crops and livestock products,143,Morocco,5312,Area harvested,711,"Anise, badian, coriander, cumin, caraway, fennel and juniper berries, raw",2012,2012,ha,26500,E,Estimated value,
QCL,Crops and livestock products,143,Morocco,5419,Yield,711,"Anise, badian, coriander, cumin, caraway, fennel and juniper berries, raw",2012,2012,100 g/ha,11132,E,Estimated value,
QCL,Crops and livestock products,143,Morocco,5510,Production,711,"Anise, badian, coriander, cumin, caraway, fennel and juniper berries, raw",2012,2012,t,29500,E,Estimated value,
QCL,Crops and livestock products,143,Morocco,5312,Area harvested,711,"Anise, badian, coriander, cumin, caraway, fennel and juniper berries, raw",2013,2013,ha,24711,I,Imputed value,
QCL,Crops and livestock products,143,Morocco,5419,Yield,711,"Anise, badian, coriander, cumin, caraway, fennel and juniper berries, raw",2013,2013,100 g/ha,10869,E,Estimated value,
QCL,Crops and livestock products,143,Morocco,5510,Production,711,"Anise, badian, coriander, cumin, caraway, fennel and juniper berries, raw",2013,2013,t,26857.29,I,Imputed value,
QCL,Crops and livestock products,143,Morocco,5312,Area harvested,711,"Anise, badian, coriander, cumin, caraway, fennel and juniper berries, raw",2014,2014,ha,24517,I,Imputed value,
QCL,Crops and livestock products,143,Morocco,5419,Yield,711,"Anise, badian, coriander, cumin, caraway, fennel and juniper berries, raw",2014,2014,100 g/ha,10817,E,Estimated value,
QCL,Crops and livestock products,143,Morocco,5510,Production,711,"Anise, badian, coriander, cumin, caraway, fennel and juniper berries, raw",2014,2014,t,26520.58,I,Imputed value,
QCL,Crops and livestock products,143,Morocco,5312,Area harvested,711,"Anise, badian, coriander, cumin, caraway, fennel and juniper berries, raw",2015,2015,ha,24918,I,Imputed value,
QCL,Crops and livestock products,143,Morocco,5419,Yield,711,"Anise, badian, coriander, cumin, caraway, fennel and juniper berries, raw",2015,2015,100 g/ha,10877,E,Estimated value,
QCL,Crops and livestock products,143,Morocco,5510,Production,711,"Anise, badian, coriander, cumin, caraway, fennel and juniper berries, raw",2015,2015,t,27103.83,I,Imputed value,
QCL,Crops and livestock products,143,Morocco,5312,Area harvested,711,"Anise, badian, coriander, cumin, caraway, fennel and juniper berries, raw",2016,2016,ha,25204,I,Imputed value,
QCL,Crops and livestock products,143,Morocco,5419,Yield,711,"Anise, badian, coriander, cumin, caraway, fennel and juniper berries, raw",2016,2016,100 g/ha,10886,E,Estimated value,
QCL,Crops and livestock products,143,Morocco,5510,Production,711,"Anise, badian, coriander, cumin, caraway, fennel and juniper berries, raw",2016,2016,t,27436.5,I,Imputed value,
QCL,Crops and livestock products,143,Morocco,5312,Area harvested,711,"Anise, badian, coriander, cumin, caraway, fennel and juniper berries, raw",2017,2017,ha,25404,I,Imputed value,
QCL,Crops and livestock products,143,Morocco,5419,Yield,711,"Anise, badian, coriander, cumin, caraway, fennel and juniper berries, raw",2017,2017,100 g/ha,10894,E,Estimated value,
QCL,Crops and livestock products,143,Morocco,5510,Production,711,"Anise, badian, coriander, cumin, caraway, fennel and juniper berries, raw",2017,2017,t,27676.02,I,Imputed value,
QCL,Crops and livestock products,143,Morocco,5312,Area harvested,711,"Anise, badian, coriander, cumin, caraway, fennel and juniper berries, raw",2018,2018,ha,25564,I,Imputed value,
QCL,Crops and livestock products,143,Morocco,5419,Yield,711,"Anise, badian, coriander, cumin, caraway, fennel and juniper berries, raw",2018,2018,100 g/ha,10899,E,Estimated value,
QCL,Crops and livestock products,143,Morocco,5510,Production,711,"Anise, badian, coriander, cumin, caraway, fennel and juniper berries, raw",2018,2018,t,27861.65,I,Imputed value,
QCL,Crops and livestock products,143,Morocco,5312,Area harvested,711,"Anise, badian, coriander, cumin, caraway, fennel and juniper berries, raw",2019,2019,ha,26110,I,Imputed value,
QCL,Crops and livestock products,143,Morocco,5419,Yield,711,"Anise, badian, coriander, cumin, caraway, fennel and juniper berries, raw",2019,2019,100 g/ha,10915,E,Estimated value,
QCL,Crops and livestock products,143,Morocco,5510,Production,711,"Anise, badian, coriander, cumin, caraway, fennel and juniper berries, raw",2019,2019,t,28499.45,I,Imputed value,
QCL,Crops and livestock products,143,Morocco,5312,Area harvested,711,"Anise, badian, coriander, cumin, caraway, fennel and juniper berries, raw",2020,2020,ha,25693,E,Estimated value,
QCL,Crops and livestock products,143,Morocco,5419,Yield,711,"Anise, badian, coriander, cumin, caraway, fennel and juniper berries, raw",2020,2020,100 g/ha,10903,E,Estimated value,
QCL,Crops and livestock products,143,Morocco,5510,Production,711,"Anise, badian, coriander, cumin, caraway, fennel and juniper berries, raw",2020,2020,t,28012.37,E,Estimated value,
QCL,Crops and livestock products,143,Morocco,5312,Area harvested,711,"Anise, badian, coriander, cumin, caraway, fennel and juniper berries, raw",2021,2021,ha,25789,E,Estimated value,
QCL,Crops and livestock products,143,Morocco,5419,Yield,711,"Anise, badian, coriander, cumin, caraway, fennel and juniper berries, raw",2021,2021,100 g/ha,10906,E,Estimated value,
QCL,Crops and livestock products,143,Morocco,5510,Production,711,"Anise, badian, coriander, cumin, caraway, fennel and juniper berries, raw",2021,2021,t,28124.49,E,Estimated value,
QCL,Crops and livestock products,143,Morocco,5312,Area harvested,711,"Anise, badian, coriander, cumin, caraway, fennel and juniper berries, raw",2022,2022,ha,25864,E,Estimated value,
QCL,Crops and livestock products,143,Morocco,5419,Yield,711,"Anise, badian, coriander, cumin, caraway, fennel and juniper berries, raw",2022,2022,100 g/ha,10908,E,Estimated value,
QCL,Crops and livestock products,143,Morocco,5510,Production,711,"Anise, badian, coriander, cumin, caraway, fennel and juniper berries, raw",2022,2022,t,28212.1,E,Estimated value,
QCL,Crops and livestock products,143,Morocco,5312,Area harvested,515,Apples,1961,1961,ha,0,M,"Missing value (data cannot exist, not applicable)",
QCL,Crops and livestock products,143,Morocco,5510,Production,515,Apples,1961,1961,t,4000,A,Official figure,
QCL,Crops and livestock products,143,Morocco,5312,Area harvested,515,Apples,1962,1962,ha,0,M,"Missing value (data cannot exist, not applicable)",
QCL,Crops and livestock products,143,Morocco,5510,Production,515,Apples,1962,1962,t,3000,A,Official figure,
QCL,Crops and livestock products,143,Morocco,5312,Area harvested,515,Apples,1963,1963,ha,0,M,"Missing value (data cannot exist, not applicable)",
QCL,Crops and livestock products,143,Morocco,5510,Production,515,Apples,1963,1963,t,8000,A,Official figure,
QCL,Crops and livestock products,143,Morocco,5312,Area harvested,515,Apples,1964,1964,ha,0,M,"Missing value (data cannot exist, not applicable)",
QCL,Crops and livestock products,143,Morocco,5510,Production,515,Apples,1964,1964,t,17199,A,Official figure,
QCL,Crops and livestock products,143,Morocco,5312,Area harvested,515,Apples,1965,1965,ha,0,M,"Missing value (data cannot exist, not applicable)",
QCL,Crops and livestock products,143,Morocco,5510,Production,515,Apples,1965,1965,t,14654,A,Official figure,
QCL,Crops and livestock products,143,Morocco,5312,Area harvested,515,Apples,1966,1966,ha,0,M,"Missing value (data cannot exist, not applicable)",
QCL,Crops and livestock products,143,Morocco,5510,Production,515,Apples,1966,1966,t,13855,A,Official figure,
QCL,Crops and livestock products,143,Morocco,5312,Area harvested,515,Apples,1967,1967,ha,0,M,"Missing value (data cannot exist, not applicable)",
QCL,Crops and livestock products,143,Morocco,5510,Production,515,Apples,1967,1967,t,10000,A,Official figure,
QCL,Crops and livestock products,143,Morocco,5312,Area harvested,515,Apples,1968,1968,ha,0,M,"Missing value (data cannot exist, not applicable)",
QCL,Crops and livestock products,143,Morocco,5510,Production,515,Apples,1968,1968,t,14000,E,Estimated value,
QCL,Crops and livestock products,143,Morocco,5312,Area harvested,515,Apples,1969,1969,ha,0,M,"Missing value (data cannot exist, not applicable)",
QCL,Crops and livestock products,143,Morocco,5510,Production,515,Apples,1969,1969,t,14000,E,Estimated value,
QCL,Crops and livestock products,143,Morocco,5312,Area harvested,515,Apples,1970,1970,ha,0,M,"Missing value (data cannot exist, not applicable)",
QCL,Crops and livestock products,143,Morocco,5510,Production,515,Apples,1970,1970,t,14000,E,Estimated value,
QCL,Crops and livestock products,143,Morocco,5312,Area harvested,515,Apples,1971,1971,ha,0,M,"Missing value (data cannot exist, not applicable)",
QCL,Crops and livestock products,143,Morocco,5510,Production,515,Apples,1971,1971,t,14000,E,Estimated value,
QCL,Crops and livestock products,143,Morocco,5312,Area harvested,515,Apples,1972,1972,ha,0,M,"Missing value (data cannot exist, not applicable)",
QCL,Crops and livestock products,143,Morocco,5510,Production,515,Apples,1972,1972,t,18000,E,Estimated value,
QCL,Crops and livestock products,143,Morocco,5312,Area harvested,515,Apples,1973,1973,ha,0,M,"Missing value (data cannot exist, not applicable)",
QCL,Crops and livestock products,143,Morocco,5510,Production,515,Apples,1973,1973,t,20000,E,Estimated value,
QCL,Crops and livestock products,143,Morocco,5312,Area harvested,515,Apples,1974,1974,ha,0,M,"Missing value (data cannot exist, not applicable)",
QCL,Crops and livestock products,143,Morocco,5510,Production,515,Apples,1974,1974,t,23000,E,Estimated value,
QCL,Crops and livestock products,143,Morocco,5312,Area harvested,515,Apples,1975,1975,ha,0,M,"Missing value (data cannot exist, not applicable)",
QCL,Crops and livestock products,143,Morocco,5510,Production,515,Apples,1975,1975,t,25000,E,Estimated value,
QCL,Crops and livestock products,143,Morocco,5312,Area harvested,515,Apples,1976,1976,ha,0,M,"Missing value (data cannot exist, not applicable)",
QCL,Crops and livestock products,143,Morocco,5510,Production,515,Apples,1976,1976,t,30000,E,Estimated value,
QCL,Crops and livestock products,143,Morocco,5312,Area harvested,515,Apples,1977,1977,ha,0,M,"Missing value (data cannot exist, not applicable)",
QCL,Crops and livestock products,143,Morocco,5510,Production,515,Apples,1977,1977,t,40000,E,Estimated value,
QCL,Crops and livestock products,143,Morocco,5312,Area harvested,515,Apples,1978,1978,ha,0,M,"Missing value (data cannot exist, not applicable)",
QCL,Crops and livestock products,143,Morocco,5510,Production,515,Apples,1978,1978,t,50000,E,Estimated value,
QCL,Crops and livestock products,143,Morocco,5312,Area harvested,515,Apples,1979,1979,ha,0,M,"Missing value (data cannot exist, not applicable)",
QCL,Crops and livestock products,143,Morocco,5510,Production,515,Apples,1979,1979,t,60000,E,Estimated value,
QCL,Crops and livestock products,143,Morocco,5312,Area harvested,515,Apples,1980,1980,ha,0,M,"Missing value (data cannot exist, not applicable)",
QCL,Crops and livestock products,143,Morocco,5510,Production,515,Apples,1980,1980,t,70000,E,Estimated value,
QCL,Crops and livestock products,143,Morocco,5312,Area harvested,515,Apples,1981,1981,ha,0,M,"Missing value (data cannot exist, not applicable)",
QCL,Crops and livestock products,143,Morocco,5510,Production,515,Apples,1981,1981,t,80000,E,Estimated value,
QCL,Crops and livestock products,143,Morocco,5312,Area harvested,515,Apples,1982,1982,ha,0,M,"Missing value (data cannot exist, not applicable)",
QCL,Crops and livestock products,143,Morocco,5510,Production,515,Apples,1982,1982,t,100000,E,Estimated value,
QCL,Crops and livestock products,143,Morocco,5312,Area harvested,515,Apples,1983,1983,ha,0,M,"Missing value (data cannot exist, not applicable)",
QCL,Crops and livestock products,143,Morocco,5510,Production,515,Apples,1983,1983,t,100000,E,Estimated value,
QCL,Crops and livestock products,143,Morocco,5312,Area harvested,515,Apples,1984,1984,ha,0,M,"Missing value (data cannot exist, not applicable)",
QCL,Crops and livestock products,143,Morocco,5510,Production,515,Apples,1984,1984,t,100000,E,Estimated value,
QCL,Crops and livestock products,143,Morocco,5312,Area harvested,515,Apples,1985,1985,ha,9000,E,Estimated value,
QCL,Crops and livestock products,143,Morocco,5419,Yield,515,Apples,1985,1985,100 g/ha,133333,E,Estimated value,
QCL,Crops and livestock products,143,Morocco,5510,Production,515,Apples,1985,1985,t,120000,E,Estimated value,
QCL,Crops and livestock products,143,Morocco,5312,Area harvested,515,Apples,1986,1986,ha,9000,E,Estimated value,
QCL,Crops and livestock products,143,Morocco,5419,Yield,515,Apples,1986,1986,100 g/ha,133333,E,Estimated value,
QCL,Crops and livestock products,143,Morocco,5510,Production,515,Apples,1986,1986,t,120000,E,Estimated value,
QCL,Crops and livestock products,143,Morocco,5312,Area harvested,515,Apples,1987,1987,ha,10000,E,Estimated value,
QCL,Crops and livestock products,143,Morocco,5419,Yield,515,Apples,1987,1987,100 g/ha,150000,E,Estimated value,
QCL,Crops and livestock products,143,Morocco,5510,Production,515,Apples,1987,1987,t,150000,A,Official figure,
QCL,Crops and livestock products,143,Morocco,5312,Area harvested,515,Apples,1988,1988,ha,14000,E,Estimated value,
QCL,Crops and livestock products,143,Morocco,5419,Yield,515,Apples,1988,1988,100 g/ha,168571,E,Estimated value,
QCL,Crops and livestock products,143,Morocco,5510,Production,515,Apples,1988,1988,t,236000,A,Official figure,
QCL,Crops and livestock products,143,Morocco,5312,Area harvested,515,Apples,1989,1989,ha,17000,A,Official figure,
QCL,Crops and livestock products,143,Morocco,5419,Yield,515,Apples,1989,1989,100 g/ha,173529,A,Official figure,
QCL,Crops and livestock products,143,Morocco,5510,Production,515,Apples,1989,1989,t,295000,A,Official figure,
QCL,Crops and livestock products,143,Morocco,5312,Area harvested,515,Apples,1990,1990,ha,21000,A,Official figure,
QCL,Crops and livestock products,143,Morocco,5419,Yield,515,Apples,1990,1990,100 g/ha,105238,A,Official figure,
QCL,Crops and livestock products,143,Morocco,5510,Production,515,Apples,1990,1990,t,221000,A,Official figure,
QCL,Crops and livestock products,143,Morocco,5312,Area harvested,515,Apples,1991,1991,ha,22000,A,Official figure,
QCL,Crops and livestock products,143,Morocco,5419,Yield,515,Apples,1991,1991,100 g/ha,113091,A,Official figure,
QCL,Crops and livestock products,143,Morocco,5510,Production,515,Apples,1991,1991,t,248800,A,Official figure,
QCL,Crops and livestock products,143,Morocco,5312,Area harvested,515,Apples,1992,1992,ha,23500,A,Official figure,
QCL,Crops and livestock products,143,Morocco,5419,Yield,515,Apples,1992,1992,100 g/ha,118298,A,Official figure,
QCL,Crops and livestock products,143,Morocco,5510,Production,515,Apples,1992,1992,t,278000,A,Official figure,
QCL,Crops and livestock products,143,Morocco,5312,Area harvested,515,Apples,1993,1993,ha,25600,A,Official figure,
QCL,Crops and livestock products,143,Morocco,5419,Yield,515,Apples,1993,1993,100 g/ha,165625,A,Official figure,
QCL,Crops and livestock products,143,Morocco,5510,Production,515,Apples,1993,1993,t,424000,A,Official figure,
QCL,Crops and livestock products,143,Morocco,5312,Area harvested,515,Apples,1994,1994,ha,26400,A,Official figure,
QCL,Crops and livestock products,143,Morocco,5419,Yield,515,Apples,1994,1994,100 g/ha,102273,A,Official figure,
QCL,Crops and livestock products,143,Morocco,5510,Production,515,Apples,1994,1994,t,270000,A,Official figure,
QCL,Crops and livestock products,143,Morocco,5312,Area harvested,515,Apples,1995,1995,ha,26600,A,Official figure,
QCL,Crops and livestock products,143,Morocco,5419,Yield,515,Apples,1995,1995,100 g/ha,116466,A,Official figure,
QCL,Crops and livestock products,143,Morocco,5510,Production,515,Apples,1995,1995,t,309800,A,Official figure,
QCL,Crops and livestock products,143,Morocco,5312,Area harvested,515,Apples,1996,1996,ha,27200,A,Official figure,
QCL,Crops and livestock products,143,Morocco,5419,Yield,515,Apples,1996,1996,100 g/ha,126176,A,Official figure,
QCL,Crops and livestock products,143,Morocco,5510,Production,515,Apples,1996,1996,t,343200,A,Official figure,
QCL,Crops and livestock products,143,Morocco,5312,Area harvested,515,Apples,1997,1997,ha,26100,A,Official figure,
QCL,Crops and livestock products,143,Morocco,5419,Yield,515,Apples,1997,1997,100 g/ha,147126,A,Official figure,
QCL,Crops and livestock products,143,Morocco,5510,Production,515,Apples,1997,1997,t,384000,A,Official figure,
QCL,Crops and livestock products,143,Morocco,5312,Area harvested,515,Apples,1998,1998,ha,26100,A,Official figure,
QCL,Crops and livestock products,143,Morocco,5419,Yield,515,Apples,1998,1998,100 g/ha,109119,A,Official figure,
QCL,Crops and livestock products,143,Morocco,5510,Production,515,Apples,1998,1998,t,284800,A,Official figure,
QCL,Crops and livestock products,143,Morocco,5312,Area harvested,515,Apples,1999,1999,ha,28038,A,Official figure,
QCL,Crops and livestock products,143,Morocco,5419,Yield,515,Apples,1999,1999,100 g/ha,108103,A,Official figure,
QCL,Crops and livestock products,143,Morocco,5510,Production,515,Apples,1999,1999,t,303100,A,Official figure,
QCL,Crops and livestock products,143,Morocco,5312,Area harvested,515,Apples,2000,2000,ha,27800,A,Official figure,
QCL,Crops and livestock products,143,Morocco,5419,Yield,515,Apples,2000,2000,100 g/ha,107915,A,Official figure,
QCL,Crops and livestock products,143,Morocco,5510,Production,515,Apples,2000,2000,t,300005,A,Official figure,
QCL,Crops and livestock products,143,Morocco,5312,Area harvested,515,Apples,2001,2001,ha,28600,A,Official figure,
QCL,Crops and livestock products,143,Morocco,5419,Yield,515,Apples,2001,2001,100 g/ha,79650,A,Official figure,
QCL,Crops and livestock products,143,Morocco,5510,Production,515,Apples,2001,2001,t,227800,A,Official figure,
QCL,Crops and livestock products,143,Morocco,5312,Area harvested,515,Apples,2002,2002,ha,26700,A,Official figure,
QCL,Crops and livestock products,143,Morocco,5419,Yield,515,Apples,2002,2002,100 g/ha,139513,A,Official figure,
QCL,Crops and livestock products,143,Morocco,5510,Production,515,Apples,2002,2002,t,372500,A,Official figure,
QCL,Crops and livestock products,143,Morocco,5312,Area harvested,515,Apples,2003,2003,ha,26000,A,Official figure,
QCL,Crops and livestock products,143,Morocco,5419,Yield,515,Apples,2003,2003,100 g/ha,105846,A,Official figure,
QCL,Crops and livestock products,143,Morocco,5510,Production,515,Apples,2003,2003,t,275200,A,Official figure,
QCL,Crops and livestock products,143,Morocco,5312,Area harvested,515,Apples,2004,2004,ha,26100,A,Official figure,
QCL,Crops and livestock products,143,Morocco,5419,Yield,515,Apples,2004,2004,100 g/ha,151877,A,Official figure,
QCL,Crops and livestock products,143,Morocco,5510,Production,515,Apples,2004,2004,t,396400,A,Official figure,
QCL,Crops and livestock products,143,Morocco,5312,Area harvested,515,Apples,2005,2005,ha,25600,A,Official figure,
QCL,Crops and livestock products,143,Morocco,5419,Yield,515,Apples,2005,2005,100 g/ha,120508,A,Official figure,
QCL,Crops and livestock products,143,Morocco,5510,Production,515,Apples,2005,2005,t,308500,A,Official figure,
QCL,Crops and livestock products,143,Morocco,5312,Area harvested,515,Apples,2006,2006,ha,25000,A,Official figure,
QCL,Crops and livestock products,143,Morocco,5419,Yield,515,Apples,2006,2006,100 g/ha,149600,A,Official figure,
QCL,Crops and livestock products,143,Morocco,5510,Production,515,Apples,2006,2006,t,374000,A,Official figure,
QCL,Crops and livestock products,143,Morocco,5312,Area harvested,515,Apples,2007,2007,ha,25936,A,Official figure,
QCL,Crops and livestock products,143,Morocco,5419,Yield,515,Apples,2007,2007,100 g/ha,164565,A,Official figure,
QCL,Crops and livestock products,143,Morocco,5510,Production,515,Apples,2007,2007,t,426816,A,Official figure,
QCL,Crops and livestock products,143,Morocco,5312,Area harvested,515,Apples,2008,2008,ha,26752,A,Official figure,
QCL,Crops and livestock products,143,Morocco,5419,Yield,515,Apples,2008,2008,100 g/ha,151133,A,Official figure,
QCL,Crops and livestock products,143,Morocco,5510,Production,515,Apples,2008,2008,t,404310,A,Official figure,
QCL,Crops and livestock products,143,Morocco,5312,Area harvested,515,Apples,2009,2009,ha,27334,A,Official figure,
QCL,Crops and livestock products,143,Morocco,5419,Yield,515,Apples,2009,2009,100 g/ha,154596,A,Official figure,
QCL,Crops and livestock products,143,Morocco,5510,Production,515,Apples,2009,2009,t,422572,A,Official figure,
QCL,Crops and livestock products,143,Morocco,5312,Area harvested,515,Apples,2010,2010,ha,27314,A,Official figure,
QCL,Crops and livestock products,143,Morocco,5419,Yield,515,Apples,2010,2010,100 g/ha,162869,A,Official figure,
QCL,Crops and livestock products,143,Morocco,5510,Production,515,Apples,2010,2010,t,444861,A,Official figure,
QCL,Crops and livestock products,143,Morocco,5312,Area harvested,515,Apples,2011,2011,ha,30073,A,Official figure,
QCL,Crops and livestock products,143,Morocco,5419,Yield,515,Apples,2011,2011,100 g/ha,170388,A,Official figure,
QCL,Crops and livestock products,143,Morocco,5510,Production,515,Apples,2011,2011,t,512407,A,Official figure,
QCL,Crops and livestock products,143,Morocco,5312,Area harvested,515,Apples,2012,2012,ha,31651,A,Official figure,
QCL,Crops and livestock products,143,Morocco,5419,Yield,515,Apples,2012,2012,100 g/ha,153437,A,Official figure,
QCL,Crops and livestock products,143,Morocco,5510,Production,515,Apples,2012,2012,t,485642,A,Official figure,
QCL,Crops and livestock products,143,Morocco,5312,Area harvested,515,Apples,2013,2013,ha,41771,A,Official figure,
QCL,Crops and livestock products,143,Morocco,5419,Yield,515,Apples,2013,2013,100 g/ha,139624,A,Official figure,
QCL,Crops and livestock products,143,Morocco,5510,Production,515,Apples,2013,2013,t,583230.43,A,Official figure,
QCL,Crops and livestock products,143,Morocco,5312,Area harvested,515,Apples,2014,2014,ha,43940,A,Official figure,
QCL,Crops and livestock products,143,Morocco,5419,Yield,515,Apples,2014,2014,100 g/ha,122029,A,Official figure,
QCL,Crops and livestock products,143,Morocco,5510,Production,515,Apples,2014,2014,t,536198.82,A,Official figure,
QCL,Crops and livestock products,143,Morocco,5312,Area harvested,515,Apples,2015,2015,ha,45207,A,Official figure,
QCL,Crops and livestock products,143,Morocco,5419,Yield,515,Apples,2015,2015,100 g/ha,149126,A,Official figure,
QCL,Crops and livestock products,143,Morocco,5510,Production,515,Apples,2015,2015,t,674153.31,A,Official figure,
QCL,Crops and livestock products,143,Morocco,5312,Area harvested,515,Apples,2016,2016,ha,48671,A,Official figure,
QCL,Crops and livestock products,143,Morocco,5419,Yield,515,Apples,2016,2016,100 g/ha,83495,A,Official figure,
QCL,Crops and livestock products,143,Morocco,5510,Production,515,Apples,2016,2016,t,406379.08,A,Official figure,
QCL,Crops and livestock products,143,Morocco,5312,Area harvested,515,Apples,2017,2017,ha,49498,A,Official figure,
QCL,Crops and livestock products,143,Morocco,5419,Yield,515,Apples,2017,2017,100 g/ha,165774,A,Official figure,
QCL,Crops and livestock products,143,Morocco,5510,Production,515,Apples,2017,2017,t,820547.11,A,Official figure,
QCL,Crops and livestock products,143,Morocco,5312,Area harvested,515,Apples,2018,2018,ha,50589,A,Official figure,
QCL,Crops and livestock products,143,Morocco,5419,Yield,515,Apples,2018,2018,100 g/ha,137766,A,Official figure,
QCL,Crops and livestock products,143,Morocco,5510,Production,515,Apples,2018,2018,t,696949.51,A,Official figure,
QCL,Crops and livestock products,143,Morocco,5312,Area harvested,515,Apples,2019,2019,ha,49731,A,Official figure,
QCL,Crops and livestock products,143,Morocco,5419,Yield,515,Apples,2019,2019,100 g/ha,162829,A,Official figure,
QCL,Crops and livestock products,143,Morocco,5510,Production,515,Apples,2019,2019,t,809761.81,A,Official figure,
QCL,Crops and livestock products,143,Morocco,5312,Area harvested,515,Apples,2020,2020,ha,51871,A,Official figure,
QCL,Crops and livestock products,143,Morocco,5419,Yield,515,Apples,2020,2020,100 g/ha,150156,A,Official figure,
QCL,Crops and livestock products,143,Morocco,5510,Production,515,Apples,2020,2020,t,778866.45,A,Official figure,
QCL,Crops and livestock products,143,Morocco,5312,Area harvested,515,Apples,2021,2021,ha,52550,A,Official figure,
QCL,Crops and livestock products,143,Morocco,5419,Yield,515,Apples,2021,2021,100 g/ha,169312,A,Official figure,
QCL,Crops and livestock products,143,Morocco,5510,Production,515,Apples,2021,2021,t,889736,A,Official figure,
QCL,Crops and livestock products,143,Morocco,5312,Area harvested,515,Apples,2022,2022,ha,51971,A,Official figure,
QCL,Crops and livestock products,143,Morocco,5419,Yield,515,Apples,2022,2022,100 g/ha,177564,A,Official figure,
QCL,Crops and livestock products,143,Morocco,5510,Production,515,Apples,2022,2022,t,922820.04,A,Official figure,
QCL,Crops and livestock products,143,Morocco,5312,Area harvested,526,Apricots,1961,1961,ha,0,A,Official figure,
QCL,Crops and livestock products,143,Morocco,5510,Production,526,Apricots,1961,1961,t,4800,A,Official figure,
QCL,Crops and livestock products,143,Morocco,5312,Area harvested,526,Apricots,1962,1962,ha,0,A,Official figure,
QCL,Crops and livestock products,143,Morocco,5510,Production,526,Apricots,1962,1962,t,8955,A,Official figure,
QCL,Crops and livestock products,143,Morocco,5312,Area harvested,526,Apricots,1963,1963,ha,0,A,Official figure,
QCL,Crops and livestock products,143,Morocco,5510,Production,526,Apricots,1963,1963,t,13000,A,Official figure,
QCL,Crops and livestock products,143,Morocco,5312,Area harvested,526,Apricots,1964,1964,ha,0,A,Official figure,
QCL,Crops and livestock products,143,Morocco,5510,Production,526,Apricots,1964,1964,t,16160,A,Official figure,
QCL,Crops and livestock products,143,Morocco,5312,Area harvested,526,Apricots,1965,1965,ha,0,A,Official figure,
QCL,Crops and livestock products,143,Morocco,5510,Production,526,Apricots,1965,1965,t,27561,A,Official figure,
QCL,Crops and livestock products,143,Morocco,5312,Area harvested,526,Apricots,1966,1966,ha,0,A,Official figure,
QCL,Crops and livestock products,143,Morocco,5510,Production,526,Apricots,1966,1966,t,54145,A,Official figure,
QCL,Crops and livestock products,143,Morocco,5312,Area harvested,526,Apricots,1967,1967,ha,0,A,Official figure,
QCL,Crops and livestock products,143,Morocco,5510,Production,526,Apricots,1967,1967,t,60000,E,Estimated value,
QCL,Crops and livestock products,143,Morocco,5312,Area harvested,526,Apricots,1968,1968,ha,0,A,Official figure,
QCL,Crops and livestock products,143,Morocco,5510,Production,526,Apricots,1968,1968,t,60000,E,Estimated value,
QCL,Crops and livestock products,143,Morocco,5312,Area harvested,526,Apricots,1969,1969,ha,0,A,Official figure,
QCL,Crops and livestock products,143,Morocco,5510,Production,526,Apricots,1969,1969,t,60000,E,Estimated value,
QCL,Crops and livestock products,143,Morocco,5312,Area harvested,526,Apricots,1970,1970,ha,0,A,Official figure,
QCL,Crops and livestock products,143,Morocco,5510,Production,526,Apricots,1970,1970,t,60000,E,Estimated value,
QCL,Crops and livestock products,143,Morocco,5312,Area harvested,526,Apricots,1971,1971,ha,0,A,Official figure,
QCL,Crops and livestock products,143,Morocco,5510,Production,526,Apricots,1971,1971,t,60000,E,Estimated value,
QCL,Crops and livestock products,143,Morocco,5312,Area harvested,526,Apricots,1972,1972,ha,0,A,Official figure,
QCL,Crops and livestock products,143,Morocco,5510,Production,526,Apricots,1972,1972,t,60000,E,Estimated value,
QCL,Crops and livestock products,143,Morocco,5312,Area harvested,526,Apricots,1973,1973,ha,0,A,Official figure,
QCL,Crops and livestock products,143,Morocco,5510,Production,526,Apricots,1973,1973,t,62000,E,Estimated value,
QCL,Crops and livestock products,143,Morocco,5312,Area harvested,526,Apricots,1974,1974,ha,0,A,Official figure,
QCL,Crops and livestock products,143,Morocco,5510,Production,526,Apricots,1974,1974,t,60000,E,Estimated value,
QCL,Crops and livestock products,143,Morocco,5312,Area harvested,526,Apricots,1975,1975,ha,0,A,Official figure,
QCL,Crops and livestock products,143,Morocco,5510,Production,526,Apricots,1975,1975,t,55000,E,Estimated value,
QCL,Crops and livestock products,143,Morocco,5312,Area harvested,526,Apricots,1976,1976,ha,0,A,Official figure,
QCL,Crops and livestock products,143,Morocco,5510,Production,526,Apricots,1976,1976,t,56000,E,Estimated value,
QCL,Crops and livestock products,143,Morocco,5312,Area harvested,526,Apricots,1977,1977,ha,0,A,Official figure,
QCL,Crops and livestock products,143,Morocco,5510,Production,526,Apricots,1977,1977,t,59000,E,Estimated value,
QCL,Crops and livestock products,143,Morocco,5312,Area harvested,526,Apricots,1978,1978,ha,0,A,Official figure,
QCL,Crops and livestock products,143,Morocco,5510,Production,526,Apricots,1978,1978,t,60000,E,Estimated value,
QCL,Crops and livestock products,143,Morocco,5312,Area harvested,526,Apricots,1979,1979,ha,0,A,Official figure,
QCL,Crops and livestock products,143,Morocco,5510,Production,526,Apricots,1979,1979,t,62000,E,Estimated value,
QCL,Crops and livestock products,143,Morocco,5312,Area harvested,526,Apricots,1980,1980,ha,0,A,Official figure,
QCL,Crops and livestock products,143,Morocco,5510,Production,526,Apricots,1980,1980,t,63000,E,Estimated value,
QCL,Crops and livestock products,143,Morocco,5312,Area harvested,526,Apricots,1981,1981,ha,0,A,Official figure,
QCL,Crops and livestock products,143,Morocco,5510,Production,526,Apricots,1981,1981,t,64000,E,Estimated value,
QCL,Crops and livestock products,143,Morocco,5312,Area harvested,526,Apricots,1982,1982,ha,0,A,Official figure,
QCL,Crops and livestock products,143,Morocco,5510,Production,526,Apricots,1982,1982,t,65000,E,Estimated value,
QCL,Crops and livestock products,143,Morocco,5312,Area harvested,526,Apricots,1983,1983,ha,0,A,Official figure,
QCL,Crops and livestock products,143,Morocco,5510,Production,526,Apricots,1983,1983,t,66000,E,Estimated value,
QCL,Crops and livestock products,143,Morocco,5312,Area harvested,526,Apricots,1984,1984,ha,0,A,Official figure,
QCL,Crops and livestock products,143,Morocco,5510,Production,526,Apricots,1984,1984,t,70000,E,Estimated value,
QCL,Crops and livestock products,143,Morocco,5312,Area harvested,526,Apricots,1985,1985,ha,12300,E,Estimated value,
QCL,Crops and livestock products,143,Morocco,5419,Yield,526,Apricots,1985,1985,100 g/ha,59350,E,Estimated value,
QCL,Crops and livestock products,143,Morocco,5510,Production,526,Apricots,1985,1985,t,73000,E,Estimated value,
QCL,Crops and livestock products,143,Morocco,5312,Area harvested,526,Apricots,1986,1986,ha,12300,E,Estimated value,
QCL,Crops and livestock products,143,Morocco,5419,Yield,526,Apricots,1986,1986,100 g/ha,59350,E,Estimated value,
QCL,Crops and livestock products,143,Morocco,5510,Production,526,Apricots,1986,1986,t,73000,E,Estimated value,
QCL,Crops and livestock products,143,Morocco,5312,Area harvested,526,Apricots,1987,1987,ha,12300,E,Estimated value,
QCL,Crops and livestock products,143,Morocco,5419,Yield,526,Apricots,1987,1987,100 g/ha,59350,E,Estimated value,
QCL,Crops and livestock products,143,Morocco,5510,Production,526,Apricots,1987,1987,t,73000,A,Official figure,
QCL,Crops and livestock products,143,Morocco,5312,Area harvested,526,Apricots,1988,1988,ha,13100,A,Official figure,
QCL,Crops and livestock products,143,Morocco,5419,Yield,526,Apricots,1988,1988,100 g/ha,70229,A,Official figure,
QCL,Crops and livestock products,143,Morocco,5510,Production,526,Apricots,1988,1988,t,92000,A,Official figure,
QCL,Crops and livestock products,143,Morocco,5312,Area harvested,526,Apricots,1989,1989,ha,13400,A,Official figure,
QCL,Crops and livestock products,143,Morocco,5419,Yield,526,Apricots,1989,1989,100 g/ha,60448,A,Official figure,
QCL,Crops and livestock products,143,Morocco,5510,Production,526,Apricots,1989,1989,t,81000,A,Official figure,
QCL,Crops and livestock products,143,Morocco,5312,Area harvested,526,Apricots,1990,1990,ha,13500,A,Official figure,
QCL,Crops and livestock products,143,Morocco,5419,Yield,526,Apricots,1990,1990,100 g/ha,54593,A,Official figure,
QCL,Crops and livestock products,143,Morocco,5510,Production,526,Apricots,1990,1990,t,73700,A,Official figure,
QCL,Crops and livestock products,143,Morocco,5312,Area harvested,526,Apricots,1991,1991,ha,13900,A,Official figure,
QCL,Crops and livestock products,143,Morocco,5419,Yield,526,Apricots,1991,1991,100 g/ha,66331,A,Official figure,
QCL,Crops and livestock products,143,Morocco,5510,Production,526,Apricots,1991,1991,t,92200,A,Official figure,
QCL,Crops and livestock products,143,Morocco,5312,Area harvested,526,Apricots,1992,1992,ha,13500,A,Official figure,
QCL,Crops and livestock products,143,Morocco,5419,Yield,526,Apricots,1992,1992,100 g/ha,48889,A,Official figure,
QCL,Crops and livestock products,143,Morocco,5510,Production,526,Apricots,1992,1992,t,66000,A,Official figure,
QCL,Crops and livestock products,143,Morocco,5312,Area harvested,526,Apricots,1993,1993,ha,14300,A,Official figure,
QCL,Crops and livestock products,143,Morocco,5419,Yield,526,Apricots,1993,1993,100 g/ha,83916,A,Official figure,
QCL,Crops and livestock products,143,Morocco,5510,Production,526,Apricots,1993,1993,t,120000,A,Official figure,
QCL,Crops and livestock products,143,Morocco,5312,Area harvested,526,Apricots,1994,1994,ha,14500,A,Official figure,
QCL,Crops and livestock products,143,Morocco,5419,Yield,526,Apricots,1994,1994,100 g/ha,60690,A,Official figure,
QCL,Crops and livestock products,143,Morocco,5510,Production,526,Apricots,1994,1994,t,88000,A,Official figure,
QCL,Crops and livestock products,143,Morocco,5312,Area harvested,526,Apricots,1995,1995,ha,13700,A,Official figure,
QCL,Crops and livestock products,143,Morocco,5419,Yield,526,Apricots,1995,1995,100 g/ha,56934,A,Official figure,
QCL,Crops and livestock products,143,Morocco,5510,Production,526,Apricots,1995,1995,t,78000,A,Official figure,
QCL,Crops and livestock products,143,Morocco,5312,Area harvested,526,Apricots,1996,1996,ha,13800,A,Official figure,
QCL,Crops and livestock products,143,Morocco,5419,Yield,526,Apricots,1996,1996,100 g/ha,63841,A,Official figure,
QCL,Crops and livestock products,143,Morocco,5510,Production,526,Apricots,1996,1996,t,88100,A,Official figure,
QCL,Crops and livestock products,143,Morocco,5312,Area harvested,526,Apricots,1997,1997,ha,13800,A,Official figure,
QCL,Crops and livestock products,143,Morocco,5419,Yield,526,Apricots,1997,1997,100 g/ha,75072,A,Official figure,
QCL,Crops and livestock products,143,Morocco,5510,Production,526,Apricots,1997,1997,t,103600,A,Official figure,
QCL,Crops and livestock products,143,Morocco,5312,Area harvested,526,Apricots,1998,1998,ha,13600,A,Official figure,
QCL,Crops and livestock products,143,Morocco,5419,Yield,526,Apricots,1998,1998,100 g/ha,85882,A,Official figure,
QCL,Crops and livestock products,143,Morocco,5510,Production,526,Apricots,1998,1998,t,116800,A,Official figure,
QCL,Crops and livestock products,143,Morocco,5312,Area harvested,526,Apricots,1999,1999,ha,13927,A,Official figure,
QCL,Crops and livestock products,143,Morocco,5419,Yield,526,Apricots,1999,1999,100 g/ha,76398,A,Official figure,
QCL,Crops and livestock products,143,Morocco,5510,Production,526,Apricots,1999,1999,t,106400,A,Official figure,
QCL,Crops and livestock products,143,Morocco,5312,Area harvested,526,Apricots,2000,2000,ha,13921,A,Official figure,
QCL,Crops and livestock products,143,Morocco,5419,Yield,526,Apricots,2000,2000,100 g/ha,85913,A,Official figure,
QCL,Crops and livestock products,143,Morocco,5510,Production,526,Apricots,2000,2000,t,119600,A,Official figure,
QCL,Crops and livestock products,143,Morocco,5312,Area harvested,526,Apricots,2001,2001,ha,13700,A,Official figure,
QCL,Crops and livestock products,143,Morocco,5419,Yield,526,Apricots,2001,2001,100 g/ha,76131,A,Official figure,
QCL,Crops and livestock products,143,Morocco,5510,Production,526,Apricots,2001,2001,t,104300,A,Official figure,
QCL,Crops and livestock products,143,Morocco,5312,Area harvested,526,Apricots,2002,2002,ha,12500,A,Official figure,
QCL,Crops and livestock products,143,Morocco,5419,Yield,526,Apricots,2002,2002,100 g/ha,68960,A,Official figure,
QCL,Crops and livestock products,143,Morocco,5510,Production,526,Apricots,2002,2002,t,86200,A,Official figure,
QCL,Crops and livestock products,143,Morocco,5312,Area harvested,526,Apricots,2003,2003,ha,12580,A,Official figure,
QCL,Crops and livestock products,143,Morocco,5419,Yield,526,Apricots,2003,2003,100 g/ha,77862,A,Official figure,
QCL,Crops and livestock products,143,Morocco,5510,Production,526,Apricots,2003,2003,t,97950,A,Official figure,
QCL,Crops and livestock products,143,Morocco,5312,Area harvested,526,Apricots,2004,2004,ha,12490,A,Official figure,
QCL,Crops and livestock products,143,Morocco,5419,Yield,526,Apricots,2004,2004,100 g/ha,68054,A,Official figure,
QCL,Crops and livestock products,143,Morocco,5510,Production,526,Apricots,2004,2004,t,85000,A,Official figure,
QCL,Crops and livestock products,143,Morocco,5312,Area harvested,526,Apricots,2005,2005,ha,12000,A,Official figure,
QCL,Crops and livestock products,143,Morocco,5419,Yield,526,Apricots,2005,2005,100 g/ha,86333,A,Official figure,
QCL,Crops and livestock products,143,Morocco,5510,Production,526,Apricots,2005,2005,t,103600,A,Official figure,
QCL,Crops and livestock products,143,Morocco,5312,Area harvested,526,Apricots,2006,2006,ha,11750,A,Official figure,
QCL,Crops and livestock products,143,Morocco,5419,Yield,526,Apricots,2006,2006,100 g/ha,110162,A,Official figure,
QCL,Crops and livestock products,143,Morocco,5510,Production,526,Apricots,2006,2006,t,129440,A,Official figure,
QCL,Crops and livestock products,143,Morocco,5312,Area harvested,526,Apricots,2007,2007,ha,11341,A,Official figure,
QCL,Crops and livestock products,143,Morocco,5419,Yield,526,Apricots,2007,2007,100 g/ha,92791,A,Official figure,
QCL,Crops and livestock products,143,Morocco,5510,Production,526,Apricots,2007,2007,t,105234,A,Official figure,
QCL,Crops and livestock products,143,Morocco,5312,Area harvested,526,Apricots,2008,2008,ha,11187,A,Official figure,
QCL,Crops and livestock products,143,Morocco,5419,Yield,526,Apricots,2008,2008,100 g/ha,101203,A,Official figure,
QCL,Crops and livestock products,143,Morocco,5510,Production,526,Apricots,2008,2008,t,113216,A,Official figure,
QCL,Crops and livestock products,143,Morocco,5312,Area harvested,526,Apricots,2009,2009,ha,11196,A,Official figure,
QCL,Crops and livestock products,143,Morocco,5419,Yield,526,Apricots,2009,2009,100 g/ha,119327,A,Official figure,
QCL,Crops and livestock products,143,Morocco,5510,Production,526,Apricots,2009,2009,t,133598,A,Official figure,
QCL,Crops and livestock products,143,Morocco,5312,Area harvested,526,Apricots,2010,2010,ha,12244,A,Official figure,
QCL,Crops and livestock products,143,Morocco,5419,Yield,526,Apricots,2010,2010,100 g/ha,110203,A,Official figure,
QCL,Crops and livestock products,143,Morocco,5510,Production,526,Apricots,2010,2010,t,134933,A,Official figure,
QCL,Crops and livestock products,143,Morocco,5312,Area harvested,526,Apricots,2011,2011,ha,12505,A,Official figure,
QCL,Crops and livestock products,143,Morocco,5419,Yield,526,Apricots,2011,2011,100 g/ha,127248,A,Official figure,
QCL,Crops and livestock products,143,Morocco,5510,Production,526,Apricots,2011,2011,t,159124,A,Official figure,
QCL,Crops and livestock products,143,Morocco,5312,Area harvested,526,Apricots,2012,2012,ha,12225,A,Official figure,
QCL,Crops and livestock products,143,Morocco,5419,Yield,526,Apricots,2012,2012,100 g/ha,100127,A,Official figure,
QCL,Crops and livestock products,143,Morocco,5510,Production,526,Apricots,2012,2012,t,122405,A,Official figure,
QCL,Crops and livestock products,143,Morocco,5312,Area harvested,526,Apricots,2013,2013,ha,12298,A,Official figure,
QCL,Crops and livestock products,143,Morocco,5419,Yield,526,Apricots,2013,2013,100 g/ha,81881,A,Official figure,
QCL,Crops and livestock products,143,Morocco,5510,Production,526,Apricots,2013,2013,t,100698.1,A,Official figure,
QCL,Crops and livestock products,143,Morocco,5312,Area harvested,526,Apricots,2014,2014,ha,12360,A,Official figure,
QCL,Crops and livestock products,143,Morocco,5419,Yield,526,Apricots,2014,2014,100 g/ha,73039,A,Official figure,
QCL,Crops and livestock products,143,Morocco,5510,Production,526,Apricots,2014,2014,t,90273.55,A,Official figure,
QCL,Crops and livestock products,143,Morocco,5312,Area harvested,526,Apricots,2015,2015,ha,12426,A,Official figure,
QCL,Crops and livestock products,143,Morocco,5419,Yield,526,Apricots,2015,2015,100 g/ha,83660,A,Official figure,
QCL,Crops and livestock products,143,Morocco,5510,Production,526,Apricots,2015,2015,t,103954.52,A,Official figure,
QCL,Crops and livestock products,143,Morocco,5312,Area harvested,526,Apricots,2016,2016,ha,12964,A,Official figure,
QCL,Crops and livestock products,143,Morocco,5419,Yield,526,Apricots,2016,2016,100 g/ha,54889,A,Official figure,
QCL,Crops and livestock products,143,Morocco,5510,Production,526,Apricots,2016,2016,t,71155.6,A,Official figure,
QCL,Crops and livestock products,143,Morocco,5312,Area harvested,526,Apricots,2017,2017,ha,11419,A,Official figure,
QCL,Crops and livestock products,143,Morocco,5419,Yield,526,Apricots,2017,2017,100 g/ha,98557,A,Official figure,
QCL,Crops and livestock products,143,Morocco,5510,Production,526,Apricots,2017,2017,t,112538.2,A,Official figure,
QCL,Crops and livestock products,143,Morocco,5312,Area harvested,526,Apricots,2018,2018,ha,11153,A,Official figure,
QCL,Crops and livestock products,143,Morocco,5419,Yield,526,Apricots,2018,2018,100 g/ha,91104,A,Official figure,
QCL,Crops and livestock products,143,Morocco,5510,Production,526,Apricots,2018,2018,t,101612.4,A,Official figure,
QCL,Crops and livestock products,143,Morocco,5312,Area harvested,526,Apricots,2019,2019,ha,11073,A,Official figure,
QCL,Crops and livestock products,143,Morocco,5419,Yield,526,Apricots,2019,2019,100 g/ha,99156,A,Official figure,
QCL,Crops and livestock products,143,Morocco,5510,Production,526,Apricots,2019,2019,t,109795.2,A,Official figure,
QCL,Crops and livestock products,143,Morocco,5312,Area harvested,526,Apricots,2020,2020,ha,10594,A,Official figure,
QCL,Crops and livestock products,143,Morocco,5419,Yield,526,Apricots,2020,2020,100 g/ha,87794,A,Official figure,
QCL,Crops and livestock products,143,Morocco,5510,Production,526,Apricots,2020,2020,t,93007.9,A,Official figure,
QCL,Crops and livestock products,143,Morocco,5312,Area harvested,526,Apricots,2021,2021,ha,10528,A,Official figure,
QCL,Crops and livestock products,143,Morocco,5419,Yield,526,Apricots,2021,2021,100 g/ha,74515,A,Official figure,
QCL,Crops and livestock products,143,Morocco,5510,Production,526,Apricots,2021,2021,t,78449,A,Official figure,
QCL,Crops and livestock products,143,Morocco,5312,Area harvested,526,Apricots,2022,2022,ha,9288,A,Official figure,
QCL,Crops and livestock products,143,Morocco,5419,Yield,526,Apricots,2022,2022,100 g/ha,73215,A,Official figure,
QCL,Crops and livestock products,143,Morocco,5510,Production,526,Apricots,2022,2022,t,68000.5,A,Official figure,
QCL,Crops and livestock products,143,Morocco,5312,Area harvested,366,Artichokes,1961,1961,ha,6000,E,Estimated value,
QCL,Crops and livestock products,143,Morocco,5419,Yield,366,Artichokes,1961,1961,100 g/ha,46667,E,Estimated value,
QCL,Crops and livestock products,143,Morocco,5510,Production,366,Artichokes,1961,1961,t,28000,A,Official figure,
QCL,Crops and livestock products,143,Morocco,5312,Area harvested,366,Artichokes,1962,1962,ha,5000,E,Estimated value,
QCL,Crops and livestock products,143,Morocco,5419,Yield,366,Artichokes,1962,1962,100 g/ha,40000,E,Estimated value,
QCL,Crops and livestock products,143,Morocco,5510,Production,366,Artichokes,1962,1962,t,20000,A,Official figure,
QCL,Crops and livestock products,143,Morocco,5312,Area harvested,366,Artichokes,1963,1963,ha,5400,E,Estimated value,
QCL,Crops and livestock products,143,Morocco,5419,Yield,366,Artichokes,1963,1963,100 g/ha,42593,E,Estimated value,
QCL,Crops and livestock products,143,Morocco,5510,Production,366,Artichokes,1963,1963,t,23000,A,Official figure,
QCL,Crops and livestock products,143,Morocco,5312,Area harvested,366,Artichokes,1964,1964,ha,8500,E,Estimated value,
QCL,Crops and livestock products,143,Morocco,5419,Yield,366,Artichokes,1964,1964,100 g/ha,42353,E,Estimated value,
QCL,Crops and livestock products,143,Morocco,5510,Production,366,Artichokes,1964,1964,t,36000,A,Official figure,
QCL,Crops and livestock products,143,Morocco,5312,Area harvested,366,Artichokes,1965,1965,ha,6000,E,Estimated value,
QCL,Crops and livestock products,143,Morocco,5419,Yield,366,Artichokes,1965,1965,100 g/ha,41667,E,Estimated value,
QCL,Crops and livestock products,143,Morocco,5510,Production,366,Artichokes,1965,1965,t,25000,E,Estimated value,
QCL,Crops and livestock products,143,Morocco,5312,Area harvested,366,Artichokes,1966,1966,ha,4006,A,Official figure,
QCL,Crops and livestock products,143,Morocco,5419,Yield,366,Artichokes,1966,1966,100 g/ha,39785,A,Official figure,
QCL,Crops and livestock products,143,Morocco,5510,Production,366,Artichokes,1966,1966,t,15938,A,Official figure,
QCL,Crops and livestock products,143,Morocco,5312,Area harvested,366,Artichokes,1967,1967,ha,5000,E,Estimated value,
QCL,Crops and livestock products,143,Morocco,5419,Yield,366,Artichokes,1967,1967,100 g/ha,40000,E,Estimated value,
QCL,Crops and livestock products,143,Morocco,5510,Production,366,Artichokes,1967,1967,t,20000,E,Estimated value,
QCL,Crops and livestock products,143,Morocco,5312,Area harvested,366,Artichokes,1968,1968,ha,6000,E,Estimated value,
QCL,Crops and livestock products,143,Morocco,5419,Yield,366,Artichokes,1968,1968,100 g/ha,41667,E,Estimated value,
QCL,Crops and livestock products,143,Morocco,5510,Production,366,Artichokes,1968,1968,t,25000,E,Estimated value,
QCL,Crops and livestock products,143,Morocco,5312,Area harvested,366,Artichokes,1969,1969,ha,5400,E,Estimated value,
QCL,Crops and livestock products,143,Morocco,5419,Yield,366,Artichokes,1969,1969,100 g/ha,40741,E,Estimated value,
QCL,Crops and livestock products,143,Morocco,5510,Production,366,Artichokes,1969,1969,t,22000,E,Estimated value,
QCL,Crops and livestock products,143,Morocco,5312,Area harvested,366,Artichokes,1970,1970,ha,6000,E,Estimated value,
QCL,Crops and livestock products,143,Morocco,5419,Yield,366,Artichokes,1970,1970,100 g/ha,41667,E,Estimated value,
QCL,Crops and livestock products,143,Morocco,5510,Production,366,Artichokes,1970,1970,t,25000,E,Estimated value,
QCL,Crops and livestock products,143,Morocco,5312,Area harvested,366,Artichokes,1971,1971,ha,5400,E,Estimated value,
QCL,Crops and livestock products,143,Morocco,5419,Yield,366,Artichokes,1971,1971,100 g/ha,42593,E,Estimated value,
QCL,Crops and livestock products,143,Morocco,5510,Production,366,Artichokes,1971,1971,t,23000,E,Estimated value,
QCL,Crops and livestock products,143,Morocco,5312,Area harvested,366,Artichokes,1972,1972,ha,6000,E,Estimated value,
QCL,Crops and livestock products,143,Morocco,5419,Yield,366,Artichokes,1972,1972,100 g/ha,41667,E,Estimated value,
QCL,Crops and livestock products,143,Morocco,5510,Production,366,Artichokes,1972,1972,t,25000,E,Estimated value,
QCL,Crops and livestock products,143,Morocco,5312,Area harvested,366,Artichokes,1973,1973,ha,6000,E,Estimated value,
QCL,Crops and livestock products,143,Morocco,5419,Yield,366,Artichokes,1973,1973,100 g/ha,41667,E,Estimated value,
QCL,Crops and livestock products,143,Morocco,5510,Production,366,Artichokes,1973,1973,t,25000,E,Estimated value,
QCL,Crops and livestock products,143,Morocco,5312,Area harvested,366,Artichokes,1974,1974,ha,5800,E,Estimated value,
QCL,Crops and livestock products,143,Morocco,5419,Yield,366,Artichokes,1974,1974,100 g/ha,46552,E,Estimated value,
QCL,Crops and livestock products,143,Morocco,5510,Production,366,Artichokes,1974,1974,t,27000,E,Estimated value,
QCL,Crops and livestock products,143,Morocco,5312,Area harvested,366,Artichokes,1975,1975,ha,5800,E,Estimated value,
QCL,Crops and livestock products,143,Morocco,5419,Yield,366,Artichokes,1975,1975,100 g/ha,46552,E,Estimated value,
QCL,Crops and livestock products,143,Morocco,5510,Production,366,Artichokes,1975,1975,t,27000,E,Estimated value,
QCL,Crops and livestock products,143,Morocco,5312,Area harvested,366,Artichokes,1976,1976,ha,6000,E,Estimated value,
QCL,Crops and livestock products,143,Morocco,5419,Yield,366,Artichokes,1976,1976,100 g/ha,46667,E,Estimated value,
QCL,Crops and livestock products,143,Morocco,5510,Production,366,Artichokes,1976,1976,t,28000,E,Estimated value,
QCL,Crops and livestock products,143,Morocco,5312,Area harvested,366,Artichokes,1977,1977,ha,6200,E,Estimated value,
QCL,Crops and livestock products,143,Morocco,5419,Yield,366,Artichokes,1977,1977,100 g/ha,46774,E,Estimated value,
QCL,Crops and livestock products,143,Morocco,5510,Production,366,Artichokes,1977,1977,t,29000,E,Estimated value,
QCL,Crops and livestock products,143,Morocco,5312,Area harvested,366,Artichokes,1978,1978,ha,6200,E,Estimated value,
QCL,Crops and livestock products,143,Morocco,5419,Yield,366,Artichokes,1978,1978,100 g/ha,48387,E,Estimated value,
QCL,Crops and livestock products,143,Morocco,5510,Production,366,Artichokes,1978,1978,t,30000,E,Estimated value,
QCL,Crops and livestock products,143,Morocco,5312,Area harvested,366,Artichokes,1979,1979,ha,6300,E,Estimated value,
QCL,Crops and livestock products,143,Morocco,5419,Yield,366,Artichokes,1979,1979,100 g/ha,50794,E,Estimated value,
QCL,Crops and livestock products,143,Morocco,5510,Production,366,Artichokes,1979,1979,t,32000,E,Estimated value,
QCL,Crops and livestock products,143,Morocco,5312,Area harvested,366,Artichokes,1980,1980,ha,6300,E,Estimated value,
QCL,Crops and livestock products,143,Morocco,5419,Yield,366,Artichokes,1980,1980,100 g/ha,52381,E,Estimated value,
QCL,Crops and livestock products,143,Morocco,5510,Production,366,Artichokes,1980,1980,t,33000,E,Estimated value,
QCL,Crops and livestock products,143,Morocco,5312,Area harvested,366,Artichokes,1981,1981,ha,6400,E,Estimated value,
QCL,Crops and livestock products,143,Morocco,5419,Yield,366,Artichokes,1981,1981,100 g/ha,53125,E,Estimated value,
QCL,Crops and livestock products,143,Morocco,5510,Production,366,Artichokes,1981,1981,t,34000,E,Estimated value,
QCL,Crops and livestock products,143,Morocco,5312,Area harvested,366,Artichokes,1982,1982,ha,2800,E,Estimated value,
QCL,Crops and livestock products,143,Morocco,5419,Yield,366,Artichokes,1982,1982,100 g/ha,107143,E,Estimated value,
QCL,Crops and livestock products,143,Morocco,5510,Production,366,Artichokes,1982,1982,t,30000,E,Estimated value,
QCL,Crops and livestock products,143,Morocco,5312,Area harvested,366,Artichokes,1983,1983,ha,2000,E,Estimated value,
QCL,Crops and livestock products,143,Morocco,5419,Yield,366,Artichokes,1983,1983,100 g/ha,125000,E,Estimated value,
QCL,Crops and livestock products,143,Morocco,5510,Production,366,Artichokes,1983,1983,t,25000,E,Estimated value,
QCL,Crops and livestock products,143,Morocco,5312,Area harvested,366,Artichokes,1984,1984,ha,1800,E,Estimated value,
QCL,Crops and livestock products,143,Morocco,5419,Yield,366,Artichokes,1984,1984,100 g/ha,111111,E,Estimated value,
QCL,Crops and livestock products,143,Morocco,5510,Production,366,Artichokes,1984,1984,t,20000,E,Estimated value,
QCL,Crops and livestock products,143,Morocco,5312,Area harvested,366,Artichokes,1985,1985,ha,1600,E,Estimated value,
QCL,Crops and livestock products,143,Morocco,5419,Yield,366,Artichokes,1985,1985,100 g/ha,112500,E,Estimated value,
QCL,Crops and livestock products,143,Morocco,5510,Production,366,Artichokes,1985,1985,t,18000,E,Estimated value,
QCL,Crops and livestock products,143,Morocco,5312,Area harvested,366,Artichokes,1986,1986,ha,1800,E,Estimated value,
QCL,Crops and livestock products,143,Morocco,5419,Yield,366,Artichokes,1986,1986,100 g/ha,111111,E,Estimated value,
QCL,Crops and livestock products,143,Morocco,5510,Production,366,Artichokes,1986,1986,t,20000,E,Estimated value,
QCL,Crops and livestock products,143,Morocco,5312,Area harvested,366,Artichokes,1987,1987,ha,2000,A,Official figure,
QCL,Crops and livestock products,143,Morocco,5419,Yield,366,Artichokes,1987,1987,100 g/ha,128000,A,Official figure,
QCL,Crops and livestock products,143,Morocco,5510,Production,366,Artichokes,1987,1987,t,25600,A,Official figure,
QCL,Crops and livestock products,143,Morocco,5312,Area harvested,366,Artichokes,1988,1988,ha,1900,A,Official figure,
QCL,Crops and livestock products,143,Morocco,5419,Yield,366,Artichokes,1988,1988,100 g/ha,130000,A,Official figure,
QCL,Crops and livestock products,143,Morocco,5510,Production,366,Artichokes,1988,1988,t,24700,A,Official figure,
QCL,Crops and livestock products,143,Morocco,5312,Area harvested,366,Artichokes,1989,1989,ha,1384,A,Official figure,
QCL,Crops and livestock products,143,Morocco,5419,Yield,366,Artichokes,1989,1989,100 g/ha,135426,A,Official figure,
QCL,Crops and livestock products,143,Morocco,5510,Production,366,Artichokes,1989,1989,t,18743,A,Official figure,
QCL,Crops and livestock products,143,Morocco,5312,Area harvested,366,Artichokes,1990,1990,ha,1344,A,Official figure,
QCL,Crops and livestock products,143,Morocco,5419,Yield,366,Artichokes,1990,1990,100 g/ha,127507,A,Official figure,
QCL,Crops and livestock products,143,Morocco,5510,Production,366,Artichokes,1990,1990,t,17137,A,Official figure,
QCL,Crops and livestock products,143,Morocco,5312,Area harvested,366,Artichokes,1991,1991,ha,1581,A,Official figure,
QCL,Crops and livestock products,143,Morocco,5419,Yield,366,Artichokes,1991,1991,100 g/ha,154794,A,Official figure,
QCL,Crops and livestock products,143,Morocco,5510,Production,366,Artichokes,1991,1991,t,24473,A,Official figure,
QCL,Crops and livestock products,143,Morocco,5312,Area harvested,366,Artichokes,1992,1992,ha,1965,A,Official figure,
QCL,Crops and livestock products,143,Morocco,5419,Yield,366,Artichokes,1992,1992,100 g/ha,121761,A,Official figure,
QCL,Crops and livestock products,143,Morocco,5510,Production,366,Artichokes,1992,1992,t,23926,A,Official figure,
QCL,Crops and livestock products,143,Morocco,5312,Area harvested,366,Artichokes,1993,1993,ha,2160,A,Official figure,
QCL,Crops and livestock products,143,Morocco,5419,Yield,366,Artichokes,1993,1993,100 g/ha,118056,A,Official figure,
QCL,Crops and livestock products,143,Morocco,5510,Production,366,Artichokes,1993,1993,t,25500,A,Official figure,
QCL,Crops and livestock products,143,Morocco,5312,Area harvested,366,Artichokes,1994,1994,ha,2730,A,Official figure,
QCL,Crops and livestock products,143,Morocco,5419,Yield,366,Artichokes,1994,1994,100 g/ha,124176,A,Official figure,
QCL,Crops and livestock products,143,Morocco,5510,Production,366,Artichokes,1994,1994,t,33900,A,Official figure,
QCL,Crops and livestock products,143,Morocco,5312,Area harvested,366,Artichokes,1995,1995,ha,2230,A,Official figure,
QCL,Crops and livestock products,143,Morocco,5419,Yield,366,Artichokes,1995,1995,100 g/ha,155830,A,Official figure,
QCL,Crops and livestock products,143,Morocco,5510,Production,366,Artichokes,1995,1995,t,34750,A,Official figure,
QCL,Crops and livestock products,143,Morocco,5312,Area harvested,366,Artichokes,1996,1996,ha,1720,A,Official figure,
QCL,Crops and livestock products,143,Morocco,5419,Yield,366,Artichokes,1996,1996,100 g/ha,105233,A,Official figure,
QCL,Crops and livestock products,143,Morocco,5510,Production,366,Artichokes,1996,1996,t,18100,A,Official figure,
QCL,Crops and livestock products,143,Morocco,5312,Area harvested,366,Artichokes,1997,1997,ha,1900,A,Official figure,
QCL,Crops and livestock products,143,Morocco,5419,Yield,366,Artichokes,1997,1997,100 g/ha,127895,A,Official figure,
QCL,Crops and livestock products,143,Morocco,5510,Production,366,Artichokes,1997,1997,t,24300,A,Official figure,
QCL,Crops and livestock products,143,Morocco,5312,Area harvested,366,Artichokes,1998,1998,ha,2320,A,Official figure,
QCL,Crops and livestock products,143,Morocco,5419,Yield,366,Artichokes,1998,1998,100 g/ha,111638,A,Official figure,
QCL,Crops and livestock products,143,Morocco,5510,Production,366,Artichokes,1998,1998,t,25900,A,Official figure,
QCL,Crops and livestock products,143,Morocco,5312,Area harvested,366,Artichokes,1999,1999,ha,2165,A,Official figure,
QCL,Crops and livestock products,143,Morocco,5419,Yield,366,Artichokes,1999,1999,100 g/ha,130855,A,Official figure,
QCL,Crops and livestock products,143,Morocco,5510,Production,366,Artichokes,1999,1999,t,28330,A,Official figure,
QCL,Crops and livestock products,143,Morocco,5312,Area harvested,366,Artichokes,2000,2000,ha,3085,A,Official figure,
QCL,Crops and livestock products,143,Morocco,5419,Yield,366,Artichokes,2000,2000,100 g/ha,131864,A,Official figure,
QCL,Crops and livestock products,143,Morocco,5510,Production,366,Artichokes,2000,2000,t,40680,A,Official figure,
QCL,Crops and livestock products,143,Morocco,5312,Area harvested,366,Artichokes,2001,2001,ha,3180,A,Official figure,
QCL,Crops and livestock products,143,Morocco,5419,Yield,366,Artichokes,2001,2001,100 g/ha,139937,A,Official figure,
QCL,Crops and livestock products,143,Morocco,5510,Production,366,Artichokes,2001,2001,t,44500,A,Official figure,
QCL,Crops and livestock products,143,Morocco,5312,Area harvested,366,Artichokes,2002,2002,ha,3210,A,Official figure,
QCL,Crops and livestock products,143,Morocco,5419,Yield,366,Artichokes,2002,2002,100 g/ha,135576,A,Official figure,
QCL,Crops and livestock products,143,Morocco,5510,Production,366,Artichokes,2002,2002,t,43520,A,Official figure,
QCL,Crops and livestock products,143,Morocco,5312,Area harvested,366,Artichokes,2003,2003,ha,3120,A,Official figure,
QCL,Crops and livestock products,143,Morocco,5419,Yield,366,Artichokes,2003,2003,100 g/ha,161122,A,Official figure,
QCL,Crops and livestock products,143,Morocco,5510,Production,366,Artichokes,2003,2003,t,50270,A,Official figure,
QCL,Crops and livestock products,143,Morocco,5312,Area harvested,366,Artichokes,2004,2004,ha,3205,A,Official figure,
QCL,Crops and livestock products,143,Morocco,5419,Yield,366,Artichokes,2004,2004,100 g/ha,167769,A,Official figure,
QCL,Crops and livestock products,143,Morocco,5510,Production,366,Artichokes,2004,2004,t,53770,A,Official figure,
QCL,Crops and livestock products,143,Morocco,5312,Area harvested,366,Artichokes,2005,2005,ha,3650,A,Official figure,
QCL,Crops and livestock products,143,Morocco,5419,Yield,366,Artichokes,2005,2005,100 g/ha,145808,A,Official figure,
QCL,Crops and livestock products,143,Morocco,5510,Production,366,Artichokes,2005,2005,t,53220,A,Official figure,
QCL,Crops and livestock products,143,Morocco,5312,Area harvested,366,Artichokes,2006,2006,ha,3175,A,Official figure,
QCL,Crops and livestock products,143,Morocco,5419,Yield,366,Artichokes,2006,2006,100 g/ha,173780,A,Official figure,
QCL,Crops and livestock products,143,Morocco,5510,Production,366,Artichokes,2006,2006,t,55175,A,Official figure,
QCL,Crops and livestock products,143,Morocco,5312,Area harvested,366,Artichokes,2007,2007,ha,3585,A,Official figure,
QCL,Crops and livestock products,143,Morocco,5419,Yield,366,Artichokes,2007,2007,100 g/ha,145063,A,Official figure,
QCL,Crops and livestock products,143,Morocco,5510,Production,366,Artichokes,2007,2007,t,52005,A,Official figure,
QCL,Crops and livestock products,143,Morocco,5312,Area harvested,366,Artichokes,2008,2008,ha,4130,A,Official figure,
QCL,Crops and livestock products,143,Morocco,5419,Yield,366,Artichokes,2008,2008,100 g/ha,145738,A,Official figure,
QCL,Crops and livestock products,143,Morocco,5510,Production,366,Artichokes,2008,2008,t,60190,A,Official figure,
QCL,Crops and livestock products,143,Morocco,5312,Area harvested,366,Artichokes,2009,2009,ha,4102,A,Official figure,
QCL,Crops and livestock products,143,Morocco,5419,Yield,366,Artichokes,2009,2009,100 g/ha,138030,A,Official figure,
QCL,Crops and livestock products,143,Morocco,5510,Production,366,Artichokes,2009,2009,t,56620,A,Official figure,
QCL,Crops and livestock products,143,Morocco,5312,Area harvested,366,Artichokes,2010,2010,ha,3714,A,Official figure,
QCL,Crops and livestock products,143,Morocco,5419,Yield,366,Artichokes,2010,2010,100 g/ha,122402,A,Official figure,
QCL,Crops and livestock products,143,Morocco,5510,Production,366,Artichokes,2010,2010,t,45460,A,Official figure,
QCL,Crops and livestock products,143,Morocco,5312,Area harvested,366,Artichokes,2011,2011,ha,2769,A,Official figure,
QCL,Crops and livestock products,143,Morocco,5419,Yield,366,Artichokes,2011,2011,100 g/ha,155785,A,Official figure,
QCL,Crops and livestock products,143,Morocco,5510,Production,366,Artichokes,2011,2011,t,43137,A,Official figure,
QCL,Crops and livestock products,143,Morocco,5312,Area harvested,366,Artichokes,2012,2012,ha,3819,A,Official figure,
QCL,Crops and livestock products,143,Morocco,5419,Yield,366,Artichokes,2012,2012,100 g/ha,167292,A,Official figure,
QCL,Crops and livestock products,143,Morocco,5510,Production,366,Artichokes,2012,2012,t,63889,A,Official figure,
QCL,Crops and livestock products,143,Morocco,5312,Area harvested,366,Artichokes,2013,2013,ha,3487,A,Official figure,
QCL,Crops and livestock products,143,Morocco,5419,Yield,366,Artichokes,2013,2013,100 g/ha,178014,A,Official figure,
QCL,Crops and livestock products,143,Morocco,5510,Production,366,Artichokes,2013,2013,t,62073.6,A,Official figure,
QCL,Crops and livestock products,143,Morocco,5312,Area harvested,366,Artichokes,2014,2014,ha,3264,A,Official figure,
QCL,Crops and livestock products,143,Morocco,5419,Yield,366,Artichokes,2014,2014,100 g/ha,169222,A,Official figure,
QCL,Crops and livestock products,143,Morocco,5510,Production,366,Artichokes,2014,2014,t,55234,A,Official figure,
QCL,Crops and livestock products,143,Morocco,5312,Area harvested,366,Artichokes,2015,2015,ha,3236,A,Official figure,
QCL,Crops and livestock products,143,Morocco,5419,Yield,366,Artichokes,2015,2015,100 g/ha,156811,A,Official figure,
QCL,Crops and livestock products,143,Morocco,5510,Production,366,Artichokes,2015,2015,t,50744,A,Official figure,
QCL,Crops and livestock products,143,Morocco,5312,Area harvested,366,Artichokes,2016,2016,ha,2981,A,Official figure,
QCL,Crops and livestock products,143,Morocco,5419,Yield,366,Artichokes,2016,2016,100 g/ha,148085,A,Official figure,
QCL,Crops and livestock products,143,Morocco,5510,Production,366,Artichokes,2016,2016,t,44144,A,Official figure,
QCL,Crops and livestock products,143,Morocco,5312,Area harvested,366,Artichokes,2017,2017,ha,2923,A,Official figure,
QCL,Crops and livestock products,143,Morocco,5419,Yield,366,Artichokes,2017,2017,100 g/ha,155515,A,Official figure,
QCL,Crops and livestock products,143,Morocco,5510,Production,366,Artichokes,2017,2017,t,45457,A,Official figure,
QCL,Crops and livestock products,143,Morocco,5312,Area harvested,366,Artichokes,2018,2018,ha,3274,A,Official figure,
QCL,Crops and livestock products,143,Morocco,5419,Yield,366,Artichokes,2018,2018,100 g/ha,136197,A,Official figure,
QCL,Crops and livestock products,143,Morocco,5510,Production,366,Artichokes,2018,2018,t,44591,A,Official figure,
QCL,Crops and livestock products,143,Morocco,5312,Area harvested,366,Artichokes,2019,2019,ha,2966,A,Official figure,
QCL,Crops and livestock products,143,Morocco,5419,Yield,366,Artichokes,2019,2019,100 g/ha,150958,A,Official figure,
QCL,Crops and livestock products,143,Morocco,5510,Production,366,Artichokes,2019,2019,t,44774,A,Official figure,
QCL,Crops and livestock products,143,Morocco,5312,Area harvested,366,Artichokes,2020,2020,ha,2891,A,Official figure,
QCL,Crops and livestock products,143,Morocco,5419,Yield,366,Artichokes,2020,2020,100 g/ha,155697,A,Official figure,
QCL,Crops and livestock products,143,Morocco,5510,Production,366,Artichokes,2020,2020,t,45012,A,Official figure,
QCL,Crops and livestock products,143,Morocco,5312,Area harvested,366,Artichokes,2021,2021,ha,2562,A,Official figure,
QCL,Crops and livestock products,143,Morocco,5419,Yield,366,Artichokes,2021,2021,100 g/ha,158247,A,Official figure,
QCL,Crops and livestock products,143,Morocco,5510,Production,366,Artichokes,2021,2021,t,40543,A,Official figure,
QCL,Crops and livestock products,143,Morocco,5312,Area harvested,366,Artichokes,2022,2022,ha,2629,A,Official figure,
QCL,Crops and livestock products,143,Morocco,5419,Yield,366,Artichokes,2022,2022,100 g/ha,156048,A,Official figure,
QCL,Crops and livestock products,143,Morocco,5510,Production,366,Artichokes,2022,2022,t,41025,A,Official figure,
QCL,Crops and livestock products,143,Morocco,5312,Area harvested,367,Asparagus,1961,1961,ha,8000,E,Estimated value,
QCL,Crops and livestock products,143,Morocco,5419,Yield,367,Asparagus,1961,1961,100 g/ha,35000,E,Estimated value,
QCL,Crops and livestock products,143,Morocco,5510,Production,367,Asparagus,1961,1961,t,28000,A,Official figure,
QCL,Crops and livestock products,143,Morocco,5312,Area harvested,367,Asparagus,1962,1962,ha,8000,E,Estimated value,
QCL,Crops and livestock products,143,Morocco,5419,Yield,367,Asparagus,1962,1962,100 g/ha,25000,E,Estimated value,
QCL,Crops and livestock products,143,Morocco,5510,Production,367,Asparagus,1962,1962,t,20000,A,Official figure,
QCL,Crops and livestock products,143,Morocco,5312,Area harvested,367,Asparagus,1963,1963,ha,9000,E,Estimated value,
QCL,Crops and livestock products,143,Morocco,5419,Yield,367,Asparagus,1963,1963,100 g/ha,25556,E,Estimated value,
QCL,Crops and livestock products,143,Morocco,5510,Production,367,Asparagus,1963,1963,t,23000,A,Official figure,
QCL,Crops and livestock products,143,Morocco,5312,Area harvested,367,Asparagus,1964,1964,ha,12000,E,Estimated value,
QCL,Crops and livestock products,143,Morocco,5419,Yield,367,Asparagus,1964,1964,100 g/ha,30000,E,Estimated value,
QCL,Crops and livestock products,143,Morocco,5510,Production,367,Asparagus,1964,1964,t,36000,A,Official figure,
QCL,Crops and livestock products,143,Morocco,5312,Area harvested,367,Asparagus,1965,1965,ha,10000,E,Estimated value,
QCL,Crops and livestock products,143,Morocco,5419,Yield,367,Asparagus,1965,1965,100 g/ha,25000,E,Estimated value,
QCL,Crops and livestock products,143,Morocco,5510,Production,367,Asparagus,1965,1965,t,25000,E,Estimated value,
QCL,Crops and livestock products,143,Morocco,5312,Area harvested,367,Asparagus,1966,1966,ha,6400,E,Estimated value,
QCL,Crops and livestock products,143,Morocco,5419,Yield,367,Asparagus,1966,1966,100 g/ha,24903,E,Estimated value,
QCL,Crops and livestock products,143,Morocco,5510,Production,367,Asparagus,1966,1966,t,15938,A,Official figure,
QCL,Crops and livestock products,143,Morocco,5312,Area harvested,367,Asparagus,1967,1967,ha,6000,E,Estimated value,
QCL,Crops and livestock products,143,Morocco,5419,Yield,367,Asparagus,1967,1967,100 g/ha,25000,E,Estimated value,
QCL,Crops and livestock products,143,Morocco,5510,Production,367,Asparagus,1967,1967,t,15000,E,Estimated value,
QCL,Crops and livestock products,143,Morocco,5312,Area harvested,367,Asparagus,1968,1968,ha,6000,E,Estimated value,
QCL,Crops and livestock products,143,Morocco,5419,Yield,367,Asparagus,1968,1968,100 g/ha,25000,E,Estimated value,
QCL,Crops and livestock products,143,Morocco,5510,Production,367,Asparagus,1968,1968,t,15000,E,Estimated value,
QCL,Crops and livestock products,143,Morocco,5312,Area harvested,367,Asparagus,1969,1969,ha,4000,E,Estimated value,
QCL,Crops and livestock products,143,Morocco,5419,Yield,367,Asparagus,1969,1969,100 g/ha,30000,E,Estimated value,
QCL,Crops and livestock products,143,Morocco,5510,Production,367,Asparagus,1969,1969,t,12000,E,Estimated value,
QCL,Crops and livestock products,143,Morocco,5312,Area harvested,367,Asparagus,1970,1970,ha,4000,E,Estimated value,
QCL,Crops and livestock products,143,Morocco,5419,Yield,367,Asparagus,1970,1970,100 g/ha,30000,E,Estimated value,
QCL,Crops and livestock products,143,Morocco,5510,Production,367,Asparagus,1970,1970,t,12000,E,Estimated value,
QCL,Crops and livestock products,143,Morocco,5312,Area harvested,367,Asparagus,1971,1971,ha,3600,E,Estimated value,
QCL,Crops and livestock products,143,Morocco,5419,Yield,367,Asparagus,1971,1971,100 g/ha,30556,E,Estimated value,
QCL,Crops and livestock products,143,Morocco,5510,Production,367,Asparagus,1971,1971,t,11000,E,Estimated value,
QCL,Crops and livestock products,143,Morocco,5312,Area harvested,367,Asparagus,1972,1972,ha,3600,E,Estimated value,
QCL,Crops and livestock products,143,Morocco,5419,Yield,367,Asparagus,1972,1972,100 g/ha,30556,E,Estimated value,
QCL,Crops and livestock products,143,Morocco,5510,Production,367,Asparagus,1972,1972,t,11000,E,Estimated value,
QCL,Crops and livestock products,143,Morocco,5312,Area harvested,367,Asparagus,1973,1973,ha,2800,E,Estimated value,
QCL,Crops and livestock products,143,Morocco,5419,Yield,367,Asparagus,1973,1973,100 g/ha,35714,E,Estimated value,
QCL,Crops and livestock products,143,Morocco,5510,Production,367,Asparagus,1973,1973,t,10000,E,Estimated value,
QCL,Crops and livestock products,143,Morocco,5312,Area harvested,367,Asparagus,1974,1974,ha,2800,E,Estimated value,
QCL,Crops and livestock products,143,Morocco,5419,Yield,367,Asparagus,1974,1974,100 g/ha,35714,E,Estimated value,
QCL,Crops and livestock products,143,Morocco,5510,Production,367,Asparagus,1974,1974,t,10000,E,Estimated value,
QCL,Crops and livestock products,143,Morocco,5312,Area harvested,367,Asparagus,1975,1975,ha,2500,E,Estimated value,
QCL,Crops and livestock products,143,Morocco,5419,Yield,367,Asparagus,1975,1975,100 g/ha,36000,E,Estimated value,
QCL,Crops and livestock products,143,Morocco,5510,Production,367,Asparagus,1975,1975,t,9000,E,Estimated value,
QCL,Crops and livestock products,143,Morocco,5312,Area harvested,367,Asparagus,1976,1976,ha,2500,E,Estimated value,
QCL,Crops and livestock products,143,Morocco,5419,Yield,367,Asparagus,1976,1976,100 g/ha,36000,E,Estimated value,
QCL,Crops and livestock products,143,Morocco,5510,Production,367,Asparagus,1976,1976,t,9000,E,Estimated value,
QCL,Crops and livestock products,143,Morocco,5312,Area harvested,367,Asparagus,1977,1977,ha,2000,E,Estimated value,
QCL,Crops and livestock products,143,Morocco,5419,Yield,367,Asparagus,1977,1977,100 g/ha,40000,E,Estimated value,
QCL,Crops and livestock products,143,Morocco,5510,Production,367,Asparagus,1977,1977,t,8000,E,Estimated value,
QCL,Crops and livestock products,143,Morocco,5312,Area harvested,367,Asparagus,1978,1978,ha,2000,E,Estimated value,
QCL,Crops and livestock products,143,Morocco,5419,Yield,367,Asparagus,1978,1978,100 g/ha,40000,E,Estimated value,
QCL,Crops and livestock products,143,Morocco,5510,Production,367,Asparagus,1978,1978,t,8000,E,Estimated value,
QCL,Crops and livestock products,143,Morocco,5312,Area harvested,367,Asparagus,1979,1979,ha,1750,E,Estimated value,
QCL,Crops and livestock products,143,Morocco,5419,Yield,367,Asparagus,1979,1979,100 g/ha,40000,E,Estimated value,
QCL,Crops and livestock products,143,Morocco,5510,Production,367,Asparagus,1979,1979,t,7000,E,Estimated value,
QCL,Crops and livestock products,143,Morocco,5312,Area harvested,367,Asparagus,1980,1980,ha,1750,E,Estimated value,
QCL,Crops and livestock products,143,Morocco,5419,Yield,367,Asparagus,1980,1980,100 g/ha,40000,E,Estimated value,
QCL,Crops and livestock products,143,Morocco,5510,Production,367,Asparagus,1980,1980,t,7000,E,Estimated value,
QCL,Crops and livestock products,143,Morocco,5312,Area harvested,367,Asparagus,1981,1981,ha,1500,E,Estimated value,
QCL,Crops and livestock products,143,Morocco,5419,Yield,367,Asparagus,1981,1981,100 g/ha,40000,E,Estimated value,
QCL,Crops and livestock products,143,Morocco,5510,Production,367,Asparagus,1981,1981,t,6000,E,Estimated value,
QCL,Crops and livestock products,143,Morocco,5312,Area harvested,367,Asparagus,1982,1982,ha,1500,E,Estimated value,
QCL,Crops and livestock products,143,Morocco,5419,Yield,367,Asparagus,1982,1982,100 g/ha,40000,E,Estimated value,
QCL,Crops and livestock products,143,Morocco,5510,Production,367,Asparagus,1982,1982,t,6000,E,Estimated value,
QCL,Crops and livestock products,143,Morocco,5312,Area harvested,367,Asparagus,1983,1983,ha,1250,E,Estimated value,
QCL,Crops and livestock products,143,Morocco,5419,Yield,367,Asparagus,1983,1983,100 g/ha,40000,E,Estimated value,
QCL,Crops and livestock products,143,Morocco,5510,Production,367,Asparagus,1983,1983,t,5000,E,Estimated value,
QCL,Crops and livestock products,143,Morocco,5312,Area harvested,367,Asparagus,1984,1984,ha,1250,E,Estimated value,
QCL,Crops and livestock products,143,Morocco,5419,Yield,367,Asparagus,1984,1984,100 g/ha,40000,E,Estimated value,
QCL,Crops and livestock products,143,Morocco,5510,Production,367,Asparagus,1984,1984,t,5000,E,Estimated value,
QCL,Crops and livestock products,143,Morocco,5312,Area harvested,367,Asparagus,1985,1985,ha,1000,E,Estimated value,
QCL,Crops and livestock products,143,Morocco,5419,Yield,367,Asparagus,1985,1985,100 g/ha,40000,E,Estimated value,
QCL,Crops and livestock products,143,Morocco,5510,Production,367,Asparagus,1985,1985,t,4000,E,Estimated value,
QCL,Crops and livestock products,143,Morocco,5312,Area harvested,367,Asparagus,1986,1986,ha,1000,E,Estimated value,
QCL,Crops and livestock products,143,Morocco,5419,Yield,367,Asparagus,1986,1986,100 g/ha,40000,E,Estimated value,
QCL,Crops and livestock products,143,Morocco,5510,Production,367,Asparagus,1986,1986,t,4000,E,Estimated value,
QCL,Crops and livestock products,143,Morocco,5312,Area harvested,367,Asparagus,1987,1987,ha,750,E,Estimated value,
QCL,Crops and livestock products,143,Morocco,5419,Yield,367,Asparagus,1987,1987,100 g/ha,40000,E,Estimated value,
QCL,Crops and livestock products,143,Morocco,5510,Production,367,Asparagus,1987,1987,t,3000,E,Estimated value,
QCL,Crops and livestock products,143,Morocco,5312,Area harvested,367,Asparagus,1988,1988,ha,750,E,Estimated value,
QCL,Crops and livestock products,143,Morocco,5419,Yield,367,Asparagus,1988,1988,100 g/ha,40000,E,Estimated value,
QCL,Crops and livestock products,143,Morocco,5510,Production,367,Asparagus,1988,1988,t,3000,E,Estimated value,
QCL,Crops and livestock products,143,Morocco,5312,Area harvested,367,Asparagus,1989,1989,ha,750,E,Estimated value,
QCL,Crops and livestock products,143,Morocco,5419,Yield,367,Asparagus,1989,1989,100 g/ha,40000,E,Estimated value,
QCL,Crops and livestock products,143,Morocco,5510,Production,367,Asparagus,1989,1989,t,3000,E,Estimated value,
QCL,Crops and livestock products,143,Morocco,5312,Area harvested,367,Asparagus,1990,1990,ha,500,E,Estimated value,
QCL,Crops and livestock products,143,Morocco,5419,Yield,367,Asparagus,1990,1990,100 g/ha,40000,E,Estimated value,
QCL,Crops and livestock products,143,Morocco,5510,Production,367,Asparagus,1990,1990,t,2000,E,Estimated value,
QCL,Crops and livestock products,143,Morocco,5312,Area harvested,367,Asparagus,1991,1991,ha,366,I,Imputed value,
QCL,Crops and livestock products,143,Morocco,5419,Yield,367,Asparagus,1991,1991,100 g/ha,54243,E,Estimated value,
QCL,Crops and livestock products,143,Morocco,5510,Production,367,Asparagus,1991,1991,t,1987.16,I,Imputed value,
QCL,Crops and livestock products,143,Morocco,5312,Area harvested,367,Asparagus,1992,1992,ha,347,I,Imputed value,
QCL,Crops and livestock products,143,Morocco,5419,Yield,367,Asparagus,1992,1992,100 g/ha,54398,E,Estimated value,
QCL,Crops and livestock products,143,Morocco,5510,Production,367,Asparagus,1992,1992,t,1885.65,I,Imputed value,
QCL,Crops and livestock products,143,Morocco,5312,Area harvested,367,Asparagus,1993,1993,ha,410,A,Official figure,
QCL,Crops and livestock products,143,Morocco,5419,Yield,367,Asparagus,1993,1993,100 g/ha,37073,A,Official figure,
QCL,Crops and livestock products,143,Morocco,5510,Production,367,Asparagus,1993,1993,t,1520,A,Official figure,
QCL,Crops and livestock products,143,Morocco,5312,Area harvested,367,Asparagus,1994,1994,ha,293,A,Official figure,
QCL,Crops and livestock products,143,Morocco,5419,Yield,367,Asparagus,1994,1994,100 g/ha,46075,A,Official figure,
QCL,Crops and livestock products,143,Morocco,5510,Production,367,Asparagus,1994,1994,t,1350,A,Official figure,
QCL,Crops and livestock products,143,Morocco,5312,Area harvested,367,Asparagus,1995,1995,ha,297,A,Official figure,
QCL,Crops and livestock products,143,Morocco,5419,Yield,367,Asparagus,1995,1995,100 g/ha,67677,A,Official figure,
QCL,Crops and livestock products,143,Morocco,5510,Production,367,Asparagus,1995,1995,t,2010,A,Official figure,
QCL,Crops and livestock products,143,Morocco,5312,Area harvested,367,Asparagus,1996,1996,ha,330,A,Official figure,
QCL,Crops and livestock products,143,Morocco,5419,Yield,367,Asparagus,1996,1996,100 g/ha,43636,A,Official figure,
QCL,Crops and livestock products,143,Morocco,5510,Production,367,Asparagus,1996,1996,t,1440,A,Official figure,
QCL,Crops and livestock products,143,Morocco,5312,Area harvested,367,Asparagus,1997,1997,ha,370,A,Official figure,
QCL,Crops and livestock products,143,Morocco,5419,Yield,367,Asparagus,1997,1997,100 g/ha,118919,A,Official figure,
QCL,Crops and livestock products,143,Morocco,5510,Production,367,Asparagus,1997,1997,t,4400,A,Official figure,
QCL,Crops and livestock products,143,Morocco,5312,Area harvested,367,Asparagus,1998,1998,ha,280,A,Official figure,
QCL,Crops and livestock products,143,Morocco,5419,Yield,367,Asparagus,1998,1998,100 g/ha,160000,A,Official figure,
QCL,Crops and livestock products,143,Morocco,5510,Production,367,Asparagus,1998,1998,t,4480,A,Official figure,
QCL,Crops and livestock products,143,Morocco,5312,Area harvested,367,Asparagus,1999,1999,ha,164,I,Imputed value,
QCL,Crops and livestock products,143,Morocco,5419,Yield,367,Asparagus,1999,1999,100 g/ha,84280,E,Estimated value,
QCL,Crops and livestock products,143,Morocco,5510,Production,367,Asparagus,1999,1999,t,1380,A,Official figure,
QCL,Crops and livestock products,143,Morocco,5312,Area harvested,367,Asparagus,2000,2000,ha,330,E,Estimated value,
QCL,Crops and livestock products,143,Morocco,5419,Yield,367,Asparagus,2000,2000,100 g/ha,56061,E,Estimated value,
QCL,Crops and livestock products,143,Morocco,5510,Production,367,Asparagus,2000,2000,t,1850,A,Official figure,
QCL,Crops and livestock products,143,Morocco,5312,Area harvested,367,Asparagus,2001,2001,ha,360,E,Estimated value,
QCL,Crops and livestock products,143,Morocco,5419,Yield,367,Asparagus,2001,2001,100 g/ha,50000,E,Estimated value,
QCL,Crops and livestock products,143,Morocco,5510,Production,367,Asparagus,2001,2001,t,1800,E,Estimated value,
QCL,Crops and livestock products,143,Morocco,5312,Area harvested,367,Asparagus,2002,2002,ha,340,E,Estimated value,
QCL,Crops and livestock products,143,Morocco,5419,Yield,367,Asparagus,2002,2002,100 g/ha,50000,E,Estimated value,
QCL,Crops and livestock products,143,Morocco,5510,Production,367,Asparagus,2002,2002,t,1700,E,Estimated value,
QCL,Crops and livestock products,143,Morocco,5312,Area harvested,367,Asparagus,2003,2003,ha,282,I,Imputed value,
QCL,Crops and livestock products,143,Morocco,5419,Yield,367,Asparagus,2003,2003,100 g/ha,62655,E,Estimated value,
QCL,Crops and livestock products,143,Morocco,5510,Production,367,Asparagus,2003,2003,t,1768.69,I,Imputed value,
QCL,Crops and livestock products,143,Morocco,5312,Area harvested,367,Asparagus,2004,2004,ha,348,A,Official figure,
QCL,Crops and livestock products,143,Morocco,5419,Yield,367,Asparagus,2004,2004,100 g/ha,45402,A,Official figure,
QCL,Crops and livestock products,143,Morocco,5510,Production,367,Asparagus,2004,2004,t,1580,A,Official figure,
QCL,Crops and livestock products,143,Morocco,5312,Area harvested,367,Asparagus,2005,2005,ha,385,A,Official figure,
QCL,Crops and livestock products,143,Morocco,5419,Yield,367,Asparagus,2005,2005,100 g/ha,59091,A,Official figure,
QCL,Crops and livestock products,143,Morocco,5510,Production,367,Asparagus,2005,2005,t,2275,A,Official figure,
QCL,Crops and livestock products,143,Morocco,5312,Area harvested,367,Asparagus,2006,2006,ha,350,A,Official figure,
QCL,Crops and livestock products,143,Morocco,5419,Yield,367,Asparagus,2006,2006,100 g/ha,100000,A,Official figure,
QCL,Crops and livestock products,143,Morocco,5510,Production,367,Asparagus,2006,2006,t,3500,A,Official figure,
QCL,Crops and livestock products,143,Morocco,5312,Area harvested,367,Asparagus,2007,2007,ha,340,A,Official figure,
QCL,Crops and livestock products,143,Morocco,5419,Yield,367,Asparagus,2007,2007,100 g/ha,117647,A,Official figure,
QCL,Crops and livestock products,143,Morocco,5510,Production,367,Asparagus,2007,2007,t,4000,A,Official figure,
QCL,Crops and livestock products,143,Morocco,5312,Area harvested,367,Asparagus,2008,2008,ha,390,A,Official figure,
QCL,Crops and livestock products,143,Morocco,5419,Yield,367,Asparagus,2008,2008,100 g/ha,79487,A,Official figure,
QCL,Crops and livestock products,143,Morocco,5510,Production,367,Asparagus,2008,2008,t,3100,A,Official figure,
QCL,Crops and livestock products,143,Morocco,5312,Area harvested,367,Asparagus,2009,2009,ha,417,A,Official figure,
QCL,Crops and livestock products,143,Morocco,5419,Yield,367,Asparagus,2009,2009,100 g/ha,54197,A,Official figure,
QCL,Crops and livestock products,143,Morocco,5510,Production,367,Asparagus,2009,2009,t,2260,A,Official figure,
QCL,Crops and livestock products,143,Morocco,5312,Area harvested,367,Asparagus,2010,2010,ha,427,A,Official figure,
QCL,Crops and livestock products,143,Morocco,5419,Yield,367,Asparagus,2010,2010,100 g/ha,56440,A,Official figure,
QCL,Crops and livestock products,143,Morocco,5510,Production,367,Asparagus,2010,2010,t,2410,A,Official figure,
QCL,Crops and livestock products,143,Morocco,5312,Area harvested,367,Asparagus,2011,2011,ha,331,I,Imputed value,
QCL,Crops and livestock products,143,Morocco,5419,Yield,367,Asparagus,2011,2011,100 g/ha,73449,E,Estimated value,
QCL,Crops and livestock products,143,Morocco,5510,Production,367,Asparagus,2011,2011,t,2428.34,I,Imputed value,
QCL,Crops and livestock products,143,Morocco,5312,Area harvested,367,Asparagus,2012,2012,ha,309,I,Imputed value,
QCL,Crops and livestock products,143,Morocco,5419,Yield,367,Asparagus,2012,2012,100 g/ha,81214,E,Estimated value,
QCL,Crops and livestock products,143,Morocco,5510,Production,367,Asparagus,2012,2012,t,2506.23,I,Imputed value,
QCL,Crops and livestock products,143,Morocco,5312,Area harvested,367,Asparagus,2013,2013,ha,312,I,Imputed value,
QCL,Crops and livestock products,143,Morocco,5419,Yield,367,Asparagus,2013,2013,100 g/ha,90211,E,Estimated value,
QCL,Crops and livestock products,143,Morocco,5510,Production,367,Asparagus,2013,2013,t,2818.33,I,Imputed value,
QCL,Crops and livestock products,143,Morocco,5312,Area harvested,367,Asparagus,2014,2014,ha,199,A,Official figure,
QCL,Crops and livestock products,143,Morocco,5419,Yield,367,Asparagus,2014,2014,100 g/ha,125025,A,Official figure,
QCL,Crops and livestock products,143,Morocco,5510,Production,367,Asparagus,2014,2014,t,2488,A,Official figure,
QCL,Crops and livestock products,143,Morocco,5312,Area harvested,367,Asparagus,2015,2015,ha,58,A,Official figure,
QCL,Crops and livestock products,143,Morocco,5419,Yield,367,Asparagus,2015,2015,100 g/ha,113448,A,Official figure,
QCL,Crops and livestock products,143,Morocco,5510,Production,367,Asparagus,2015,2015,t,658,A,Official figure,
QCL,Crops and livestock products,143,Morocco,5312,Area harvested,367,Asparagus,2016,2016,ha,65,A,Official figure,
QCL,Crops and livestock products,143,Morocco,5419,Yield,367,Asparagus,2016,2016,100 g/ha,56923,A,Official figure,
QCL,Crops and livestock products,143,Morocco,5510,Production,367,Asparagus,2016,2016,t,370,A,Official figure,
QCL,Crops and livestock products,143,Morocco,5312,Area harvested,367,Asparagus,2017,2017,ha,54,A,Official figure,
QCL,Crops and livestock products,143,Morocco,5419,Yield,367,Asparagus,2017,2017,100 g/ha,52963,A,Official figure,
QCL,Crops and livestock products,143,Morocco,5510,Production,367,Asparagus,2017,2017,t,286,A,Official figure,
QCL,Crops and livestock products,143,Morocco,5312,Area harvested,367,Asparagus,2018,2018,ha,12,A,Official figure,
QCL,Crops and livestock products,143,Morocco,5419,Yield,367,Asparagus,2018,2018,100 g/ha,50000,A,Official figure,
QCL,Crops and livestock products,143,Morocco,5510,Production,367,Asparagus,2018,2018,t,60,A,Official figure,
QCL,Crops and livestock products,143,Morocco,5312,Area harvested,367,Asparagus,2019,2019,ha,30,A,Official figure,
QCL,Crops and livestock products,143,Morocco,5419,Yield,367,Asparagus,2019,2019,100 g/ha,103333,A,Official figure,
QCL,Crops and livestock products,143,Morocco,5510,Production,367,Asparagus,2019,2019,t,310,A,Official figure,
QCL,Crops and livestock products,143,Morocco,5312,Area harvested,367,Asparagus,2020,2020,ha,3,I,Imputed value,
QCL,Crops and livestock products,143,Morocco,5419,Yield,367,Asparagus,2020,2020,100 g/ha,68349,E,Estimated value,
QCL,Crops and livestock products,143,Morocco,5510,Production,367,Asparagus,2020,2020,t,20,A,Official figure,
QCL,Crops and livestock products,143,Morocco,5312,Area harvested,367,Asparagus,2021,2021,ha,4,A,Official figure,
QCL,Crops and livestock products,143,Morocco,5419,Yield,367,Asparagus,2021,2021,100 g/ha,25000,A,Official figure,
QCL,Crops and livestock products,143,Morocco,5510,Production,367,Asparagus,2021,2021,t,10,A,Official figure,
QCL,Crops and livestock products,143,Morocco,5312,Area harvested,367,Asparagus,2022,2022,ha,4,A,Official figure,
QCL,Crops and livestock products,143,Morocco,5419,Yield,367,Asparagus,2022,2022,100 g/ha,25000,A,Official figure,
QCL,Crops and livestock products,143,Morocco,5510,Production,367,Asparagus,2022,2022,t,10,A,Official figure,
QCL,Crops and livestock products,143,Morocco,5111,Stocks,1107,Asses,1961,1961,An,1007000,A,Official figure,
QCL,Crops and livestock products,143,Morocco,5111,Stocks,1107,Asses,1962,1962,An,1127000,A,Official figure,
QCL,Crops and livestock products,143,Morocco,5111,Stocks,1107,Asses,1963,1963,An,1132000,A,Official figure,
QCL,Crops and livestock products,143,Morocco,5111,Stocks,1107,Asses,1964,1964,An,1042000,A,Official figure,
QCL,Crops and livestock products,143,Morocco,5111,Stocks,1107,Asses,1965,1965,An,1000000,E,Estimated value,
QCL,Crops and livestock products,143,Morocco,5111,Stocks,1107,Asses,1966,1966,An,950000,E,Estimated value,
QCL,Crops and livestock products,143,Morocco,5111,Stocks,1107,Asses,1967,1967,An,910000,A,Official figure,
QCL,Crops and livestock products,143,Morocco,5111,Stocks,1107,Asses,1968,1968,An,930000,E,Estimated value,
QCL,Crops and livestock products,143,Morocco,5111,Stocks,1107,Asses,1969,1969,An,950000,E,Estimated value,
QCL,Crops and livestock products,143,Morocco,5111,Stocks,1107,Asses,1970,1970,An,1000000,E,Estimated value,
QCL,Crops and livestock products,143,Morocco,5111,Stocks,1107,Asses,1971,1971,An,1020000,A,Official figure,
QCL,Crops and livestock products,143,Morocco,5111,Stocks,1107,Asses,1972,1972,An,1100000,A,Official figure,
QCL,Crops and livestock products,143,Morocco,5111,Stocks,1107,Asses,1973,1973,An,1100000,A,Official figure,
QCL,Crops and livestock products,143,Morocco,5111,Stocks,1107,Asses,1974,1974,An,1200000,A,Official figure,
QCL,Crops and livestock products,143,Morocco,5111,Stocks,1107,Asses,1975,1975,An,1200000,E,Estimated value,
QCL,Crops and livestock products,143,Morocco,5111,Stocks,1107,Asses,1976,1976,An,1200000,E,Estimated value,
QCL,Crops and livestock products,143,Morocco,5111,Stocks,1107,Asses,1977,1977,An,1200000,E,Estimated value,
QCL,Crops and livestock products,143,Morocco,5111,Stocks,1107,Asses,1978,1978,An,1300000,E,Estimated value,
QCL,Crops and livestock products,143,Morocco,5111,Stocks,1107,Asses,1979,1979,An,1200000,E,Estimated value,
QCL,Crops and livestock products,143,Morocco,5111,Stocks,1107,Asses,1980,1980,An,993650,A,Official figure,
QCL,Crops and livestock products,143,Morocco,5111,Stocks,1107,Asses,1981,1981,An,901570,A,Official figure,
QCL,Crops and livestock products,143,Morocco,5111,Stocks,1107,Asses,1982,1982,An,723966,A,Official figure,
QCL,Crops and livestock products,143,Morocco,5111,Stocks,1107,Asses,1983,1983,An,747050,A,Official figure,
QCL,Crops and livestock products,143,Morocco,5111,Stocks,1107,Asses,1984,1984,An,707470,A,Official figure,
QCL,Crops and livestock products,143,Morocco,5111,Stocks,1107,Asses,1985,1985,An,741400,A,Official figure,
QCL,Crops and livestock products,143,Morocco,5111,Stocks,1107,Asses,1986,1986,An,785040,A,Official figure,
QCL,Crops and livestock products,143,Morocco,5111,Stocks,1107,Asses,1987,1987,An,854125,A,Official figure,
QCL,Crops and livestock products,143,Morocco,5111,Stocks,1107,Asses,1988,1988,An,904108,A,Official figure,
QCL,Crops and livestock products,143,Morocco,5111,Stocks,1107,Asses,1989,1989,An,918239,A,Official figure,
QCL,Crops and livestock products,143,Morocco,5111,Stocks,1107,Asses,1990,1990,An,911892,A,Official figure,
QCL,Crops and livestock products,143,Morocco,5111,Stocks,1107,Asses,1991,1991,An,919400,A,Official figure,
QCL,Crops and livestock products,143,Morocco,5111,Stocks,1107,Asses,1992,1992,An,981593,A,Official figure,
QCL,Crops and livestock products,143,Morocco,5111,Stocks,1107,Asses,1993,1993,An,904500,A,Official figure,
QCL,Crops and livestock products,143,Morocco,5111,Stocks,1107,Asses,1994,1994,An,915900,A,Official figure,
QCL,Crops and livestock products,143,Morocco,5111,Stocks,1107,Asses,1995,1995,An,953700,A,Official figure,
QCL,Crops and livestock products,143,Morocco,5111,Stocks,1107,Asses,1996,1996,An,918600,A,Official figure,
QCL,Crops and livestock products,143,Morocco,5111,Stocks,1107,Asses,1997,1997,An,949200,A,Official figure,
QCL,Crops and livestock products,143,Morocco,5111,Stocks,1107,Asses,1998,1998,An,979800,A,Official figure,
QCL,Crops and livestock products,143,Morocco,5111,Stocks,1107,Asses,1999,1999,An,1000500,A,Official figure,
QCL,Crops and livestock products,143,Morocco,5111,Stocks,1107,Asses,2000,2000,An,1099100,A,Official figure,
QCL,Crops and livestock products,143,Morocco,5111,Stocks,1107,Asses,2001,2001,An,1007300,A,Official figure,
QCL,Crops and livestock products,143,Morocco,5111,Stocks,1107,Asses,2002,2002,An,981800,A,Official figure,
QCL,Crops and livestock products,143,Morocco,5111,Stocks,1107,Asses,2003,2003,An,983400,A,Official figure,
QCL,Crops and livestock products,143,Morocco,5111,Stocks,1107,Asses,2004,2004,An,1011900,A,Official figure,
QCL,Crops and livestock products,143,Morocco,5111,Stocks,1107,Asses,2005,2005,An,1008000,A,Official figure,
QCL,Crops and livestock products,143,Morocco,5111,Stocks,1107,Asses,2006,2006,An,999100,A,Official figure,
QCL,Crops and livestock products,143,Morocco,5111,Stocks,1107,Asses,2007,2007,An,989700,A,Official figure,
QCL,Crops and livestock products,143,Morocco,5111,Stocks,1107,Asses,2008,2008,An,967800,A,Official figure,
QCL,Crops and livestock products,143,Morocco,5111,Stocks,1107,Asses,2009,2009,An,962600,A,Official figure,
QCL,Crops and livestock products,143,Morocco,5111,Stocks,1107,Asses,2010,2010,An,950750,A,Official figure,
QCL,Crops and livestock products,143,Morocco,5111,Stocks,1107,Asses,2011,2011,An,950190,A,Official figure,
QCL,Crops and livestock products,143,Morocco,5111,Stocks,1107,Asses,2012,2012,An,947110,A,Official figure,
QCL,Crops and livestock products,143,Morocco,5111,Stocks,1107,Asses,2013,2013,An,944360,A,Official figure,
QCL,Crops and livestock products,143,Morocco,5111,Stocks,1107,Asses,2014,2014,An,947000,A,Official figure,
QCL,Crops and livestock products,143,Morocco,5111,Stocks,1107,Asses,2015,2015,An,950000,A,Official figure,
QCL,Crops and livestock products,143,Morocco,5111,Stocks,1107,Asses,2016,2016,An,932000,A,Official figure,
QCL,Crops and livestock products,143,Morocco,5111,Stocks,1107,Asses,2017,2017,An,930000,A,Official figure,
QCL,Crops and livestock products,143,Morocco,5111,Stocks,1107,Asses,2018,2018,An,934000,A,Official figure,
QCL,Crops and livestock products,143,Morocco,5111,Stocks,1107,Asses,2019,2019,An,927000,A,Official figure,
QCL,Crops and livestock products,143,Morocco,5111,Stocks,1107,Asses,2020,2020,An,925000,A,Official figure,
QCL,Crops and livestock products,143,Morocco,5111,Stocks,1107,Asses,2021,2021,An,891440,A,Official figure,
QCL,Crops and livestock products,143,Morocco,5111,Stocks,1107,Asses,2022,2022,An,891440,A,Official figure,
QCL,Crops and livestock products,143,Morocco,5312,Area harvested,572,Avocados,1961,1961,ha,125,E,Estimated value,
QCL,Crops and livestock products,143,Morocco,5419,Yield,572,Avocados,1961,1961,100 g/ha,80000,E,Estimated value,
QCL,Crops and livestock products,143,Morocco,5510,Production,572,Avocados,1961,1961,t,1000,E,Estimated value,
QCL,Crops and livestock products,143,Morocco,5312,Area harvested,572,Avocados,1962,1962,ha,125,E,Estimated value,
QCL,Crops and livestock products,143,Morocco,5419,Yield,572,Avocados,1962,1962,100 g/ha,80000,E,Estimated value,
QCL,Crops and livestock products,143,Morocco,5510,Production,572,Avocados,1962,1962,t,1000,E,Estimated value,
QCL,Crops and livestock products,143,Morocco,5312,Area harvested,572,Avocados,1963,1963,ha,125,E,Estimated value,
QCL,Crops and livestock products,143,Morocco,5419,Yield,572,Avocados,1963,1963,100 g/ha,80000,E,Estimated value,
QCL,Crops and livestock products,143,Morocco,5510,Production,572,Avocados,1963,1963,t,1000,E,Estimated value,
QCL,Crops and livestock products,143,Morocco,5312,Area harvested,572,Avocados,1964,1964,ha,125,E,Estimated value,
QCL,Crops and livestock products,143,Morocco,5419,Yield,572,Avocados,1964,1964,100 g/ha,80000,E,Estimated value,
QCL,Crops and livestock products,143,Morocco,5510,Production,572,Avocados,1964,1964,t,1000,E,Estimated value,
QCL,Crops and livestock products,143,Morocco,5312,Area harvested,572,Avocados,1965,1965,ha,125,E,Estimated value,
QCL,Crops and livestock products,143,Morocco,5419,Yield,572,Avocados,1965,1965,100 g/ha,80000,E,Estimated value,
QCL,Crops and livestock products,143,Morocco,5510,Production,572,Avocados,1965,1965,t,1000,E,Estimated value,
QCL,Crops and livestock products,143,Morocco,5312,Area harvested,572,Avocados,1966,1966,ha,125,E,Estimated value,
QCL,Crops and livestock products,143,Morocco,5419,Yield,572,Avocados,1966,1966,100 g/ha,80000,E,Estimated value,
QCL,Crops and livestock products,143,Morocco,5510,Production,572,Avocados,1966,1966,t,1000,E,Estimated value,
QCL,Crops and livestock products,143,Morocco,5312,Area harvested,572,Avocados,1967,1967,ha,125,E,Estimated value,
QCL,Crops and livestock products,143,Morocco,5419,Yield,572,Avocados,1967,1967,100 g/ha,80000,E,Estimated value,
QCL,Crops and livestock products,143,Morocco,5510,Production,572,Avocados,1967,1967,t,1000,E,Estimated value,
QCL,Crops and livestock products,143,Morocco,5312,Area harvested,572,Avocados,1968,1968,ha,125,E,Estimated value,
QCL,Crops and livestock products,143,Morocco,5419,Yield,572,Avocados,1968,1968,100 g/ha,80000,E,Estimated value,
QCL,Crops and livestock products,143,Morocco,5510,Production,572,Avocados,1968,1968,t,1000,E,Estimated value,
QCL,Crops and livestock products,143,Morocco,5312,Area harvested,572,Avocados,1969,1969,ha,125,E,Estimated value,
QCL,Crops and livestock products,143,Morocco,5419,Yield,572,Avocados,1969,1969,100 g/ha,80000,E,Estimated value,
QCL,Crops and livestock products,143,Morocco,5510,Production,572,Avocados,1969,1969,t,1000,E,Estimated value,
QCL,Crops and livestock products,143,Morocco,5312,Area harvested,572,Avocados,1970,1970,ha,125,E,Estimated value,
QCL,Crops and livestock products,143,Morocco,5419,Yield,572,Avocados,1970,1970,100 g/ha,80000,E,Estimated value,
QCL,Crops and livestock products,143,Morocco,5510,Production,572,Avocados,1970,1970,t,1000,E,Estimated value,
QCL,Crops and livestock products,143,Morocco,5312,Area harvested,572,Avocados,1971,1971,ha,125,E,Estimated value,
QCL,Crops and livestock products,143,Morocco,5419,Yield,572,Avocados,1971,1971,100 g/ha,80000,E,Estimated value,
QCL,Crops and livestock products,143,Morocco,5510,Production,572,Avocados,1971,1971,t,1000,E,Estimated value,
QCL,Crops and livestock products,143,Morocco,5312,Area harvested,572,Avocados,1972,1972,ha,125,E,Estimated value,
QCL,Crops and livestock products,143,Morocco,5419,Yield,572,Avocados,1972,1972,100 g/ha,80000,E,Estimated value,
QCL,Crops and livestock products,143,Morocco,5510,Production,572,Avocados,1972,1972,t,1000,E,Estimated value,
QCL,Crops and livestock products,143,Morocco,5312,Area harvested,572,Avocados,1973,1973,ha,125,E,Estimated value,
QCL,Crops and livestock products,143,Morocco,5419,Yield,572,Avocados,1973,1973,100 g/ha,80000,E,Estimated value,
QCL,Crops and livestock products,143,Morocco,5510,Production,572,Avocados,1973,1973,t,1000,E,Estimated value,
QCL,Crops and livestock products,143,Morocco,5312,Area harvested,572,Avocados,1974,1974,ha,125,E,Estimated value,
QCL,Crops and livestock products,143,Morocco,5419,Yield,572,Avocados,1974,1974,100 g/ha,80000,E,Estimated value,
QCL,Crops and livestock products,143,Morocco,5510,Production,572,Avocados,1974,1974,t,1000,E,Estimated value,
QCL,Crops and livestock products,143,Morocco,5312,Area harvested,572,Avocados,1975,1975,ha,125,E,Estimated value,
QCL,Crops and livestock products,143,Morocco,5419,Yield,572,Avocados,1975,1975,100 g/ha,80000,E,Estimated value,
QCL,Crops and livestock products,143,Morocco,5510,Production,572,Avocados,1975,1975,t,1000,E,Estimated value,
QCL,Crops and livestock products,143,Morocco,5312,Area harvested,572,Avocados,1976,1976,ha,125,E,Estimated value,
QCL,Crops and livestock products,143,Morocco,5419,Yield,572,Avocados,1976,1976,100 g/ha,80000,E,Estimated value,
QCL,Crops and livestock products,143,Morocco,5510,Production,572,Avocados,1976,1976,t,1000,E,Estimated value,
QCL,Crops and livestock products,143,Morocco,5312,Area harvested,572,Avocados,1977,1977,ha,125,E,Estimated value,
QCL,Crops and livestock products,143,Morocco,5419,Yield,572,Avocados,1977,1977,100 g/ha,80000,E,Estimated value,
QCL,Crops and livestock products,143,Morocco,5510,Production,572,Avocados,1977,1977,t,1000,E,Estimated value,
QCL,Crops and livestock products,143,Morocco,5312,Area harvested,572,Avocados,1978,1978,ha,125,E,Estimated value,
QCL,Crops and livestock products,143,Morocco,5419,Yield,572,Avocados,1978,1978,100 g/ha,80000,E,Estimated value,
QCL,Crops and livestock products,143,Morocco,5510,Production,572,Avocados,1978,1978,t,1000,E,Estimated value,
QCL,Crops and livestock products,143,Morocco,5312,Area harvested,572,Avocados,1979,1979,ha,125,E,Estimated value,
QCL,Crops and livestock products,143,Morocco,5419,Yield,572,Avocados,1979,1979,100 g/ha,80000,E,Estimated value,
QCL,Crops and livestock products,143,Morocco,5510,Production,572,Avocados,1979,1979,t,1000,E,Estimated value,
QCL,Crops and livestock products,143,Morocco,5312,Area harvested,572,Avocados,1980,1980,ha,125,E,Estimated value,
QCL,Crops and livestock products,143,Morocco,5419,Yield,572,Avocados,1980,1980,100 g/ha,80000,E,Estimated value,
QCL,Crops and livestock products,143,Morocco,5510,Production,572,Avocados,1980,1980,t,1000,E,Estimated value,
QCL,Crops and livestock products,143,Morocco,5312,Area harvested,572,Avocados,1981,1981,ha,125,E,Estimated value,
QCL,Crops and livestock products,143,Morocco,5419,Yield,572,Avocados,1981,1981,100 g/ha,80000,E,Estimated value,
QCL,Crops and livestock products,143,Morocco,5510,Production,572,Avocados,1981,1981,t,1000,E,Estimated value,
QCL,Crops and livestock products,143,Morocco,5312,Area harvested,572,Avocados,1982,1982,ha,125,E,Estimated value,
QCL,Crops and livestock products,143,Morocco,5419,Yield,572,Avocados,1982,1982,100 g/ha,80000,E,Estimated value,
QCL,Crops and livestock products,143,Morocco,5510,Production,572,Avocados,1982,1982,t,1000,E,Estimated value,
QCL,Crops and livestock products,143,Morocco,5312,Area harvested,572,Avocados,1983,1983,ha,125,E,Estimated value,
QCL,Crops and livestock products,143,Morocco,5419,Yield,572,Avocados,1983,1983,100 g/ha,80000,E,Estimated value,
QCL,Crops and livestock products,143,Morocco,5510,Production,572,Avocados,1983,1983,t,1000,E,Estimated value,
QCL,Crops and livestock products,143,Morocco,5312,Area harvested,572,Avocados,1984,1984,ha,125,E,Estimated value,
QCL,Crops and livestock products,143,Morocco,5419,Yield,572,Avocados,1984,1984,100 g/ha,80000,E,Estimated value,
QCL,Crops and livestock products,143,Morocco,5510,Production,572,Avocados,1984,1984,t,1000,E,Estimated value,
QCL,Crops and livestock products,143,Morocco,5312,Area harvested,572,Avocados,1985,1985,ha,250,E,Estimated value,
QCL,Crops and livestock products,143,Morocco,5419,Yield,572,Avocados,1985,1985,100 g/ha,80000,E,Estimated value,
QCL,Crops and livestock products,143,Morocco,5510,Production,572,Avocados,1985,1985,t,2000,E,Estimated value,
QCL,Crops and livestock products,143,Morocco,5312,Area harvested,572,Avocados,1986,1986,ha,300,E,Estimated value,
QCL,Crops and livestock products,143,Morocco,5419,Yield,572,Avocados,1986,1986,100 g/ha,83333,E,Estimated value,
QCL,Crops and livestock products,143,Morocco,5510,Production,572,Avocados,1986,1986,t,2500,E,Estimated value,
QCL,Crops and livestock products,143,Morocco,5312,Area harvested,572,Avocados,1987,1987,ha,350,E,Estimated value,
QCL,Crops and livestock products,143,Morocco,5419,Yield,572,Avocados,1987,1987,100 g/ha,85714,E,Estimated value,
QCL,Crops and livestock products,143,Morocco,5510,Production,572,Avocados,1987,1987,t,3000,E,Estimated value,
QCL,Crops and livestock products,143,Morocco,5312,Area harvested,572,Avocados,1988,1988,ha,400,E,Estimated value,
QCL,Crops and livestock products,143,Morocco,5419,Yield,572,Avocados,1988,1988,100 g/ha,87500,E,Estimated value,
QCL,Crops and livestock products,143,Morocco,5510,Production,572,Avocados,1988,1988,t,3500,E,Estimated value,
QCL,Crops and livestock products,143,Morocco,5312,Area harvested,572,Avocados,1989,1989,ha,450,E,Estimated value,
QCL,Crops and livestock products,143,Morocco,5419,Yield,572,Avocados,1989,1989,100 g/ha,88889,E,Estimated value,
QCL,Crops and livestock products,143,Morocco,5510,Production,572,Avocados,1989,1989,t,4000,E,Estimated value,
QCL,Crops and livestock products,143,Morocco,5312,Area harvested,572,Avocados,1990,1990,ha,500,E,Estimated value,
QCL,Crops and livestock products,143,Morocco,5419,Yield,572,Avocados,1990,1990,100 g/ha,90000,E,Estimated value,
QCL,Crops and livestock products,143,Morocco,5510,Production,572,Avocados,1990,1990,t,4500,E,Estimated value,
QCL,Crops and livestock products,143,Morocco,5312,Area harvested,572,Avocados,1991,1991,ha,550,E,Estimated value,
QCL,Crops and livestock products,143,Morocco,5419,Yield,572,Avocados,1991,1991,100 g/ha,90909,E,Estimated value,
QCL,Crops and livestock products,143,Morocco,5510,Production,572,Avocados,1991,1991,t,5000,E,Estimated value,
QCL,Crops and livestock products,143,Morocco,5312,Area harvested,572,Avocados,1992,1992,ha,600,E,Estimated value,
QCL,Crops and livestock products,143,Morocco,5419,Yield,572,Avocados,1992,1992,100 g/ha,91667,E,Estimated value,
QCL,Crops and livestock products,143,Morocco,5510,Production,572,Avocados,1992,1992,t,5500,E,Estimated value,
QCL,Crops and livestock products,143,Morocco,5312,Area harvested,572,Avocados,1993,1993,ha,650,E,Estimated value,
QCL,Crops and livestock products,143,Morocco,5419,Yield,572,Avocados,1993,1993,100 g/ha,92308,E,Estimated value,
QCL,Crops and livestock products,143,Morocco,5510,Production,572,Avocados,1993,1993,t,6000,E,Estimated value,
QCL,Crops and livestock products,143,Morocco,5312,Area harvested,572,Avocados,1994,1994,ha,750,E,Estimated value,
QCL,Crops and livestock products,143,Morocco,5419,Yield,572,Avocados,1994,1994,100 g/ha,93333,E,Estimated value,
QCL,Crops and livestock products,143,Morocco,5510,Production,572,Avocados,1994,1994,t,7000,E,Estimated value,
QCL,Crops and livestock products,143,Morocco,5312,Area harvested,572,Avocados,1995,1995,ha,850,E,Estimated value,
QCL,Crops and livestock products,143,Morocco,5419,Yield,572,Avocados,1995,1995,100 g/ha,94118,E,Estimated value,
QCL,Crops and livestock products,143,Morocco,5510,Production,572,Avocados,1995,1995,t,8000,E,Estimated value,
QCL,Crops and livestock products,143,Morocco,5312,Area harvested,572,Avocados,1996,1996,ha,950,E,Estimated value,
QCL,Crops and livestock products,143,Morocco,5419,Yield,572,Avocados,1996,1996,100 g/ha,94737,E,Estimated value,
QCL,Crops and livestock products,143,Morocco,5510,Production,572,Avocados,1996,1996,t,9000,E,Estimated value,
QCL,Crops and livestock products,143,Morocco,5312,Area harvested,572,Avocados,1997,1997,ha,1100,E,Estimated value,
QCL,Crops and livestock products,143,Morocco,5419,Yield,572,Avocados,1997,1997,100 g/ha,90909,E,Estimated value,
QCL,Crops and livestock products,143,Morocco,5510,Production,572,Avocados,1997,1997,t,10000,E,Estimated value,
QCL,Crops and livestock products,143,Morocco,5312,Area harvested,572,Avocados,1998,1998,ha,1200,A,Official figure,
QCL,Crops and livestock products,143,Morocco,5419,Yield,572,Avocados,1998,1998,100 g/ha,91667,A,Official figure,
QCL,Crops and livestock products,143,Morocco,5510,Production,572,Avocados,1998,1998,t,11000,A,Official figure,
QCL,Crops and livestock products,143,Morocco,5312,Area harvested,572,Avocados,1999,1999,ha,1240,A,Official figure,
QCL,Crops and livestock products,143,Morocco,5419,Yield,572,Avocados,1999,1999,100 g/ha,104839,A,Official figure,
QCL,Crops and livestock products,143,Morocco,5510,Production,572,Avocados,1999,1999,t,13000,A,Official figure,
QCL,Crops and livestock products,143,Morocco,5312,Area harvested,572,Avocados,2000,2000,ha,1270,A,Official figure,
QCL,Crops and livestock products,143,Morocco,5419,Yield,572,Avocados,2000,2000,100 g/ha,102362,A,Official figure,
QCL,Crops and livestock products,143,Morocco,5510,Production,572,Avocados,2000,2000,t,13000,A,Official figure,
QCL,Crops and livestock products,143,Morocco,5312,Area harvested,572,Avocados,2001,2001,ha,1290,A,Official figure,
QCL,Crops and livestock products,143,Morocco,5419,Yield,572,Avocados,2001,2001,100 g/ha,105426,A,Official figure,
QCL,Crops and livestock products,143,Morocco,5510,Production,572,Avocados,2001,2001,t,13600,A,Official figure,
QCL,Crops and livestock products,143,Morocco,5312,Area harvested,572,Avocados,2002,2002,ha,1300,A,Official figure,
QCL,Crops and livestock products,143,Morocco,5419,Yield,572,Avocados,2002,2002,100 g/ha,103846,A,Official figure,
QCL,Crops and livestock products,143,Morocco,5510,Production,572,Avocados,2002,2002,t,13500,A,Official figure,
QCL,Crops and livestock products,143,Morocco,5312,Area harvested,572,Avocados,2003,2003,ha,1420,A,Official figure,
QCL,Crops and livestock products,143,Morocco,5419,Yield,572,Avocados,2003,2003,100 g/ha,102113,A,Official figure,
QCL,Crops and livestock products,143,Morocco,5510,Production,572,Avocados,2003,2003,t,14500,A,Official figure,
QCL,Crops and livestock products,143,Morocco,5312,Area harvested,572,Avocados,2004,2004,ha,1540,A,Official figure,
QCL,Crops and livestock products,143,Morocco,5419,Yield,572,Avocados,2004,2004,100 g/ha,101948,A,Official figure,
QCL,Crops and livestock products,143,Morocco,5510,Production,572,Avocados,2004,2004,t,15700,A,Official figure,
QCL,Crops and livestock products,143,Morocco,5312,Area harvested,572,Avocados,2005,2005,ha,1600,A,Official figure,
QCL,Crops and livestock products,143,Morocco,5419,Yield,572,Avocados,2005,2005,100 g/ha,83750,A,Official figure,
QCL,Crops and livestock products,143,Morocco,5510,Production,572,Avocados,2005,2005,t,13400,A,Official figure,
QCL,Crops and livestock products,143,Morocco,5312,Area harvested,572,Avocados,2006,2006,ha,1660,A,Official figure,
QCL,Crops and livestock products,143,Morocco,5419,Yield,572,Avocados,2006,2006,100 g/ha,98795,A,Official figure,
QCL,Crops and livestock products,143,Morocco,5510,Production,572,Avocados,2006,2006,t,16400,A,Official figure,
QCL,Crops and livestock products,143,Morocco,5312,Area harvested,572,Avocados,2007,2007,ha,1920,A,Official figure,
QCL,Crops and livestock products,143,Morocco,5419,Yield,572,Avocados,2007,2007,100 g/ha,88000,A,Official figure,
QCL,Crops and livestock products,143,Morocco,5510,Production,572,Avocados,2007,2007,t,16896,A,Official figure,
QCL,Crops and livestock products,143,Morocco,5312,Area harvested,572,Avocados,2008,2008,ha,1972,A,Official figure,
QCL,Crops and livestock products,143,Morocco,5419,Yield,572,Avocados,2008,2008,100 g/ha,97632,A,Official figure,
QCL,Crops and livestock products,143,Morocco,5510,Production,572,Avocados,2008,2008,t,19253,A,Official figure,
QCL,Crops and livestock products,143,Morocco,5312,Area harvested,572,Avocados,2009,2009,ha,2118,I,Imputed value,
QCL,Crops and livestock products,143,Morocco,5419,Yield,572,Avocados,2009,2009,100 g/ha,122733,E,Estimated value,
QCL,Crops and livestock products,143,Morocco,5510,Production,572,Avocados,2009,2009,t,26000,E,Estimated value,
QCL,Crops and livestock products,143,Morocco,5312,Area harvested,572,Avocados,2010,2010,ha,1868,A,Official figure,
QCL,Crops and livestock products,143,Morocco,5419,Yield,572,Avocados,2010,2010,100 g/ha,180112,A,Official figure,
QCL,Crops and livestock products,143,Morocco,5510,Production,572,Avocados,2010,2010,t,33645,A,Official figure,
QCL,Crops and livestock products,143,Morocco,5312,Area harvested,572,Avocados,2011,2011,ha,2539,A,Official figure,
QCL,Crops and livestock products,143,Morocco,5419,Yield,572,Avocados,2011,2011,100 g/ha,132017,A,Official figure,
QCL,Crops and livestock products,143,Morocco,5510,Production,572,Avocados,2011,2011,t,33519,A,Official figure,
QCL,Crops and livestock products,143,Morocco,5312,Area harvested,572,Avocados,2012,2012,ha,2065,A,Official figure,
QCL,Crops and livestock products,143,Morocco,5419,Yield,572,Avocados,2012,2012,100 g/ha,263148,E,Estimated value,
QCL,Crops and livestock products,143,Morocco,5510,Production,572,Avocados,2012,2012,t,54340,X,Figure from international organizations,Unofficial figure
QCL,Crops and livestock products,143,Morocco,5312,Area harvested,572,Avocados,2013,2013,ha,3105,A,Official figure,
QCL,Crops and livestock products,143,Morocco,5419,Yield,572,Avocados,2013,2013,100 g/ha,90427,A,Official figure,
QCL,Crops and livestock products,143,Morocco,5510,Production,572,Avocados,2013,2013,t,28079.5,A,Official figure,
QCL,Crops and livestock products,143,Morocco,5312,Area harvested,572,Avocados,2014,2014,ha,2599,A,Official figure,
QCL,Crops and livestock products,143,Morocco,5419,Yield,572,Avocados,2014,2014,100 g/ha,122713,A,Official figure,
QCL,Crops and livestock products,143,Morocco,5510,Production,572,Avocados,2014,2014,t,31895.5,A,Official figure,
QCL,Crops and livestock products,143,Morocco,5312,Area harvested,572,Avocados,2015,2015,ha,3423,A,Official figure,
QCL,Crops and livestock products,143,Morocco,5419,Yield,572,Avocados,2015,2015,100 g/ha,124849,A,Official figure,
QCL,Crops and livestock products,143,Morocco,5510,Production,572,Avocados,2015,2015,t,42732,A,Official figure,
QCL,Crops and livestock products,143,Morocco,5312,Area harvested,572,Avocados,2016,2016,ha,3806,A,Official figure,
QCL,Crops and livestock products,143,Morocco,5419,Yield,572,Avocados,2016,2016,100 g/ha,111013,A,Official figure,
QCL,Crops and livestock products,143,Morocco,5510,Production,572,Avocados,2016,2016,t,42256,A,Official figure,
QCL,Crops and livestock products,143,Morocco,5312,Area harvested,572,Avocados,2017,2017,ha,3505,A,Official figure,
QCL,Crops and livestock products,143,Morocco,5419,Yield,572,Avocados,2017,2017,100 g/ha,118972,A,Official figure,
QCL,Crops and livestock products,143,Morocco,5510,Production,572,Avocados,2017,2017,t,41695.34,A,Official figure,
QCL,Crops and livestock products,143,Morocco,5312,Area harvested,572,Avocados,2018,2018,ha,4449,A,Official figure,
QCL,Crops and livestock products,143,Morocco,5419,Yield,572,Avocados,2018,2018,100 g/ha,115011,A,Official figure,
QCL,Crops and livestock products,143,Morocco,5510,Production,572,Avocados,2018,2018,t,51170,A,Official figure,
QCL,Crops and livestock products,143,Morocco,5312,Area harvested,572,Avocados,2019,2019,ha,5069,A,Official figure,
QCL,Crops and livestock products,143,Morocco,5419,Yield,572,Avocados,2019,2019,100 g/ha,107666,A,Official figure,
QCL,Crops and livestock products,143,Morocco,5510,Production,572,Avocados,2019,2019,t,54576,A,Official figure,
QCL,Crops and livestock products,143,Morocco,5312,Area harvested,572,Avocados,2020,2020,ha,6745,A,Official figure,
QCL,Crops and livestock products,143,Morocco,5419,Yield,572,Avocados,2020,2020,100 g/ha,103692,A,Official figure,
QCL,Crops and livestock products,143,Morocco,5510,Production,572,Avocados,2020,2020,t,69940,A,Official figure,
QCL,Crops and livestock products,143,Morocco,5312,Area harvested,572,Avocados,2021,2021,ha,9301,A,Official figure,
QCL,Crops and livestock products,143,Morocco,5419,Yield,572,Avocados,2021,2021,100 g/ha,88559,A,Official figure,
QCL,Crops and livestock products,143,Morocco,5510,Production,572,Avocados,2021,2021,t,82369,A,Official figure,
QCL,Crops and livestock products,143,Morocco,5312,Area harvested,572,Avocados,2022,2022,ha,9608,A,Official figure,
QCL,Crops and livestock products,143,Morocco,5419,Yield,572,Avocados,2022,2022,100 g/ha,102753,A,Official figure,
QCL,Crops and livestock products,143,Morocco,5510,Production,572,Avocados,2022,2022,t,98720,A,Official figure,
QCL,Crops and livestock products,143,Morocco,5312,Area harvested,486,Bananas,1961,1961,ha,0,M,"Missing value (data cannot exist, not applicable)",
QCL,Crops and livestock products,143,Morocco,5510,Production,486,Bananas,1961,1961,t,0,A,Official figure,
QCL,Crops and livestock products,143,Morocco,5312,Area harvested,486,Bananas,1962,1962,ha,0,M,"Missing value (data cannot exist, not applicable)",
QCL,Crops and livestock products,143,Morocco,5510,Production,486,Bananas,1962,1962,t,0,A,Official figure,
QCL,Crops and livestock products,143,Morocco,5312,Area harvested,486,Bananas,1963,1963,ha,0,M,"Missing value (data cannot exist, not applicable)",
QCL,Crops and livestock products,143,Morocco,5510,Production,486,Bananas,1963,1963,t,0,A,Official figure,
QCL,Crops and livestock products,143,Morocco,5312,Area harvested,486,Bananas,1964,1964,ha,0,M,"Missing value (data cannot exist, not applicable)",
QCL,Crops and livestock products,143,Morocco,5510,Production,486,Bananas,1964,1964,t,0,A,Official figure,
QCL,Crops and livestock products,143,Morocco,5312,Area harvested,486,Bananas,1965,1965,ha,0,M,"Missing value (data cannot exist, not applicable)",
QCL,Crops and livestock products,143,Morocco,5510,Production,486,Bananas,1965,1965,t,0,A,Official figure,
QCL,Crops and livestock products,143,Morocco,5312,Area harvested,486,Bananas,1966,1966,ha,0,M,"Missing value (data cannot exist, not applicable)",
QCL,Crops and livestock products,143,Morocco,5510,Production,486,Bananas,1966,1966,t,0,A,Official figure,
QCL,Crops and livestock products,143,Morocco,5312,Area harvested,486,Bananas,1967,1967,ha,0,M,"Missing value (data cannot exist, not applicable)",
QCL,Crops and livestock products,143,Morocco,5510,Production,486,Bananas,1967,1967,t,0,A,Official figure,
QCL,Crops and livestock products,143,Morocco,5312,Area harvested,486,Bananas,1968,1968,ha,0,M,"Missing value (data cannot exist, not applicable)",
QCL,Crops and livestock products,143,Morocco,5510,Production,486,Bananas,1968,1968,t,0,A,Official figure,
QCL,Crops and livestock products,143,Morocco,5312,Area harvested,486,Bananas,1969,1969,ha,0,M,"Missing value (data cannot exist, not applicable)",
QCL,Crops and livestock products,143,Morocco,5510,Production,486,Bananas,1969,1969,t,0,A,Official figure,
QCL,Crops and livestock products,143,Morocco,5312,Area harvested,486,Bananas,1970,1970,ha,0,M,"Missing value (data cannot exist, not applicable)",
QCL,Crops and livestock products,143,Morocco,5510,Production,486,Bananas,1970,1970,t,0,A,Official figure,
QCL,Crops and livestock products,143,Morocco,5312,Area harvested,486,Bananas,1971,1971,ha,0,M,"Missing value (data cannot exist, not applicable)",
QCL,Crops and livestock products,143,Morocco,5510,Production,486,Bananas,1971,1971,t,0,A,Official figure,
QCL,Crops and livestock products,143,Morocco,5312,Area harvested,486,Bananas,1972,1972,ha,0,M,"Missing value (data cannot exist, not applicable)",
QCL,Crops and livestock products,143,Morocco,5510,Production,486,Bananas,1972,1972,t,0,A,Official figure,
QCL,Crops and livestock products,143,Morocco,5312,Area harvested,486,Bananas,1973,1973,ha,0,M,"Missing value (data cannot exist, not applicable)",
QCL,Crops and livestock products,143,Morocco,5510,Production,486,Bananas,1973,1973,t,0,A,Official figure,
QCL,Crops and livestock products,143,Morocco,5312,Area harvested,486,Bananas,1974,1974,ha,0,M,"Missing value (data cannot exist, not applicable)",
QCL,Crops and livestock products,143,Morocco,5510,Production,486,Bananas,1974,1974,t,0,A,Official figure,
QCL,Crops and livestock products,143,Morocco,5312,Area harvested,486,Bananas,1975,1975,ha,0,M,"Missing value (data cannot exist, not applicable)",
QCL,Crops and livestock products,143,Morocco,5510,Production,486,Bananas,1975,1975,t,0,A,Official figure,
QCL,Crops and livestock products,143,Morocco,5312,Area harvested,486,Bananas,1976,1976,ha,0,M,"Missing value (data cannot exist, not applicable)",
QCL,Crops and livestock products,143,Morocco,5510,Production,486,Bananas,1976,1976,t,0,A,Official figure,
QCL,Crops and livestock products,143,Morocco,5312,Area harvested,486,Bananas,1977,1977,ha,0,M,"Missing value (data cannot exist, not applicable)",
QCL,Crops and livestock products,143,Morocco,5510,Production,486,Bananas,1977,1977,t,0,A,Official figure,
QCL,Crops and livestock products,143,Morocco,5312,Area harvested,486,Bananas,1978,1978,ha,0,M,"Missing value (data cannot exist, not applicable)",
QCL,Crops and livestock products,143,Morocco,5510,Production,486,Bananas,1978,1978,t,0,A,Official figure,
QCL,Crops and livestock products,143,Morocco,5312,Area harvested,486,Bananas,1979,1979,ha,120,E,Estimated value,
QCL,Crops and livestock products,143,Morocco,5419,Yield,486,Bananas,1979,1979,100 g/ha,166667,E,Estimated value,
QCL,Crops and livestock products,143,Morocco,5510,Production,486,Bananas,1979,1979,t,2000,E,Estimated value,
QCL,Crops and livestock products,143,Morocco,5312,Area harvested,486,Bananas,1980,1980,ha,140,E,Estimated value,
QCL,Crops and livestock products,143,Morocco,5419,Yield,486,Bananas,1980,1980,100 g/ha,171429,E,Estimated value,
QCL,Crops and livestock products,143,Morocco,5510,Production,486,Bananas,1980,1980,t,2400,E,Estimated value,
QCL,Crops and livestock products,143,Morocco,5312,Area harvested,486,Bananas,1981,1981,ha,160,E,Estimated value,
QCL,Crops and livestock products,143,Morocco,5419,Yield,486,Bananas,1981,1981,100 g/ha,175000,E,Estimated value,
QCL,Crops and livestock products,143,Morocco,5510,Production,486,Bananas,1981,1981,t,2800,E,Estimated value,
QCL,Crops and livestock products,143,Morocco,5312,Area harvested,486,Bananas,1982,1982,ha,180,E,Estimated value,
QCL,Crops and livestock products,143,Morocco,5419,Yield,486,Bananas,1982,1982,100 g/ha,177778,E,Estimated value,
QCL,Crops and livestock products,143,Morocco,5510,Production,486,Bananas,1982,1982,t,3200,E,Estimated value,
QCL,Crops and livestock products,143,Morocco,5312,Area harvested,486,Bananas,1983,1983,ha,200,E,Estimated value,
QCL,Crops and livestock products,143,Morocco,5419,Yield,486,Bananas,1983,1983,100 g/ha,180000,E,Estimated value,
QCL,Crops and livestock products,143,Morocco,5510,Production,486,Bananas,1983,1983,t,3600,E,Estimated value,
QCL,Crops and livestock products,143,Morocco,5312,Area harvested,486,Bananas,1984,1984,ha,230,E,Estimated value,
QCL,Crops and livestock products,143,Morocco,5419,Yield,486,Bananas,1984,1984,100 g/ha,173913,E,Estimated value,
QCL,Crops and livestock products,143,Morocco,5510,Production,486,Bananas,1984,1984,t,4000,E,Estimated value,
QCL,Crops and livestock products,143,Morocco,5312,Area harvested,486,Bananas,1985,1985,ha,400,E,Estimated value,
QCL,Crops and livestock products,143,Morocco,5419,Yield,486,Bananas,1985,1985,100 g/ha,175000,E,Estimated value,
QCL,Crops and livestock products,143,Morocco,5510,Production,486,Bananas,1985,1985,t,7000,E,Estimated value,
QCL,Crops and livestock products,143,Morocco,5312,Area harvested,486,Bananas,1986,1986,ha,550,E,Estimated value,
QCL,Crops and livestock products,143,Morocco,5419,Yield,486,Bananas,1986,1986,100 g/ha,181818,E,Estimated value,
QCL,Crops and livestock products,143,Morocco,5510,Production,486,Bananas,1986,1986,t,10000,E,Estimated value,
QCL,Crops and livestock products,143,Morocco,5312,Area harvested,486,Bananas,1987,1987,ha,800,E,Estimated value,
QCL,Crops and livestock products,143,Morocco,5419,Yield,486,Bananas,1987,1987,100 g/ha,216250,E,Estimated value,
QCL,Crops and livestock products,143,Morocco,5510,Production,486,Bananas,1987,1987,t,17300,A,Official figure,
QCL,Crops and livestock products,143,Morocco,5312,Area harvested,486,Bananas,1988,1988,ha,1000,A,Official figure,
QCL,Crops and livestock products,143,Morocco,5419,Yield,486,Bananas,1988,1988,100 g/ha,253000,A,Official figure,
QCL,Crops and livestock products,143,Morocco,5510,Production,486,Bananas,1988,1988,t,25300,A,Official figure,
QCL,Crops and livestock products,143,Morocco,5312,Area harvested,486,Bananas,1989,1989,ha,1300,A,Official figure,
QCL,Crops and livestock products,143,Morocco,5419,Yield,486,Bananas,1989,1989,100 g/ha,286923,A,Official figure,
QCL,Crops and livestock products,143,Morocco,5510,Production,486,Bananas,1989,1989,t,37300,A,Official figure,
QCL,Crops and livestock products,143,Morocco,5312,Area harvested,486,Bananas,1990,1990,ha,1700,A,Official figure,
QCL,Crops and livestock products,143,Morocco,5419,Yield,486,Bananas,1990,1990,100 g/ha,299412,A,Official figure,
QCL,Crops and livestock products,143,Morocco,5510,Production,486,Bananas,1990,1990,t,50900,A,Official figure,
QCL,Crops and livestock products,143,Morocco,5312,Area harvested,486,Bananas,1991,1991,ha,2200,A,Official figure,
QCL,Crops and livestock products,143,Morocco,5419,Yield,486,Bananas,1991,1991,100 g/ha,280000,A,Official figure,
QCL,Crops and livestock products,143,Morocco,5510,Production,486,Bananas,1991,1991,t,61600,A,Official figure,
QCL,Crops and livestock products,143,Morocco,5312,Area harvested,486,Bananas,1992,1992,ha,2600,A,Official figure,
QCL,Crops and livestock products,143,Morocco,5419,Yield,486,Bananas,1992,1992,100 g/ha,280769,A,Official figure,
QCL,Crops and livestock products,143,Morocco,5510,Production,486,Bananas,1992,1992,t,73000,A,Official figure,
QCL,Crops and livestock products,143,Morocco,5312,Area harvested,486,Bananas,1993,1993,ha,2900,A,Official figure,
QCL,Crops and livestock products,143,Morocco,5419,Yield,486,Bananas,1993,1993,100 g/ha,321724,A,Official figure,
QCL,Crops and livestock products,143,Morocco,5510,Production,486,Bananas,1993,1993,t,93300,A,Official figure,
QCL,Crops and livestock products,143,Morocco,5312,Area harvested,486,Bananas,1994,1994,ha,3000,A,Official figure,
QCL,Crops and livestock products,143,Morocco,5419,Yield,486,Bananas,1994,1994,100 g/ha,333333,A,Official figure,
QCL,Crops and livestock products,143,Morocco,5510,Production,486,Bananas,1994,1994,t,100000,A,Official figure,
QCL,Crops and livestock products,143,Morocco,5312,Area harvested,486,Bananas,1995,1995,ha,2900,A,Official figure,
QCL,Crops and livestock products,143,Morocco,5419,Yield,486,Bananas,1995,1995,100 g/ha,310345,A,Official figure,
QCL,Crops and livestock products,143,Morocco,5510,Production,486,Bananas,1995,1995,t,90000,A,Official figure,
QCL,Crops and livestock products,143,Morocco,5312,Area harvested,486,Bananas,1996,1996,ha,2800,A,Official figure,
QCL,Crops and livestock products,143,Morocco,5419,Yield,486,Bananas,1996,1996,100 g/ha,315714,A,Official figure,
QCL,Crops and livestock products,143,Morocco,5510,Production,486,Bananas,1996,1996,t,88400,A,Official figure,
QCL,Crops and livestock products,143,Morocco,5312,Area harvested,486,Bananas,1997,1997,ha,2800,A,Official figure,
QCL,Crops and livestock products,143,Morocco,5419,Yield,486,Bananas,1997,1997,100 g/ha,332857,A,Official figure,
QCL,Crops and livestock products,143,Morocco,5510,Production,486,Bananas,1997,1997,t,93200,A,Official figure,
QCL,Crops and livestock products,143,Morocco,5312,Area harvested,486,Bananas,1998,1998,ha,3200,A,Official figure,
QCL,Crops and livestock products,143,Morocco,5419,Yield,486,Bananas,1998,1998,100 g/ha,318750,A,Official figure,
QCL,Crops and livestock products,143,Morocco,5510,Production,486,Bananas,1998,1998,t,102000,A,Official figure,
QCL,Crops and livestock products,143,Morocco,5312,Area harvested,486,Bananas,1999,1999,ha,3400,A,Official figure,
QCL,Crops and livestock products,143,Morocco,5419,Yield,486,Bananas,1999,1999,100 g/ha,325588,A,Official figure,
QCL,Crops and livestock products,143,Morocco,5510,Production,486,Bananas,1999,1999,t,110700,A,Official figure,
QCL,Crops and livestock products,143,Morocco,5312,Area harvested,486,Bananas,2000,2000,ha,3900,A,Official figure,
QCL,Crops and livestock products,143,Morocco,5419,Yield,486,Bananas,2000,2000,100 g/ha,305641,A,Official figure,
QCL,Crops and livestock products,143,Morocco,5510,Production,486,Bananas,2000,2000,t,119200,A,Official figure,
QCL,Crops and livestock products,143,Morocco,5312,Area harvested,486,Bananas,2001,2001,ha,4200,A,Official figure,
QCL,Crops and livestock products,143,Morocco,5419,Yield,486,Bananas,2001,2001,100 g/ha,338095,A,Official figure,
QCL,Crops and livestock products,143,Morocco,5510,Production,486,Bananas,2001,2001,t,142000,A,Official figure,
QCL,Crops and livestock products,143,Morocco,5312,Area harvested,486,Bananas,2002,2002,ha,4470,A,Official figure,
QCL,Crops and livestock products,143,Morocco,5419,Yield,486,Bananas,2002,2002,100 g/ha,363087,A,Official figure,
QCL,Crops and livestock products,143,Morocco,5510,Production,486,Bananas,2002,2002,t,162300,A,Official figure,
QCL,Crops and livestock products,143,Morocco,5312,Area harvested,486,Bananas,2003,2003,ha,4870,A,Official figure,
QCL,Crops and livestock products,143,Morocco,5419,Yield,486,Bananas,2003,2003,100 g/ha,354209,A,Official figure,
QCL,Crops and livestock products,143,Morocco,5510,Production,486,Bananas,2003,2003,t,172500,A,Official figure,
QCL,Crops and livestock products,143,Morocco,5312,Area harvested,486,Bananas,2004,2004,ha,5200,A,Official figure,
QCL,Crops and livestock products,143,Morocco,5419,Yield,486,Bananas,2004,2004,100 g/ha,363462,A,Official figure,
QCL,Crops and livestock products,143,Morocco,5510,Production,486,Bananas,2004,2004,t,189000,A,Official figure,
QCL,Crops and livestock products,143,Morocco,5312,Area harvested,486,Bananas,2005,2005,ha,5300,A,Official figure,
QCL,Crops and livestock products,143,Morocco,5419,Yield,486,Bananas,2005,2005,100 g/ha,358491,A,Official figure,
QCL,Crops and livestock products,143,Morocco,5510,Production,486,Bananas,2005,2005,t,190000,A,Official figure,
QCL,Crops and livestock products,143,Morocco,5312,Area harvested,486,Bananas,2006,2006,ha,5540,A,Official figure,
QCL,Crops and livestock products,143,Morocco,5419,Yield,486,Bananas,2006,2006,100 g/ha,366426,A,Official figure,
QCL,Crops and livestock products,143,Morocco,5510,Production,486,Bananas,2006,2006,t,203000,A,Official figure,
QCL,Crops and livestock products,143,Morocco,5312,Area harvested,486,Bananas,2007,2007,ha,5397,A,Official figure,
QCL,Crops and livestock products,143,Morocco,5419,Yield,486,Bananas,2007,2007,100 g/ha,373915,A,Official figure,
QCL,Crops and livestock products,143,Morocco,5510,Production,486,Bananas,2007,2007,t,201802,A,Official figure,
QCL,Crops and livestock products,143,Morocco,5312,Area harvested,486,Bananas,2008,2008,ha,5683,A,Official figure,
QCL,Crops and livestock products,143,Morocco,5419,Yield,486,Bananas,2008,2008,100 g/ha,377815,A,Official figure,
QCL,Crops and livestock products,143,Morocco,5510,Production,486,Bananas,2008,2008,t,214712,A,Official figure,
QCL,Crops and livestock products,143,Morocco,5312,Area harvested,486,Bananas,2009,2009,ha,5600,A,Official figure,
QCL,Crops and livestock products,143,Morocco,5419,Yield,486,Bananas,2009,2009,100 g/ha,392857,A,Official figure,
QCL,Crops and livestock products,143,Morocco,5510,Production,486,Bananas,2009,2009,t,220000,A,Official figure,
QCL,Crops and livestock products,143,Morocco,5312,Area harvested,486,Bananas,2010,2010,ha,6944,A,Official figure,
QCL,Crops and livestock products,143,Morocco,5419,Yield,486,Bananas,2010,2010,100 g/ha,416433,A,Official figure,
QCL,Crops and livestock products,143,Morocco,5510,Production,486,Bananas,2010,2010,t,289171,A,Official figure,
QCL,Crops and livestock products,143,Morocco,5312,Area harvested,486,Bananas,2011,2011,ha,6265,A,Official figure,
QCL,Crops and livestock products,143,Morocco,5419,Yield,486,Bananas,2011,2011,100 g/ha,442613,A,Official figure,
QCL,Crops and livestock products,143,Morocco,5510,Production,486,Bananas,2011,2011,t,277297,A,Official figure,
QCL,Crops and livestock products,143,Morocco,5312,Area harvested,486,Bananas,2012,2012,ha,5399,A,Official figure,
QCL,Crops and livestock products,143,Morocco,5419,Yield,486,Bananas,2012,2012,100 g/ha,411682,A,Official figure,
QCL,Crops and livestock products,143,Morocco,5510,Production,486,Bananas,2012,2012,t,222267,A,Official figure,
QCL,Crops and livestock products,143,Morocco,5312,Area harvested,486,Bananas,2013,2013,ha,9257,A,Official figure,
QCL,Crops and livestock products,143,Morocco,5419,Yield,486,Bananas,2013,2013,100 g/ha,327689,A,Official figure,
QCL,Crops and livestock products,143,Morocco,5510,Production,486,Bananas,2013,2013,t,303329,A,Official figure,
QCL,Crops and livestock products,143,Morocco,5312,Area harvested,486,Bananas,2014,2014,ha,8394,A,Official figure,
QCL,Crops and livestock products,143,Morocco,5419,Yield,486,Bananas,2014,2014,100 g/ha,407980,A,Official figure,
QCL,Crops and livestock products,143,Morocco,5510,Production,486,Bananas,2014,2014,t,342475,A,Official figure,
QCL,Crops and livestock products,143,Morocco,5312,Area harvested,486,Bananas,2015,2015,ha,8427,A,Official figure,
QCL,Crops and livestock products,143,Morocco,5419,Yield,486,Bananas,2015,2015,100 g/ha,397481,A,Official figure,
QCL,Crops and livestock products,143,Morocco,5510,Production,486,Bananas,2015,2015,t,334941.6,A,Official figure,
QCL,Crops and livestock products,143,Morocco,5312,Area harvested,486,Bananas,2016,2016,ha,8490,A,Official figure,
QCL,Crops and livestock products,143,Morocco,5419,Yield,486,Bananas,2016,2016,100 g/ha,393210,A,Official figure,
QCL,Crops and livestock products,143,Morocco,5510,Production,486,Bananas,2016,2016,t,333819.6,A,Official figure,
QCL,Crops and livestock products,143,Morocco,5312,Area harvested,486,Bananas,2017,2017,ha,8520,A,Official figure,
QCL,Crops and livestock products,143,Morocco,5419,Yield,486,Bananas,2017,2017,100 g/ha,391572,A,Official figure,
QCL,Crops and livestock products,143,Morocco,5510,Production,486,Bananas,2017,2017,t,333619,A,Official figure,
QCL,Crops and livestock products,143,Morocco,5312,Area harvested,486,Bananas,2018,2018,ha,8412,A,Official figure,
QCL,Crops and livestock products,143,Morocco,5419,Yield,486,Bananas,2018,2018,100 g/ha,380350,A,Official figure,
QCL,Crops and livestock products,143,Morocco,5510,Production,486,Bananas,2018,2018,t,319950,A,Official figure,
QCL,Crops and livestock products,143,Morocco,5312,Area harvested,486,Bananas,2019,2019,ha,8529,A,Official figure,
QCL,Crops and livestock products,143,Morocco,5419,Yield,486,Bananas,2019,2019,100 g/ha,410276,A,Official figure,
QCL,Crops and livestock products,143,Morocco,5510,Production,486,Bananas,2019,2019,t,349924,A,Official figure,
QCL,Crops and livestock products,143,Morocco,5312,Area harvested,486,Bananas,2020,2020,ha,8786,A,Official figure,
QCL,Crops and livestock products,143,Morocco,5419,Yield,486,Bananas,2020,2020,100 g/ha,388070,A,Official figure,
QCL,Crops and livestock products,143,Morocco,5510,Production,486,Bananas,2020,2020,t,340958,A,Official figure,
QCL,Crops and livestock products,143,Morocco,5312,Area harvested,486,Bananas,2021,2021,ha,8831,A,Official figure,
QCL,Crops and livestock products,143,Morocco,5419,Yield,486,Bananas,2021,2021,100 g/ha,380634,A,Official figure,
QCL,Crops and livestock products,143,Morocco,5510,Production,486,Bananas,2021,2021,t,336138,A,Official figure,
QCL,Crops and livestock products,143,Morocco,5312,Area harvested,486,Bananas,2022,2022,ha,8482,A,Official figure,
QCL,Crops and livestock products,143,Morocco,5419,Yield,486,Bananas,2022,2022,100 g/ha,394408,A,Official figure,
QCL,Crops and livestock products,143,Morocco,5510,Production,486,Bananas,2022,2022,t,334537,A,Official figure,
QCL,Crops and livestock products,143,Morocco,5312,Area harvested,44,Barley,1961,1961,ha,1584300,A,Official figure,
QCL,Crops and livestock products,143,Morocco,5419,Yield,44,Barley,1961,1961,100 g/ha,3608,A,Official figure,
QCL,Crops and livestock products,143,Morocco,5510,Production,44,Barley,1961,1961,t,571680,A,Official figure,
QCL,Crops and livestock products,143,Morocco,5312,Area harvested,44,Barley,1962,1962,ha,1164000,A,Official figure,
QCL,Crops and livestock products,143,Morocco,5419,Yield,44,Barley,1962,1962,100 g/ha,12216,A,Official figure,
QCL,Crops and livestock products,143,Morocco,5510,Production,44,Barley,1962,1962,t,1422000,A,Official figure,
QCL,Crops and livestock products,143,Morocco,5312,Area harvested,44,Barley,1963,1963,ha,1966665,A,Official figure,
QCL,Crops and livestock products,143,Morocco,5419,Yield,44,Barley,1963,1963,100 g/ha,8907,A,Official figure,
QCL,Crops and livestock products,143,Morocco,5510,Production,44,Barley,1963,1963,t,1751771,A,Official figure,
QCL,Crops and livestock products,143,Morocco,5312,Area harvested,44,Barley,1964,1964,ha,1746680,A,Official figure,
QCL,Crops and livestock products,143,Morocco,5419,Yield,44,Barley,1964,1964,100 g/ha,8025,A,Official figure,
QCL,Crops and livestock products,143,Morocco,5510,Production,44,Barley,1964,1964,t,1401705,A,Official figure,
QCL,Crops and livestock products,143,Morocco,5312,Area harvested,44,Barley,1965,1965,ha,1675500,A,Official figure,
QCL,Crops and livestock products,143,Morocco,5419,Yield,44,Barley,1965,1965,100 g/ha,8544,A,Official figure,
QCL,Crops and livestock products,143,Morocco,5510,Production,44,Barley,1965,1965,t,1431565,A,Official figure,
QCL,Crops and livestock products,143,Morocco,5312,Area harvested,44,Barley,1966,1966,ha,2088000,A,Official figure,
QCL,Crops and livestock products,143,Morocco,5419,Yield,44,Barley,1966,1966,100 g/ha,3369,A,Official figure,
QCL,Crops and livestock products,143,Morocco,5510,Production,44,Barley,1966,1966,t,703500,A,Official figure,
QCL,Crops and livestock products,143,Morocco,5312,Area harvested,44,Barley,1967,1967,ha,2104000,A,Official figure,
QCL,Crops and livestock products,143,Morocco,5419,Yield,44,Barley,1967,1967,100 g/ha,7224,A,Official figure,
QCL,Crops and livestock products,143,Morocco,5510,Production,44,Barley,1967,1967,t,1520000,A,Official figure,
QCL,Crops and livestock products,143,Morocco,5312,Area harvested,44,Barley,1968,1968,ha,2135000,A,Official figure,
QCL,Crops and livestock products,143,Morocco,5419,Yield,44,Barley,1968,1968,100 g/ha,15044,A,Official figure,
QCL,Crops and livestock products,143,Morocco,5510,Production,44,Barley,1968,1968,t,3212000,A,Official figure,
QCL,Crops and livestock products,143,Morocco,5312,Area harvested,44,Barley,1969,1969,ha,2072000,A,Official figure,
QCL,Crops and livestock products,143,Morocco,5419,Yield,44,Barley,1969,1969,100 g/ha,9855,A,Official figure,
QCL,Crops and livestock products,143,Morocco,5510,Production,44,Barley,1969,1969,t,2042000,A,Official figure,
QCL,Crops and livestock products,143,Morocco,5312,Area harvested,44,Barley,1970,1970,ha,1915000,A,Official figure,
QCL,Crops and livestock products,143,Morocco,5419,Yield,44,Barley,1970,1970,100 g/ha,10210,A,Official figure,
QCL,Crops and livestock products,143,Morocco,5510,Production,44,Barley,1970,1970,t,1955200,A,Official figure,
QCL,Crops and livestock products,143,Morocco,5312,Area harvested,44,Barley,1971,1971,ha,2023000,A,Official figure,
QCL,Crops and livestock products,143,Morocco,5419,Yield,44,Barley,1971,1971,100 g/ha,12723,A,Official figure,
QCL,Crops and livestock products,143,Morocco,5510,Production,44,Barley,1971,1971,t,2573900,A,Official figure,
QCL,Crops and livestock products,143,Morocco,5312,Area harvested,44,Barley,1972,1972,ha,1957800,A,Official figure,
QCL,Crops and livestock products,143,Morocco,5419,Yield,44,Barley,1972,1972,100 g/ha,12605,A,Official figure,
QCL,Crops and livestock products,143,Morocco,5510,Production,44,Barley,1972,1972,t,2467890,A,Official figure,
QCL,Crops and livestock products,143,Morocco,5312,Area harvested,44,Barley,1973,1973,ha,2041300,A,Official figure,
QCL,Crops and livestock products,143,Morocco,5419,Yield,44,Barley,1973,1973,100 g/ha,6156,A,Official figure,
QCL,Crops and livestock products,143,Morocco,5510,Production,44,Barley,1973,1973,t,1256600,A,Official figure,
QCL,Crops and livestock products,143,Morocco,5312,Area harvested,44,Barley,1974,1974,ha,1998000,A,Official figure,
QCL,Crops and livestock products,143,Morocco,5419,Yield,44,Barley,1974,1974,100 g/ha,11957,A,Official figure,
QCL,Crops and livestock products,143,Morocco,5510,Production,44,Barley,1974,1974,t,2389000,A,Official figure,
QCL,Crops and livestock products,143,Morocco,5312,Area harvested,44,Barley,1975,1975,ha,1844000,A,Official figure,
QCL,Crops and livestock products,143,Morocco,5419,Yield,44,Barley,1975,1975,100 g/ha,8606,A,Official figure,
QCL,Crops and livestock products,143,Morocco,5510,Production,44,Barley,1975,1975,t,1587000,A,Official figure,
QCL,Crops and livestock products,143,Morocco,5312,Area harvested,44,Barley,1976,1976,ha,2236000,A,Official figure,
QCL,Crops and livestock products,143,Morocco,5419,Yield,44,Barley,1976,1976,100 g/ha,12800,A,Official figure,
QCL,Crops and livestock products,143,Morocco,5510,Production,44,Barley,1976,1976,t,2862000,A,Official figure,
QCL,Crops and livestock products,143,Morocco,5312,Area harvested,44,Barley,1977,1977,ha,2341000,A,Official figure,
QCL,Crops and livestock products,143,Morocco,5419,Yield,44,Barley,1977,1977,100 g/ha,5754,A,Official figure,
QCL,Crops and livestock products,143,Morocco,5510,Production,44,Barley,1977,1977,t,1347000,A,Official figure,
QCL,Crops and livestock products,143,Morocco,5312,Area harvested,44,Barley,1978,1978,ha,2415000,A,Official figure,
QCL,Crops and livestock products,143,Morocco,5419,Yield,44,Barley,1978,1978,100 g/ha,9640,A,Official figure,
QCL,Crops and livestock products,143,Morocco,5510,Production,44,Barley,1978,1978,t,2328000,A,Official figure,
QCL,Crops and livestock products,143,Morocco,5312,Area harvested,44,Barley,1979,1979,ha,2193000,A,Official figure,
QCL,Crops and livestock products,143,Morocco,5419,Yield,44,Barley,1979,1979,100 g/ha,8609,A,Official figure,
QCL,Crops and livestock products,143,Morocco,5510,Production,44,Barley,1979,1979,t,1888000,A,Official figure,
QCL,Crops and livestock products,143,Morocco,5312,Area harvested,44,Barley,1980,1980,ha,2149800,A,Official figure,
QCL,Crops and livestock products,143,Morocco,5419,Yield,44,Barley,1980,1980,100 g/ha,10278,A,Official figure,
QCL,Crops and livestock products,143,Morocco,5510,Production,44,Barley,1980,1980,t,2209670,A,Official figure,
QCL,Crops and livestock products,143,Morocco,5312,Area harvested,44,Barley,1981,1981,ha,2228000,A,Official figure,
QCL,Crops and livestock products,143,Morocco,5419,Yield,44,Barley,1981,1981,100 g/ha,4663,A,Official figure,
QCL,Crops and livestock products,143,Morocco,5510,Production,44,Barley,1981,1981,t,1039000,A,Official figure,
QCL,Crops and livestock products,143,Morocco,5312,Area harvested,44,Barley,1982,1982,ha,2046500,A,Official figure,
QCL,Crops and livestock products,143,Morocco,5419,Yield,44,Barley,1982,1982,100 g/ha,11404,A,Official figure,
QCL,Crops and livestock products,143,Morocco,5510,Production,44,Barley,1982,1982,t,2333760,A,Official figure,
QCL,Crops and livestock products,143,Morocco,5312,Area harvested,44,Barley,1983,1983,ha,2150800,A,Official figure,
QCL,Crops and livestock products,143,Morocco,5419,Yield,44,Barley,1983,1983,100 g/ha,5709,A,Official figure,
QCL,Crops and livestock products,143,Morocco,5510,Production,44,Barley,1983,1983,t,1227870,A,Official figure,
QCL,Crops and livestock products,143,Morocco,5312,Area harvested,44,Barley,1984,1984,ha,2126000,A,Official figure,
QCL,Crops and livestock products,143,Morocco,5419,Yield,44,Barley,1984,1984,100 g/ha,6609,A,Official figure,
QCL,Crops and livestock products,143,Morocco,5510,Production,44,Barley,1984,1984,t,1405000,A,Official figure,
QCL,Crops and livestock products,143,Morocco,5312,Area harvested,44,Barley,1985,1985,ha,2382600,A,Official figure,
QCL,Crops and livestock products,143,Morocco,5419,Yield,44,Barley,1985,1985,100 g/ha,10666,A,Official figure,
QCL,Crops and livestock products,143,Morocco,5510,Production,44,Barley,1985,1985,t,2541400,A,Official figure,
QCL,Crops and livestock products,143,Morocco,5312,Area harvested,44,Barley,1986,1986,ha,2471800,A,Official figure,
QCL,Crops and livestock products,143,Morocco,5419,Yield,44,Barley,1986,1986,100 g/ha,14415,A,Official figure,
QCL,Crops and livestock products,143,Morocco,5510,Production,44,Barley,1986,1986,t,3563000,A,Official figure,
QCL,Crops and livestock products,143,Morocco,5312,Area harvested,44,Barley,1987,1987,ha,2314500,A,Official figure,
QCL,Crops and livestock products,143,Morocco,5419,Yield,44,Barley,1987,1987,100 g/ha,6668,A,Official figure,
QCL,Crops and livestock products,143,Morocco,5510,Production,44,Barley,1987,1987,t,1543300,A,Official figure,
QCL,Crops and livestock products,143,Morocco,5312,Area harvested,44,Barley,1988,1988,ha,2499200,A,Official figure,
QCL,Crops and livestock products,143,Morocco,5419,Yield,44,Barley,1988,1988,100 g/ha,13821,A,Official figure,
QCL,Crops and livestock products,143,Morocco,5510,Production,44,Barley,1988,1988,t,3454030,A,Official figure,
QCL,Crops and livestock products,143,Morocco,5312,Area harvested,44,Barley,1989,1989,ha,2398900,A,Official figure,
QCL,Crops and livestock products,143,Morocco,5419,Yield,44,Barley,1989,1989,100 g/ha,12500,A,Official figure,
QCL,Crops and livestock products,143,Morocco,5510,Production,44,Barley,1989,1989,t,2998620,A,Official figure,
QCL,Crops and livestock products,143,Morocco,5312,Area harvested,44,Barley,1990,1990,ha,2414900,A,Official figure,
QCL,Crops and livestock products,143,Morocco,5419,Yield,44,Barley,1990,1990,100 g/ha,8852,A,Official figure,
QCL,Crops and livestock products,143,Morocco,5510,Production,44,Barley,1990,1990,t,2137640,A,Official figure,
QCL,Crops and livestock products,143,Morocco,5312,Area harvested,44,Barley,1991,1991,ha,2356900,A,Official figure,
QCL,Crops and livestock products,143,Morocco,5419,Yield,44,Barley,1991,1991,100 g/ha,13800,A,Official figure,
QCL,Crops and livestock products,143,Morocco,5510,Production,44,Barley,1991,1991,t,3252520,A,Official figure,
QCL,Crops and livestock products,143,Morocco,5312,Area harvested,44,Barley,1992,1992,ha,2232900,A,Official figure,
QCL,Crops and livestock products,143,Morocco,5419,Yield,44,Barley,1992,1992,100 g/ha,4840,A,Official figure,
QCL,Crops and livestock products,143,Morocco,5510,Production,44,Barley,1992,1992,t,1080690,A,Official figure,
QCL,Crops and livestock products,143,Morocco,5312,Area harvested,44,Barley,1993,1993,ha,2150800,A,Official figure,
QCL,Crops and livestock products,143,Morocco,5419,Yield,44,Barley,1993,1993,100 g/ha,4774,A,Official figure,
QCL,Crops and livestock products,143,Morocco,5510,Production,44,Barley,1993,1993,t,1026830,A,Official figure,
QCL,Crops and livestock products,143,Morocco,5312,Area harvested,44,Barley,1994,1994,ha,2582400,A,Official figure,
QCL,Crops and livestock products,143,Morocco,5419,Yield,44,Barley,1994,1994,100 g/ha,14405,A,Official figure,
QCL,Crops and livestock products,143,Morocco,5510,Production,44,Barley,1994,1994,t,3719910,A,Official figure,
QCL,Crops and livestock products,143,Morocco,5312,Area harvested,44,Barley,1995,1995,ha,1578500,A,Official figure,
QCL,Crops and livestock products,143,Morocco,5419,Yield,44,Barley,1995,1995,100 g/ha,3850,A,Official figure,
QCL,Crops and livestock products,143,Morocco,5510,Production,44,Barley,1995,1995,t,607690,A,Official figure,
QCL,Crops and livestock products,143,Morocco,5312,Area harvested,44,Barley,1996,1996,ha,2430000,A,Official figure,
QCL,Crops and livestock products,143,Morocco,5419,Yield,44,Barley,1996,1996,100 g/ha,15766,A,Official figure,
QCL,Crops and livestock products,143,Morocco,5510,Production,44,Barley,1996,1996,t,3831130,A,Official figure,
QCL,Crops and livestock products,143,Morocco,5312,Area harvested,44,Barley,1997,1997,ha,1996000,A,Official figure,
QCL,Crops and livestock products,143,Morocco,5419,Yield,44,Barley,1997,1997,100 g/ha,6634,A,Official figure,
QCL,Crops and livestock products,143,Morocco,5510,Production,44,Barley,1997,1997,t,1324240,A,Official figure,
QCL,Crops and livestock products,143,Morocco,5312,Area harvested,44,Barley,1998,1998,ha,2426000,A,Official figure,
QCL,Crops and livestock products,143,Morocco,5419,Yield,44,Barley,1998,1998,100 g/ha,8120,A,Official figure,
QCL,Crops and livestock products,143,Morocco,5510,Production,44,Barley,1998,1998,t,1970000,A,Official figure,
QCL,Crops and livestock products,143,Morocco,5312,Area harvested,44,Barley,1999,1999,ha,2069880,A,Official figure,
QCL,Crops and livestock products,143,Morocco,5419,Yield,44,Barley,1999,1999,100 g/ha,7121,A,Official figure,
QCL,Crops and livestock products,143,Morocco,5510,Production,44,Barley,1999,1999,t,1473980,A,Official figure,
QCL,Crops and livestock products,143,Morocco,5312,Area harvested,44,Barley,2000,2000,ha,2250900,A,Official figure,
QCL,Crops and livestock products,143,Morocco,5419,Yield,44,Barley,2000,2000,100 g/ha,2074,A,Official figure,
QCL,Crops and livestock products,143,Morocco,5510,Production,44,Barley,2000,2000,t,466810,A,Official figure,
QCL,Crops and livestock products,143,Morocco,5312,Area harvested,44,Barley,2001,2001,ha,2126000,A,Official figure,
QCL,Crops and livestock products,143,Morocco,5419,Yield,44,Barley,2001,2001,100 g/ha,5434,A,Official figure,
QCL,Crops and livestock products,143,Morocco,5510,Production,44,Barley,2001,2001,t,1155240,A,Official figure,
QCL,Crops and livestock products,143,Morocco,5312,Area harvested,44,Barley,2002,2002,ha,2002400,A,Official figure,
QCL,Crops and livestock products,143,Morocco,5419,Yield,44,Barley,2002,2002,100 g/ha,8335,A,Official figure,
QCL,Crops and livestock products,143,Morocco,5510,Production,44,Barley,2002,2002,t,1668980,A,Official figure,
QCL,Crops and livestock products,143,Morocco,5312,Area harvested,44,Barley,2003,2003,ha,2266500,A,Official figure,
QCL,Crops and livestock products,143,Morocco,5419,Yield,44,Barley,2003,2003,100 g/ha,11561,A,Official figure,
QCL,Crops and livestock products,143,Morocco,5510,Production,44,Barley,2003,2003,t,2620390,A,Official figure,
QCL,Crops and livestock products,143,Morocco,5312,Area harvested,44,Barley,2004,2004,ha,2324100,A,Official figure,
QCL,Crops and livestock products,143,Morocco,5419,Yield,44,Barley,2004,2004,100 g/ha,11877,A,Official figure,
QCL,Crops and livestock products,143,Morocco,5510,Production,44,Barley,2004,2004,t,2760340,A,Official figure,
QCL,Crops and livestock products,143,Morocco,5312,Area harvested,44,Barley,2005,2005,ha,2179800,A,Official figure,
QCL,Crops and livestock products,143,Morocco,5419,Yield,44,Barley,2005,2005,100 g/ha,5056,A,Official figure,
QCL,Crops and livestock products,143,Morocco,5510,Production,44,Barley,2005,2005,t,1102130,A,Official figure,
QCL,Crops and livestock products,143,Morocco,5312,Area harvested,44,Barley,2006,2006,ha,2188700,A,Official figure,
QCL,Crops and livestock products,143,Morocco,5419,Yield,44,Barley,2006,2006,100 g/ha,11583,A,Official figure,
QCL,Crops and livestock products,143,Morocco,5510,Production,44,Barley,2006,2006,t,2535080,A,Official figure,
QCL,Crops and livestock products,143,Morocco,5312,Area harvested,44,Barley,2007,2007,ha,1993400,A,Official figure,
QCL,Crops and livestock products,143,Morocco,5419,Yield,44,Barley,2007,2007,100 g/ha,3825,A,Official figure,
QCL,Crops and livestock products,143,Morocco,5510,Production,44,Barley,2007,2007,t,762550,A,Official figure,
QCL,Crops and livestock products,143,Morocco,5312,Area harvested,44,Barley,2008,2008,ha,2181300,A,Official figure,
QCL,Crops and livestock products,143,Morocco,5419,Yield,44,Barley,2008,2008,100 g/ha,6204,A,Official figure,
QCL,Crops and livestock products,143,Morocco,5510,Production,44,Barley,2008,2008,t,1353240,A,Official figure,
QCL,Crops and livestock products,143,Morocco,5312,Area harvested,44,Barley,2009,2009,ha,2182800,A,Official figure,
QCL,Crops and livestock products,143,Morocco,5419,Yield,44,Barley,2009,2009,100 g/ha,17269,A,Official figure,
QCL,Crops and livestock products,143,Morocco,5510,Production,44,Barley,2009,2009,t,3769500,A,Official figure,
QCL,Crops and livestock products,143,Morocco,5312,Area harvested,44,Barley,2010,2010,ha,1919500,A,Official figure,
QCL,Crops and livestock products,143,Morocco,5419,Yield,44,Barley,2010,2010,100 g/ha,13370,A,Official figure,
QCL,Crops and livestock products,143,Morocco,5510,Production,44,Barley,2010,2010,t,2566450,A,Official figure,
QCL,Crops and livestock products,143,Morocco,5312,Area harvested,44,Barley,2011,2011,ha,2025890,A,Official figure,
QCL,Crops and livestock products,143,Morocco,5419,Yield,44,Barley,2011,2011,100 g/ha,11440,A,Official figure,
QCL,Crops and livestock products,143,Morocco,5510,Production,44,Barley,2011,2011,t,2317611,A,Official figure,
QCL,Crops and livestock products,143,Morocco,5312,Area harvested,44,Barley,2012,2012,ha,1893130,A,Official figure,
QCL,Crops and livestock products,143,Morocco,5419,Yield,44,Barley,2012,2012,100 g/ha,6346,A,Official figure,
QCL,Crops and livestock products,143,Morocco,5510,Production,44,Barley,2012,2012,t,1201388,A,Official figure,
QCL,Crops and livestock products,143,Morocco,5312,Area harvested,44,Barley,2013,2013,ha,1967095,A,Official figure,
QCL,Crops and livestock products,143,Morocco,5419,Yield,44,Barley,2013,2013,100 g/ha,13841,A,Official figure,
QCL,Crops and livestock products,143,Morocco,5510,Production,44,Barley,2013,2013,t,2722621.52,A,Official figure,
QCL,Crops and livestock products,143,Morocco,5312,Area harvested,44,Barley,2014,2014,ha,1585216,A,Official figure,
QCL,Crops and livestock products,143,Morocco,5419,Yield,44,Barley,2014,2014,100 g/ha,10334,A,Official figure,
QCL,Crops and livestock products,143,Morocco,5510,Production,44,Barley,2014,2014,t,1638086.22,A,Official figure,
QCL,Crops and livestock products,143,Morocco,5312,Area harvested,44,Barley,2015,2015,ha,2000164,A,Official figure,
QCL,Crops and livestock products,143,Morocco,5419,Yield,44,Barley,2015,2015,100 g/ha,16984,A,Official figure,
QCL,Crops and livestock products,143,Morocco,5510,Production,44,Barley,2015,2015,t,3396992.28,A,Official figure,
QCL,Crops and livestock products,143,Morocco,5312,Area harvested,44,Barley,2016,2016,ha,1207615,A,Official figure,
QCL,Crops and livestock products,143,Morocco,5419,Yield,44,Barley,2016,2016,100 g/ha,5133,A,Official figure,
QCL,Crops and livestock products,143,Morocco,5510,Production,44,Barley,2016,2016,t,619918.6,A,Official figure,
QCL,Crops and livestock products,143,Morocco,5312,Area harvested,44,Barley,2017,2017,ha,2001473,A,Official figure,
QCL,Crops and livestock products,143,Morocco,5419,Yield,44,Barley,2017,2017,100 g/ha,12323,A,Official figure,
QCL,Crops and livestock products,143,Morocco,5510,Production,44,Barley,2017,2017,t,2466462,A,Official figure,
QCL,Crops and livestock products,143,Morocco,5312,Area harvested,44,Barley,2018,2018,ha,1564460,A,Official figure,
QCL,Crops and livestock products,143,Morocco,5419,Yield,44,Barley,2018,2018,100 g/ha,18224,A,Official figure,
QCL,Crops and livestock products,143,Morocco,5510,Production,44,Barley,2018,2018,t,2851022.1,A,Official figure,
QCL,Crops and livestock products,143,Morocco,5312,Area harvested,44,Barley,2019,2019,ha,1050153,A,Official figure,
QCL,Crops and livestock products,143,Morocco,5419,Yield,44,Barley,2019,2019,100 g/ha,11057,A,Official figure,
QCL,Crops and livestock products,143,Morocco,5510,Production,44,Barley,2019,2019,t,1161182.82,A,Official figure,
QCL,Crops and livestock products,143,Morocco,5312,Area harvested,44,Barley,2020,2020,ha,1495190,A,Official figure,
QCL,Crops and livestock products,143,Morocco,5419,Yield,44,Barley,2020,2020,100 g/ha,4314,A,Official figure,
QCL,Crops and livestock products,143,Morocco,5510,Production,44,Barley,2020,2020,t,645032.3,A,Official figure,
QCL,Crops and livestock products,143,Morocco,5312,Area harvested,44,Barley,2021,2021,ha,1489257,A,Official figure,
QCL,Crops and livestock products,143,Morocco,5419,Yield,44,Barley,2021,2021,100 g/ha,18669,A,Official figure,
QCL,Crops and livestock products,143,Morocco,5510,Production,44,Barley,2021,2021,t,2780345.4,A,Official figure,
QCL,Crops and livestock products,143,Morocco,5312,Area harvested,44,Barley,2022,2022,ha,1137328,A,Official figure,
QCL,Crops and livestock products,143,Morocco,5419,Yield,44,Barley,2022,2022,100 g/ha,6123,A,Official figure,
QCL,Crops and livestock products,143,Morocco,5510,Production,44,Barley,2022,2022,t,696379.79,A,Official figure,
QCL,Crops and livestock products,143,Morocco,5312,Area harvested,176,"Beans, dry",1961,1961,ha,5000,A,Official figure,
QCL,Crops and livestock products,143,Morocco,5419,Yield,176,"Beans, dry",1961,1961,100 g/ha,9400,A,Official figure,
QCL,Crops and livestock products,143,Morocco,5510,Production,176,"Beans, dry",1961,1961,t,4700,A,Official figure,
QCL,Crops and livestock products,143,Morocco,5312,Area harvested,176,"Beans, dry",1962,1962,ha,5000,A,Official figure,
QCL,Crops and livestock products,143,Morocco,5419,Yield,176,"Beans, dry",1962,1962,100 g/ha,5770,A,Official figure,
QCL,Crops and livestock products,143,Morocco,5510,Production,176,"Beans, dry",1962,1962,t,2885,A,Official figure,
QCL,Crops and livestock products,143,Morocco,5312,Area harvested,176,"Beans, dry",1963,1963,ha,7295,A,Official figure,
QCL,Crops and livestock products,143,Morocco,5419,Yield,176,"Beans, dry",1963,1963,100 g/ha,6595,A,Official figure,
QCL,Crops and livestock products,143,Morocco,5510,Production,176,"Beans, dry",1963,1963,t,4811,A,Official figure,
QCL,Crops and livestock products,143,Morocco,5312,Area harvested,176,"Beans, dry",1964,1964,ha,6390,A,Official figure,
QCL,Crops and livestock products,143,Morocco,5419,Yield,176,"Beans, dry",1964,1964,100 g/ha,7512,A,Official figure,
QCL,Crops and livestock products,143,Morocco,5510,Production,176,"Beans, dry",1964,1964,t,4800,A,Official figure,
QCL,Crops and livestock products,143,Morocco,5312,Area harvested,176,"Beans, dry",1965,1965,ha,5722,A,Official figure,
QCL,Crops and livestock products,143,Morocco,5419,Yield,176,"Beans, dry",1965,1965,100 g/ha,6837,A,Official figure,
QCL,Crops and livestock products,143,Morocco,5510,Production,176,"Beans, dry",1965,1965,t,3912,A,Official figure,
QCL,Crops and livestock products,143,Morocco,5312,Area harvested,176,"Beans, dry",1966,1966,ha,8210,A,Official figure,
QCL,Crops and livestock products,143,Morocco,5419,Yield,176,"Beans, dry",1966,1966,100 g/ha,4129,A,Official figure,
QCL,Crops and livestock products,143,Morocco,5510,Production,176,"Beans, dry",1966,1966,t,3390,A,Official figure,
QCL,Crops and livestock products,143,Morocco,5312,Area harvested,176,"Beans, dry",1967,1967,ha,8781,A,Official figure,
QCL,Crops and livestock products,143,Morocco,5419,Yield,176,"Beans, dry",1967,1967,100 g/ha,5323,A,Official figure,
QCL,Crops and livestock products,143,Morocco,5510,Production,176,"Beans, dry",1967,1967,t,4674,A,Official figure,
QCL,Crops and livestock products,143,Morocco,5312,Area harvested,176,"Beans, dry",1968,1968,ha,9000,E,Estimated value,
QCL,Crops and livestock products,143,Morocco,5419,Yield,176,"Beans, dry",1968,1968,100 g/ha,7778,E,Estimated value,
QCL,Crops and livestock products,143,Morocco,5510,Production,176,"Beans, dry",1968,1968,t,7000,X,Figure from international organizations,Unofficial figure
QCL,Crops and livestock products,143,Morocco,5312,Area harvested,176,"Beans, dry",1969,1969,ha,5000,E,Estimated value,
QCL,Crops and livestock products,143,Morocco,5419,Yield,176,"Beans, dry",1969,1969,100 g/ha,8000,E,Estimated value,
QCL,Crops and livestock products,143,Morocco,5510,Production,176,"Beans, dry",1969,1969,t,4000,X,Figure from international organizations,Unofficial figure
QCL,Crops and livestock products,143,Morocco,5312,Area harvested,176,"Beans, dry",1970,1970,ha,4000,E,Estimated value,
QCL,Crops and livestock products,143,Morocco,5419,Yield,176,"Beans, dry",1970,1970,100 g/ha,7500,E,Estimated value,
QCL,Crops and livestock products,143,Morocco,5510,Production,176,"Beans, dry",1970,1970,t,3000,X,Figure from international organizations,Unofficial figure
QCL,Crops and livestock products,143,Morocco,5312,Area harvested,176,"Beans, dry",1971,1971,ha,5000,E,Estimated value,
QCL,Crops and livestock products,143,Morocco,5419,Yield,176,"Beans, dry",1971,1971,100 g/ha,8000,E,Estimated value,
QCL,Crops and livestock products,143,Morocco,5510,Production,176,"Beans, dry",1971,1971,t,4000,X,Figure from international organizations,Unofficial figure
QCL,Crops and livestock products,143,Morocco,5312,Area harvested,176,"Beans, dry",1972,1972,ha,2600,A,Official figure,
QCL,Crops and livestock products,143,Morocco,5419,Yield,176,"Beans, dry",1972,1972,100 g/ha,7154,A,Official figure,
QCL,Crops and livestock products,143,Morocco,5510,Production,176,"Beans, dry",1972,1972,t,1860,A,Official figure,
QCL,Crops and livestock products,143,Morocco,5312,Area harvested,176,"Beans, dry",1973,1973,ha,4300,A,Official figure,
QCL,Crops and livestock products,143,Morocco,5419,Yield,176,"Beans, dry",1973,1973,100 g/ha,8093,A,Official figure,
QCL,Crops and livestock products,143,Morocco,5510,Production,176,"Beans, dry",1973,1973,t,3480,A,Official figure,
QCL,Crops and livestock products,143,Morocco,5312,Area harvested,176,"Beans, dry",1974,1974,ha,2600,A,Official figure,
QCL,Crops and livestock products,143,Morocco,5419,Yield,176,"Beans, dry",1974,1974,100 g/ha,8038,A,Official figure,
QCL,Crops and livestock products,143,Morocco,5510,Production,176,"Beans, dry",1974,1974,t,2090,A,Official figure,
QCL,Crops and livestock products,143,Morocco,5312,Area harvested,176,"Beans, dry",1975,1975,ha,3900,A,Official figure,
QCL,Crops and livestock products,143,Morocco,5419,Yield,176,"Beans, dry",1975,1975,100 g/ha,7667,A,Official figure,
QCL,Crops and livestock products,143,Morocco,5510,Production,176,"Beans, dry",1975,1975,t,2990,A,Official figure,
QCL,Crops and livestock products,143,Morocco,5312,Area harvested,176,"Beans, dry",1976,1976,ha,1500,A,Official figure,
QCL,Crops and livestock products,143,Morocco,5419,Yield,176,"Beans, dry",1976,1976,100 g/ha,8000,E,Estimated value,
QCL,Crops and livestock products,143,Morocco,5510,Production,176,"Beans, dry",1976,1976,t,1200,E,Estimated value,
QCL,Crops and livestock products,143,Morocco,5312,Area harvested,176,"Beans, dry",1977,1977,ha,9100,A,Official figure,
QCL,Crops and livestock products,143,Morocco,5419,Yield,176,"Beans, dry",1977,1977,100 g/ha,6593,E,Estimated value,
QCL,Crops and livestock products,143,Morocco,5510,Production,176,"Beans, dry",1977,1977,t,6000,E,Estimated value,
QCL,Crops and livestock products,143,Morocco,5312,Area harvested,176,"Beans, dry",1978,1978,ha,10000,E,Estimated value,
QCL,Crops and livestock products,143,Morocco,5419,Yield,176,"Beans, dry",1978,1978,100 g/ha,7000,E,Estimated value,
QCL,Crops and livestock products,143,Morocco,5510,Production,176,"Beans, dry",1978,1978,t,7000,E,Estimated value,
QCL,Crops and livestock products,143,Morocco,5312,Area harvested,176,"Beans, dry",1979,1979,ha,10000,E,Estimated value,
QCL,Crops and livestock products,143,Morocco,5419,Yield,176,"Beans, dry",1979,1979,100 g/ha,7100,E,Estimated value,
QCL,Crops and livestock products,143,Morocco,5510,Production,176,"Beans, dry",1979,1979,t,7100,E,Estimated value,
QCL,Crops and livestock products,143,Morocco,5312,Area harvested,176,"Beans, dry",1980,1980,ha,10200,E,Estimated value,
QCL,Crops and livestock products,143,Morocco,5419,Yield,176,"Beans, dry",1980,1980,100 g/ha,7059,E,Estimated value,
QCL,Crops and livestock products,143,Morocco,5510,Production,176,"Beans, dry",1980,1980,t,7200,E,Estimated value,
QCL,Crops and livestock products,143,Morocco,5312,Area harvested,176,"Beans, dry",1981,1981,ha,9000,E,Estimated value,
QCL,Crops and livestock products,143,Morocco,5419,Yield,176,"Beans, dry",1981,1981,100 g/ha,6667,E,Estimated value,
QCL,Crops and livestock products,143,Morocco,5510,Production,176,"Beans, dry",1981,1981,t,6000,E,Estimated value,
QCL,Crops and livestock products,143,Morocco,5312,Area harvested,176,"Beans, dry",1982,1982,ha,8700,E,Estimated value,
QCL,Crops and livestock products,143,Morocco,5419,Yield,176,"Beans, dry",1982,1982,100 g/ha,5977,E,Estimated value,
QCL,Crops and livestock products,143,Morocco,5510,Production,176,"Beans, dry",1982,1982,t,5200,E,Estimated value,
QCL,Crops and livestock products,143,Morocco,5312,Area harvested,176,"Beans, dry",1983,1983,ha,8700,E,Estimated value,
QCL,Crops and livestock products,143,Morocco,5419,Yield,176,"Beans, dry",1983,1983,100 g/ha,5977,E,Estimated value,
QCL,Crops and livestock products,143,Morocco,5510,Production,176,"Beans, dry",1983,1983,t,5200,E,Estimated value,
QCL,Crops and livestock products,143,Morocco,5312,Area harvested,176,"Beans, dry",1984,1984,ha,8600,E,Estimated value,
QCL,Crops and livestock products,143,Morocco,5419,Yield,176,"Beans, dry",1984,1984,100 g/ha,5930,E,Estimated value,
QCL,Crops and livestock products,143,Morocco,5510,Production,176,"Beans, dry",1984,1984,t,5100,E,Estimated value,
QCL,Crops and livestock products,143,Morocco,5312,Area harvested,176,"Beans, dry",1985,1985,ha,8600,E,Estimated value,
QCL,Crops and livestock products,143,Morocco,5419,Yield,176,"Beans, dry",1985,1985,100 g/ha,5930,E,Estimated value,
QCL,Crops and livestock products,143,Morocco,5510,Production,176,"Beans, dry",1985,1985,t,5100,E,Estimated value,
QCL,Crops and livestock products,143,Morocco,5312,Area harvested,176,"Beans, dry",1986,1986,ha,8400,E,Estimated value,
QCL,Crops and livestock products,143,Morocco,5419,Yield,176,"Beans, dry",1986,1986,100 g/ha,5952,E,Estimated value,
QCL,Crops and livestock products,143,Morocco,5510,Production,176,"Beans, dry",1986,1986,t,5000,E,Estimated value,
QCL,Crops and livestock products,143,Morocco,5312,Area harvested,176,"Beans, dry",1987,1987,ha,8200,E,Estimated value,
QCL,Crops and livestock products,143,Morocco,5419,Yield,176,"Beans, dry",1987,1987,100 g/ha,6098,E,Estimated value,
QCL,Crops and livestock products,143,Morocco,5510,Production,176,"Beans, dry",1987,1987,t,5000,E,Estimated value,
QCL,Crops and livestock products,143,Morocco,5312,Area harvested,176,"Beans, dry",1988,1988,ha,8400,E,Estimated value,
QCL,Crops and livestock products,143,Morocco,5419,Yield,176,"Beans, dry",1988,1988,100 g/ha,6071,E,Estimated value,
QCL,Crops and livestock products,143,Morocco,5510,Production,176,"Beans, dry",1988,1988,t,5100,E,Estimated value,
QCL,Crops and livestock products,143,Morocco,5312,Area harvested,176,"Beans, dry",1989,1989,ha,8500,E,Estimated value,
QCL,Crops and livestock products,143,Morocco,5419,Yield,176,"Beans, dry",1989,1989,100 g/ha,6118,E,Estimated value,
QCL,Crops and livestock products,143,Morocco,5510,Production,176,"Beans, dry",1989,1989,t,5200,E,Estimated value,
QCL,Crops and livestock products,143,Morocco,5312,Area harvested,176,"Beans, dry",1990,1990,ha,8726,E,Estimated value,
QCL,Crops and livestock products,143,Morocco,5419,Yield,176,"Beans, dry",1990,1990,100 g/ha,5779,E,Estimated value,
QCL,Crops and livestock products,143,Morocco,5510,Production,176,"Beans, dry",1990,1990,t,5043,E,Estimated value,
QCL,Crops and livestock products,143,Morocco,5312,Area harvested,176,"Beans, dry",1991,1991,ha,5456,I,Imputed value,
QCL,Crops and livestock products,143,Morocco,5419,Yield,176,"Beans, dry",1991,1991,100 g/ha,6247,E,Estimated value,
QCL,Crops and livestock products,143,Morocco,5510,Production,176,"Beans, dry",1991,1991,t,3408.33,I,Imputed value,
QCL,Crops and livestock products,143,Morocco,5312,Area harvested,176,"Beans, dry",1992,1992,ha,7525,I,Imputed value,
QCL,Crops and livestock products,143,Morocco,5419,Yield,176,"Beans, dry",1992,1992,100 g/ha,6225,E,Estimated value,
QCL,Crops and livestock products,143,Morocco,5510,Production,176,"Beans, dry",1992,1992,t,4684.56,I,Imputed value,
QCL,Crops and livestock products,143,Morocco,5312,Area harvested,176,"Beans, dry",1993,1993,ha,9324,I,Imputed value,
QCL,Crops and livestock products,143,Morocco,5419,Yield,176,"Beans, dry",1993,1993,100 g/ha,6044,E,Estimated value,
QCL,Crops and livestock products,143,Morocco,5510,Production,176,"Beans, dry",1993,1993,t,5635.96,I,Imputed value,
QCL,Crops and livestock products,143,Morocco,5312,Area harvested,176,"Beans, dry",1994,1994,ha,8500,X,Figure from international organizations,Unofficial figure
QCL,Crops and livestock products,143,Morocco,5419,Yield,176,"Beans, dry",1994,1994,100 g/ha,6118,X,Figure from international organizations,
QCL,Crops and livestock products,143,Morocco,5510,Production,176,"Beans, dry",1994,1994,t,5200,X,Figure from international organizations,Unofficial figure
QCL,Crops and livestock products,143,Morocco,5312,Area harvested,176,"Beans, dry",1995,1995,ha,12101,A,Official figure,
QCL,Crops and livestock products,143,Morocco,5419,Yield,176,"Beans, dry",1995,1995,100 g/ha,6628,A,Official figure,
QCL,Crops and livestock products,143,Morocco,5510,Production,176,"Beans, dry",1995,1995,t,8020,A,Official figure,
QCL,Crops and livestock products,143,Morocco,5312,Area harvested,176,"Beans, dry",1996,1996,ha,12000,X,Figure from international organizations,Unofficial figure
QCL,Crops and livestock products,143,Morocco,5419,Yield,176,"Beans, dry",1996,1996,100 g/ha,6667,X,Figure from international organizations,
QCL,Crops and livestock products,143,Morocco,5510,Production,176,"Beans, dry",1996,1996,t,8000,X,Figure from international organizations,Unofficial figure
QCL,Crops and livestock products,143,Morocco,5312,Area harvested,176,"Beans, dry",1997,1997,ha,15156,I,Imputed value,
QCL,Crops and livestock products,143,Morocco,5419,Yield,176,"Beans, dry",1997,1997,100 g/ha,6442,E,Estimated value,
QCL,Crops and livestock products,143,Morocco,5510,Production,176,"Beans, dry",1997,1997,t,9763.54,I,Imputed value,
QCL,Crops and livestock products,143,Morocco,5312,Area harvested,176,"Beans, dry",1998,1998,ha,17000,A,Official figure,
QCL,Crops and livestock products,143,Morocco,5419,Yield,176,"Beans, dry",1998,1998,100 g/ha,6471,A,Official figure,
QCL,Crops and livestock products,143,Morocco,5510,Production,176,"Beans, dry",1998,1998,t,11000,A,Official figure,
QCL,Crops and livestock products,143,Morocco,5312,Area harvested,176,"Beans, dry",1999,1999,ha,27450,A,Official figure,
QCL,Crops and livestock products,143,Morocco,5419,Yield,176,"Beans, dry",1999,1999,100 g/ha,6143,E,Estimated value,
QCL,Crops and livestock products,143,Morocco,5510,Production,176,"Beans, dry",1999,1999,t,16863.01,I,Imputed value,
QCL,Crops and livestock products,143,Morocco,5312,Area harvested,176,"Beans, dry",2000,2000,ha,22600,A,Official figure,
QCL,Crops and livestock products,143,Morocco,5419,Yield,176,"Beans, dry",2000,2000,100 g/ha,5199,A,Official figure,
QCL,Crops and livestock products,143,Morocco,5510,Production,176,"Beans, dry",2000,2000,t,11750,A,Official figure,
QCL,Crops and livestock products,143,Morocco,5312,Area harvested,176,"Beans, dry",2001,2001,ha,23000,E,Estimated value,
QCL,Crops and livestock products,143,Morocco,5419,Yield,176,"Beans, dry",2001,2001,100 g/ha,5217,E,Estimated value,
QCL,Crops and livestock products,143,Morocco,5510,Production,176,"Beans, dry",2001,2001,t,12000,E,Estimated value,
QCL,Crops and livestock products,143,Morocco,5312,Area harvested,176,"Beans, dry",2002,2002,ha,20650,I,Imputed value,
QCL,Crops and livestock products,143,Morocco,5419,Yield,176,"Beans, dry",2002,2002,100 g/ha,6197,E,Estimated value,
QCL,Crops and livestock products,143,Morocco,5510,Production,176,"Beans, dry",2002,2002,t,12796.85,I,Imputed value,
QCL,Crops and livestock products,143,Morocco,5312,Area harvested,176,"Beans, dry",2003,2003,ha,17000,A,Official figure,
QCL,Crops and livestock products,143,Morocco,5419,Yield,176,"Beans, dry",2003,2003,100 g/ha,7000,A,Official figure,
QCL,Crops and livestock products,143,Morocco,5510,Production,176,"Beans, dry",2003,2003,t,11900,A,Official figure,
QCL,Crops and livestock products,143,Morocco,5312,Area harvested,176,"Beans, dry",2004,2004,ha,22000,E,Estimated value,
QCL,Crops and livestock products,143,Morocco,5419,Yield,176,"Beans, dry",2004,2004,100 g/ha,7136,E,Estimated value,
QCL,Crops and livestock products,143,Morocco,5510,Production,176,"Beans, dry",2004,2004,t,15700,X,Figure from international organizations,Unofficial figure
QCL,Crops and livestock products,143,Morocco,5312,Area harvested,176,"Beans, dry",2005,2005,ha,17000,E,Estimated value,
QCL,Crops and livestock products,143,Morocco,5419,Yield,176,"Beans, dry",2005,2005,100 g/ha,7059,E,Estimated value,
QCL,Crops and livestock products,143,Morocco,5510,Production,176,"Beans, dry",2005,2005,t,12000,E,Estimated value,
QCL,Crops and livestock products,143,Morocco,5312,Area harvested,176,"Beans, dry",2006,2006,ha,19803,I,Imputed value,
QCL,Crops and livestock products,143,Morocco,5419,Yield,176,"Beans, dry",2006,2006,100 g/ha,6945,E,Estimated value,
QCL,Crops and livestock products,143,Morocco,5510,Production,176,"Beans, dry",2006,2006,t,13752.75,I,Imputed value,
QCL,Crops and livestock products,143,Morocco,5312,Area harvested,176,"Beans, dry",2007,2007,ha,0,M,"Missing value (data cannot exist, not applicable)",
QCL,Crops and livestock products,143,Morocco,5510,Production,176,"Beans, dry",2007,2007,t,0,M,"Missing value (data cannot exist, not applicable)",
QCL,Crops and livestock products,143,Morocco,5312,Area harvested,176,"Beans, dry",2008,2008,ha,0,M,"Missing value (data cannot exist, not applicable)",
QCL,Crops and livestock products,143,Morocco,5510,Production,176,"Beans, dry",2008,2008,t,0,M,"Missing value (data cannot exist, not applicable)",
QCL,Crops and livestock products,143,Morocco,5312,Area harvested,176,"Beans, dry",2009,2009,ha,0,M,"Missing value (data cannot exist, not applicable)",
QCL,Crops and livestock products,143,Morocco,5510,Production,176,"Beans, dry",2009,2009,t,0,M,"Missing value (data cannot exist, not applicable)",
QCL,Crops and livestock products,143,Morocco,5312,Area harvested,176,"Beans, dry",2010,2010,ha,0,M,"Missing value (data cannot exist, not applicable)",
QCL,Crops and livestock products,143,Morocco,5510,Production,176,"Beans, dry",2010,2010,t,0,M,"Missing value (data cannot exist, not applicable)",
QCL,Crops and livestock products,143,Morocco,5312,Area harvested,176,"Beans, dry",2011,2011,ha,0,M,"Missing value (data cannot exist, not applicable)",
QCL,Crops and livestock products,143,Morocco,5510,Production,176,"Beans, dry",2011,2011,t,0,M,"Missing value (data cannot exist, not applicable)",
QCL,Crops and livestock products,143,Morocco,5312,Area harvested,176,"Beans, dry",2012,2012,ha,0,M,"Missing value (data cannot exist, not applicable)",
QCL,Crops and livestock products,143,Morocco,5510,Production,176,"Beans, dry",2012,2012,t,0,M,"Missing value (data cannot exist, not applicable)",
QCL,Crops and livestock products,143,Morocco,5312,Area harvested,176,"Beans, dry",2013,2013,ha,0,M,"Missing value (data cannot exist, not applicable)",
QCL,Crops and livestock products,143,Morocco,5510,Production,176,"Beans, dry",2013,2013,t,0,M,"Missing value (data cannot exist, not applicable)",
QCL,Crops and livestock products,143,Morocco,5312,Area harvested,176,"Beans, dry",2014,2014,ha,0,M,"Missing value (data cannot exist, not applicable)",
QCL,Crops and livestock products,143,Morocco,5510,Production,176,"Beans, dry",2014,2014,t,0,M,"Missing value (data cannot exist, not applicable)",
QCL,Crops and livestock products,143,Morocco,5312,Area harvested,176,"Beans, dry",2015,2015,ha,0,M,"Missing value (data cannot exist, not applicable)",
QCL,Crops and livestock products,143,Morocco,5510,Production,176,"Beans, dry",2015,2015,t,0,M,"Missing value (data cannot exist, not applicable)",
QCL,Crops and livestock products,143,Morocco,5312,Area harvested,176,"Beans, dry",2016,2016,ha,0,M,"Missing value (data cannot exist, not applicable)",
QCL,Crops and livestock products,143,Morocco,5510,Production,176,"Beans, dry",2016,2016,t,0,M,"Missing value (data cannot exist, not applicable)",
QCL,Crops and livestock products,143,Morocco,5312,Area harvested,176,"Beans, dry",2017,2017,ha,0,M,"Missing value (data cannot exist, not applicable)",
QCL,Crops and livestock products,143,Morocco,5510,Production,176,"Beans, dry",2017,2017,t,0,M,"Missing value (data cannot exist, not applicable)",
QCL,Crops and livestock products,143,Morocco,5312,Area harvested,176,"Beans, dry",2018,2018,ha,0,M,"Missing value (data cannot exist, not applicable)",
QCL,Crops and livestock products,143,Morocco,5510,Production,176,"Beans, dry",2018,2018,t,0,M,"Missing value (data cannot exist, not applicable)",
QCL,Crops and livestock products,143,Morocco,5312,Area harvested,176,"Beans, dry",2019,2019,ha,0,M,"Missing value (data cannot exist, not applicable)",
QCL,Crops and livestock products,143,Morocco,5510,Production,176,"Beans, dry",2019,2019,t,0,M,"Missing value (data cannot exist, not applicable)",
QCL,Crops and livestock products,143,Morocco,5312,Area harvested,176,"Beans, dry",2020,2020,ha,0,M,"Missing value (data cannot exist, not applicable)",
QCL,Crops and livestock products,143,Morocco,5510,Production,176,"Beans, dry",2020,2020,t,0,M,"Missing value (data cannot exist, not applicable)",
QCL,Crops and livestock products,143,Morocco,5312,Area harvested,176,"Beans, dry",2021,2021,ha,0,M,"Missing value (data cannot exist, not applicable)",
QCL,Crops and livestock products,143,Morocco,5510,Production,176,"Beans, dry",2021,2021,t,0,M,"Missing value (data cannot exist, not applicable)",
QCL,Crops and livestock products,143,Morocco,5312,Area harvested,176,"Beans, dry",2022,2022,ha,0,M,"Missing value (data cannot exist, not applicable)",
QCL,Crops and livestock products,143,Morocco,5510,Production,176,"Beans, dry",2022,2022,t,0,M,"Missing value (data cannot exist, not applicable)",
QCL,Crops and livestock products,143,Morocco,5510,Production,51,"Beer of barley, malted",1961,1961,t,22137.6,I,Imputed value,
QCL,Crops and livestock products,143,Morocco,5510,Production,51,"Beer of barley, malted",1962,1962,t,34741.18,I,Imputed value,
QCL,Crops and livestock products,143,Morocco,5510,Production,51,"Beer of barley, malted",1963,1963,t,32949.57,I,Imputed value,
QCL,Crops and livestock products,143,Morocco,5510,Production,51,"Beer of barley, malted",1964,1964,t,43339.54,I,Imputed value,
QCL,Crops and livestock products,143,Morocco,5510,Production,51,"Beer of barley, malted",1965,1965,t,38656.79,I,Imputed value,
QCL,Crops and livestock products,143,Morocco,5510,Production,51,"Beer of barley, malted",1966,1966,t,45354.02,I,Imputed value,
QCL,Crops and livestock products,143,Morocco,5510,Production,51,"Beer of barley, malted",1967,1967,t,44091,I,Imputed value,
QCL,Crops and livestock products,143,Morocco,5510,Production,51,"Beer of barley, malted",1968,1968,t,40517.05,I,Imputed value,
QCL,Crops and livestock products,143,Morocco,5510,Production,51,"Beer of barley, malted",1969,1969,t,50523.31,I,Imputed value,
QCL,Crops and livestock products,143,Morocco,5510,Production,51,"Beer of barley, malted",1970,1970,t,59032.7,I,Imputed value,
QCL,Crops and livestock products,143,Morocco,5510,Production,51,"Beer of barley, malted",1971,1971,t,54723.4,I,Imputed value,
QCL,Crops and livestock products,143,Morocco,5510,Production,51,"Beer of barley, malted",1972,1972,t,56246,I,Imputed value,
QCL,Crops and livestock products,143,Morocco,5510,Production,51,"Beer of barley, malted",1973,1973,t,61425.38,I,Imputed value,
QCL,Crops and livestock products,143,Morocco,5510,Production,51,"Beer of barley, malted",1974,1974,t,57517.7,I,Imputed value,
QCL,Crops and livestock products,143,Morocco,5510,Production,51,"Beer of barley, malted",1975,1975,t,65612.63,I,Imputed value,
QCL,Crops and livestock products,143,Morocco,5510,Production,51,"Beer of barley, malted",1976,1976,t,61659.52,I,Imputed value,
QCL,Crops and livestock products,143,Morocco,5510,Production,51,"Beer of barley, malted",1977,1977,t,71134.81,I,Imputed value,
QCL,Crops and livestock products,143,Morocco,5510,Production,51,"Beer of barley, malted",1978,1978,t,66142.59,I,Imputed value,
QCL,Crops and livestock products,143,Morocco,5510,Production,51,"Beer of barley, malted",1979,1979,t,68871.51,I,Imputed value,
QCL,Crops and livestock products,143,Morocco,5510,Production,51,"Beer of barley, malted",1980,1980,t,78863.2,I,Imputed value,
QCL,Crops and livestock products,143,Morocco,5510,Production,51,"Beer of barley, malted",1981,1981,t,108193.7,I,Imputed value,
QCL,Crops and livestock products,143,Morocco,5510,Production,51,"Beer of barley, malted",1982,1982,t,75748.24,I,Imputed value,
QCL,Crops and livestock products,143,Morocco,5510,Production,51,"Beer of barley, malted",1983,1983,t,70490.39,I,Imputed value,
QCL,Crops and livestock products,143,Morocco,5510,Production,51,"Beer of barley, malted",1984,1984,t,68089.49,I,Imputed value,
QCL,Crops and livestock products,143,Morocco,5510,Production,51,"Beer of barley, malted",1985,1985,t,75424.46,I,Imputed value,
QCL,Crops and livestock products,143,Morocco,5510,Production,51,"Beer of barley, malted",1986,1986,t,103841.39,I,Imputed value,
QCL,Crops and livestock products,143,Morocco,5510,Production,51,"Beer of barley, malted",1987,1987,t,116630.8,I,Imputed value,
QCL,Crops and livestock products,143,Morocco,5510,Production,51,"Beer of barley, malted",1988,1988,t,121846,I,Imputed value,
QCL,Crops and livestock products,143,Morocco,5510,Production,51,"Beer of barley, malted",1989,1989,t,104064.24,I,Imputed value,
QCL,Crops and livestock products,143,Morocco,5510,Production,51,"Beer of barley, malted",1990,1990,t,93927.55,I,Imputed value,
QCL,Crops and livestock products,143,Morocco,5510,Production,51,"Beer of barley, malted",1991,1991,t,126120.54,I,Imputed value,
QCL,Crops and livestock products,143,Morocco,5510,Production,51,"Beer of barley, malted",1992,1992,t,116505.93,I,Imputed value,
QCL,Crops and livestock products,143,Morocco,5510,Production,51,"Beer of barley, malted",1993,1993,t,73658.12,I,Imputed value,
QCL,Crops and livestock products,143,Morocco,5510,Production,51,"Beer of barley, malted",1994,1994,t,109411.64,I,Imputed value,
QCL,Crops and livestock products,143,Morocco,5510,Production,51,"Beer of barley, malted",1995,1995,t,139002.58,I,Imputed value,
QCL,Crops and livestock products,143,Morocco,5510,Production,51,"Beer of barley, malted",1996,1996,t,114966.48,I,Imputed value,
QCL,Crops and livestock products,143,Morocco,5510,Production,51,"Beer of barley, malted",1997,1997,t,87550.63,I,Imputed value,
QCL,Crops and livestock products,143,Morocco,5510,Production,51,"Beer of barley, malted",1998,1998,t,149649.16,I,Imputed value,
QCL,Crops and livestock products,143,Morocco,5510,Production,51,"Beer of barley, malted",1999,1999,t,119747.77,I,Imputed value,
QCL,Crops and livestock products,143,Morocco,5510,Production,51,"Beer of barley, malted",2000,2000,t,77218.56,I,Imputed value,
QCL,Crops and livestock products,143,Morocco,5510,Production,51,"Beer of barley, malted",2001,2001,t,78318.77,I,Imputed value,
QCL,Crops and livestock products,143,Morocco,5510,Production,51,"Beer of barley, malted",2002,2002,t,70817.45,I,Imputed value,
QCL,Crops and livestock products,143,Morocco,5510,Production,51,"Beer of barley, malted",2003,2003,t,75324.98,I,Imputed value,
QCL,Crops and livestock products,143,Morocco,5510,Production,51,"Beer of barley, malted",2004,2004,t,80603.99,I,Imputed value,
QCL,Crops and livestock products,143,Morocco,5510,Production,51,"Beer of barley, malted",2005,2005,t,74465,I,Imputed value,
QCL,Crops and livestock products,143,Morocco,5510,Production,51,"Beer of barley, malted",2006,2006,t,79419.91,I,Imputed value,
QCL,Crops and livestock products,143,Morocco,5510,Production,51,"Beer of barley, malted",2007,2007,t,86532.05,I,Imputed value,
QCL,Crops and livestock products,143,Morocco,5510,Production,51,"Beer of barley, malted",2008,2008,t,86171.5,I,Imputed value,
QCL,Crops and livestock products,143,Morocco,5510,Production,51,"Beer of barley, malted",2009,2009,t,95727.44,I,Imputed value,
QCL,Crops and livestock products,143,Morocco,5510,Production,51,"Beer of barley, malted",2010,2010,t,90000,X,Figure from international organizations,Unofficial figure
QCL,Crops and livestock products,143,Morocco,5510,Production,51,"Beer of barley, malted",2011,2011,t,85000,X,Figure from international organizations,Unofficial figure
QCL,Crops and livestock products,143,Morocco,5510,Production,51,"Beer of barley, malted",2012,2012,t,85000,X,Figure from international organizations,Unofficial figure
QCL,Crops and livestock products,143,Morocco,5510,Production,51,"Beer of barley, malted",2013,2013,t,80000,X,Figure from international organizations,Unofficial figure
QCL,Crops and livestock products,143,Morocco,5510,Production,51,"Beer of barley, malted",2014,2014,t,80000,X,Figure from international organizations,Unofficial figure
QCL,Crops and livestock products,143,Morocco,5510,Production,51,"Beer of barley, malted",2015,2015,t,77000,X,Figure from international organizations,Unofficial figure
QCL,Crops and livestock products,143,Morocco,5510,Production,51,"Beer of barley, malted",2016,2016,t,81000,X,Figure from international organizations,Unofficial figure
QCL,Crops and livestock products,143,Morocco,5510,Production,51,"Beer of barley, malted",2017,2017,t,85000,X,Figure from international organizations,Unofficial figure
QCL,Crops and livestock products,143,Morocco,5510,Production,51,"Beer of barley, malted",2018,2018,t,90000,X,Figure from international organizations,Unofficial figure
QCL,Crops and livestock products,143,Morocco,5510,Production,51,"Beer of barley, malted",2019,2019,t,90000,X,Figure from international organizations,Unofficial figure
QCL,Crops and livestock products,143,Morocco,5510,Production,51,"Beer of barley, malted",2020,2020,t,75600,X,Figure from international organizations,Unofficial figure
QCL,Crops and livestock products,143,Morocco,5510,Production,51,"Beer of barley, malted",2021,2021,t,78000,X,Figure from international organizations,Unofficial figure
QCL,Crops and livestock products,143,Morocco,5114,Stocks,1181,Bees,1961,1961,No,360000,E,Estimated value,
QCL,Crops and livestock products,143,Morocco,5114,Stocks,1181,Bees,1962,1962,No,380000,E,Estimated value,
QCL,Crops and livestock products,143,Morocco,5114,Stocks,1181,Bees,1963,1963,No,380000,E,Estimated value,
QCL,Crops and livestock products,143,Morocco,5114,Stocks,1181,Bees,1964,1964,No,400000,E,Estimated value,
QCL,Crops and livestock products,143,Morocco,5114,Stocks,1181,Bees,1965,1965,No,400000,E,Estimated value,
QCL,Crops and livestock products,143,Morocco,5114,Stocks,1181,Bees,1966,1966,No,420000,E,Estimated value,
QCL,Crops and livestock products,143,Morocco,5114,Stocks,1181,Bees,1967,1967,No,420000,E,Estimated value,
QCL,Crops and livestock products,143,Morocco,5114,Stocks,1181,Bees,1968,1968,No,430000,E,Estimated value,
QCL,Crops and livestock products,143,Morocco,5114,Stocks,1181,Bees,1969,1969,No,440000,E,Estimated value,
QCL,Crops and livestock products,143,Morocco,5114,Stocks,1181,Bees,1970,1970,No,460000,E,Estimated value,
QCL,Crops and livestock products,143,Morocco,5114,Stocks,1181,Bees,1971,1971,No,476000,E,Estimated value,
QCL,Crops and livestock products,143,Morocco,5114,Stocks,1181,Bees,1972,1972,No,470000,A,Official figure,
QCL,Crops and livestock products,143,Morocco,5114,Stocks,1181,Bees,1973,1973,No,476000,A,Official figure,
QCL,Crops and livestock products,143,Morocco,5114,Stocks,1181,Bees,1974,1974,No,480000,A,Official figure,
QCL,Crops and livestock products,143,Morocco,5114,Stocks,1181,Bees,1975,1975,No,451000,A,Official figure,
QCL,Crops and livestock products,143,Morocco,5114,Stocks,1181,Bees,1976,1976,No,460000,E,Estimated value,
QCL,Crops and livestock products,143,Morocco,5114,Stocks,1181,Bees,1977,1977,No,478000,A,Official figure,
QCL,Crops and livestock products,143,Morocco,5114,Stocks,1181,Bees,1978,1978,No,482000,E,Estimated value,
QCL,Crops and livestock products,143,Morocco,5114,Stocks,1181,Bees,1979,1979,No,485000,E,Estimated value,
QCL,Crops and livestock products,143,Morocco,5114,Stocks,1181,Bees,1980,1980,No,487000,E,Estimated value,
QCL,Crops and livestock products,143,Morocco,5114,Stocks,1181,Bees,1981,1981,No,492000,E,Estimated value,
QCL,Crops and livestock products,143,Morocco,5114,Stocks,1181,Bees,1982,1982,No,496000,E,Estimated value,
QCL,Crops and livestock products,143,Morocco,5114,Stocks,1181,Bees,1983,1983,No,500000,E,Estimated value,
QCL,Crops and livestock products,143,Morocco,5114,Stocks,1181,Bees,1984,1984,No,530000,E,Estimated value,
QCL,Crops and livestock products,143,Morocco,5114,Stocks,1181,Bees,1985,1985,No,533000,E,Estimated value,
QCL,Crops and livestock products,143,Morocco,5114,Stocks,1181,Bees,1986,1986,No,535000,E,Estimated value,
QCL,Crops and livestock products,143,Morocco,5114,Stocks,1181,Bees,1987,1987,No,537000,E,Estimated value,
QCL,Crops and livestock products,143,Morocco,5114,Stocks,1181,Bees,1988,1988,No,542000,E,Estimated value,
QCL,Crops and livestock products,143,Morocco,5114,Stocks,1181,Bees,1989,1989,No,544000,E,Estimated value,
QCL,Crops and livestock products,143,Morocco,5114,Stocks,1181,Bees,1990,1990,No,546000,E,Estimated value,
QCL,Crops and livestock products,143,Morocco,5114,Stocks,1181,Bees,1991,1991,No,548000,E,Estimated value,
QCL,Crops and livestock products,143,Morocco,5114,Stocks,1181,Bees,1992,1992,No,549000,E,Estimated value,
QCL,Crops and livestock products,143,Morocco,5114,Stocks,1181,Bees,1993,1993,No,570000,E,Estimated value,
QCL,Crops and livestock products,143,Morocco,5114,Stocks,1181,Bees,1994,1994,No,570000,E,Estimated value,
QCL,Crops and livestock products,143,Morocco,5114,Stocks,1181,Bees,1995,1995,No,500000,E,Estimated value,
QCL,Crops and livestock products,143,Morocco,5114,Stocks,1181,Bees,1996,1996,No,570000,E,Estimated value,
QCL,Crops and livestock products,143,Morocco,5114,Stocks,1181,Bees,1997,1997,No,570000,E,Estimated value,
QCL,Crops and livestock products,143,Morocco,5114,Stocks,1181,Bees,1998,1998,No,570000,E,Estimated value,
QCL,Crops and livestock products,143,Morocco,5114,Stocks,1181,Bees,1999,1999,No,570000,E,Estimated value,
QCL,Crops and livestock products,143,Morocco,5114,Stocks,1181,Bees,2000,2000,No,570000,E,Estimated value,
QCL,Crops and livestock products,143,Morocco,5114,Stocks,1181,Bees,2001,2001,No,550000,E,Estimated value,
QCL,Crops and livestock products,143,Morocco,5114,Stocks,1181,Bees,2002,2002,No,500000,E,Estimated value,
QCL,Crops and livestock products,143,Morocco,5114,Stocks,1181,Bees,2003,2003,No,450000,E,Estimated value,
QCL,Crops and livestock products,143,Morocco,5114,Stocks,1181,Bees,2004,2004,No,400000,E,Estimated value,
QCL,Crops and livestock products,143,Morocco,5114,Stocks,1181,Bees,2005,2005,No,380000,A,Official figure,
QCL,Crops and livestock products,143,Morocco,5114,Stocks,1181,Bees,2006,2006,No,350000,A,Official figure,
QCL,Crops and livestock products,143,Morocco,5114,Stocks,1181,Bees,2007,2007,No,350000,E,Estimated value,
QCL,Crops and livestock products,143,Morocco,5114,Stocks,1181,Bees,2008,2008,No,350000,E,Estimated value,
QCL,Crops and livestock products,143,Morocco,5114,Stocks,1181,Bees,2009,2009,No,355000,E,Estimated value,
QCL,Crops and livestock products,143,Morocco,5114,Stocks,1181,Bees,2010,2010,No,360000,E,Estimated value,
QCL,Crops and livestock products,143,Morocco,5114,Stocks,1181,Bees,2011,2011,No,360000,E,Estimated value,
QCL,Crops and livestock products,143,Morocco,5114,Stocks,1181,Bees,2012,2012,No,365000,E,Estimated value,
QCL,Crops and livestock products,143,Morocco,5114,Stocks,1181,Bees,2013,2013,No,370000,E,Estimated value,
QCL,Crops and livestock products,143,Morocco,5114,Stocks,1181,Bees,2014,2014,No,375000,E,Estimated value,
QCL,Crops and livestock products,143,Morocco,5114,Stocks,1181,Bees,2015,2015,No,379666,I,Imputed value,
QCL,Crops and livestock products,143,Morocco,5114,Stocks,1181,Bees,2016,2016,No,382497,I,Imputed value,
QCL,Crops and livestock products,143,Morocco,5114,Stocks,1181,Bees,2017,2017,No,381983,I,Imputed value,
QCL,Crops and livestock products,143,Morocco,5114,Stocks,1181,Bees,2018,2018,No,380058,I,Imputed value,
QCL,Crops and livestock products,143,Morocco,5114,Stocks,1181,Bees,2019,2019,No,376400,I,Imputed value,
QCL,Crops and livestock products,143,Morocco,5114,Stocks,1181,Bees,2020,2020,No,378964,I,Imputed value,
QCL,Crops and livestock products,143,Morocco,5114,Stocks,1181,Bees,2021,2021,No,379404,I,Imputed value,
QCL,Crops and livestock products,143,Morocco,5114,Stocks,1181,Bees,2022,2022,No,379843,I,Imputed value,
QCL,Crops and livestock products,143,Morocco,5422,Yield,1183,Beeswax,1961,1961,100 g,5,E,Estimated value,
QCL,Crops and livestock products,143,Morocco,5510,Production,1183,Beeswax,1961,1961,t,170,E,Estimated value,
QCL,Crops and livestock products,143,Morocco,5314,Prod Popultn,1183,Beeswax,1961,1961,No,360000,E,Estimated value,
QCL,Crops and livestock products,143,Morocco,5422,Yield,1183,Beeswax,1962,1962,100 g,7,E,Estimated value,
QCL,Crops and livestock products,143,Morocco,5510,Production,1183,Beeswax,1962,1962,t,260,E,Estimated value,
QCL,Crops and livestock products,143,Morocco,5314,Prod Popultn,1183,Beeswax,1962,1962,No,380000,E,Estimated value,
QCL,Crops and livestock products,143,Morocco,5422,Yield,1183,Beeswax,1963,1963,100 g,8,E,Estimated value,
QCL,Crops and livestock products,143,Morocco,5510,Production,1183,Beeswax,1963,1963,t,320,E,Estimated value,
QCL,Crops and livestock products,143,Morocco,5314,Prod Popultn,1183,Beeswax,1963,1963,No,380000,E,Estimated value,
QCL,Crops and livestock products,143,Morocco,5422,Yield,1183,Beeswax,1964,1964,100 g,6,E,Estimated value,
QCL,Crops and livestock products,143,Morocco,5510,Production,1183,Beeswax,1964,1964,t,230,E,Estimated value,
QCL,Crops and livestock products,143,Morocco,5314,Prod Popultn,1183,Beeswax,1964,1964,No,400000,E,Estimated value,
QCL,Crops and livestock products,143,Morocco,5422,Yield,1183,Beeswax,1965,1965,100 g,6,E,Estimated value,
QCL,Crops and livestock products,143,Morocco,5510,Production,1183,Beeswax,1965,1965,t,230,E,Estimated value,
QCL,Crops and livestock products,143,Morocco,5314,Prod Popultn,1183,Beeswax,1965,1965,No,400000,E,Estimated value,
QCL,Crops and livestock products,143,Morocco,5422,Yield,1183,Beeswax,1966,1966,100 g,4,E,Estimated value,
QCL,Crops and livestock products,143,Morocco,5510,Production,1183,Beeswax,1966,1966,t,180,E,Estimated value,
QCL,Crops and livestock products,143,Morocco,5314,Prod Popultn,1183,Beeswax,1966,1966,No,420000,E,Estimated value,
QCL,Crops and livestock products,143,Morocco,5422,Yield,1183,Beeswax,1967,1967,100 g,5,E,Estimated value,
QCL,Crops and livestock products,143,Morocco,5510,Production,1183,Beeswax,1967,1967,t,210,E,Estimated value,
QCL,Crops and livestock products,143,Morocco,5314,Prod Popultn,1183,Beeswax,1967,1967,No,420000,E,Estimated value,
QCL,Crops and livestock products,143,Morocco,5422,Yield,1183,Beeswax,1968,1968,100 g,7,E,Estimated value,
QCL,Crops and livestock products,143,Morocco,5510,Production,1183,Beeswax,1968,1968,t,300,E,Estimated value,
QCL,Crops and livestock products,143,Morocco,5314,Prod Popultn,1183,Beeswax,1968,1968,No,430000,E,Estimated value,
QCL,Crops and livestock products,143,Morocco,5422,Yield,1183,Beeswax,1969,1969,100 g,7,E,Estimated value,
QCL,Crops and livestock products,143,Morocco,5510,Production,1183,Beeswax,1969,1969,t,290,E,Estimated value,
QCL,Crops and livestock products,143,Morocco,5314,Prod Popultn,1183,Beeswax,1969,1969,No,440000,E,Estimated value,
QCL,Crops and livestock products,143,Morocco,5422,Yield,1183,Beeswax,1970,1970,100 g,5,E,Estimated value,
QCL,Crops and livestock products,143,Morocco,5510,Production,1183,Beeswax,1970,1970,t,250,E,Estimated value,
QCL,Crops and livestock products,143,Morocco,5314,Prod Popultn,1183,Beeswax,1970,1970,No,460000,E,Estimated value,
QCL,Crops and livestock products,143,Morocco,5422,Yield,1183,Beeswax,1971,1971,100 g,8,E,Estimated value,
QCL,Crops and livestock products,143,Morocco,5510,Production,1183,Beeswax,1971,1971,t,380,E,Estimated value,
QCL,Crops and livestock products,143,Morocco,5314,Prod Popultn,1183,Beeswax,1971,1971,No,476000,E,Estimated value,
QCL,Crops and livestock products,143,Morocco,5422,Yield,1183,Beeswax,1972,1972,100 g,8,E,Estimated value,
QCL,Crops and livestock products,143,Morocco,5510,Production,1183,Beeswax,1972,1972,t,390,E,Estimated value,
QCL,Crops and livestock products,143,Morocco,5314,Prod Popultn,1183,Beeswax,1972,1972,No,470000,A,Official figure,
QCL,Crops and livestock products,143,Morocco,5422,Yield,1183,Beeswax,1973,1973,100 g,4,E,Estimated value,
QCL,Crops and livestock products,143,Morocco,5510,Production,1183,Beeswax,1973,1973,t,210,E,Estimated value,
QCL,Crops and livestock products,143,Morocco,5314,Prod Popultn,1183,Beeswax,1973,1973,No,476000,A,Official figure,
QCL,Crops and livestock products,143,Morocco,5422,Yield,1183,Beeswax,1974,1974,100 g,6,E,Estimated value,
QCL,Crops and livestock products,143,Morocco,5510,Production,1183,Beeswax,1974,1974,t,280,E,Estimated value,
QCL,Crops and livestock products,143,Morocco,5314,Prod Popultn,1183,Beeswax,1974,1974,No,480000,A,Official figure,
QCL,Crops and livestock products,143,Morocco,5422,Yield,1183,Beeswax,1975,1975,100 g,6,E,Estimated value,
QCL,Crops and livestock products,143,Morocco,5510,Production,1183,Beeswax,1975,1975,t,280,E,Estimated value,
QCL,Crops and livestock products,143,Morocco,5314,Prod Popultn,1183,Beeswax,1975,1975,No,451000,A,Official figure,
QCL,Crops and livestock products,143,Morocco,5422,Yield,1183,Beeswax,1976,1976,100 g,6,E,Estimated value,
QCL,Crops and livestock products,143,Morocco,5510,Production,1183,Beeswax,1976,1976,t,290,E,Estimated value,
QCL,Crops and livestock products,143,Morocco,5314,Prod Popultn,1183,Beeswax,1976,1976,No,460000,E,Estimated value,
QCL,Crops and livestock products,143,Morocco,5422,Yield,1183,Beeswax,1977,1977,100 g,6,E,Estimated value,
QCL,Crops and livestock products,143,Morocco,5510,Production,1183,Beeswax,1977,1977,t,290,E,Estimated value,
QCL,Crops and livestock products,143,Morocco,5314,Prod Popultn,1183,Beeswax,1977,1977,No,478000,A,Official figure,
QCL,Crops and livestock products,143,Morocco,5422,Yield,1183,Beeswax,1978,1978,100 g,6,E,Estimated value,
QCL,Crops and livestock products,143,Morocco,5510,Production,1183,Beeswax,1978,1978,t,300,E,Estimated value,
QCL,Crops and livestock products,143,Morocco,5314,Prod Popultn,1183,Beeswax,1978,1978,No,482000,E,Estimated value,
QCL,Crops and livestock products,143,Morocco,5422,Yield,1183,Beeswax,1979,1979,100 g,6,E,Estimated value,
QCL,Crops and livestock products,143,Morocco,5510,Production,1183,Beeswax,1979,1979,t,310,E,Estimated value,
QCL,Crops and livestock products,143,Morocco,5314,Prod Popultn,1183,Beeswax,1979,1979,No,485000,E,Estimated value,
QCL,Crops and livestock products,143,Morocco,5422,Yield,1183,Beeswax,1980,1980,100 g,7,E,Estimated value,
QCL,Crops and livestock products,143,Morocco,5510,Production,1183,Beeswax,1980,1980,t,320,E,Estimated value,
QCL,Crops and livestock products,143,Morocco,5314,Prod Popultn,1183,Beeswax,1980,1980,No,487000,E,Estimated value,
QCL,Crops and livestock products,143,Morocco,5422,Yield,1183,Beeswax,1981,1981,100 g,7,E,Estimated value,
QCL,Crops and livestock products,143,Morocco,5510,Production,1183,Beeswax,1981,1981,t,340,E,Estimated value,
QCL,Crops and livestock products,143,Morocco,5314,Prod Popultn,1183,Beeswax,1981,1981,No,492000,E,Estimated value,
QCL,Crops and livestock products,143,Morocco,5422,Yield,1183,Beeswax,1982,1982,100 g,7,E,Estimated value,
QCL,Crops and livestock products,143,Morocco,5510,Production,1183,Beeswax,1982,1982,t,350,E,Estimated value,
QCL,Crops and livestock products,143,Morocco,5314,Prod Popultn,1183,Beeswax,1982,1982,No,496000,E,Estimated value,
QCL,Crops and livestock products,143,Morocco,5422,Yield,1183,Beeswax,1983,1983,100 g,7,E,Estimated value,
QCL,Crops and livestock products,143,Morocco,5510,Production,1183,Beeswax,1983,1983,t,360,E,Estimated value,
QCL,Crops and livestock products,143,Morocco,5314,Prod Popultn,1183,Beeswax,1983,1983,No,500000,E,Estimated value,
QCL,Crops and livestock products,143,Morocco,5422,Yield,1183,Beeswax,1984,1984,100 g,7,E,Estimated value,
QCL,Crops and livestock products,143,Morocco,5510,Production,1183,Beeswax,1984,1984,t,370,E,Estimated value,
QCL,Crops and livestock products,143,Morocco,5314,Prod Popultn,1183,Beeswax,1984,1984,No,530000,E,Estimated value,
QCL,Crops and livestock products,143,Morocco,5422,Yield,1183,Beeswax,1985,1985,100 g,7,E,Estimated value,
QCL,Crops and livestock products,143,Morocco,5510,Production,1183,Beeswax,1985,1985,t,380,E,Estimated value,
QCL,Crops and livestock products,143,Morocco,5314,Prod Popultn,1183,Beeswax,1985,1985,No,533000,E,Estimated value,
QCL,Crops and livestock products,143,Morocco,5422,Yield,1183,Beeswax,1986,1986,100 g,7,E,Estimated value,
QCL,Crops and livestock products,143,Morocco,5510,Production,1183,Beeswax,1986,1986,t,380,E,Estimated value,
QCL,Crops and livestock products,143,Morocco,5314,Prod Popultn,1183,Beeswax,1986,1986,No,535000,E,Estimated value,
QCL,Crops and livestock products,143,Morocco,5422,Yield,1183,Beeswax,1987,1987,100 g,7,E,Estimated value,
QCL,Crops and livestock products,143,Morocco,5510,Production,1183,Beeswax,1987,1987,t,390,E,Estimated value,
QCL,Crops and livestock products,143,Morocco,5314,Prod Popultn,1183,Beeswax,1987,1987,No,537000,E,Estimated value,
QCL,Crops and livestock products,143,Morocco,5422,Yield,1183,Beeswax,1988,1988,100 g,7,E,Estimated value,
QCL,Crops and livestock products,143,Morocco,5510,Production,1183,Beeswax,1988,1988,t,400,E,Estimated value,
QCL,Crops and livestock products,143,Morocco,5314,Prod Popultn,1183,Beeswax,1988,1988,No,542000,E,Estimated value,
QCL,Crops and livestock products,143,Morocco,5422,Yield,1183,Beeswax,1989,1989,100 g,8,E,Estimated value,
QCL,Crops and livestock products,143,Morocco,5510,Production,1183,Beeswax,1989,1989,t,410,E,Estimated value,
QCL,Crops and livestock products,143,Morocco,5314,Prod Popultn,1183,Beeswax,1989,1989,No,544000,E,Estimated value,
QCL,Crops and livestock products,143,Morocco,5422,Yield,1183,Beeswax,1990,1990,100 g,8,E,Estimated value,
QCL,Crops and livestock products,143,Morocco,5510,Production,1183,Beeswax,1990,1990,t,419,E,Estimated value,
QCL,Crops and livestock products,143,Morocco,5314,Prod Popultn,1183,Beeswax,1990,1990,No,546000,E,Estimated value,
QCL,Crops and livestock products,143,Morocco,5510,Production,1183,Beeswax,1991,1991,t,427,E,Estimated value,
QCL,Crops and livestock products,143,Morocco,5510,Production,1183,Beeswax,1992,1992,t,430,E,Estimated value,
QCL,Crops and livestock products,143,Morocco,5510,Production,1183,Beeswax,1993,1993,t,440,E,Estimated value,
QCL,Crops and livestock products,143,Morocco,5510,Production,1183,Beeswax,1994,1994,t,450,E,Estimated value,
QCL,Crops and livestock products,143,Morocco,5510,Production,1183,Beeswax,1995,1995,t,250,E,Estimated value,
QCL,Crops and livestock products,143,Morocco,5510,Production,1183,Beeswax,1996,1996,t,450,E,Estimated value,
QCL,Crops and livestock products,143,Morocco,5510,Production,1183,Beeswax,1997,1997,t,450,E,Estimated value,
QCL,Crops and livestock products,143,Morocco,5510,Production,1183,Beeswax,1998,1998,t,200,A,Official figure,
QCL,Crops and livestock products,143,Morocco,5510,Production,1183,Beeswax,1999,1999,t,150,A,Official figure,
QCL,Crops and livestock products,143,Morocco,5510,Production,1183,Beeswax,2000,2000,t,100,X,Figure from international organizations,Unofficial figure
QCL,Crops and livestock products,143,Morocco,5510,Production,1183,Beeswax,2001,2001,t,100,E,Estimated value,
QCL,Crops and livestock products,143,Morocco,5510,Production,1183,Beeswax,2002,2002,t,100,E,Estimated value,
QCL,Crops and livestock products,143,Morocco,5510,Production,1183,Beeswax,2003,2003,t,100,E,Estimated value,
QCL,Crops and livestock products,143,Morocco,5510,Production,1183,Beeswax,2004,2004,t,100,E,Estimated value,
QCL,Crops and livestock products,143,Morocco,5510,Production,1183,Beeswax,2005,2005,t,100,E,Estimated value,
QCL,Crops and livestock products,143,Morocco,5510,Production,1183,Beeswax,2006,2006,t,100,E,Estimated value,
QCL,Crops and livestock products,143,Morocco,5510,Production,1183,Beeswax,2007,2007,t,100,E,Estimated value,
QCL,Crops and livestock products,143,Morocco,5510,Production,1183,Beeswax,2008,2008,t,100,E,Estimated value,
QCL,Crops and livestock products,143,Morocco,5510,Production,1183,Beeswax,2009,2009,t,100,E,Estimated value,
QCL,Crops and livestock products,143,Morocco,5510,Production,1183,Beeswax,2010,2010,t,100,E,Estimated value,
QCL,Crops and livestock products,143,Morocco,5510,Production,1183,Beeswax,2011,2011,t,100,E,Estimated value,
QCL,Crops and livestock products,143,Morocco,5510,Production,1183,Beeswax,2012,2012,t,79.1,I,Imputed value,
QCL,Crops and livestock products,143,Morocco,5510,Production,1183,Beeswax,2013,2013,t,64.82,I,Imputed value,
QCL,Crops and livestock products,143,Morocco,5510,Production,1183,Beeswax,2014,2014,t,50.34,I,Imputed value,
QCL,Crops and livestock products,143,Morocco,5510,Production,1183,Beeswax,2015,2015,t,52.73,I,Imputed value,
QCL,Crops and livestock products,143,Morocco,5510,Production,1183,Beeswax,2016,2016,t,55.97,E,Estimated value,
QCL,Crops and livestock products,143,Morocco,5510,Production,1183,Beeswax,2017,2017,t,53.48,I,Imputed value,
QCL,Crops and livestock products,143,Morocco,5510,Production,1183,Beeswax,2018,2018,t,51.9,E,Estimated value,
QCL,Crops and livestock products,143,Morocco,5510,Production,1183,Beeswax,2019,2019,t,51.35,E,Estimated value,
QCL,Crops and livestock products,143,Morocco,5510,Production,1183,Beeswax,2020,2020,t,50.67,I,Imputed value,
QCL,Crops and livestock products,143,Morocco,5510,Production,1183,Beeswax,2021,2021,t,49.88,E,Estimated value,
QCL,Crops and livestock products,143,Morocco,5510,Production,1183,Beeswax,2022,2022,t,49.32,E,Estimated value,
QCL,Crops and livestock products,143,Morocco,5312,Area harvested,552,Blueberries,1961,1961,ha,0,M,"Missing value (data cannot exist, not applicable)",
QCL,Crops and livestock products,143,Morocco,5510,Production,552,Blueberries,1961,1961,t,0,A,Official figure,
QCL,Crops and livestock products,143,Morocco,5312,Area harvested,552,Blueberries,1962,1962,ha,0,M,"Missing value (data cannot exist, not applicable)",
QCL,Crops and livestock products,143,Morocco,5510,Production,552,Blueberries,1962,1962,t,0,A,Official figure,
QCL,Crops and livestock products,143,Morocco,5312,Area harvested,552,Blueberries,1963,1963,ha,0,M,"Missing value (data cannot exist, not applicable)",
QCL,Crops and livestock products,143,Morocco,5510,Production,552,Blueberries,1963,1963,t,0,A,Official figure,
QCL,Crops and livestock products,143,Morocco,5312,Area harvested,552,Blueberries,1964,1964,ha,0,M,"Missing value (data cannot exist, not applicable)",
QCL,Crops and livestock products,143,Morocco,5510,Production,552,Blueberries,1964,1964,t,0,A,Official figure,
QCL,Crops and livestock products,143,Morocco,5312,Area harvested,552,Blueberries,1965,1965,ha,0,M,"Missing value (data cannot exist, not applicable)",
QCL,Crops and livestock products,143,Morocco,5510,Production,552,Blueberries,1965,1965,t,0,A,Official figure,
QCL,Crops and livestock products,143,Morocco,5312,Area harvested,552,Blueberries,1966,1966,ha,0,M,"Missing value (data cannot exist, not applicable)",
QCL,Crops and livestock products,143,Morocco,5510,Production,552,Blueberries,1966,1966,t,0,A,Official figure,
QCL,Crops and livestock products,143,Morocco,5312,Area harvested,552,Blueberries,1967,1967,ha,0,M,"Missing value (data cannot exist, not applicable)",
QCL,Crops and livestock products,143,Morocco,5510,Production,552,Blueberries,1967,1967,t,0,A,Official figure,
QCL,Crops and livestock products,143,Morocco,5312,Area harvested,552,Blueberries,1968,1968,ha,0,M,"Missing value (data cannot exist, not applicable)",
QCL,Crops and livestock products,143,Morocco,5510,Production,552,Blueberries,1968,1968,t,0,A,Official figure,
QCL,Crops and livestock products,143,Morocco,5312,Area harvested,552,Blueberries,1969,1969,ha,0,M,"Missing value (data cannot exist, not applicable)",
QCL,Crops and livestock products,143,Morocco,5510,Production,552,Blueberries,1969,1969,t,0,A,Official figure,
QCL,Crops and livestock products,143,Morocco,5312,Area harvested,552,Blueberries,1970,1970,ha,0,M,"Missing value (data cannot exist, not applicable)",
QCL,Crops and livestock products,143,Morocco,5510,Production,552,Blueberries,1970,1970,t,0,A,Official figure,
QCL,Crops and livestock products,143,Morocco,5312,Area harvested,552,Blueberries,1971,1971,ha,0,M,"Missing value (data cannot exist, not applicable)",
QCL,Crops and livestock products,143,Morocco,5510,Production,552,Blueberries,1971,1971,t,0,A,Official figure,
QCL,Crops and livestock products,143,Morocco,5312,Area harvested,552,Blueberries,1972,1972,ha,0,M,"Missing value (data cannot exist, not applicable)",
QCL,Crops and livestock products,143,Morocco,5510,Production,552,Blueberries,1972,1972,t,0,A,Official figure,
QCL,Crops and livestock products,143,Morocco,5312,Area harvested,552,Blueberries,1973,1973,ha,0,M,"Missing value (data cannot exist, not applicable)",
QCL,Crops and livestock products,143,Morocco,5510,Production,552,Blueberries,1973,1973,t,0,A,Official figure,
QCL,Crops and livestock products,143,Morocco,5312,Area harvested,552,Blueberries,1974,1974,ha,0,M,"Missing value (data cannot exist, not applicable)",
QCL,Crops and livestock products,143,Morocco,5510,Production,552,Blueberries,1974,1974,t,0,A,Official figure,
QCL,Crops and livestock products,143,Morocco,5312,Area harvested,552,Blueberries,1975,1975,ha,0,M,"Missing value (data cannot exist, not applicable)",
QCL,Crops and livestock products,143,Morocco,5510,Production,552,Blueberries,1975,1975,t,0,A,Official figure,
QCL,Crops and livestock products,143,Morocco,5312,Area harvested,552,Blueberries,1976,1976,ha,0,M,"Missing value (data cannot exist, not applicable)",
QCL,Crops and livestock products,143,Morocco,5510,Production,552,Blueberries,1976,1976,t,0,A,Official figure,
QCL,Crops and livestock products,143,Morocco,5312,Area harvested,552,Blueberries,1977,1977,ha,0,M,"Missing value (data cannot exist, not applicable)",
QCL,Crops and livestock products,143,Morocco,5510,Production,552,Blueberries,1977,1977,t,0,A,Official figure,
QCL,Crops and livestock products,143,Morocco,5312,Area harvested,552,Blueberries,1978,1978,ha,0,M,"Missing value (data cannot exist, not applicable)",
QCL,Crops and livestock products,143,Morocco,5510,Production,552,Blueberries,1978,1978,t,0,A,Official figure,
QCL,Crops and livestock products,143,Morocco,5312,Area harvested,552,Blueberries,1979,1979,ha,0,M,"Missing value (data cannot exist, not applicable)",
QCL,Crops and livestock products,143,Morocco,5510,Production,552,Blueberries,1979,1979,t,0,A,Official figure,
QCL,Crops and livestock products,143,Morocco,5312,Area harvested,552,Blueberries,1980,1980,ha,0,M,"Missing value (data cannot exist, not applicable)",
QCL,Crops and livestock products,143,Morocco,5510,Production,552,Blueberries,1980,1980,t,0,A,Official figure,
QCL,Crops and livestock products,143,Morocco,5312,Area harvested,552,Blueberries,1981,1981,ha,0,M,"Missing value (data cannot exist, not applicable)",
QCL,Crops and livestock products,143,Morocco,5510,Production,552,Blueberries,1981,1981,t,0,A,Official figure,
QCL,Crops and livestock products,143,Morocco,5312,Area harvested,552,Blueberries,1982,1982,ha,0,M,"Missing value (data cannot exist, not applicable)",
QCL,Crops and livestock products,143,Morocco,5510,Production,552,Blueberries,1982,1982,t,0,A,Official figure,
QCL,Crops and livestock products,143,Morocco,5312,Area harvested,552,Blueberries,1983,1983,ha,0,M,"Missing value (data cannot exist, not applicable)",
QCL,Crops and livestock products,143,Morocco,5510,Production,552,Blueberries,1983,1983,t,0,A,Official figure,
QCL,Crops and livestock products,143,Morocco,5312,Area harvested,552,Blueberries,1984,1984,ha,0,M,"Missing value (data cannot exist, not applicable)",
QCL,Crops and livestock products,143,Morocco,5510,Production,552,Blueberries,1984,1984,t,0,A,Official figure,
QCL,Crops and livestock products,143,Morocco,5312,Area harvested,552,Blueberries,1985,1985,ha,0,M,"Missing value (data cannot exist, not applicable)",
QCL,Crops and livestock products,143,Morocco,5510,Production,552,Blueberries,1985,1985,t,0,A,Official figure,
QCL,Crops and livestock products,143,Morocco,5312,Area harvested,552,Blueberries,1986,1986,ha,0,M,"Missing value (data cannot exist, not applicable)",
QCL,Crops and livestock products,143,Morocco,5510,Production,552,Blueberries,1986,1986,t,0,A,Official figure,
QCL,Crops and livestock products,143,Morocco,5312,Area harvested,552,Blueberries,1987,1987,ha,0,M,"Missing value (data cannot exist, not applicable)",
QCL,Crops and livestock products,143,Morocco,5510,Production,552,Blueberries,1987,1987,t,10,E,Estimated value,
QCL,Crops and livestock products,143,Morocco,5312,Area harvested,552,Blueberries,1988,1988,ha,0,M,"Missing value (data cannot exist, not applicable)",
QCL,Crops and livestock products,143,Morocco,5510,Production,552,Blueberries,1988,1988,t,20,E,Estimated value,
QCL,Crops and livestock products,143,Morocco,5312,Area harvested,552,Blueberries,1989,1989,ha,10,E,Estimated value,
QCL,Crops and livestock products,143,Morocco,5419,Yield,552,Blueberries,1989,1989,100 g/ha,30000,E,Estimated value,
QCL,Crops and livestock products,143,Morocco,5510,Production,552,Blueberries,1989,1989,t,30,E,Estimated value,
QCL,Crops and livestock products,143,Morocco,5312,Area harvested,552,Blueberries,1990,1990,ha,10,E,Estimated value,
QCL,Crops and livestock products,143,Morocco,5419,Yield,552,Blueberries,1990,1990,100 g/ha,40000,E,Estimated value,
QCL,Crops and livestock products,143,Morocco,5510,Production,552,Blueberries,1990,1990,t,40,E,Estimated value,
QCL,Crops and livestock products,143,Morocco,5312,Area harvested,552,Blueberries,1991,1991,ha,10,E,Estimated value,
QCL,Crops and livestock products,143,Morocco,5419,Yield,552,Blueberries,1991,1991,100 g/ha,50000,E,Estimated value,
QCL,Crops and livestock products,143,Morocco,5510,Production,552,Blueberries,1991,1991,t,50,E,Estimated value,
QCL,Crops and livestock products,143,Morocco,5312,Area harvested,552,Blueberries,1992,1992,ha,10,E,Estimated value,
QCL,Crops and livestock products,143,Morocco,5419,Yield,552,Blueberries,1992,1992,100 g/ha,45316,E,Estimated value,
QCL,Crops and livestock products,143,Morocco,5510,Production,552,Blueberries,1992,1992,t,45.32,I,Imputed value,
QCL,Crops and livestock products,143,Morocco,5312,Area harvested,552,Blueberries,1993,1993,ha,10,E,Estimated value,
QCL,Crops and livestock products,143,Morocco,5419,Yield,552,Blueberries,1993,1993,100 g/ha,45430,E,Estimated value,
QCL,Crops and livestock products,143,Morocco,5510,Production,552,Blueberries,1993,1993,t,45.43,I,Imputed value,
QCL,Crops and livestock products,143,Morocco,5312,Area harvested,552,Blueberries,1994,1994,ha,10,E,Estimated value,
QCL,Crops and livestock products,143,Morocco,5419,Yield,552,Blueberries,1994,1994,100 g/ha,45495,E,Estimated value,
QCL,Crops and livestock products,143,Morocco,5510,Production,552,Blueberries,1994,1994,t,45.5,I,Imputed value,
QCL,Crops and livestock products,143,Morocco,5312,Area harvested,552,Blueberries,1995,1995,ha,10,E,Estimated value,
QCL,Crops and livestock products,143,Morocco,5419,Yield,552,Blueberries,1995,1995,100 g/ha,45515,E,Estimated value,
QCL,Crops and livestock products,143,Morocco,5510,Production,552,Blueberries,1995,1995,t,45.51,I,Imputed value,
QCL,Crops and livestock products,143,Morocco,5312,Area harvested,552,Blueberries,1996,1996,ha,10,E,Estimated value,
QCL,Crops and livestock products,143,Morocco,5419,Yield,552,Blueberries,1996,1996,100 g/ha,45494,E,Estimated value,
QCL,Crops and livestock products,143,Morocco,5510,Production,552,Blueberries,1996,1996,t,45.49,I,Imputed value,
QCL,Crops and livestock products,143,Morocco,5312,Area harvested,552,Blueberries,1997,1997,ha,10,E,Estimated value,
QCL,Crops and livestock products,143,Morocco,5419,Yield,552,Blueberries,1997,1997,100 g/ha,45439,E,Estimated value,
QCL,Crops and livestock products,143,Morocco,5510,Production,552,Blueberries,1997,1997,t,45.44,I,Imputed value,
QCL,Crops and livestock products,143,Morocco,5312,Area harvested,552,Blueberries,1998,1998,ha,10,E,Estimated value,
QCL,Crops and livestock products,143,Morocco,5419,Yield,552,Blueberries,1998,1998,100 g/ha,45352,E,Estimated value,
QCL,Crops and livestock products,143,Morocco,5510,Production,552,Blueberries,1998,1998,t,45.35,I,Imputed value,
QCL,Crops and livestock products,143,Morocco,5312,Area harvested,552,Blueberries,1999,1999,ha,10,E,Estimated value,
QCL,Crops and livestock products,143,Morocco,5419,Yield,552,Blueberries,1999,1999,100 g/ha,45240,E,Estimated value,
QCL,Crops and livestock products,143,Morocco,5510,Production,552,Blueberries,1999,1999,t,45.24,I,Imputed value,
QCL,Crops and livestock products,143,Morocco,5312,Area harvested,552,Blueberries,2000,2000,ha,10,E,Estimated value,
QCL,Crops and livestock products,143,Morocco,5419,Yield,552,Blueberries,2000,2000,100 g/ha,45108,E,Estimated value,
QCL,Crops and livestock products,143,Morocco,5510,Production,552,Blueberries,2000,2000,t,45.11,I,Imputed value,
QCL,Crops and livestock products,143,Morocco,5312,Area harvested,552,Blueberries,2001,2001,ha,159,I,Imputed value,
QCL,Crops and livestock products,143,Morocco,5419,Yield,552,Blueberries,2001,2001,100 g/ha,45489,E,Estimated value,
QCL,Crops and livestock products,143,Morocco,5510,Production,552,Blueberries,2001,2001,t,725.29,I,Imputed value,
QCL,Crops and livestock products,143,Morocco,5312,Area harvested,552,Blueberries,2002,2002,ha,218,I,Imputed value,
QCL,Crops and livestock products,143,Morocco,5419,Yield,552,Blueberries,2002,2002,100 g/ha,45489,E,Estimated value,
QCL,Crops and livestock products,143,Morocco,5510,Production,552,Blueberries,2002,2002,t,989.8,I,Imputed value,
QCL,Crops and livestock products,143,Morocco,5312,Area harvested,552,Blueberries,2003,2003,ha,288,I,Imputed value,
QCL,Crops and livestock products,143,Morocco,5419,Yield,552,Blueberries,2003,2003,100 g/ha,45499,E,Estimated value,
QCL,Crops and livestock products,143,Morocco,5510,Production,552,Blueberries,2003,2003,t,1308.53,I,Imputed value,
QCL,Crops and livestock products,143,Morocco,5312,Area harvested,552,Blueberries,2004,2004,ha,436,I,Imputed value,
QCL,Crops and livestock products,143,Morocco,5419,Yield,552,Blueberries,2004,2004,100 g/ha,45654,E,Estimated value,
QCL,Crops and livestock products,143,Morocco,5510,Production,552,Blueberries,2004,2004,t,1990.51,I,Imputed value,
QCL,Crops and livestock products,143,Morocco,5312,Area harvested,552,Blueberries,2005,2005,ha,536,I,Imputed value,
QCL,Crops and livestock products,143,Morocco,5419,Yield,552,Blueberries,2005,2005,100 g/ha,45712,E,Estimated value,
QCL,Crops and livestock products,143,Morocco,5510,Production,552,Blueberries,2005,2005,t,2450.49,I,Imputed value,
QCL,Crops and livestock products,143,Morocco,5312,Area harvested,552,Blueberries,2006,2006,ha,633,I,Imputed value,
QCL,Crops and livestock products,143,Morocco,5419,Yield,552,Blueberries,2006,2006,100 g/ha,45774,E,Estimated value,
QCL,Crops and livestock products,143,Morocco,5510,Production,552,Blueberries,2006,2006,t,2896.38,I,Imputed value,
QCL,Crops and livestock products,143,Morocco,5312,Area harvested,552,Blueberries,2007,2007,ha,724,I,Imputed value,
QCL,Crops and livestock products,143,Morocco,5419,Yield,552,Blueberries,2007,2007,100 g/ha,45840,E,Estimated value,
QCL,Crops and livestock products,143,Morocco,5510,Production,552,Blueberries,2007,2007,t,3320.47,I,Imputed value,
QCL,Crops and livestock products,143,Morocco,5312,Area harvested,552,Blueberries,2008,2008,ha,812,I,Imputed value,
QCL,Crops and livestock products,143,Morocco,5419,Yield,552,Blueberries,2008,2008,100 g/ha,45908,E,Estimated value,
QCL,Crops and livestock products,143,Morocco,5510,Production,552,Blueberries,2008,2008,t,3728.42,I,Imputed value,
QCL,Crops and livestock products,143,Morocco,5312,Area harvested,552,Blueberries,2009,2009,ha,875,I,Imputed value,
QCL,Crops and livestock products,143,Morocco,5419,Yield,552,Blueberries,2009,2009,100 g/ha,46338,E,Estimated value,
QCL,Crops and livestock products,143,Morocco,5510,Production,552,Blueberries,2009,2009,t,4054.88,I,Imputed value,
QCL,Crops and livestock products,143,Morocco,5312,Area harvested,552,Blueberries,2010,2010,ha,924,I,Imputed value,
QCL,Crops and livestock products,143,Morocco,5419,Yield,552,Blueberries,2010,2010,100 g/ha,46817,E,Estimated value,
QCL,Crops and livestock products,143,Morocco,5510,Production,552,Blueberries,2010,2010,t,4327.01,I,Imputed value,
QCL,Crops and livestock products,143,Morocco,5312,Area harvested,552,Blueberries,2011,2011,ha,1228,I,Imputed value,
QCL,Crops and livestock products,143,Morocco,5419,Yield,552,Blueberries,2011,2011,100 g/ha,46276,E,Estimated value,
QCL,Crops and livestock products,143,Morocco,5510,Production,552,Blueberries,2011,2011,t,5682.1,I,Imputed value,
QCL,Crops and livestock products,143,Morocco,5312,Area harvested,552,Blueberries,2012,2012,ha,1573,I,Imputed value,
QCL,Crops and livestock products,143,Morocco,5419,Yield,552,Blueberries,2012,2012,100 g/ha,46073,E,Estimated value,
QCL,Crops and livestock products,143,Morocco,5510,Production,552,Blueberries,2012,2012,t,7247.2,I,Imputed value,
QCL,Crops and livestock products,143,Morocco,5312,Area harvested,552,Blueberries,2013,2013,ha,1867,I,Imputed value,
QCL,Crops and livestock products,143,Morocco,5419,Yield,552,Blueberries,2013,2013,100 g/ha,46186,E,Estimated value,
QCL,Crops and livestock products,143,Morocco,5510,Production,552,Blueberries,2013,2013,t,8624.44,I,Imputed value,
QCL,Crops and livestock products,143,Morocco,5312,Area harvested,552,Blueberries,2014,2014,ha,2187,I,Imputed value,
QCL,Crops and livestock products,143,Morocco,5419,Yield,552,Blueberries,2014,2014,100 g/ha,46233,E,Estimated value,
QCL,Crops and livestock products,143,Morocco,5510,Production,552,Blueberries,2014,2014,t,10112.43,I,Imputed value,
QCL,Crops and livestock products,143,Morocco,5312,Area harvested,552,Blueberries,2015,2015,ha,2518,I,Imputed value,
QCL,Crops and livestock products,143,Morocco,5419,Yield,552,Blueberries,2015,2015,100 g/ha,46757,E,Estimated value,
QCL,Crops and livestock products,143,Morocco,5510,Production,552,Blueberries,2015,2015,t,11775.25,I,Imputed value,
QCL,Crops and livestock products,143,Morocco,5312,Area harvested,552,Blueberries,2016,2016,ha,2926,I,Imputed value,
QCL,Crops and livestock products,143,Morocco,5419,Yield,552,Blueberries,2016,2016,100 g/ha,47209,E,Estimated value,
QCL,Crops and livestock products,143,Morocco,5510,Production,552,Blueberries,2016,2016,t,13813.05,I,Imputed value,
QCL,Crops and livestock products,143,Morocco,5312,Area harvested,552,Blueberries,2017,2017,ha,3332,I,Imputed value,
QCL,Crops and livestock products,143,Morocco,5419,Yield,552,Blueberries,2017,2017,100 g/ha,47592,E,Estimated value,
QCL,Crops and livestock products,143,Morocco,5510,Production,552,Blueberries,2017,2017,t,15856.72,I,Imputed value,
QCL,Crops and livestock products,143,Morocco,5312,Area harvested,552,Blueberries,2018,2018,ha,3826,I,Imputed value,
QCL,Crops and livestock products,143,Morocco,5419,Yield,552,Blueberries,2018,2018,100 g/ha,47052,E,Estimated value,
QCL,Crops and livestock products,143,Morocco,5510,Production,552,Blueberries,2018,2018,t,18000,E,Estimated value,
QCL,Crops and livestock products,143,Morocco,5312,Area harvested,552,Blueberries,2019,2019,ha,5546,I,Imputed value,
QCL,Crops and livestock products,143,Morocco,5419,Yield,552,Blueberries,2019,2019,100 g/ha,46877,E,Estimated value,
QCL,Crops and livestock products,143,Morocco,5510,Production,552,Blueberries,2019,2019,t,26000,E,Estimated value,
QCL,Crops and livestock products,143,Morocco,5312,Area harvested,552,Blueberries,2020,2020,ha,7233,I,Imputed value,
QCL,Crops and livestock products,143,Morocco,5419,Yield,552,Blueberries,2020,2020,100 g/ha,47005,E,Estimated value,
QCL,Crops and livestock products,143,Morocco,5510,Production,552,Blueberries,2020,2020,t,34000,E,Estimated value,
QCL,Crops and livestock products,143,Morocco,5312,Area harvested,552,Blueberries,2021,2021,ha,9135,I,Imputed value,
QCL,Crops and livestock products,143,Morocco,5419,Yield,552,Blueberries,2021,2021,100 g/ha,47071,E,Estimated value,
QCL,Crops and livestock products,143,Morocco,5510,Production,552,Blueberries,2021,2021,t,43000,E,Estimated value,
QCL,Crops and livestock products,143,Morocco,5312,Area harvested,552,Blueberries,2022,2022,ha,6418,E,Estimated value,
QCL,Crops and livestock products,143,Morocco,5419,Yield,552,Blueberries,2022,2022,100 g/ha,47136,E,Estimated value,
QCL,Crops and livestock products,143,Morocco,5510,Production,552,Blueberries,2022,2022,t,30250,E,Estimated value,
QCL,Crops and livestock products,143,Morocco,5510,Production,216,"Brazil nuts, in shell",1961,1961,t,30,E,Estimated value,
QCL,Crops and livestock products,143,Morocco,5510,Production,216,"Brazil nuts, in shell",1962,1962,t,30,E,Estimated value,
QCL,Crops and livestock products,143,Morocco,5510,Production,216,"Brazil nuts, in shell",1963,1963,t,50,E,Estimated value,
QCL,Crops and livestock products,143,Morocco,5510,Production,216,"Brazil nuts, in shell",1964,1964,t,30,E,Estimated value,
QCL,Crops and livestock products,143,Morocco,5510,Production,216,"Brazil nuts, in shell",1965,1965,t,30,E,Estimated value,
QCL,Crops and livestock products,143,Morocco,5510,Production,216,"Brazil nuts, in shell",1966,1966,t,50,E,Estimated value,
QCL,Crops and livestock products,143,Morocco,5510,Production,216,"Brazil nuts, in shell",1967,1967,t,50,E,Estimated value,
QCL,Crops and livestock products,143,Morocco,5510,Production,216,"Brazil nuts, in shell",1968,1968,t,30,E,Estimated value,
QCL,Crops and livestock products,143,Morocco,5510,Production,216,"Brazil nuts, in shell",1969,1969,t,30,E,Estimated value,
QCL,Crops and livestock products,143,Morocco,5510,Production,216,"Brazil nuts, in shell",1970,1970,t,0,A,Official figure,
QCL,Crops and livestock products,143,Morocco,5510,Production,216,"Brazil nuts, in shell",1971,1971,t,0,A,Official figure,
QCL,Crops and livestock products,143,Morocco,5510,Production,216,"Brazil nuts, in shell",1972,1972,t,0,A,Official figure,
QCL,Crops and livestock products,143,Morocco,5510,Production,216,"Brazil nuts, in shell",1973,1973,t,0,A,Official figure,
QCL,Crops and livestock products,143,Morocco,5510,Production,216,"Brazil nuts, in shell",1974,1974,t,0,A,Official figure,
QCL,Crops and livestock products,143,Morocco,5510,Production,216,"Brazil nuts, in shell",1975,1975,t,0,A,Official figure,
QCL,Crops and livestock products,143,Morocco,5510,Production,216,"Brazil nuts, in shell",1976,1976,t,0,A,Official figure,
QCL,Crops and livestock products,143,Morocco,5510,Production,216,"Brazil nuts, in shell",1977,1977,t,0,A,Official figure,
QCL,Crops and livestock products,143,Morocco,5510,Production,216,"Brazil nuts, in shell",1978,1978,t,0,A,Official figure,
QCL,Crops and livestock products,143,Morocco,5510,Production,216,"Brazil nuts, in shell",1979,1979,t,0,A,Official figure,
QCL,Crops and livestock products,143,Morocco,5510,Production,216,"Brazil nuts, in shell",1980,1980,t,0,A,Official figure,
QCL,Crops and livestock products,143,Morocco,5510,Production,216,"Brazil nuts, in shell",1981,1981,t,0,A,Official figure,
QCL,Crops and livestock products,143,Morocco,5510,Production,216,"Brazil nuts, in shell",1982,1982,t,0,A,Official figure,
QCL,Crops and livestock products,143,Morocco,5510,Production,216,"Brazil nuts, in shell",1983,1983,t,0,A,Official figure,
QCL,Crops and livestock products,143,Morocco,5510,Production,216,"Brazil nuts, in shell",1984,1984,t,0,A,Official figure,
QCL,Crops and livestock products,143,Morocco,5510,Production,216,"Brazil nuts, in shell",1985,1985,t,0,A,Official figure,
QCL,Crops and livestock products,143,Morocco,5510,Production,216,"Brazil nuts, in shell",1986,1986,t,0,A,Official figure,
QCL,Crops and livestock products,143,Morocco,5510,Production,216,"Brazil nuts, in shell",1987,1987,t,0,A,Official figure,
QCL,Crops and livestock products,143,Morocco,5510,Production,216,"Brazil nuts, in shell",1988,1988,t,0,A,Official figure,
QCL,Crops and livestock products,143,Morocco,5510,Production,216,"Brazil nuts, in shell",1989,1989,t,0,A,Official figure,
QCL,Crops and livestock products,143,Morocco,5510,Production,216,"Brazil nuts, in shell",1990,1990,t,0,A,Official figure,
QCL,Crops and livestock products,143,Morocco,5510,Production,216,"Brazil nuts, in shell",1991,1991,t,0,A,Official figure,
QCL,Crops and livestock products,143,Morocco,5510,Production,216,"Brazil nuts, in shell",1992,1992,t,0,A,Official figure,
QCL,Crops and livestock products,143,Morocco,5510,Production,216,"Brazil nuts, in shell",1993,1993,t,0,M,"Missing value (data cannot exist, not applicable)",
QCL,Crops and livestock products,143,Morocco,5510,Production,216,"Brazil nuts, in shell",1994,1994,t,0,M,"Missing value (data cannot exist, not applicable)",
QCL,Crops and livestock products,143,Morocco,5510,Production,216,"Brazil nuts, in shell",1995,1995,t,0,M,"Missing value (data cannot exist, not applicable)",
QCL,Crops and livestock products,143,Morocco,5510,Production,216,"Brazil nuts, in shell",1996,1996,t,0,M,"Missing value (data cannot exist, not applicable)",
QCL,Crops and livestock products,143,Morocco,5510,Production,216,"Brazil nuts, in shell",1997,1997,t,0,M,"Missing value (data cannot exist, not applicable)",
QCL,Crops and livestock products,143,Morocco,5510,Production,216,"Brazil nuts, in shell",1998,1998,t,0,M,"Missing value (data cannot exist, not applicable)",
QCL,Crops and livestock products,143,Morocco,5510,Production,216,"Brazil nuts, in shell",1999,1999,t,0,M,"Missing value (data cannot exist, not applicable)",
QCL,Crops and livestock products,143,Morocco,5510,Production,216,"Brazil nuts, in shell",2000,2000,t,0,M,"Missing value (data cannot exist, not applicable)",
QCL,Crops and livestock products,143,Morocco,5510,Production,216,"Brazil nuts, in shell",2001,2001,t,0,M,"Missing value (data cannot exist, not applicable)",
QCL,Crops and livestock products,143,Morocco,5510,Production,216,"Brazil nuts, in shell",2002,2002,t,0,M,"Missing value (data cannot exist, not applicable)",
QCL,Crops and livestock products,143,Morocco,5510,Production,216,"Brazil nuts, in shell",2003,2003,t,0,M,"Missing value (data cannot exist, not applicable)",
QCL,Crops and livestock products,143,Morocco,5510,Production,216,"Brazil nuts, in shell",2004,2004,t,0,M,"Missing value (data cannot exist, not applicable)",
QCL,Crops and livestock products,143,Morocco,5510,Production,216,"Brazil nuts, in shell",2005,2005,t,0,M,"Missing value (data cannot exist, not applicable)",
QCL,Crops and livestock products,143,Morocco,5510,Production,216,"Brazil nuts, in shell",2006,2006,t,0,M,"Missing value (data cannot exist, not applicable)",
QCL,Crops and livestock products,143,Morocco,5510,Production,216,"Brazil nuts, in shell",2007,2007,t,0,M,"Missing value (data cannot exist, not applicable)",
QCL,Crops and livestock products,143,Morocco,5510,Production,216,"Brazil nuts, in shell",2008,2008,t,0,M,"Missing value (data cannot exist, not applicable)",
QCL,Crops and livestock products,143,Morocco,5510,Production,216,"Brazil nuts, in shell",2009,2009,t,0,M,"Missing value (data cannot exist, not applicable)",
QCL,Crops and livestock products,143,Morocco,5510,Production,216,"Brazil nuts, in shell",2010,2010,t,0,M,"Missing value (data cannot exist, not applicable)",
QCL,Crops and livestock products,143,Morocco,5510,Production,216,"Brazil nuts, in shell",2011,2011,t,0,M,"Missing value (data cannot exist, not applicable)",
QCL,Crops and livestock products,143,Morocco,5510,Production,216,"Brazil nuts, in shell",2012,2012,t,0,M,"Missing value (data cannot exist, not applicable)",
QCL,Crops and livestock products,143,Morocco,5510,Production,216,"Brazil nuts, in shell",2013,2013,t,0,M,"Missing value (data cannot exist, not applicable)",
QCL,Crops and livestock products,143,Morocco,5510,Production,216,"Brazil nuts, in shell",2014,2014,t,0,M,"Missing value (data cannot exist, not applicable)",
QCL,Crops and livestock products,143,Morocco,5510,Production,216,"Brazil nuts, in shell",2015,2015,t,0,M,"Missing value (data cannot exist, not applicable)",
QCL,Crops and livestock products,143,Morocco,5510,Production,216,"Brazil nuts, in shell",2016,2016,t,0,M,"Missing value (data cannot exist, not applicable)",
QCL,Crops and livestock products,143,Morocco,5510,Production,216,"Brazil nuts, in shell",2017,2017,t,0,M,"Missing value (data cannot exist, not applicable)",
QCL,Crops and livestock products,143,Morocco,5510,Production,216,"Brazil nuts, in shell",2018,2018,t,0,M,"Missing value (data cannot exist, not applicable)",
QCL,Crops and livestock products,143,Morocco,5510,Production,216,"Brazil nuts, in shell",2019,2019,t,0,M,"Missing value (data cannot exist, not applicable)",
QCL,Crops and livestock products,143,Morocco,5510,Production,216,"Brazil nuts, in shell",2020,2020,t,0,M,"Missing value (data cannot exist, not applicable)",
QCL,Crops and livestock products,143,Morocco,5510,Production,216,"Brazil nuts, in shell",2021,2021,t,0,M,"Missing value (data cannot exist, not applicable)",
QCL,Crops and livestock products,143,Morocco,5510,Production,216,"Brazil nuts, in shell",2022,2022,t,0,M,"Missing value (data cannot exist, not applicable)",
QCL,Crops and livestock products,143,Morocco,5312,Area harvested,181,"Broad beans and horse beans, dry",1961,1961,ha,150000,A,Official figure,
QCL,Crops and livestock products,143,Morocco,5419,Yield,181,"Broad beans and horse beans, dry",1961,1961,100 g/ha,4000,A,Official figure,
QCL,Crops and livestock products,143,Morocco,5510,Production,181,"Broad beans and horse beans, dry",1961,1961,t,60000,A,Official figure,
QCL,Crops and livestock products,143,Morocco,5312,Area harvested,181,"Broad beans and horse beans, dry",1962,1962,ha,150000,A,Official figure,
QCL,Crops and livestock products,143,Morocco,5419,Yield,181,"Broad beans and horse beans, dry",1962,1962,100 g/ha,6667,A,Official figure,
QCL,Crops and livestock products,143,Morocco,5510,Production,181,"Broad beans and horse beans, dry",1962,1962,t,100000,A,Official figure,
QCL,Crops and livestock products,143,Morocco,5312,Area harvested,181,"Broad beans and horse beans, dry",1963,1963,ha,150000,A,Official figure,
QCL,Crops and livestock products,143,Morocco,5419,Yield,181,"Broad beans and horse beans, dry",1963,1963,100 g/ha,8000,A,Official figure,
QCL,Crops and livestock products,143,Morocco,5510,Production,181,"Broad beans and horse beans, dry",1963,1963,t,120000,A,Official figure,
QCL,Crops and livestock products,143,Morocco,5312,Area harvested,181,"Broad beans and horse beans, dry",1964,1964,ha,160000,A,Official figure,
QCL,Crops and livestock products,143,Morocco,5419,Yield,181,"Broad beans and horse beans, dry",1964,1964,100 g/ha,8125,A,Official figure,
QCL,Crops and livestock products,143,Morocco,5510,Production,181,"Broad beans and horse beans, dry",1964,1964,t,130000,A,Official figure,
QCL,Crops and livestock products,143,Morocco,5312,Area harvested,181,"Broad beans and horse beans, dry",1965,1965,ha,156000,A,Official figure,
QCL,Crops and livestock products,143,Morocco,5419,Yield,181,"Broad beans and horse beans, dry",1965,1965,100 g/ha,8974,A,Official figure,
QCL,Crops and livestock products,143,Morocco,5510,Production,181,"Broad beans and horse beans, dry",1965,1965,t,140000,A,Official figure,
QCL,Crops and livestock products,143,Morocco,5312,Area harvested,181,"Broad beans and horse beans, dry",1966,1966,ha,166000,A,Official figure,
QCL,Crops and livestock products,143,Morocco,5419,Yield,181,"Broad beans and horse beans, dry",1966,1966,100 g/ha,5901,A,Official figure,
QCL,Crops and livestock products,143,Morocco,5510,Production,181,"Broad beans and horse beans, dry",1966,1966,t,97950,A,Official figure,
QCL,Crops and livestock products,143,Morocco,5312,Area harvested,181,"Broad beans and horse beans, dry",1967,1967,ha,165000,A,Official figure,
QCL,Crops and livestock products,143,Morocco,5419,Yield,181,"Broad beans and horse beans, dry",1967,1967,100 g/ha,6500,A,Official figure,
QCL,Crops and livestock products,143,Morocco,5510,Production,181,"Broad beans and horse beans, dry",1967,1967,t,107250,A,Official figure,
QCL,Crops and livestock products,143,Morocco,5312,Area harvested,181,"Broad beans and horse beans, dry",1968,1968,ha,114500,A,Official figure,
QCL,Crops and livestock products,143,Morocco,5419,Yield,181,"Broad beans and horse beans, dry",1968,1968,100 g/ha,14847,A,Official figure,
QCL,Crops and livestock products,143,Morocco,5510,Production,181,"Broad beans and horse beans, dry",1968,1968,t,170000,A,Official figure,
QCL,Crops and livestock products,143,Morocco,5312,Area harvested,181,"Broad beans and horse beans, dry",1969,1969,ha,167000,A,Official figure,
QCL,Crops and livestock products,143,Morocco,5419,Yield,181,"Broad beans and horse beans, dry",1969,1969,100 g/ha,9299,A,Official figure,
QCL,Crops and livestock products,143,Morocco,5510,Production,181,"Broad beans and horse beans, dry",1969,1969,t,155300,A,Official figure,
QCL,Crops and livestock products,143,Morocco,5312,Area harvested,181,"Broad beans and horse beans, dry",1970,1970,ha,181000,A,Official figure,
QCL,Crops and livestock products,143,Morocco,5419,Yield,181,"Broad beans and horse beans, dry",1970,1970,100 g/ha,10492,A,Official figure,
QCL,Crops and livestock products,143,Morocco,5510,Production,181,"Broad beans and horse beans, dry",1970,1970,t,189900,A,Official figure,
QCL,Crops and livestock products,143,Morocco,5312,Area harvested,181,"Broad beans and horse beans, dry",1971,1971,ha,190000,A,Official figure,
QCL,Crops and livestock products,143,Morocco,5419,Yield,181,"Broad beans and horse beans, dry",1971,1971,100 g/ha,12768,A,Official figure,
QCL,Crops and livestock products,143,Morocco,5510,Production,181,"Broad beans and horse beans, dry",1971,1971,t,242600,A,Official figure,
QCL,Crops and livestock products,143,Morocco,5312,Area harvested,181,"Broad beans and horse beans, dry",1972,1972,ha,259300,A,Official figure,
QCL,Crops and livestock products,143,Morocco,5419,Yield,181,"Broad beans and horse beans, dry",1972,1972,100 g/ha,10304,A,Official figure,
QCL,Crops and livestock products,143,Morocco,5510,Production,181,"Broad beans and horse beans, dry",1972,1972,t,267170,A,Official figure,
QCL,Crops and livestock products,143,Morocco,5312,Area harvested,181,"Broad beans and horse beans, dry",1973,1973,ha,278400,A,Official figure,
QCL,Crops and livestock products,143,Morocco,5419,Yield,181,"Broad beans and horse beans, dry",1973,1973,100 g/ha,6778,A,Official figure,
QCL,Crops and livestock products,143,Morocco,5510,Production,181,"Broad beans and horse beans, dry",1973,1973,t,188700,A,Official figure,
QCL,Crops and livestock products,143,Morocco,5312,Area harvested,181,"Broad beans and horse beans, dry",1974,1974,ha,227300,A,Official figure,
QCL,Crops and livestock products,143,Morocco,5419,Yield,181,"Broad beans and horse beans, dry",1974,1974,100 g/ha,15200,A,Official figure,
QCL,Crops and livestock products,143,Morocco,5510,Production,181,"Broad beans and horse beans, dry",1974,1974,t,345490,A,Official figure,
QCL,Crops and livestock products,143,Morocco,5312,Area harvested,181,"Broad beans and horse beans, dry",1975,1975,ha,220100,A,Official figure,
QCL,Crops and livestock products,143,Morocco,5419,Yield,181,"Broad beans and horse beans, dry",1975,1975,100 g/ha,9663,A,Official figure,
QCL,Crops and livestock products,143,Morocco,5510,Production,181,"Broad beans and horse beans, dry",1975,1975,t,212680,A,Official figure,
QCL,Crops and livestock products,143,Morocco,5312,Area harvested,181,"Broad beans and horse beans, dry",1976,1976,ha,191300,A,Official figure,
QCL,Crops and livestock products,143,Morocco,5419,Yield,181,"Broad beans and horse beans, dry",1976,1976,100 g/ha,12034,A,Official figure,
QCL,Crops and livestock products,143,Morocco,5510,Production,181,"Broad beans and horse beans, dry",1976,1976,t,230210,A,Official figure,
QCL,Crops and livestock products,143,Morocco,5312,Area harvested,181,"Broad beans and horse beans, dry",1977,1977,ha,190100,A,Official figure,
QCL,Crops and livestock products,143,Morocco,5419,Yield,181,"Broad beans and horse beans, dry",1977,1977,100 g/ha,4926,A,Official figure,
QCL,Crops and livestock products,143,Morocco,5510,Production,181,"Broad beans and horse beans, dry",1977,1977,t,93650,A,Official figure,
QCL,Crops and livestock products,143,Morocco,5312,Area harvested,181,"Broad beans and horse beans, dry",1978,1978,ha,221100,A,Official figure,
QCL,Crops and livestock products,143,Morocco,5419,Yield,181,"Broad beans and horse beans, dry",1978,1978,100 g/ha,7301,A,Official figure,
QCL,Crops and livestock products,143,Morocco,5510,Production,181,"Broad beans and horse beans, dry",1978,1978,t,161420,A,Official figure,
QCL,Crops and livestock products,143,Morocco,5312,Area harvested,181,"Broad beans and horse beans, dry",1979,1979,ha,207800,A,Official figure,
QCL,Crops and livestock products,143,Morocco,5419,Yield,181,"Broad beans and horse beans, dry",1979,1979,100 g/ha,7100,A,Official figure,
QCL,Crops and livestock products,143,Morocco,5510,Production,181,"Broad beans and horse beans, dry",1979,1979,t,147538,A,Official figure,
QCL,Crops and livestock products,143,Morocco,5312,Area harvested,181,"Broad beans and horse beans, dry",1980,1980,ha,155800,A,Official figure,
QCL,Crops and livestock products,143,Morocco,5419,Yield,181,"Broad beans and horse beans, dry",1980,1980,100 g/ha,6704,A,Official figure,
QCL,Crops and livestock products,143,Morocco,5510,Production,181,"Broad beans and horse beans, dry",1980,1980,t,104450,A,Official figure,
QCL,Crops and livestock products,143,Morocco,5312,Area harvested,181,"Broad beans and horse beans, dry",1981,1981,ha,130000,A,Official figure,
QCL,Crops and livestock products,143,Morocco,5419,Yield,181,"Broad beans and horse beans, dry",1981,1981,100 g/ha,2984,A,Official figure,
QCL,Crops and livestock products,143,Morocco,5510,Production,181,"Broad beans and horse beans, dry",1981,1981,t,38790,A,Official figure,
QCL,Crops and livestock products,143,Morocco,5312,Area harvested,181,"Broad beans and horse beans, dry",1982,1982,ha,111000,A,Official figure,
QCL,Crops and livestock products,143,Morocco,5419,Yield,181,"Broad beans and horse beans, dry",1982,1982,100 g/ha,8919,A,Official figure,
QCL,Crops and livestock products,143,Morocco,5510,Production,181,"Broad beans and horse beans, dry",1982,1982,t,99000,A,Official figure,
QCL,Crops and livestock products,143,Morocco,5312,Area harvested,181,"Broad beans and horse beans, dry",1983,1983,ha,170600,A,Official figure,
QCL,Crops and livestock products,143,Morocco,5419,Yield,181,"Broad beans and horse beans, dry",1983,1983,100 g/ha,8338,A,Official figure,
QCL,Crops and livestock products,143,Morocco,5510,Production,181,"Broad beans and horse beans, dry",1983,1983,t,142240,A,Official figure,
QCL,Crops and livestock products,143,Morocco,5312,Area harvested,181,"Broad beans and horse beans, dry",1984,1984,ha,190300,A,Official figure,
QCL,Crops and livestock products,143,Morocco,5419,Yield,181,"Broad beans and horse beans, dry",1984,1984,100 g/ha,6411,A,Official figure,
QCL,Crops and livestock products,143,Morocco,5510,Production,181,"Broad beans and horse beans, dry",1984,1984,t,122000,A,Official figure,
QCL,Crops and livestock products,143,Morocco,5312,Area harvested,181,"Broad beans and horse beans, dry",1985,1985,ha,212300,A,Official figure,
QCL,Crops and livestock products,143,Morocco,5419,Yield,181,"Broad beans and horse beans, dry",1985,1985,100 g/ha,9160,A,Official figure,
QCL,Crops and livestock products,143,Morocco,5510,Production,181,"Broad beans and horse beans, dry",1985,1985,t,194460,A,Official figure,
QCL,Crops and livestock products,143,Morocco,5312,Area harvested,181,"Broad beans and horse beans, dry",1986,1986,ha,195900,A,Official figure,
QCL,Crops and livestock products,143,Morocco,5419,Yield,181,"Broad beans and horse beans, dry",1986,1986,100 g/ha,10956,A,Official figure,
QCL,Crops and livestock products,143,Morocco,5510,Production,181,"Broad beans and horse beans, dry",1986,1986,t,214620,A,Official figure,
QCL,Crops and livestock products,143,Morocco,5312,Area harvested,181,"Broad beans and horse beans, dry",1987,1987,ha,210900,A,Official figure,
QCL,Crops and livestock products,143,Morocco,5419,Yield,181,"Broad beans and horse beans, dry",1987,1987,100 g/ha,6034,A,Official figure,
QCL,Crops and livestock products,143,Morocco,5510,Production,181,"Broad beans and horse beans, dry",1987,1987,t,127260,A,Official figure,
QCL,Crops and livestock products,143,Morocco,5312,Area harvested,181,"Broad beans and horse beans, dry",1988,1988,ha,206500,A,Official figure,
QCL,Crops and livestock products,143,Morocco,5419,Yield,181,"Broad beans and horse beans, dry",1988,1988,100 g/ha,11234,A,Official figure,
QCL,Crops and livestock products,143,Morocco,5510,Production,181,"Broad beans and horse beans, dry",1988,1988,t,231980,A,Official figure,
QCL,Crops and livestock products,143,Morocco,5312,Area harvested,181,"Broad beans and horse beans, dry",1989,1989,ha,211800,A,Official figure,
QCL,Crops and livestock products,143,Morocco,5419,Yield,181,"Broad beans and horse beans, dry",1989,1989,100 g/ha,7847,A,Official figure,
QCL,Crops and livestock products,143,Morocco,5510,Production,181,"Broad beans and horse beans, dry",1989,1989,t,166190,A,Official figure,
QCL,Crops and livestock products,143,Morocco,5312,Area harvested,181,"Broad beans and horse beans, dry",1990,1990,ha,224400,A,Official figure,
QCL,Crops and livestock products,143,Morocco,5419,Yield,181,"Broad beans and horse beans, dry",1990,1990,100 g/ha,5975,A,Official figure,
QCL,Crops and livestock products,143,Morocco,5510,Production,181,"Broad beans and horse beans, dry",1990,1990,t,134080,A,Official figure,
QCL,Crops and livestock products,143,Morocco,5312,Area harvested,181,"Broad beans and horse beans, dry",1991,1991,ha,178500,A,Official figure,
QCL,Crops and livestock products,143,Morocco,5419,Yield,181,"Broad beans and horse beans, dry",1991,1991,100 g/ha,11419,A,Official figure,
QCL,Crops and livestock products,143,Morocco,5510,Production,181,"Broad beans and horse beans, dry",1991,1991,t,203830,A,Official figure,
QCL,Crops and livestock products,143,Morocco,5312,Area harvested,181,"Broad beans and horse beans, dry",1992,1992,ha,216800,A,Official figure,
QCL,Crops and livestock products,143,Morocco,5419,Yield,181,"Broad beans and horse beans, dry",1992,1992,100 g/ha,3114,A,Official figure,
QCL,Crops and livestock products,143,Morocco,5510,Production,181,"Broad beans and horse beans, dry",1992,1992,t,67520,A,Official figure,
QCL,Crops and livestock products,143,Morocco,5312,Area harvested,181,"Broad beans and horse beans, dry",1993,1993,ha,99500,A,Official figure,
QCL,Crops and livestock products,143,Morocco,5419,Yield,181,"Broad beans and horse beans, dry",1993,1993,100 g/ha,1612,A,Official figure,
QCL,Crops and livestock products,143,Morocco,5510,Production,181,"Broad beans and horse beans, dry",1993,1993,t,16040,A,Official figure,
QCL,Crops and livestock products,143,Morocco,5312,Area harvested,181,"Broad beans and horse beans, dry",1994,1994,ha,122600,A,Official figure,
QCL,Crops and livestock products,143,Morocco,5419,Yield,181,"Broad beans and horse beans, dry",1994,1994,100 g/ha,9063,A,Official figure,
QCL,Crops and livestock products,143,Morocco,5510,Production,181,"Broad beans and horse beans, dry",1994,1994,t,111110,A,Official figure,
QCL,Crops and livestock products,143,Morocco,5312,Area harvested,181,"Broad beans and horse beans, dry",1995,1995,ha,118000,A,Official figure,
QCL,Crops and livestock products,143,Morocco,5419,Yield,181,"Broad beans and horse beans, dry",1995,1995,100 g/ha,3043,A,Official figure,
QCL,Crops and livestock products,143,Morocco,5510,Production,181,"Broad beans and horse beans, dry",1995,1995,t,35910,A,Official figure,
QCL,Crops and livestock products,143,Morocco,5312,Area harvested,181,"Broad beans and horse beans, dry",1996,1996,ha,135100,A,Official figure,
QCL,Crops and livestock products,143,Morocco,5419,Yield,181,"Broad beans and horse beans, dry",1996,1996,100 g/ha,10624,A,Official figure,
QCL,Crops and livestock products,143,Morocco,5510,Production,181,"Broad beans and horse beans, dry",1996,1996,t,143530,A,Official figure,
QCL,Crops and livestock products,143,Morocco,5312,Area harvested,181,"Broad beans and horse beans, dry",1997,1997,ha,153200,A,Official figure,
QCL,Crops and livestock products,143,Morocco,5419,Yield,181,"Broad beans and horse beans, dry",1997,1997,100 g/ha,6070,A,Official figure,
QCL,Crops and livestock products,143,Morocco,5510,Production,181,"Broad beans and horse beans, dry",1997,1997,t,92990,A,Official figure,
QCL,Crops and livestock products,143,Morocco,5312,Area harvested,181,"Broad beans and horse beans, dry",1998,1998,ha,160900,A,Official figure,
QCL,Crops and livestock products,143,Morocco,5419,Yield,181,"Broad beans and horse beans, dry",1998,1998,100 g/ha,6692,A,Official figure,
QCL,Crops and livestock products,143,Morocco,5510,Production,181,"Broad beans and horse beans, dry",1998,1998,t,107670,A,Official figure,
QCL,Crops and livestock products,143,Morocco,5312,Area harvested,181,"Broad beans and horse beans, dry",1999,1999,ha,138500,A,Official figure,
QCL,Crops and livestock products,143,Morocco,5419,Yield,181,"Broad beans and horse beans, dry",1999,1999,100 g/ha,4004,A,Official figure,
QCL,Crops and livestock products,143,Morocco,5510,Production,181,"Broad beans and horse beans, dry",1999,1999,t,55450,A,Official figure,
QCL,Crops and livestock products,143,Morocco,5312,Area harvested,181,"Broad beans and horse beans, dry",2000,2000,ha,137000,A,Official figure,
QCL,Crops and livestock products,143,Morocco,5419,Yield,181,"Broad beans and horse beans, dry",2000,2000,100 g/ha,2380,A,Official figure,
QCL,Crops and livestock products,143,Morocco,5510,Production,181,"Broad beans and horse beans, dry",2000,2000,t,32600,A,Official figure,
QCL,Crops and livestock products,143,Morocco,5312,Area harvested,181,"Broad beans and horse beans, dry",2001,2001,ha,142500,A,Official figure,
QCL,Crops and livestock products,143,Morocco,5419,Yield,181,"Broad beans and horse beans, dry",2001,2001,100 g/ha,5756,A,Official figure,
QCL,Crops and livestock products,143,Morocco,5510,Production,181,"Broad beans and horse beans, dry",2001,2001,t,82020,A,Official figure,
QCL,Crops and livestock products,143,Morocco,5312,Area harvested,181,"Broad beans and horse beans, dry",2002,2002,ha,154100,A,Official figure,
QCL,Crops and livestock products,143,Morocco,5419,Yield,181,"Broad beans and horse beans, dry",2002,2002,100 g/ha,5761,A,Official figure,
QCL,Crops and livestock products,143,Morocco,5510,Production,181,"Broad beans and horse beans, dry",2002,2002,t,88780,A,Official figure,
QCL,Crops and livestock products,143,Morocco,5312,Area harvested,181,"Broad beans and horse beans, dry",2003,2003,ha,151400,A,Official figure,
QCL,Crops and livestock products,143,Morocco,5419,Yield,181,"Broad beans and horse beans, dry",2003,2003,100 g/ha,6807,A,Official figure,
QCL,Crops and livestock products,143,Morocco,5510,Production,181,"Broad beans and horse beans, dry",2003,2003,t,103060,A,Official figure,
QCL,Crops and livestock products,143,Morocco,5312,Area harvested,181,"Broad beans and horse beans, dry",2004,2004,ha,152900,A,Official figure,
QCL,Crops and livestock products,143,Morocco,5419,Yield,181,"Broad beans and horse beans, dry",2004,2004,100 g/ha,7145,A,Official figure,
QCL,Crops and livestock products,143,Morocco,5510,Production,181,"Broad beans and horse beans, dry",2004,2004,t,109250,A,Official figure,
QCL,Crops and livestock products,143,Morocco,5312,Area harvested,181,"Broad beans and horse beans, dry",2005,2005,ha,145600,A,Official figure,
QCL,Crops and livestock products,143,Morocco,5419,Yield,181,"Broad beans and horse beans, dry",2005,2005,100 g/ha,5011,A,Official figure,
QCL,Crops and livestock products,143,Morocco,5510,Production,181,"Broad beans and horse beans, dry",2005,2005,t,72960,A,Official figure,
QCL,Crops and livestock products,143,Morocco,5312,Area harvested,181,"Broad beans and horse beans, dry",2006,2006,ha,169100,A,Official figure,
QCL,Crops and livestock products,143,Morocco,5419,Yield,181,"Broad beans and horse beans, dry",2006,2006,100 g/ha,10674,A,Official figure,
QCL,Crops and livestock products,143,Morocco,5510,Production,181,"Broad beans and horse beans, dry",2006,2006,t,180490,A,Official figure,
QCL,Crops and livestock products,143,Morocco,5312,Area harvested,181,"Broad beans and horse beans, dry",2007,2007,ha,180800,A,Official figure,
QCL,Crops and livestock products,143,Morocco,5419,Yield,181,"Broad beans and horse beans, dry",2007,2007,100 g/ha,3863,A,Official figure,
QCL,Crops and livestock products,143,Morocco,5510,Production,181,"Broad beans and horse beans, dry",2007,2007,t,69850,A,Official figure,
QCL,Crops and livestock products,143,Morocco,5312,Area harvested,181,"Broad beans and horse beans, dry",2008,2008,ha,181900,A,Official figure,
QCL,Crops and livestock products,143,Morocco,5419,Yield,181,"Broad beans and horse beans, dry",2008,2008,100 g/ha,5975,A,Official figure,
QCL,Crops and livestock products,143,Morocco,5510,Production,181,"Broad beans and horse beans, dry",2008,2008,t,108680,A,Official figure,
QCL,Crops and livestock products,143,Morocco,5312,Area harvested,181,"Broad beans and horse beans, dry",2009,2009,ha,179800,A,Official figure,
QCL,Crops and livestock products,143,Morocco,5419,Yield,181,"Broad beans and horse beans, dry",2009,2009,100 g/ha,8512,A,Official figure,
QCL,Crops and livestock products,143,Morocco,5510,Production,181,"Broad beans and horse beans, dry",2009,2009,t,153040,A,Official figure,
QCL,Crops and livestock products,143,Morocco,5312,Area harvested,181,"Broad beans and horse beans, dry",2010,2010,ha,196900,A,Official figure,
QCL,Crops and livestock products,143,Morocco,5419,Yield,181,"Broad beans and horse beans, dry",2010,2010,100 g/ha,7587,A,Official figure,
QCL,Crops and livestock products,143,Morocco,5510,Production,181,"Broad beans and horse beans, dry",2010,2010,t,149380,A,Official figure,
QCL,Crops and livestock products,143,Morocco,5312,Area harvested,181,"Broad beans and horse beans, dry",2011,2011,ha,199610,A,Official figure,
QCL,Crops and livestock products,143,Morocco,5419,Yield,181,"Broad beans and horse beans, dry",2011,2011,100 g/ha,8544,A,Official figure,
QCL,Crops and livestock products,143,Morocco,5510,Production,181,"Broad beans and horse beans, dry",2011,2011,t,170552,A,Official figure,
QCL,Crops and livestock products,143,Morocco,5312,Area harvested,181,"Broad beans and horse beans, dry",2012,2012,ha,187160,A,Official figure,
QCL,Crops and livestock products,143,Morocco,5419,Yield,181,"Broad beans and horse beans, dry",2012,2012,100 g/ha,7907,A,Official figure,
QCL,Crops and livestock products,143,Morocco,5510,Production,181,"Broad beans and horse beans, dry",2012,2012,t,147993,A,Official figure,
QCL,Crops and livestock products,143,Morocco,5312,Area harvested,181,"Broad beans and horse beans, dry",2013,2013,ha,205520,A,Official figure,
QCL,Crops and livestock products,143,Morocco,5419,Yield,181,"Broad beans and horse beans, dry",2013,2013,100 g/ha,7623,A,Official figure,
QCL,Crops and livestock products,143,Morocco,5510,Production,181,"Broad beans and horse beans, dry",2013,2013,t,156669.93,A,Official figure,
QCL,Crops and livestock products,143,Morocco,5312,Area harvested,181,"Broad beans and horse beans, dry",2014,2014,ha,190966,A,Official figure,
QCL,Crops and livestock products,143,Morocco,5419,Yield,181,"Broad beans and horse beans, dry",2014,2014,100 g/ha,8728,A,Official figure,
QCL,Crops and livestock products,143,Morocco,5510,Production,181,"Broad beans and horse beans, dry",2014,2014,t,166680.3,A,Official figure,
QCL,Crops and livestock products,143,Morocco,5312,Area harvested,181,"Broad beans and horse beans, dry",2015,2015,ha,191300,A,Official figure,
QCL,Crops and livestock products,143,Morocco,5419,Yield,181,"Broad beans and horse beans, dry",2015,2015,100 g/ha,4719,A,Official figure,
QCL,Crops and livestock products,143,Morocco,5510,Production,181,"Broad beans and horse beans, dry",2015,2015,t,90279.35,A,Official figure,
QCL,Crops and livestock products,143,Morocco,5312,Area harvested,181,"Broad beans and horse beans, dry",2016,2016,ha,82774,A,Official figure,
QCL,Crops and livestock products,143,Morocco,5419,Yield,181,"Broad beans and horse beans, dry",2016,2016,100 g/ha,3209,A,Official figure,
QCL,Crops and livestock products,143,Morocco,5510,Production,181,"Broad beans and horse beans, dry",2016,2016,t,26564.45,A,Official figure,
QCL,Crops and livestock products,143,Morocco,5312,Area harvested,181,"Broad beans and horse beans, dry",2017,2017,ha,131380,A,Official figure,
QCL,Crops and livestock products,143,Morocco,5419,Yield,181,"Broad beans and horse beans, dry",2017,2017,100 g/ha,7109,A,Official figure,
QCL,Crops and livestock products,143,Morocco,5510,Production,181,"Broad beans and horse beans, dry",2017,2017,t,93399.71,A,Official figure,
QCL,Crops and livestock products,143,Morocco,5312,Area harvested,181,"Broad beans and horse beans, dry",2018,2018,ha,137032,A,Official figure,
QCL,Crops and livestock products,143,Morocco,5419,Yield,181,"Broad beans and horse beans, dry",2018,2018,100 g/ha,10855,A,Official figure,
QCL,Crops and livestock products,143,Morocco,5510,Production,181,"Broad beans and horse beans, dry",2018,2018,t,148744.56,A,Official figure,
QCL,Crops and livestock products,143,Morocco,5312,Area harvested,181,"Broad beans and horse beans, dry",2019,2019,ha,125860,A,Official figure,
QCL,Crops and livestock products,143,Morocco,5419,Yield,181,"Broad beans and horse beans, dry",2019,2019,100 g/ha,5779,A,Official figure,
QCL,Crops and livestock products,143,Morocco,5510,Production,181,"Broad beans and horse beans, dry",2019,2019,t,72738.9,A,Official figure,
QCL,Crops and livestock products,143,Morocco,5312,Area harvested,181,"Broad beans and horse beans, dry",2020,2020,ha,107408,A,Official figure,
QCL,Crops and livestock products,143,Morocco,5419,Yield,181,"Broad beans and horse beans, dry",2020,2020,100 g/ha,4560,A,Official figure,
QCL,Crops and livestock products,143,Morocco,5510,Production,181,"Broad beans and horse beans, dry",2020,2020,t,48973.09,A,Official figure,
QCL,Crops and livestock products,143,Morocco,5312,Area harvested,181,"Broad beans and horse beans, dry",2021,2021,ha,104927,A,Official figure,
QCL,Crops and livestock products,143,Morocco,5419,Yield,181,"Broad beans and horse beans, dry",2021,2021,100 g/ha,12505,A,Official figure,
QCL,Crops and livestock products,143,Morocco,5510,Production,181,"Broad beans and horse beans, dry",2021,2021,t,131208.3,A,Official figure,
QCL,Crops and livestock products,143,Morocco,5312,Area harvested,181,"Broad beans and horse beans, dry",2022,2022,ha,80462,A,Official figure,
QCL,Crops and livestock products,143,Morocco,5419,Yield,181,"Broad beans and horse beans, dry",2022,2022,100 g/ha,4630,A,Official figure,
QCL,Crops and livestock products,143,Morocco,5510,Production,181,"Broad beans and horse beans, dry",2022,2022,t,37252.55,A,Official figure,
QCL,Crops and livestock products,143,Morocco,5312,Area harvested,420,"Broad beans and horse beans, green",1961,1961,ha,9000,E,Estimated value,
QCL,Crops and livestock products,143,Morocco,5419,Yield,420,"Broad beans and horse beans, green",1961,1961,100 g/ha,36667,E,Estimated value,
QCL,Crops and livestock products,143,Morocco,5510,Production,420,"Broad beans and horse beans, green",1961,1961,t,33000,A,Official figure,
QCL,Crops and livestock products,143,Morocco,5312,Area harvested,420,"Broad beans and horse beans, green",1962,1962,ha,9000,E,Estimated value,
QCL,Crops and livestock products,143,Morocco,5419,Yield,420,"Broad beans and horse beans, green",1962,1962,100 g/ha,33333,E,Estimated value,
QCL,Crops and livestock products,143,Morocco,5510,Production,420,"Broad beans and horse beans, green",1962,1962,t,30000,A,Official figure,
QCL,Crops and livestock products,143,Morocco,5312,Area harvested,420,"Broad beans and horse beans, green",1963,1963,ha,23000,E,Estimated value,
QCL,Crops and livestock products,143,Morocco,5419,Yield,420,"Broad beans and horse beans, green",1963,1963,100 g/ha,36522,E,Estimated value,
QCL,Crops and livestock products,143,Morocco,5510,Production,420,"Broad beans and horse beans, green",1963,1963,t,84000,A,Official figure,
QCL,Crops and livestock products,143,Morocco,5312,Area harvested,420,"Broad beans and horse beans, green",1964,1964,ha,20000,E,Estimated value,
QCL,Crops and livestock products,143,Morocco,5419,Yield,420,"Broad beans and horse beans, green",1964,1964,100 g/ha,39500,E,Estimated value,
QCL,Crops and livestock products,143,Morocco,5510,Production,420,"Broad beans and horse beans, green",1964,1964,t,79000,A,Official figure,
QCL,Crops and livestock products,143,Morocco,5312,Area harvested,420,"Broad beans and horse beans, green",1965,1965,ha,9000,E,Estimated value,
QCL,Crops and livestock products,143,Morocco,5419,Yield,420,"Broad beans and horse beans, green",1965,1965,100 g/ha,37778,E,Estimated value,
QCL,Crops and livestock products,143,Morocco,5510,Production,420,"Broad beans and horse beans, green",1965,1965,t,34000,A,Official figure,
QCL,Crops and livestock products,143,Morocco,5312,Area harvested,420,"Broad beans and horse beans, green",1966,1966,ha,14000,E,Estimated value,
QCL,Crops and livestock products,143,Morocco,5419,Yield,420,"Broad beans and horse beans, green",1966,1966,100 g/ha,35000,E,Estimated value,
QCL,Crops and livestock products,143,Morocco,5510,Production,420,"Broad beans and horse beans, green",1966,1966,t,49000,A,Official figure,
QCL,Crops and livestock products,143,Morocco,5312,Area harvested,420,"Broad beans and horse beans, green",1967,1967,ha,6600,E,Estimated value,
QCL,Crops and livestock products,143,Morocco,5419,Yield,420,"Broad beans and horse beans, green",1967,1967,100 g/ha,34848,E,Estimated value,
QCL,Crops and livestock products,143,Morocco,5510,Production,420,"Broad beans and horse beans, green",1967,1967,t,23000,A,Official figure,
QCL,Crops and livestock products,143,Morocco,5312,Area harvested,420,"Broad beans and horse beans, green",1968,1968,ha,6700,E,Estimated value,
QCL,Crops and livestock products,143,Morocco,5419,Yield,420,"Broad beans and horse beans, green",1968,1968,100 g/ha,37313,E,Estimated value,
QCL,Crops and livestock products,143,Morocco,5510,Production,420,"Broad beans and horse beans, green",1968,1968,t,25000,E,Estimated value,
QCL,Crops and livestock products,143,Morocco,5312,Area harvested,420,"Broad beans and horse beans, green",1969,1969,ha,6700,E,Estimated value,
QCL,Crops and livestock products,143,Morocco,5419,Yield,420,"Broad beans and horse beans, green",1969,1969,100 g/ha,37313,E,Estimated value,
QCL,Crops and livestock products,143,Morocco,5510,Production,420,"Broad beans and horse beans, green",1969,1969,t,25000,E,Estimated value,
QCL,Crops and livestock products,143,Morocco,5312,Area harvested,420,"Broad beans and horse beans, green",1970,1970,ha,6700,E,Estimated value,
QCL,Crops and livestock products,143,Morocco,5419,Yield,420,"Broad beans and horse beans, green",1970,1970,100 g/ha,37313,E,Estimated value,
QCL,Crops and livestock products,143,Morocco,5510,Production,420,"Broad beans and horse beans, green",1970,1970,t,25000,E,Estimated value,
QCL,Crops and livestock products,143,Morocco,5312,Area harvested,420,"Broad beans and horse beans, green",1971,1971,ha,4500,E,Estimated value,
QCL,Crops and livestock products,143,Morocco,5419,Yield,420,"Broad beans and horse beans, green",1971,1971,100 g/ha,34667,E,Estimated value,
QCL,Crops and livestock products,143,Morocco,5510,Production,420,"Broad beans and horse beans, green",1971,1971,t,15600,A,Official figure,
QCL,Crops and livestock products,143,Morocco,5312,Area harvested,420,"Broad beans and horse beans, green",1972,1972,ha,5400,E,Estimated value,
QCL,Crops and livestock products,143,Morocco,5419,Yield,420,"Broad beans and horse beans, green",1972,1972,100 g/ha,37148,E,Estimated value,
QCL,Crops and livestock products,143,Morocco,5510,Production,420,"Broad beans and horse beans, green",1972,1972,t,20060,A,Official figure,
QCL,Crops and livestock products,143,Morocco,5312,Area harvested,420,"Broad beans and horse beans, green",1973,1973,ha,3100,E,Estimated value,
QCL,Crops and livestock products,143,Morocco,5419,Yield,420,"Broad beans and horse beans, green",1973,1973,100 g/ha,36839,E,Estimated value,
QCL,Crops and livestock products,143,Morocco,5510,Production,420,"Broad beans and horse beans, green",1973,1973,t,11420,A,Official figure,
QCL,Crops and livestock products,143,Morocco,5312,Area harvested,420,"Broad beans and horse beans, green",1974,1974,ha,3100,E,Estimated value,
QCL,Crops and livestock products,143,Morocco,5419,Yield,420,"Broad beans and horse beans, green",1974,1974,100 g/ha,37097,E,Estimated value,
QCL,Crops and livestock products,143,Morocco,5510,Production,420,"Broad beans and horse beans, green",1974,1974,t,11500,E,Estimated value,
QCL,Crops and livestock products,143,Morocco,5312,Area harvested,420,"Broad beans and horse beans, green",1975,1975,ha,3000,E,Estimated value,
QCL,Crops and livestock products,143,Morocco,5419,Yield,420,"Broad beans and horse beans, green",1975,1975,100 g/ha,38667,E,Estimated value,
QCL,Crops and livestock products,143,Morocco,5510,Production,420,"Broad beans and horse beans, green",1975,1975,t,11600,E,Estimated value,
QCL,Crops and livestock products,143,Morocco,5312,Area harvested,420,"Broad beans and horse beans, green",1976,1976,ha,3000,E,Estimated value,
QCL,Crops and livestock products,143,Morocco,5419,Yield,420,"Broad beans and horse beans, green",1976,1976,100 g/ha,40000,E,Estimated value,
QCL,Crops and livestock products,143,Morocco,5510,Production,420,"Broad beans and horse beans, green",1976,1976,t,12000,E,Estimated value,
QCL,Crops and livestock products,143,Morocco,5312,Area harvested,420,"Broad beans and horse beans, green",1977,1977,ha,3200,E,Estimated value,
QCL,Crops and livestock products,143,Morocco,5419,Yield,420,"Broad beans and horse beans, green",1977,1977,100 g/ha,40625,E,Estimated value,
QCL,Crops and livestock products,143,Morocco,5510,Production,420,"Broad beans and horse beans, green",1977,1977,t,13000,E,Estimated value,
QCL,Crops and livestock products,143,Morocco,5312,Area harvested,420,"Broad beans and horse beans, green",1978,1978,ha,3200,E,Estimated value,
QCL,Crops and livestock products,143,Morocco,5419,Yield,420,"Broad beans and horse beans, green",1978,1978,100 g/ha,46875,E,Estimated value,
QCL,Crops and livestock products,143,Morocco,5510,Production,420,"Broad beans and horse beans, green",1978,1978,t,15000,E,Estimated value,
QCL,Crops and livestock products,143,Morocco,5312,Area harvested,420,"Broad beans and horse beans, green",1979,1979,ha,3400,E,Estimated value,
QCL,Crops and livestock products,143,Morocco,5419,Yield,420,"Broad beans and horse beans, green",1979,1979,100 g/ha,52941,E,Estimated value,
QCL,Crops and livestock products,143,Morocco,5510,Production,420,"Broad beans and horse beans, green",1979,1979,t,18000,E,Estimated value,
QCL,Crops and livestock products,143,Morocco,5312,Area harvested,420,"Broad beans and horse beans, green",1980,1980,ha,3400,E,Estimated value,
QCL,Crops and livestock products,143,Morocco,5419,Yield,420,"Broad beans and horse beans, green",1980,1980,100 g/ha,58824,E,Estimated value,
QCL,Crops and livestock products,143,Morocco,5510,Production,420,"Broad beans and horse beans, green",1980,1980,t,20000,E,Estimated value,
QCL,Crops and livestock products,143,Morocco,5312,Area harvested,420,"Broad beans and horse beans, green",1981,1981,ha,3600,E,Estimated value,
QCL,Crops and livestock products,143,Morocco,5419,Yield,420,"Broad beans and horse beans, green",1981,1981,100 g/ha,69444,E,Estimated value,
QCL,Crops and livestock products,143,Morocco,5510,Production,420,"Broad beans and horse beans, green",1981,1981,t,25000,E,Estimated value,
QCL,Crops and livestock products,143,Morocco,5312,Area harvested,420,"Broad beans and horse beans, green",1982,1982,ha,3700,E,Estimated value,
QCL,Crops and livestock products,143,Morocco,5419,Yield,420,"Broad beans and horse beans, green",1982,1982,100 g/ha,75676,E,Estimated value,
QCL,Crops and livestock products,143,Morocco,5510,Production,420,"Broad beans and horse beans, green",1982,1982,t,28000,E,Estimated value,
QCL,Crops and livestock products,143,Morocco,5312,Area harvested,420,"Broad beans and horse beans, green",1983,1983,ha,3700,E,Estimated value,
QCL,Crops and livestock products,143,Morocco,5419,Yield,420,"Broad beans and horse beans, green",1983,1983,100 g/ha,81081,E,Estimated value,
QCL,Crops and livestock products,143,Morocco,5510,Production,420,"Broad beans and horse beans, green",1983,1983,t,30000,E,Estimated value,
QCL,Crops and livestock products,143,Morocco,5312,Area harvested,420,"Broad beans and horse beans, green",1984,1984,ha,4000,E,Estimated value,
QCL,Crops and livestock products,143,Morocco,5419,Yield,420,"Broad beans and horse beans, green",1984,1984,100 g/ha,87500,E,Estimated value,
QCL,Crops and livestock products,143,Morocco,5510,Production,420,"Broad beans and horse beans, green",1984,1984,t,35000,E,Estimated value,
QCL,Crops and livestock products,143,Morocco,5312,Area harvested,420,"Broad beans and horse beans, green",1985,1985,ha,4400,E,Estimated value,
QCL,Crops and livestock products,143,Morocco,5419,Yield,420,"Broad beans and horse beans, green",1985,1985,100 g/ha,86364,E,Estimated value,
QCL,Crops and livestock products,143,Morocco,5510,Production,420,"Broad beans and horse beans, green",1985,1985,t,38000,E,Estimated value,
QCL,Crops and livestock products,143,Morocco,5312,Area harvested,420,"Broad beans and horse beans, green",1986,1986,ha,4800,E,Estimated value,
QCL,Crops and livestock products,143,Morocco,5419,Yield,420,"Broad beans and horse beans, green",1986,1986,100 g/ha,85417,E,Estimated value,
QCL,Crops and livestock products,143,Morocco,5510,Production,420,"Broad beans and horse beans, green",1986,1986,t,41000,E,Estimated value,
QCL,Crops and livestock products,143,Morocco,5312,Area harvested,420,"Broad beans and horse beans, green",1987,1987,ha,5000,A,Official figure,
QCL,Crops and livestock products,143,Morocco,5419,Yield,420,"Broad beans and horse beans, green",1987,1987,100 g/ha,90000,E,Estimated value,
QCL,Crops and livestock products,143,Morocco,5510,Production,420,"Broad beans and horse beans, green",1987,1987,t,45000,E,Estimated value,
QCL,Crops and livestock products,143,Morocco,5312,Area harvested,420,"Broad beans and horse beans, green",1988,1988,ha,5900,A,Official figure,
QCL,Crops and livestock products,143,Morocco,5419,Yield,420,"Broad beans and horse beans, green",1988,1988,100 g/ha,79153,A,Official figure,
QCL,Crops and livestock products,143,Morocco,5510,Production,420,"Broad beans and horse beans, green",1988,1988,t,46700,A,Official figure,
QCL,Crops and livestock products,143,Morocco,5312,Area harvested,420,"Broad beans and horse beans, green",1989,1989,ha,5861,A,Official figure,
QCL,Crops and livestock products,143,Morocco,5419,Yield,420,"Broad beans and horse beans, green",1989,1989,100 g/ha,99664,A,Official figure,
QCL,Crops and livestock products,143,Morocco,5510,Production,420,"Broad beans and horse beans, green",1989,1989,t,58413,A,Official figure,
QCL,Crops and livestock products,143,Morocco,5312,Area harvested,420,"Broad beans and horse beans, green",1990,1990,ha,11425,A,Official figure,
QCL,Crops and livestock products,143,Morocco,5419,Yield,420,"Broad beans and horse beans, green",1990,1990,100 g/ha,84675,A,Official figure,
QCL,Crops and livestock products,143,Morocco,5510,Production,420,"Broad beans and horse beans, green",1990,1990,t,96741,A,Official figure,
QCL,Crops and livestock products,143,Morocco,5312,Area harvested,420,"Broad beans and horse beans, green",1991,1991,ha,6613,A,Official figure,
QCL,Crops and livestock products,143,Morocco,5419,Yield,420,"Broad beans and horse beans, green",1991,1991,100 g/ha,94533,A,Official figure,
QCL,Crops and livestock products,143,Morocco,5510,Production,420,"Broad beans and horse beans, green",1991,1991,t,62515,A,Official figure,
QCL,Crops and livestock products,143,Morocco,5312,Area harvested,420,"Broad beans and horse beans, green",1992,1992,ha,9151,A,Official figure,
QCL,Crops and livestock products,143,Morocco,5419,Yield,420,"Broad beans and horse beans, green",1992,1992,100 g/ha,89505,A,Official figure,
QCL,Crops and livestock products,143,Morocco,5510,Production,420,"Broad beans and horse beans, green",1992,1992,t,81906,A,Official figure,
QCL,Crops and livestock products,143,Morocco,5312,Area harvested,420,"Broad beans and horse beans, green",1993,1993,ha,10000,A,Official figure,
QCL,Crops and livestock products,143,Morocco,5419,Yield,420,"Broad beans and horse beans, green",1993,1993,100 g/ha,78000,A,Official figure,
QCL,Crops and livestock products,143,Morocco,5510,Production,420,"Broad beans and horse beans, green",1993,1993,t,78000,A,Official figure,
QCL,Crops and livestock products,143,Morocco,5312,Area harvested,420,"Broad beans and horse beans, green",1994,1994,ha,9535,A,Official figure,
QCL,Crops and livestock products,143,Morocco,5419,Yield,420,"Broad beans and horse beans, green",1994,1994,100 g/ha,86502,A,Official figure,
QCL,Crops and livestock products,143,Morocco,5510,Production,420,"Broad beans and horse beans, green",1994,1994,t,82480,A,Official figure,
QCL,Crops and livestock products,143,Morocco,5312,Area harvested,420,"Broad beans and horse beans, green",1995,1995,ha,7913,A,Official figure,
QCL,Crops and livestock products,143,Morocco,5419,Yield,420,"Broad beans and horse beans, green",1995,1995,100 g/ha,95684,A,Official figure,
QCL,Crops and livestock products,143,Morocco,5510,Production,420,"Broad beans and horse beans, green",1995,1995,t,75715,A,Official figure,
QCL,Crops and livestock products,143,Morocco,5312,Area harvested,420,"Broad beans and horse beans, green",1996,1996,ha,8700,A,Official figure,
QCL,Crops and livestock products,143,Morocco,5419,Yield,420,"Broad beans and horse beans, green",1996,1996,100 g/ha,97126,A,Official figure,
QCL,Crops and livestock products,143,Morocco,5510,Production,420,"Broad beans and horse beans, green",1996,1996,t,84500,A,Official figure,
QCL,Crops and livestock products,143,Morocco,5312,Area harvested,420,"Broad beans and horse beans, green",1997,1997,ha,8900,A,Official figure,
QCL,Crops and livestock products,143,Morocco,5419,Yield,420,"Broad beans and horse beans, green",1997,1997,100 g/ha,102135,A,Official figure,
QCL,Crops and livestock products,143,Morocco,5510,Production,420,"Broad beans and horse beans, green",1997,1997,t,90900,A,Official figure,
QCL,Crops and livestock products,143,Morocco,5312,Area harvested,420,"Broad beans and horse beans, green",1998,1998,ha,8980,A,Official figure,
QCL,Crops and livestock products,143,Morocco,5419,Yield,420,"Broad beans and horse beans, green",1998,1998,100 g/ha,97327,A,Official figure,
QCL,Crops and livestock products,143,Morocco,5510,Production,420,"Broad beans and horse beans, green",1998,1998,t,87400,A,Official figure,
QCL,Crops and livestock products,143,Morocco,5312,Area harvested,420,"Broad beans and horse beans, green",1999,1999,ha,10505,A,Official figure,
QCL,Crops and livestock products,143,Morocco,5419,Yield,420,"Broad beans and horse beans, green",1999,1999,100 g/ha,113470,A,Official figure,
QCL,Crops and livestock products,143,Morocco,5510,Production,420,"Broad beans and horse beans, green",1999,1999,t,119200,A,Official figure,
QCL,Crops and livestock products,143,Morocco,5312,Area harvested,420,"Broad beans and horse beans, green",2000,2000,ha,8980,A,Official figure,
QCL,Crops and livestock products,143,Morocco,5419,Yield,420,"Broad beans and horse beans, green",2000,2000,100 g/ha,110301,A,Official figure,
QCL,Crops and livestock products,143,Morocco,5510,Production,420,"Broad beans and horse beans, green",2000,2000,t,99050,A,Official figure,
QCL,Crops and livestock products,143,Morocco,5312,Area harvested,420,"Broad beans and horse beans, green",2001,2001,ha,10125,A,Official figure,
QCL,Crops and livestock products,143,Morocco,5419,Yield,420,"Broad beans and horse beans, green",2001,2001,100 g/ha,94331,A,Official figure,
QCL,Crops and livestock products,143,Morocco,5510,Production,420,"Broad beans and horse beans, green",2001,2001,t,95510,A,Official figure,
QCL,Crops and livestock products,143,Morocco,5312,Area harvested,420,"Broad beans and horse beans, green",2002,2002,ha,8540,A,Official figure,
QCL,Crops and livestock products,143,Morocco,5419,Yield,420,"Broad beans and horse beans, green",2002,2002,100 g/ha,121569,A,Official figure,
QCL,Crops and livestock products,143,Morocco,5510,Production,420,"Broad beans and horse beans, green",2002,2002,t,103820,A,Official figure,
QCL,Crops and livestock products,143,Morocco,5312,Area harvested,420,"Broad beans and horse beans, green",2003,2003,ha,14325,A,Official figure,
QCL,Crops and livestock products,143,Morocco,5419,Yield,420,"Broad beans and horse beans, green",2003,2003,100 g/ha,98237,A,Official figure,
QCL,Crops and livestock products,143,Morocco,5510,Production,420,"Broad beans and horse beans, green",2003,2003,t,140725,A,Official figure,
QCL,Crops and livestock products,143,Morocco,5312,Area harvested,420,"Broad beans and horse beans, green",2004,2004,ha,15715,A,Official figure,
QCL,Crops and livestock products,143,Morocco,5419,Yield,420,"Broad beans and horse beans, green",2004,2004,100 g/ha,110264,A,Official figure,
QCL,Crops and livestock products,143,Morocco,5510,Production,420,"Broad beans and horse beans, green",2004,2004,t,173280,A,Official figure,
QCL,Crops and livestock products,143,Morocco,5312,Area harvested,420,"Broad beans and horse beans, green",2005,2005,ha,10920,A,Official figure,
QCL,Crops and livestock products,143,Morocco,5419,Yield,420,"Broad beans and horse beans, green",2005,2005,100 g/ha,75234,A,Official figure,
QCL,Crops and livestock products,143,Morocco,5510,Production,420,"Broad beans and horse beans, green",2005,2005,t,82155,A,Official figure,
QCL,Crops and livestock products,143,Morocco,5312,Area harvested,420,"Broad beans and horse beans, green",2006,2006,ha,13565,A,Official figure,
QCL,Crops and livestock products,143,Morocco,5419,Yield,420,"Broad beans and horse beans, green",2006,2006,100 g/ha,103631,A,Official figure,
QCL,Crops and livestock products,143,Morocco,5510,Production,420,"Broad beans and horse beans, green",2006,2006,t,140575,A,Official figure,
QCL,Crops and livestock products,143,Morocco,5312,Area harvested,420,"Broad beans and horse beans, green",2007,2007,ha,11330,A,Official figure,
QCL,Crops and livestock products,143,Morocco,5419,Yield,420,"Broad beans and horse beans, green",2007,2007,100 g/ha,121840,A,Official figure,
QCL,Crops and livestock products,143,Morocco,5510,Production,420,"Broad beans and horse beans, green",2007,2007,t,138045,A,Official figure,
QCL,Crops and livestock products,143,Morocco,5312,Area harvested,420,"Broad beans and horse beans, green",2008,2008,ha,9890,A,Official figure,
QCL,Crops and livestock products,143,Morocco,5419,Yield,420,"Broad beans and horse beans, green",2008,2008,100 g/ha,117715,A,Official figure,
QCL,Crops and livestock products,143,Morocco,5510,Production,420,"Broad beans and horse beans, green",2008,2008,t,116420,A,Official figure,
QCL,Crops and livestock products,143,Morocco,5312,Area harvested,420,"Broad beans and horse beans, green",2009,2009,ha,13119,A,Official figure,
QCL,Crops and livestock products,143,Morocco,5419,Yield,420,"Broad beans and horse beans, green",2009,2009,100 g/ha,112028,A,Official figure,
QCL,Crops and livestock products,143,Morocco,5510,Production,420,"Broad beans and horse beans, green",2009,2009,t,146970,A,Official figure,
QCL,Crops and livestock products,143,Morocco,5312,Area harvested,420,"Broad beans and horse beans, green",2010,2010,ha,10844,A,Official figure,
QCL,Crops and livestock products,143,Morocco,5419,Yield,420,"Broad beans and horse beans, green",2010,2010,100 g/ha,199166,A,Official figure,
QCL,Crops and livestock products,143,Morocco,5510,Production,420,"Broad beans and horse beans, green",2010,2010,t,215976,A,Official figure,
QCL,Crops and livestock products,143,Morocco,5312,Area harvested,420,"Broad beans and horse beans, green",2011,2011,ha,7746,A,Official figure,
QCL,Crops and livestock products,143,Morocco,5419,Yield,420,"Broad beans and horse beans, green",2011,2011,100 g/ha,137036,A,Official figure,
QCL,Crops and livestock products,143,Morocco,5510,Production,420,"Broad beans and horse beans, green",2011,2011,t,106148,A,Official figure,
QCL,Crops and livestock products,143,Morocco,5312,Area harvested,420,"Broad beans and horse beans, green",2012,2012,ha,11189,A,Official figure,
QCL,Crops and livestock products,143,Morocco,5419,Yield,420,"Broad beans and horse beans, green",2012,2012,100 g/ha,105225,A,Official figure,
QCL,Crops and livestock products,143,Morocco,5510,Production,420,"Broad beans and horse beans, green",2012,2012,t,117736,A,Official figure,
QCL,Crops and livestock products,143,Morocco,5312,Area harvested,420,"Broad beans and horse beans, green",2013,2013,ha,11830,A,Official figure,
QCL,Crops and livestock products,143,Morocco,5419,Yield,420,"Broad beans and horse beans, green",2013,2013,100 g/ha,130528,A,Official figure,
QCL,Crops and livestock products,143,Morocco,5510,Production,420,"Broad beans and horse beans, green",2013,2013,t,154415,A,Official figure,
QCL,Crops and livestock products,143,Morocco,5312,Area harvested,420,"Broad beans and horse beans, green",2014,2014,ha,12471,A,Official figure,
QCL,Crops and livestock products,143,Morocco,5419,Yield,420,"Broad beans and horse beans, green",2014,2014,100 g/ha,125932,A,Official figure,
QCL,Crops and livestock products,143,Morocco,5510,Production,420,"Broad beans and horse beans, green",2014,2014,t,157054,A,Official figure,
QCL,Crops and livestock products,143,Morocco,5312,Area harvested,420,"Broad beans and horse beans, green",2015,2015,ha,12352,A,Official figure,
QCL,Crops and livestock products,143,Morocco,5419,Yield,420,"Broad beans and horse beans, green",2015,2015,100 g/ha,127294,A,Official figure,
QCL,Crops and livestock products,143,Morocco,5510,Production,420,"Broad beans and horse beans, green",2015,2015,t,157236,A,Official figure,
QCL,Crops and livestock products,143,Morocco,5312,Area harvested,420,"Broad beans and horse beans, green",2016,2016,ha,9139,A,Official figure,
QCL,Crops and livestock products,143,Morocco,5419,Yield,420,"Broad beans and horse beans, green",2016,2016,100 g/ha,127893,A,Official figure,
QCL,Crops and livestock products,143,Morocco,5510,Production,420,"Broad beans and horse beans, green",2016,2016,t,116875,A,Official figure,
QCL,Crops and livestock products,143,Morocco,5312,Area harvested,420,"Broad beans and horse beans, green",2017,2017,ha,10205,A,Official figure,
QCL,Crops and livestock products,143,Morocco,5419,Yield,420,"Broad beans and horse beans, green",2017,2017,100 g/ha,103635,A,Official figure,
QCL,Crops and livestock products,143,Morocco,5510,Production,420,"Broad beans and horse beans, green",2017,2017,t,105760,A,Official figure,
QCL,Crops and livestock products,143,Morocco,5312,Area harvested,420,"Broad beans and horse beans, green",2018,2018,ha,9713,A,Official figure,
QCL,Crops and livestock products,143,Morocco,5419,Yield,420,"Broad beans and horse beans, green",2018,2018,100 g/ha,146200,A,Official figure,
QCL,Crops and livestock products,143,Morocco,5510,Production,420,"Broad beans and horse beans, green",2018,2018,t,142003.7,A,Official figure,
QCL,Crops and livestock products,143,Morocco,5312,Area harvested,420,"Broad beans and horse beans, green",2019,2019,ha,8913,A,Official figure,
QCL,Crops and livestock products,143,Morocco,5419,Yield,420,"Broad beans and horse beans, green",2019,2019,100 g/ha,96422,A,Official figure,
QCL,Crops and livestock products,143,Morocco,5510,Production,420,"Broad beans and horse beans, green",2019,2019,t,85940.5,A,Official figure,
QCL,Crops and livestock products,143,Morocco,5312,Area harvested,420,"Broad beans and horse beans, green",2020,2020,ha,12942,A,Official figure,
QCL,Crops and livestock products,143,Morocco,5419,Yield,420,"Broad beans and horse beans, green",2020,2020,100 g/ha,76710,A,Official figure,
QCL,Crops and livestock products,143,Morocco,5510,Production,420,"Broad beans and horse beans, green",2020,2020,t,99273.7,A,Official figure,
QCL,Crops and livestock products,143,Morocco,5312,Area harvested,420,"Broad beans and horse beans, green",2021,2021,ha,8390,A,Official figure,
QCL,Crops and livestock products,143,Morocco,5419,Yield,420,"Broad beans and horse beans, green",2021,2021,100 g/ha,86219,A,Official figure,
QCL,Crops and livestock products,143,Morocco,5510,Production,420,"Broad beans and horse beans, green",2021,2021,t,72338,A,Official figure,
QCL,Crops and livestock products,143,Morocco,5312,Area harvested,420,"Broad beans and horse beans, green",2022,2022,ha,7635,A,Official figure,
QCL,Crops and livestock products,143,Morocco,5419,Yield,420,"Broad beans and horse beans, green",2022,2022,100 g/ha,92161,A,Official figure,
QCL,Crops and livestock products,143,Morocco,5510,Production,420,"Broad beans and horse beans, green",2022,2022,t,70365.2,A,Official figure,
QCL,Crops and livestock products,143,Morocco,5510,Production,983,Butter and ghee of sheep milk,1961,1961,t,691.13,I,Imputed value,
QCL,Crops and livestock products,143,Morocco,5510,Production,983,Butter and ghee of sheep milk,1962,1962,t,606.25,I,Imputed value,
QCL,Crops and livestock products,143,Morocco,5510,Production,983,Butter and ghee of sheep milk,1963,1963,t,557.75,I,Imputed value,
QCL,Crops and livestock products,143,Morocco,5510,Production,983,Butter and ghee of sheep milk,1964,1964,t,582,I,Imputed value,
QCL,Crops and livestock products,143,Morocco,5510,Production,983,Butter and ghee of sheep milk,1965,1965,t,654.75,I,Imputed value,
QCL,Crops and livestock products,143,Morocco,5510,Production,983,Butter and ghee of sheep milk,1966,1966,t,674.15,I,Imputed value,
QCL,Crops and livestock products,143,Morocco,5510,Production,983,Butter and ghee of sheep milk,1967,1967,t,717.8,I,Imputed value,
QCL,Crops and livestock products,143,Morocco,5510,Production,983,Butter and ghee of sheep milk,1968,1968,t,717.8,I,Imputed value,
QCL,Crops and livestock products,143,Morocco,5510,Production,983,Butter and ghee of sheep milk,1969,1969,t,795.4,I,Imputed value,
QCL,Crops and livestock products,143,Morocco,5510,Production,983,Butter and ghee of sheep milk,1970,1970,t,814.8,I,Imputed value,
QCL,Crops and livestock products,143,Morocco,5510,Production,983,Butter and ghee of sheep milk,1971,1971,t,873,I,Imputed value,
QCL,Crops and livestock products,143,Morocco,5510,Production,983,Butter and ghee of sheep milk,1972,1972,t,970,I,Imputed value,
QCL,Crops and livestock products,143,Morocco,5510,Production,983,Butter and ghee of sheep milk,1973,1973,t,970,I,Imputed value,
QCL,Crops and livestock products,143,Morocco,5510,Production,983,Butter and ghee of sheep milk,1974,1974,t,873,I,Imputed value,
QCL,Crops and livestock products,143,Morocco,5510,Production,983,Butter and ghee of sheep milk,1975,1975,t,1440.45,I,Imputed value,
QCL,Crops and livestock products,143,Morocco,5510,Production,983,Butter and ghee of sheep milk,1976,1976,t,970,I,Imputed value,
QCL,Crops and livestock products,143,Morocco,5510,Production,983,Butter and ghee of sheep milk,1977,1977,t,970,I,Imputed value,
QCL,Crops and livestock products,143,Morocco,5510,Production,983,Butter and ghee of sheep milk,1978,1978,t,1115.5,I,Imputed value,
QCL,Crops and livestock products,143,Morocco,5510,Production,983,Butter and ghee of sheep milk,1979,1979,t,970,I,Imputed value,
QCL,Crops and livestock products,143,Morocco,5510,Production,983,Butter and ghee of sheep milk,1980,1980,t,970,I,Imputed value,
QCL,Crops and livestock products,143,Morocco,5510,Production,983,Butter and ghee of sheep milk,1981,1981,t,1018.5,I,Imputed value,
QCL,Crops and livestock products,143,Morocco,5510,Production,983,Butter and ghee of sheep milk,1982,1982,t,1018.5,I,Imputed value,
QCL,Crops and livestock products,143,Morocco,5510,Production,983,Butter and ghee of sheep milk,1983,1983,t,1018.5,I,Imputed value,
QCL,Crops and livestock products,143,Morocco,5510,Production,983,Butter and ghee of sheep milk,1984,1984,t,1067,I,Imputed value,
QCL,Crops and livestock products,143,Morocco,5510,Production,983,Butter and ghee of sheep milk,1985,1985,t,1212.5,I,Imputed value,
QCL,Crops and livestock products,143,Morocco,5510,Production,983,Butter and ghee of sheep milk,1986,1986,t,1358,I,Imputed value,
QCL,Crops and livestock products,143,Morocco,5510,Production,983,Butter and ghee of sheep milk,1987,1987,t,1493.8,I,Imputed value,
QCL,Crops and livestock products,143,Morocco,5510,Production,983,Butter and ghee of sheep milk,1988,1988,t,1222.2,I,Imputed value,
QCL,Crops and livestock products,143,Morocco,5510,Production,983,Butter and ghee of sheep milk,1989,1989,t,1256.15,I,Imputed value,
QCL,Crops and livestock products,143,Morocco,5510,Production,983,Butter and ghee of sheep milk,1990,1990,t,1285.25,I,Imputed value,
QCL,Crops and livestock products,143,Morocco,5510,Production,983,Butter and ghee of sheep milk,1991,1991,t,1309.5,I,Imputed value,
QCL,Crops and livestock products,143,Morocco,5510,Production,983,Butter and ghee of sheep milk,1992,1992,t,1343.45,I,Imputed value,
QCL,Crops and livestock products,143,Morocco,5510,Production,983,Butter and ghee of sheep milk,1993,1993,t,1328.9,I,Imputed value,
QCL,Crops and livestock products,143,Morocco,5510,Production,983,Butter and ghee of sheep milk,1994,1994,t,1324.05,I,Imputed value,
QCL,Crops and livestock products,143,Morocco,5510,Production,983,Butter and ghee of sheep milk,1995,1995,t,1340.2,I,Imputed value,
QCL,Crops and livestock products,143,Morocco,5510,Production,983,Butter and ghee of sheep milk,1996,1996,t,1372.5,I,Imputed value,
QCL,Crops and livestock products,143,Morocco,5510,Production,983,Butter and ghee of sheep milk,1997,1997,t,1324.05,I,Imputed value,
QCL,Crops and livestock products,143,Morocco,5510,Production,983,Butter and ghee of sheep milk,1998,1998,t,1324.05,I,Imputed value,
QCL,Crops and livestock products,143,Morocco,5510,Production,983,Butter and ghee of sheep milk,1999,1999,t,1324.05,I,Imputed value,
QCL,Crops and livestock products,143,Morocco,5510,Production,983,Butter and ghee of sheep milk,2000,2000,t,1347.48,I,Imputed value,
QCL,Crops and livestock products,143,Morocco,5510,Production,983,Butter and ghee of sheep milk,2001,2001,t,1288.89,I,Imputed value,
QCL,Crops and livestock products,143,Morocco,5510,Production,983,Butter and ghee of sheep milk,2002,2002,t,1304.65,I,Imputed value,
QCL,Crops and livestock products,143,Morocco,5510,Production,983,Butter and ghee of sheep milk,2003,2003,t,1309.5,I,Imputed value,
QCL,Crops and livestock products,143,Morocco,5510,Production,983,Butter and ghee of sheep milk,2004,2004,t,1324.05,I,Imputed value,
QCL,Crops and livestock products,143,Morocco,5510,Production,983,Butter and ghee of sheep milk,2005,2005,t,1348.11,I,Imputed value,
QCL,Crops and livestock products,143,Morocco,5510,Production,983,Butter and ghee of sheep milk,2006,2006,t,1444.38,I,Imputed value,
QCL,Crops and livestock products,143,Morocco,5510,Production,983,Butter and ghee of sheep milk,2007,2007,t,1540.65,I,Imputed value,
QCL,Crops and livestock products,143,Morocco,5510,Production,983,Butter and ghee of sheep milk,2008,2008,t,1636.92,I,Imputed value,
QCL,Crops and livestock products,143,Morocco,5510,Production,983,Butter and ghee of sheep milk,2009,2009,t,1592.4,I,Imputed value,
QCL,Crops and livestock products,143,Morocco,5510,Production,983,Butter and ghee of sheep milk,2010,2010,t,1857.55,I,Imputed value,
QCL,Crops and livestock products,143,Morocco,5510,Production,983,Butter and ghee of sheep milk,2011,2011,t,1988.5,I,Imputed value,
QCL,Crops and livestock products,143,Morocco,5510,Production,983,Butter and ghee of sheep milk,2012,2012,t,2085.5,I,Imputed value,
QCL,Crops and livestock products,143,Morocco,5510,Production,983,Butter and ghee of sheep milk,2013,2013,t,1746,I,Imputed value,
QCL,Crops and livestock products,143,Morocco,5510,Production,983,Butter and ghee of sheep milk,2014,2014,t,1608.57,I,Imputed value,
QCL,Crops and livestock products,143,Morocco,5510,Production,983,Butter and ghee of sheep milk,2015,2015,t,1574.16,I,Imputed value,
QCL,Crops and livestock products,143,Morocco,5510,Production,983,Butter and ghee of sheep milk,2016,2016,t,1640.36,I,Imputed value,
QCL,Crops and livestock products,143,Morocco,5510,Production,983,Butter and ghee of sheep milk,2017,2017,t,1640.64,I,Imputed value,
QCL,Crops and livestock products,143,Morocco,5510,Production,983,Butter and ghee of sheep milk,2018,2018,t,1642.07,I,Imputed value,
QCL,Crops and livestock products,143,Morocco,5510,Production,983,Butter and ghee of sheep milk,2019,2019,t,1767.33,I,Imputed value,
QCL,Crops and livestock products,143,Morocco,5510,Production,983,Butter and ghee of sheep milk,2020,2020,t,1788.04,I,Imputed value,
QCL,Crops and livestock products,143,Morocco,5510,Production,983,Butter and ghee of sheep milk,2021,2021,t,1817.45,I,Imputed value,
QCL,Crops and livestock products,143,Morocco,5510,Production,886,Butter of cow milk,1961,1961,t,5042.12,I,Imputed value,
QCL,Crops and livestock products,143,Morocco,5510,Production,886,Butter of cow milk,1962,1962,t,4617.07,I,Imputed value,
QCL,Crops and livestock products,143,Morocco,5510,Production,886,Butter of cow milk,1963,1963,t,4836.76,I,Imputed value,
QCL,Crops and livestock products,143,Morocco,5510,Production,886,Butter of cow milk,1964,1964,t,5169.41,I,Imputed value,
QCL,Crops and livestock products,143,Morocco,5510,Production,886,Butter of cow milk,1965,1965,t,5480.91,I,Imputed value,
QCL,Crops and livestock products,143,Morocco,5510,Production,886,Butter of cow milk,1966,1966,t,5905.84,I,Imputed value,
QCL,Crops and livestock products,143,Morocco,5510,Production,886,Butter of cow milk,1967,1967,t,5979.28,I,Imputed value,
QCL,Crops and livestock products,143,Morocco,5510,Production,886,Butter of cow milk,1968,1968,t,5979.18,I,Imputed value,
QCL,Crops and livestock products,143,Morocco,5510,Production,886,Butter of cow milk,1969,1969,t,6337.98,I,Imputed value,
QCL,Crops and livestock products,143,Morocco,5510,Production,886,Butter of cow milk,1970,1970,t,6482.02,I,Imputed value,
QCL,Crops and livestock products,143,Morocco,5510,Production,886,Butter of cow milk,1971,1971,t,6683.69,I,Imputed value,
QCL,Crops and livestock products,143,Morocco,5510,Production,886,Butter of cow milk,1972,1972,t,6936.3,I,Imputed value,
QCL,Crops and livestock products,143,Morocco,5510,Production,886,Butter of cow milk,1973,1973,t,7229.14,I,Imputed value,
QCL,Crops and livestock products,143,Morocco,5510,Production,886,Butter of cow milk,1974,1974,t,6948.02,I,Imputed value,
QCL,Crops and livestock products,143,Morocco,5510,Production,886,Butter of cow milk,1975,1975,t,6597.69,I,Imputed value,
QCL,Crops and livestock products,143,Morocco,5510,Production,886,Butter of cow milk,1976,1976,t,7232.05,I,Imputed value,
QCL,Crops and livestock products,143,Morocco,5510,Production,886,Butter of cow milk,1977,1977,t,8109.79,I,Imputed value,
QCL,Crops and livestock products,143,Morocco,5510,Production,886,Butter of cow milk,1978,1978,t,8945.31,I,Imputed value,
QCL,Crops and livestock products,143,Morocco,5510,Production,886,Butter of cow milk,1979,1979,t,10833.19,I,Imputed value,
QCL,Crops and livestock products,143,Morocco,5510,Production,886,Butter of cow milk,1980,1980,t,10547.18,I,Imputed value,
QCL,Crops and livestock products,143,Morocco,5510,Production,886,Butter of cow milk,1981,1981,t,11272.69,I,Imputed value,
QCL,Crops and livestock products,143,Morocco,5510,Production,886,Butter of cow milk,1982,1982,t,11409.47,I,Imputed value,
QCL,Crops and livestock products,143,Morocco,5510,Production,886,Butter of cow milk,1983,1983,t,11523.6,I,Imputed value,
QCL,Crops and livestock products,143,Morocco,5510,Production,886,Butter of cow milk,1984,1984,t,10083.15,I,Imputed value,
QCL,Crops and livestock products,143,Morocco,5510,Production,886,Butter of cow milk,1985,1985,t,10486.48,I,Imputed value,
QCL,Crops and livestock products,143,Morocco,5510,Production,886,Butter of cow milk,1986,1986,t,10515.28,I,Imputed value,
QCL,Crops and livestock products,143,Morocco,5510,Production,886,Butter of cow milk,1987,1987,t,11278.72,I,Imputed value,
QCL,Crops and livestock products,143,Morocco,5510,Production,886,Butter of cow milk,1988,1988,t,12791.2,I,Imputed value,
QCL,Crops and livestock products,143,Morocco,5510,Production,886,Butter of cow milk,1989,1989,t,13871.53,I,Imputed value,
QCL,Crops and livestock products,143,Morocco,5510,Production,886,Butter of cow milk,1990,1990,t,12892.03,I,Imputed value,
QCL,Crops and livestock products,143,Morocco,5510,Production,886,Butter of cow milk,1991,1991,t,13381.85,I,Imputed value,
QCL,Crops and livestock products,143,Morocco,5510,Production,886,Butter of cow milk,1992,1992,t,13650.06,I,Imputed value,
QCL,Crops and livestock products,143,Morocco,5510,Production,886,Butter of cow milk,1993,1993,t,12077.27,I,Imputed value,
QCL,Crops and livestock products,143,Morocco,5510,Production,886,Butter of cow milk,1994,1994,t,12166.36,I,Imputed value,
QCL,Crops and livestock products,143,Morocco,5510,Production,886,Butter of cow milk,1995,1995,t,12314.81,I,Imputed value,
QCL,Crops and livestock products,143,Morocco,5510,Production,886,Butter of cow milk,1996,1996,t,12611.79,I,Imputed value,
QCL,Crops and livestock products,143,Morocco,5510,Production,886,Butter of cow milk,1997,1997,t,17828.55,I,Imputed value,
QCL,Crops and livestock products,143,Morocco,5510,Production,886,Butter of cow milk,1998,1998,t,15133.7,I,Imputed value,
QCL,Crops and livestock products,143,Morocco,5510,Production,886,Butter of cow milk,1999,1999,t,16765.73,I,Imputed value,
QCL,Crops and livestock products,143,Morocco,5510,Production,886,Butter of cow milk,2000,2000,t,17062.5,I,Imputed value,
QCL,Crops and livestock products,143,Morocco,5510,Production,886,Butter of cow milk,2001,2001,t,16378.45,I,Imputed value,
QCL,Crops and livestock products,143,Morocco,5510,Production,886,Butter of cow milk,2002,2002,t,17831.75,I,Imputed value,
QCL,Crops and livestock products,143,Morocco,5510,Production,886,Butter of cow milk,2003,2003,t,18027.04,I,Imputed value,
QCL,Crops and livestock products,143,Morocco,5510,Production,886,Butter of cow milk,2004,2004,t,18500,A,Official figure,
QCL,Crops and livestock products,143,Morocco,5510,Production,886,Butter of cow milk,2005,2005,t,20168.94,I,Imputed value,
QCL,Crops and livestock products,143,Morocco,5510,Production,886,Butter of cow milk,2006,2006,t,21609.37,I,Imputed value,
QCL,Crops and livestock products,143,Morocco,5510,Production,886,Butter of cow milk,2007,2007,t,23063.28,I,Imputed value,
QCL,Crops and livestock products,143,Morocco,5510,Production,886,Butter of cow milk,2008,2008,t,24489.62,I,Imputed value,
QCL,Crops and livestock products,143,Morocco,5510,Production,886,Butter of cow milk,2009,2009,t,25930.75,I,Imputed value,
QCL,Crops and livestock products,143,Morocco,5510,Production,886,Butter of cow milk,2010,2010,t,27089.04,I,Imputed value,
QCL,Crops and livestock products,143,Morocco,5510,Production,886,Butter of cow milk,2011,2011,t,31367.22,I,Imputed value,
QCL,Crops and livestock products,143,Morocco,5510,Production,886,Butter of cow milk,2012,2012,t,35870.18,I,Imputed value,
QCL,Crops and livestock products,143,Morocco,5510,Production,886,Butter of cow milk,2013,2013,t,32656.46,I,Imputed value,
QCL,Crops and livestock products,143,Morocco,5510,Production,886,Butter of cow milk,2014,2014,t,34224.48,I,Imputed value,
QCL,Crops and livestock products,143,Morocco,5510,Production,886,Butter of cow milk,2015,2015,t,34930.06,I,Imputed value,
QCL,Crops and livestock products,143,Morocco,5510,Production,886,Butter of cow milk,2016,2016,t,35625.56,I,Imputed value,
QCL,Crops and livestock products,143,Morocco,5510,Production,886,Butter of cow milk,2017,2017,t,36355.85,I,Imputed value,
QCL,Crops and livestock products,143,Morocco,5510,Production,886,Butter of cow milk,2018,2018,t,36356.19,I,Imputed value,
QCL,Crops and livestock products,143,Morocco,5510,Production,886,Butter of cow milk,2019,2019,t,36359.53,I,Imputed value,
QCL,Crops and livestock products,143,Morocco,5510,Production,886,Butter of cow milk,2020,2020,t,36709.5,I,Imputed value,
QCL,Crops and livestock products,143,Morocco,5510,Production,886,Butter of cow milk,2021,2021,t,36717.15,I,Imputed value,
QCL,Crops and livestock products,143,Morocco,5510,Production,899,"Buttermilk, dry",2014,2014,t,1,I,Imputed value,
QCL,Crops and livestock products,143,Morocco,5510,Production,899,"Buttermilk, dry",2015,2015,t,0,I,Imputed value,
QCL,Crops and livestock products,143,Morocco,5510,Production,899,"Buttermilk, dry",2016,2016,t,1.05,I,Imputed value,
QCL,Crops and livestock products,143,Morocco,5510,Production,899,"Buttermilk, dry",2017,2017,t,4.31,I,Imputed value,
QCL,Crops and livestock products,143,Morocco,5510,Production,899,"Buttermilk, dry",2018,2018,t,11607.47,I,Imputed value,
QCL,Crops and livestock products,143,Morocco,5510,Production,899,"Buttermilk, dry",2019,2019,t,11660.17,I,Imputed value,
QCL,Crops and livestock products,143,Morocco,5510,Production,899,"Buttermilk, dry",2020,2020,t,11750.54,I,Imputed value,
QCL,Crops and livestock products,143,Morocco,5510,Production,899,"Buttermilk, dry",2021,2021,t,11780.42,I,Imputed value,
QCL,Crops and livestock products,143,Morocco,5312,Area harvested,358,Cabbages,1961,1961,ha,30,E,Estimated value,
QCL,Crops and livestock products,143,Morocco,5419,Yield,358,Cabbages,1961,1961,100 g/ha,133333,E,Estimated value,
QCL,Crops and livestock products,143,Morocco,5510,Production,358,Cabbages,1961,1961,t,400,E,Estimated value,
QCL,Crops and livestock products,143,Morocco,5312,Area harvested,358,Cabbages,1962,1962,ha,30,E,Estimated value,
QCL,Crops and livestock products,143,Morocco,5419,Yield,358,Cabbages,1962,1962,100 g/ha,133333,E,Estimated value,
QCL,Crops and livestock products,143,Morocco,5510,Production,358,Cabbages,1962,1962,t,400,E,Estimated value,
QCL,Crops and livestock products,143,Morocco,5312,Area harvested,358,Cabbages,1963,1963,ha,23,E,Estimated value,
QCL,Crops and livestock products,143,Morocco,5419,Yield,358,Cabbages,1963,1963,100 g/ha,130435,E,Estimated value,
QCL,Crops and livestock products,143,Morocco,5510,Production,358,Cabbages,1963,1963,t,300,E,Estimated value,
QCL,Crops and livestock products,143,Morocco,5312,Area harvested,358,Cabbages,1964,1964,ha,23,E,Estimated value,
QCL,Crops and livestock products,143,Morocco,5419,Yield,358,Cabbages,1964,1964,100 g/ha,130435,E,Estimated value,
QCL,Crops and livestock products,143,Morocco,5510,Production,358,Cabbages,1964,1964,t,300,E,Estimated value,
QCL,Crops and livestock products,143,Morocco,5312,Area harvested,358,Cabbages,1965,1965,ha,15,E,Estimated value,
QCL,Crops and livestock products,143,Morocco,5419,Yield,358,Cabbages,1965,1965,100 g/ha,133333,E,Estimated value,
QCL,Crops and livestock products,143,Morocco,5510,Production,358,Cabbages,1965,1965,t,200,E,Estimated value,
QCL,Crops and livestock products,143,Morocco,5312,Area harvested,358,Cabbages,1966,1966,ha,15,E,Estimated value,
QCL,Crops and livestock products,143,Morocco,5419,Yield,358,Cabbages,1966,1966,100 g/ha,133333,E,Estimated value,
QCL,Crops and livestock products,143,Morocco,5510,Production,358,Cabbages,1966,1966,t,200,E,Estimated value,
QCL,Crops and livestock products,143,Morocco,5312,Area harvested,358,Cabbages,1967,1967,ha,8,E,Estimated value,
QCL,Crops and livestock products,143,Morocco,5419,Yield,358,Cabbages,1967,1967,100 g/ha,133333,E,Estimated value,
QCL,Crops and livestock products,143,Morocco,5510,Production,358,Cabbages,1967,1967,t,100,E,Estimated value,
QCL,Crops and livestock products,143,Morocco,5312,Area harvested,358,Cabbages,1968,1968,ha,15,E,Estimated value,
QCL,Crops and livestock products,143,Morocco,5419,Yield,358,Cabbages,1968,1968,100 g/ha,133333,E,Estimated value,
QCL,Crops and livestock products,143,Morocco,5510,Production,358,Cabbages,1968,1968,t,200,E,Estimated value,
QCL,Crops and livestock products,143,Morocco,5312,Area harvested,358,Cabbages,1969,1969,ha,23,E,Estimated value,
QCL,Crops and livestock products,143,Morocco,5419,Yield,358,Cabbages,1969,1969,100 g/ha,130435,E,Estimated value,
QCL,Crops and livestock products,143,Morocco,5510,Production,358,Cabbages,1969,1969,t,300,E,Estimated value,
QCL,Crops and livestock products,143,Morocco,5312,Area harvested,358,Cabbages,1970,1970,ha,23,E,Estimated value,
QCL,Crops and livestock products,143,Morocco,5419,Yield,358,Cabbages,1970,1970,100 g/ha,130435,E,Estimated value,
QCL,Crops and livestock products,143,Morocco,5510,Production,358,Cabbages,1970,1970,t,300,E,Estimated value,
QCL,Crops and livestock products,143,Morocco,5312,Area harvested,358,Cabbages,1971,1971,ha,18,E,Estimated value,
QCL,Crops and livestock products,143,Morocco,5419,Yield,358,Cabbages,1971,1971,100 g/ha,138889,E,Estimated value,
QCL,Crops and livestock products,143,Morocco,5510,Production,358,Cabbages,1971,1971,t,250,E,Estimated value,
QCL,Crops and livestock products,143,Morocco,5312,Area harvested,358,Cabbages,1972,1972,ha,18,E,Estimated value,
QCL,Crops and livestock products,143,Morocco,5419,Yield,358,Cabbages,1972,1972,100 g/ha,138889,E,Estimated value,
QCL,Crops and livestock products,143,Morocco,5510,Production,358,Cabbages,1972,1972,t,250,E,Estimated value,
QCL,Crops and livestock products,143,Morocco,5312,Area harvested,358,Cabbages,1973,1973,ha,18,E,Estimated value,
QCL,Crops and livestock products,143,Morocco,5419,Yield,358,Cabbages,1973,1973,100 g/ha,138889,E,Estimated value,
QCL,Crops and livestock products,143,Morocco,5510,Production,358,Cabbages,1973,1973,t,250,E,Estimated value,
QCL,Crops and livestock products,143,Morocco,5312,Area harvested,358,Cabbages,1974,1974,ha,18,E,Estimated value,
QCL,Crops and livestock products,143,Morocco,5419,Yield,358,Cabbages,1974,1974,100 g/ha,138889,E,Estimated value,
QCL,Crops and livestock products,143,Morocco,5510,Production,358,Cabbages,1974,1974,t,250,E,Estimated value,
QCL,Crops and livestock products,143,Morocco,5312,Area harvested,358,Cabbages,1975,1975,ha,17,E,Estimated value,
QCL,Crops and livestock products,143,Morocco,5419,Yield,358,Cabbages,1975,1975,100 g/ha,135294,E,Estimated value,
QCL,Crops and livestock products,143,Morocco,5510,Production,358,Cabbages,1975,1975,t,230,E,Estimated value,
QCL,Crops and livestock products,143,Morocco,5312,Area harvested,358,Cabbages,1976,1976,ha,17,E,Estimated value,
QCL,Crops and livestock products,143,Morocco,5419,Yield,358,Cabbages,1976,1976,100 g/ha,135294,E,Estimated value,
QCL,Crops and livestock products,143,Morocco,5510,Production,358,Cabbages,1976,1976,t,230,E,Estimated value,
QCL,Crops and livestock products,143,Morocco,5312,Area harvested,358,Cabbages,1977,1977,ha,19,E,Estimated value,
QCL,Crops and livestock products,143,Morocco,5419,Yield,358,Cabbages,1977,1977,100 g/ha,131579,E,Estimated value,
QCL,Crops and livestock products,143,Morocco,5510,Production,358,Cabbages,1977,1977,t,250,E,Estimated value,
QCL,Crops and livestock products,143,Morocco,5312,Area harvested,358,Cabbages,1978,1978,ha,19,E,Estimated value,
QCL,Crops and livestock products,143,Morocco,5419,Yield,358,Cabbages,1978,1978,100 g/ha,131579,E,Estimated value,
QCL,Crops and livestock products,143,Morocco,5510,Production,358,Cabbages,1978,1978,t,250,E,Estimated value,
QCL,Crops and livestock products,143,Morocco,5312,Area harvested,358,Cabbages,1979,1979,ha,17,E,Estimated value,
QCL,Crops and livestock products,143,Morocco,5419,Yield,358,Cabbages,1979,1979,100 g/ha,135294,E,Estimated value,
QCL,Crops and livestock products,143,Morocco,5510,Production,358,Cabbages,1979,1979,t,230,E,Estimated value,
QCL,Crops and livestock products,143,Morocco,5312,Area harvested,358,Cabbages,1980,1980,ha,17,E,Estimated value,
QCL,Crops and livestock products,143,Morocco,5419,Yield,358,Cabbages,1980,1980,100 g/ha,135294,E,Estimated value,
QCL,Crops and livestock products,143,Morocco,5510,Production,358,Cabbages,1980,1980,t,230,E,Estimated value,
QCL,Crops and livestock products,143,Morocco,5312,Area harvested,358,Cabbages,1981,1981,ha,17,E,Estimated value,
QCL,Crops and livestock products,143,Morocco,5419,Yield,358,Cabbages,1981,1981,100 g/ha,135294,E,Estimated value,
QCL,Crops and livestock products,143,Morocco,5510,Production,358,Cabbages,1981,1981,t,230,E,Estimated value,
QCL,Crops and livestock products,143,Morocco,5312,Area harvested,358,Cabbages,1982,1982,ha,75,E,Estimated value,
QCL,Crops and livestock products,143,Morocco,5419,Yield,358,Cabbages,1982,1982,100 g/ha,133333,E,Estimated value,
QCL,Crops and livestock products,143,Morocco,5510,Production,358,Cabbages,1982,1982,t,1000,E,Estimated value,
QCL,Crops and livestock products,143,Morocco,5312,Area harvested,358,Cabbages,1983,1983,ha,150,E,Estimated value,
QCL,Crops and livestock products,143,Morocco,5419,Yield,358,Cabbages,1983,1983,100 g/ha,133333,E,Estimated value,
QCL,Crops and livestock products,143,Morocco,5510,Production,358,Cabbages,1983,1983,t,2000,E,Estimated value,
QCL,Crops and livestock products,143,Morocco,5312,Area harvested,358,Cabbages,1984,1984,ha,150,E,Estimated value,
QCL,Crops and livestock products,143,Morocco,5419,Yield,358,Cabbages,1984,1984,100 g/ha,133333,E,Estimated value,
QCL,Crops and livestock products,143,Morocco,5510,Production,358,Cabbages,1984,1984,t,2000,E,Estimated value,
QCL,Crops and livestock products,143,Morocco,5312,Area harvested,358,Cabbages,1985,1985,ha,300,E,Estimated value,
QCL,Crops and livestock products,143,Morocco,5419,Yield,358,Cabbages,1985,1985,100 g/ha,133333,E,Estimated value,
QCL,Crops and livestock products,143,Morocco,5510,Production,358,Cabbages,1985,1985,t,4000,E,Estimated value,
QCL,Crops and livestock products,143,Morocco,5312,Area harvested,358,Cabbages,1986,1986,ha,300,E,Estimated value,
QCL,Crops and livestock products,143,Morocco,5419,Yield,358,Cabbages,1986,1986,100 g/ha,133333,E,Estimated value,
QCL,Crops and livestock products,143,Morocco,5510,Production,358,Cabbages,1986,1986,t,4000,E,Estimated value,
QCL,Crops and livestock products,143,Morocco,5312,Area harvested,358,Cabbages,1987,1987,ha,635,E,Estimated value,
QCL,Crops and livestock products,143,Morocco,5419,Yield,358,Cabbages,1987,1987,100 g/ha,133858,E,Estimated value,
QCL,Crops and livestock products,143,Morocco,5510,Production,358,Cabbages,1987,1987,t,8500,A,Official figure,
QCL,Crops and livestock products,143,Morocco,5312,Area harvested,358,Cabbages,1988,1988,ha,770,E,Estimated value,
QCL,Crops and livestock products,143,Morocco,5419,Yield,358,Cabbages,1988,1988,100 g/ha,133766,E,Estimated value,
QCL,Crops and livestock products,143,Morocco,5510,Production,358,Cabbages,1988,1988,t,10300,A,Official figure,
QCL,Crops and livestock products,143,Morocco,5312,Area harvested,358,Cabbages,1989,1989,ha,1610,E,Estimated value,
QCL,Crops and livestock products,143,Morocco,5419,Yield,358,Cabbages,1989,1989,100 g/ha,133944,E,Estimated value,
QCL,Crops and livestock products,143,Morocco,5510,Production,358,Cabbages,1989,1989,t,21565,A,Official figure,
QCL,Crops and livestock products,143,Morocco,5312,Area harvested,358,Cabbages,1990,1990,ha,878,X,Figure from international organizations,Unofficial figure
QCL,Crops and livestock products,143,Morocco,5419,Yield,358,Cabbages,1990,1990,100 g/ha,162426,E,Estimated value,
QCL,Crops and livestock products,143,Morocco,5510,Production,358,Cabbages,1990,1990,t,14261,A,Official figure,
QCL,Crops and livestock products,143,Morocco,5312,Area harvested,358,Cabbages,1991,1991,ha,905,X,Figure from international organizations,Unofficial figure
QCL,Crops and livestock products,143,Morocco,5419,Yield,358,Cabbages,1991,1991,100 g/ha,185967,E,Estimated value,
QCL,Crops and livestock products,143,Morocco,5510,Production,358,Cabbages,1991,1991,t,16830,A,Official figure,
QCL,Crops and livestock products,143,Morocco,5312,Area harvested,358,Cabbages,1992,1992,ha,1016,X,Figure from international organizations,Unofficial figure
QCL,Crops and livestock products,143,Morocco,5419,Yield,358,Cabbages,1992,1992,100 g/ha,143228,E,Estimated value,
QCL,Crops and livestock products,143,Morocco,5510,Production,358,Cabbages,1992,1992,t,14552,A,Official figure,
QCL,Crops and livestock products,143,Morocco,5312,Area harvested,358,Cabbages,1993,1993,ha,1120,X,Figure from international organizations,Unofficial figure
QCL,Crops and livestock products,143,Morocco,5419,Yield,358,Cabbages,1993,1993,100 g/ha,133929,E,Estimated value,
QCL,Crops and livestock products,143,Morocco,5510,Production,358,Cabbages,1993,1993,t,15000,A,Official figure,
QCL,Crops and livestock products,143,Morocco,5312,Area harvested,358,Cabbages,1994,1994,ha,1190,A,Official figure,
QCL,Crops and livestock products,143,Morocco,5419,Yield,358,Cabbages,1994,1994,100 g/ha,133613,A,Official figure,
QCL,Crops and livestock products,143,Morocco,5510,Production,358,Cabbages,1994,1994,t,15900,A,Official figure,
QCL,Crops and livestock products,143,Morocco,5312,Area harvested,358,Cabbages,1995,1995,ha,690,A,Official figure,
QCL,Crops and livestock products,143,Morocco,5419,Yield,358,Cabbages,1995,1995,100 g/ha,156667,A,Official figure,
QCL,Crops and livestock products,143,Morocco,5510,Production,358,Cabbages,1995,1995,t,10810,A,Official figure,
QCL,Crops and livestock products,143,Morocco,5312,Area harvested,358,Cabbages,1996,1996,ha,1030,A,Official figure,
QCL,Crops and livestock products,143,Morocco,5419,Yield,358,Cabbages,1996,1996,100 g/ha,194175,A,Official figure,
QCL,Crops and livestock products,143,Morocco,5510,Production,358,Cabbages,1996,1996,t,20000,A,Official figure,
QCL,Crops and livestock products,143,Morocco,5312,Area harvested,358,Cabbages,1997,1997,ha,800,A,Official figure,
QCL,Crops and livestock products,143,Morocco,5419,Yield,358,Cabbages,1997,1997,100 g/ha,167500,A,Official figure,
QCL,Crops and livestock products,143,Morocco,5510,Production,358,Cabbages,1997,1997,t,13400,A,Official figure,
QCL,Crops and livestock products,143,Morocco,5312,Area harvested,358,Cabbages,1998,1998,ha,1350,A,Official figure,
QCL,Crops and livestock products,143,Morocco,5419,Yield,358,Cabbages,1998,1998,100 g/ha,205926,A,Official figure,
QCL,Crops and livestock products,143,Morocco,5510,Production,358,Cabbages,1998,1998,t,27800,A,Official figure,
QCL,Crops and livestock products,143,Morocco,5312,Area harvested,358,Cabbages,1999,1999,ha,1655,A,Official figure,
QCL,Crops and livestock products,143,Morocco,5419,Yield,358,Cabbages,1999,1999,100 g/ha,223142,A,Official figure,
QCL,Crops and livestock products,143,Morocco,5510,Production,358,Cabbages,1999,1999,t,36930,A,Official figure,
QCL,Crops and livestock products,143,Morocco,5312,Area harvested,358,Cabbages,2000,2000,ha,1275,A,Official figure,
QCL,Crops and livestock products,143,Morocco,5419,Yield,358,Cabbages,2000,2000,100 g/ha,299216,A,Official figure,
QCL,Crops and livestock products,143,Morocco,5510,Production,358,Cabbages,2000,2000,t,38150,A,Official figure,
QCL,Crops and livestock products,143,Morocco,5312,Area harvested,358,Cabbages,2001,2001,ha,1225,A,Official figure,
QCL,Crops and livestock products,143,Morocco,5419,Yield,358,Cabbages,2001,2001,100 g/ha,283429,A,Official figure,
QCL,Crops and livestock products,143,Morocco,5510,Production,358,Cabbages,2001,2001,t,34720,A,Official figure,
QCL,Crops and livestock products,143,Morocco,5312,Area harvested,358,Cabbages,2002,2002,ha,1250,A,Official figure,
QCL,Crops and livestock products,143,Morocco,5419,Yield,358,Cabbages,2002,2002,100 g/ha,262960,A,Official figure,
QCL,Crops and livestock products,143,Morocco,5510,Production,358,Cabbages,2002,2002,t,32870,A,Official figure,
QCL,Crops and livestock products,143,Morocco,5312,Area harvested,358,Cabbages,2003,2003,ha,1510,A,Official figure,
QCL,Crops and livestock products,143,Morocco,5419,Yield,358,Cabbages,2003,2003,100 g/ha,295629,A,Official figure,
QCL,Crops and livestock products,143,Morocco,5510,Production,358,Cabbages,2003,2003,t,44640,A,Official figure,
QCL,Crops and livestock products,143,Morocco,5312,Area harvested,358,Cabbages,2004,2004,ha,1915,A,Official figure,
QCL,Crops and livestock products,143,Morocco,5419,Yield,358,Cabbages,2004,2004,100 g/ha,256919,A,Official figure,
QCL,Crops and livestock products,143,Morocco,5510,Production,358,Cabbages,2004,2004,t,49200,A,Official figure,
QCL,Crops and livestock products,143,Morocco,5312,Area harvested,358,Cabbages,2005,2005,ha,1920,A,Official figure,
QCL,Crops and livestock products,143,Morocco,5419,Yield,358,Cabbages,2005,2005,100 g/ha,240313,A,Official figure,
QCL,Crops and livestock products,143,Morocco,5510,Production,358,Cabbages,2005,2005,t,46140,A,Official figure,
QCL,Crops and livestock products,143,Morocco,5312,Area harvested,358,Cabbages,2006,2006,ha,1420,A,Official figure,
QCL,Crops and livestock products,143,Morocco,5419,Yield,358,Cabbages,2006,2006,100 g/ha,306338,A,Official figure,
QCL,Crops and livestock products,143,Morocco,5510,Production,358,Cabbages,2006,2006,t,43500,A,Official figure,
QCL,Crops and livestock products,143,Morocco,5312,Area harvested,358,Cabbages,2007,2007,ha,1280,A,Official figure,
QCL,Crops and livestock products,143,Morocco,5419,Yield,358,Cabbages,2007,2007,100 g/ha,230898,A,Official figure,
QCL,Crops and livestock products,143,Morocco,5510,Production,358,Cabbages,2007,2007,t,29555,A,Official figure,
QCL,Crops and livestock products,143,Morocco,5312,Area harvested,358,Cabbages,2008,2008,ha,1300,A,Official figure,
QCL,Crops and livestock products,143,Morocco,5419,Yield,358,Cabbages,2008,2008,100 g/ha,267885,A,Official figure,
QCL,Crops and livestock products,143,Morocco,5510,Production,358,Cabbages,2008,2008,t,34825,A,Official figure,
QCL,Crops and livestock products,143,Morocco,5312,Area harvested,358,Cabbages,2009,2009,ha,1510,A,Official figure,
QCL,Crops and livestock products,143,Morocco,5419,Yield,358,Cabbages,2009,2009,100 g/ha,257020,A,Official figure,
QCL,Crops and livestock products,143,Morocco,5510,Production,358,Cabbages,2009,2009,t,38810,A,Official figure,
QCL,Crops and livestock products,143,Morocco,5312,Area harvested,358,Cabbages,2010,2010,ha,2174,A,Official figure,
QCL,Crops and livestock products,143,Morocco,5419,Yield,358,Cabbages,2010,2010,100 g/ha,300497,A,Official figure,
QCL,Crops and livestock products,143,Morocco,5510,Production,358,Cabbages,2010,2010,t,65328,A,Official figure,
QCL,Crops and livestock products,143,Morocco,5312,Area harvested,358,Cabbages,2011,2011,ha,863,A,Official figure,
QCL,Crops and livestock products,143,Morocco,5419,Yield,358,Cabbages,2011,2011,100 g/ha,119351,A,Official figure,
QCL,Crops and livestock products,143,Morocco,5510,Production,358,Cabbages,2011,2011,t,10300,A,Official figure,
QCL,Crops and livestock products,143,Morocco,5312,Area harvested,358,Cabbages,2012,2012,ha,2986,A,Official figure,
QCL,Crops and livestock products,143,Morocco,5419,Yield,358,Cabbages,2012,2012,100 g/ha,375650,A,Official figure,
QCL,Crops and livestock products,143,Morocco,5510,Production,358,Cabbages,2012,2012,t,112169,A,Official figure,
QCL,Crops and livestock products,143,Morocco,5312,Area harvested,358,Cabbages,2013,2013,ha,3072,A,Official figure,
QCL,Crops and livestock products,143,Morocco,5419,Yield,358,Cabbages,2013,2013,100 g/ha,310601,A,Official figure,
QCL,Crops and livestock products,143,Morocco,5510,Production,358,Cabbages,2013,2013,t,95426,A,Official figure,
QCL,Crops and livestock products,143,Morocco,5312,Area harvested,358,Cabbages,2014,2014,ha,2510,A,Official figure,
QCL,Crops and livestock products,143,Morocco,5419,Yield,358,Cabbages,2014,2014,100 g/ha,256821,A,Official figure,
QCL,Crops and livestock products,143,Morocco,5510,Production,358,Cabbages,2014,2014,t,64462,A,Official figure,
QCL,Crops and livestock products,143,Morocco,5312,Area harvested,358,Cabbages,2015,2015,ha,1927,A,Official figure,
QCL,Crops and livestock products,143,Morocco,5419,Yield,358,Cabbages,2015,2015,100 g/ha,262906,A,Official figure,
QCL,Crops and livestock products,143,Morocco,5510,Production,358,Cabbages,2015,2015,t,50662,A,Official figure,
QCL,Crops and livestock products,143,Morocco,5312,Area harvested,358,Cabbages,2016,2016,ha,1618,A,Official figure,
QCL,Crops and livestock products,143,Morocco,5419,Yield,358,Cabbages,2016,2016,100 g/ha,223498,A,Official figure,
QCL,Crops and livestock products,143,Morocco,5510,Production,358,Cabbages,2016,2016,t,36162,A,Official figure,
QCL,Crops and livestock products,143,Morocco,5312,Area harvested,358,Cabbages,2017,2017,ha,1862,A,Official figure,
QCL,Crops and livestock products,143,Morocco,5419,Yield,358,Cabbages,2017,2017,100 g/ha,274678,A,Official figure,
QCL,Crops and livestock products,143,Morocco,5510,Production,358,Cabbages,2017,2017,t,51145,A,Official figure,
QCL,Crops and livestock products,143,Morocco,5312,Area harvested,358,Cabbages,2018,2018,ha,1949,A,Official figure,
QCL,Crops and livestock products,143,Morocco,5419,Yield,358,Cabbages,2018,2018,100 g/ha,261950,A,Official figure,
QCL,Crops and livestock products,143,Morocco,5510,Production,358,Cabbages,2018,2018,t,51054,A,Official figure,
QCL,Crops and livestock products,143,Morocco,5312,Area harvested,358,Cabbages,2019,2019,ha,1255,A,Official figure,
QCL,Crops and livestock products,143,Morocco,5419,Yield,358,Cabbages,2019,2019,100 g/ha,294922,A,Official figure,
QCL,Crops and livestock products,143,Morocco,5510,Production,358,Cabbages,2019,2019,t,36998,A,Official figure,
QCL,Crops and livestock products,143,Morocco,5312,Area harvested,358,Cabbages,2020,2020,ha,2326,A,Official figure,
QCL,Crops and livestock products,143,Morocco,5419,Yield,358,Cabbages,2020,2020,100 g/ha,273410,A,Official figure,
QCL,Crops and livestock products,143,Morocco,5510,Production,358,Cabbages,2020,2020,t,63598,A,Official figure,
QCL,Crops and livestock products,143,Morocco,5312,Area harvested,358,Cabbages,2021,2021,ha,3028,A,Official figure,
QCL,Crops and livestock products,143,Morocco,5419,Yield,358,Cabbages,2021,2021,100 g/ha,300469,A,Official figure,
QCL,Crops and livestock products,143,Morocco,5510,Production,358,Cabbages,2021,2021,t,90982,A,Official figure,
QCL,Crops and livestock products,143,Morocco,5312,Area harvested,358,Cabbages,2022,2022,ha,3187,A,Official figure,
QCL,Crops and livestock products,143,Morocco,5419,Yield,358,Cabbages,2022,2022,100 g/ha,261101,A,Official figure,
QCL,Crops and livestock products,143,Morocco,5510,Production,358,Cabbages,2022,2022,t,83213,A,Official figure,
QCL,Crops and livestock products,143,Morocco,5111,Stocks,1126,Camels,1961,1961,An,235000,A,Official figure,
QCL,Crops and livestock products,143,Morocco,5111,Stocks,1126,Camels,1962,1962,An,215000,A,Official figure,
QCL,Crops and livestock products,143,Morocco,5111,Stocks,1126,Camels,1963,1963,An,214000,A,Official figure,
QCL,Crops and livestock products,143,Morocco,5111,Stocks,1126,Camels,1964,1964,An,225000,A,Official figure,
QCL,Crops and livestock products,143,Morocco,5111,Stocks,1126,Camels,1965,1965,An,215000,A,Official figure,
QCL,Crops and livestock products,143,Morocco,5111,Stocks,1126,Camels,1966,1966,An,221000,A,Official figure,
QCL,Crops and livestock products,143,Morocco,5111,Stocks,1126,Camels,1967,1967,An,222000,A,Official figure,
QCL,Crops and livestock products,143,Morocco,5111,Stocks,1126,Camels,1968,1968,An,214000,A,Official figure,
QCL,Crops and livestock products,143,Morocco,5111,Stocks,1126,Camels,1969,1969,An,222000,A,Official figure,
QCL,Crops and livestock products,143,Morocco,5111,Stocks,1126,Camels,1970,1970,An,200000,E,Estimated value,
QCL,Crops and livestock products,143,Morocco,5111,Stocks,1126,Camels,1971,1971,An,193000,A,Official figure,
QCL,Crops and livestock products,143,Morocco,5111,Stocks,1126,Camels,1972,1972,An,200000,A,Official figure,
QCL,Crops and livestock products,143,Morocco,5111,Stocks,1126,Camels,1973,1973,An,200000,A,Official figure,
QCL,Crops and livestock products,143,Morocco,5111,Stocks,1126,Camels,1974,1974,An,200000,A,Official figure,
QCL,Crops and livestock products,143,Morocco,5111,Stocks,1126,Camels,1975,1975,An,200000,A,Official figure,
QCL,Crops and livestock products,143,Morocco,5111,Stocks,1126,Camels,1976,1976,An,190000,E,Estimated value,
QCL,Crops and livestock products,143,Morocco,5111,Stocks,1126,Camels,1977,1977,An,110000,E,Estimated value,
QCL,Crops and livestock products,143,Morocco,5111,Stocks,1126,Camels,1978,1978,An,110000,E,Estimated value,
QCL,Crops and livestock products,143,Morocco,5111,Stocks,1126,Camels,1979,1979,An,100000,E,Estimated value,
QCL,Crops and livestock products,143,Morocco,5111,Stocks,1126,Camels,1980,1980,An,100000,E,Estimated value,
QCL,Crops and livestock products,143,Morocco,5111,Stocks,1126,Camels,1981,1981,An,90000,E,Estimated value,
QCL,Crops and livestock products,143,Morocco,5111,Stocks,1126,Camels,1982,1982,An,95000,E,Estimated value,
QCL,Crops and livestock products,143,Morocco,5111,Stocks,1126,Camels,1983,1983,An,42600,A,Official figure,
QCL,Crops and livestock products,143,Morocco,5111,Stocks,1126,Camels,1984,1984,An,41100,A,Official figure,
QCL,Crops and livestock products,143,Morocco,5111,Stocks,1126,Camels,1985,1985,An,39950,A,Official figure,
QCL,Crops and livestock products,143,Morocco,5111,Stocks,1126,Camels,1986,1986,An,37400,A,Official figure,
QCL,Crops and livestock products,143,Morocco,5111,Stocks,1126,Camels,1987,1987,An,40780,A,Official figure,
QCL,Crops and livestock products,143,Morocco,5111,Stocks,1126,Camels,1988,1988,An,35597,A,Official figure,
QCL,Crops and livestock products,143,Morocco,5111,Stocks,1126,Camels,1989,1989,An,34000,E,Estimated value,
QCL,Crops and livestock products,143,Morocco,5111,Stocks,1126,Camels,1990,1990,An,33775,A,Official figure,
QCL,Crops and livestock products,143,Morocco,5111,Stocks,1126,Camels,1991,1991,An,32563,A,Official figure,
QCL,Crops and livestock products,143,Morocco,5111,Stocks,1126,Camels,1992,1992,An,38845,A,Official figure,
QCL,Crops and livestock products,143,Morocco,5111,Stocks,1126,Camels,1993,1993,An,36248,A,Official figure,
QCL,Crops and livestock products,143,Morocco,5111,Stocks,1126,Camels,1994,1994,An,37000,E,Estimated value,
QCL,Crops and livestock products,143,Morocco,5111,Stocks,1126,Camels,1995,1995,An,38000,E,Estimated value,
QCL,Crops and livestock products,143,Morocco,5111,Stocks,1126,Camels,1996,1996,An,36000,E,Estimated value,
QCL,Crops and livestock products,143,Morocco,5111,Stocks,1126,Camels,1997,1997,An,36000,E,Estimated value,
QCL,Crops and livestock products,143,Morocco,5111,Stocks,1126,Camels,1998,1998,An,36000,E,Estimated value,
QCL,Crops and livestock products,143,Morocco,5111,Stocks,1126,Camels,1999,1999,An,36000,E,Estimated value,
QCL,Crops and livestock products,143,Morocco,5111,Stocks,1126,Camels,2000,2000,An,36000,E,Estimated value,
QCL,Crops and livestock products,143,Morocco,5111,Stocks,1126,Camels,2001,2001,An,37000,E,Estimated value,
QCL,Crops and livestock products,143,Morocco,5111,Stocks,1126,Camels,2002,2002,An,38000,E,Estimated value,
QCL,Crops and livestock products,143,Morocco,5111,Stocks,1126,Camels,2003,2003,An,39000,E,Estimated value,
QCL,Crops and livestock products,143,Morocco,5111,Stocks,1126,Camels,2004,2004,An,39000,E,Estimated value,
QCL,Crops and livestock products,143,Morocco,5111,Stocks,1126,Camels,2005,2005,An,40000,E,Estimated value,
QCL,Crops and livestock products,143,Morocco,5111,Stocks,1126,Camels,2006,2006,An,50000,E,Estimated value,
QCL,Crops and livestock products,143,Morocco,5111,Stocks,1126,Camels,2007,2007,An,40000,E,Estimated value,
QCL,Crops and livestock products,143,Morocco,5111,Stocks,1126,Camels,2008,2008,An,45000,E,Estimated value,
QCL,Crops and livestock products,143,Morocco,5111,Stocks,1126,Camels,2009,2009,An,50000,E,Estimated value,
QCL,Crops and livestock products,143,Morocco,5111,Stocks,1126,Camels,2010,2010,An,52000,E,Estimated value,
QCL,Crops and livestock products,143,Morocco,5111,Stocks,1126,Camels,2011,2011,An,55000,E,Estimated value,
QCL,Crops and livestock products,143,Morocco,5111,Stocks,1126,Camels,2012,2012,An,56500,E,Estimated value,
QCL,Crops and livestock products,143,Morocco,5111,Stocks,1126,Camels,2013,2013,An,57000,E,Estimated value,
QCL,Crops and livestock products,143,Morocco,5111,Stocks,1126,Camels,2014,2014,An,57000,E,Estimated value,
QCL,Crops and livestock products,143,Morocco,5111,Stocks,1126,Camels,2015,2015,An,57500,E,Estimated value,
QCL,Crops and livestock products,143,Morocco,5111,Stocks,1126,Camels,2016,2016,An,58000,E,Estimated value,
QCL,Crops and livestock products,143,Morocco,5111,Stocks,1126,Camels,2017,2017,An,59000,E,Estimated value,
QCL,Crops and livestock products,143,Morocco,5111,Stocks,1126,Camels,2018,2018,An,59830,I,Imputed value,
QCL,Crops and livestock products,143,Morocco,5111,Stocks,1126,Camels,2019,2019,An,61074,I,Imputed value,
QCL,Crops and livestock products,143,Morocco,5111,Stocks,1126,Camels,2020,2020,An,62056,I,Imputed value,
QCL,Crops and livestock products,143,Morocco,5111,Stocks,1126,Camels,2021,2021,An,62996,I,Imputed value,
QCL,Crops and livestock products,143,Morocco,5111,Stocks,1126,Camels,2022,2022,An,63935,I,Imputed value,
QCL,Crops and livestock products,143,Morocco,5312,Area harvested,101,Canary seed,1961,1961,ha,8000,E,Estimated value,
QCL,Crops and livestock products,143,Morocco,5419,Yield,101,Canary seed,1961,1961,100 g/ha,3000,E,Estimated value,
QCL,Crops and livestock products,143,Morocco,5510,Production,101,Canary seed,1961,1961,t,2400,E,Estimated value,
QCL,Crops and livestock products,143,Morocco,5312,Area harvested,101,Canary seed,1962,1962,ha,8000,E,Estimated value,
QCL,Crops and livestock products,143,Morocco,5419,Yield,101,Canary seed,1962,1962,100 g/ha,3000,E,Estimated value,
QCL,Crops and livestock products,143,Morocco,5510,Production,101,Canary seed,1962,1962,t,2400,E,Estimated value,
QCL,Crops and livestock products,143,Morocco,5312,Area harvested,101,Canary seed,1963,1963,ha,10000,E,Estimated value,
QCL,Crops and livestock products,143,Morocco,5419,Yield,101,Canary seed,1963,1963,100 g/ha,3000,E,Estimated value,
QCL,Crops and livestock products,143,Morocco,5510,Production,101,Canary seed,1963,1963,t,3000,E,Estimated value,
QCL,Crops and livestock products,143,Morocco,5312,Area harvested,101,Canary seed,1964,1964,ha,10000,E,Estimated value,
QCL,Crops and livestock products,143,Morocco,5419,Yield,101,Canary seed,1964,1964,100 g/ha,3000,E,Estimated value,
QCL,Crops and livestock products,143,Morocco,5510,Production,101,Canary seed,1964,1964,t,3000,E,Estimated value,
QCL,Crops and livestock products,143,Morocco,5312,Area harvested,101,Canary seed,1965,1965,ha,13000,E,Estimated value,
QCL,Crops and livestock products,143,Morocco,5419,Yield,101,Canary seed,1965,1965,100 g/ha,4000,E,Estimated value,
QCL,Crops and livestock products,143,Morocco,5510,Production,101,Canary seed,1965,1965,t,5200,E,Estimated value,
QCL,Crops and livestock products,143,Morocco,5312,Area harvested,101,Canary seed,1966,1966,ha,13000,E,Estimated value,
QCL,Crops and livestock products,143,Morocco,5419,Yield,101,Canary seed,1966,1966,100 g/ha,4000,E,Estimated value,
QCL,Crops and livestock products,143,Morocco,5510,Production,101,Canary seed,1966,1966,t,5200,E,Estimated value,
QCL,Crops and livestock products,143,Morocco,5312,Area harvested,101,Canary seed,1967,1967,ha,15000,E,Estimated value,
QCL,Crops and livestock products,143,Morocco,5419,Yield,101,Canary seed,1967,1967,100 g/ha,4000,E,Estimated value,
QCL,Crops and livestock products,143,Morocco,5510,Production,101,Canary seed,1967,1967,t,6000,E,Estimated value,
QCL,Crops and livestock products,143,Morocco,5312,Area harvested,101,Canary seed,1968,1968,ha,15000,E,Estimated value,
QCL,Crops and livestock products,143,Morocco,5419,Yield,101,Canary seed,1968,1968,100 g/ha,4667,E,Estimated value,
QCL,Crops and livestock products,143,Morocco,5510,Production,101,Canary seed,1968,1968,t,7000,E,Estimated value,
QCL,Crops and livestock products,143,Morocco,5312,Area harvested,101,Canary seed,1969,1969,ha,19000,A,Official figure,
QCL,Crops and livestock products,143,Morocco,5419,Yield,101,Canary seed,1969,1969,100 g/ha,4211,A,Official figure,
QCL,Crops and livestock products,143,Morocco,5510,Production,101,Canary seed,1969,1969,t,8000,A,Official figure,
QCL,Crops and livestock products,143,Morocco,5312,Area harvested,101,Canary seed,1970,1970,ha,30000,E,Estimated value,
QCL,Crops and livestock products,143,Morocco,5419,Yield,101,Canary seed,1970,1970,100 g/ha,4633,E,Estimated value,
QCL,Crops and livestock products,143,Morocco,5510,Production,101,Canary seed,1970,1970,t,13900,A,Official figure,
QCL,Crops and livestock products,143,Morocco,5312,Area harvested,101,Canary seed,1971,1971,ha,38000,A,Official figure,
QCL,Crops and livestock products,143,Morocco,5419,Yield,101,Canary seed,1971,1971,100 g/ha,6789,A,Official figure,
QCL,Crops and livestock products,143,Morocco,5510,Production,101,Canary seed,1971,1971,t,25800,A,Official figure,
QCL,Crops and livestock products,143,Morocco,5312,Area harvested,101,Canary seed,1972,1972,ha,25000,A,Official figure,
QCL,Crops and livestock products,143,Morocco,5419,Yield,101,Canary seed,1972,1972,100 g/ha,6708,A,Official figure,
QCL,Crops and livestock products,143,Morocco,5510,Production,101,Canary seed,1972,1972,t,16770,A,Official figure,
QCL,Crops and livestock products,143,Morocco,5312,Area harvested,101,Canary seed,1973,1973,ha,20800,A,Official figure,
QCL,Crops and livestock products,143,Morocco,5419,Yield,101,Canary seed,1973,1973,100 g/ha,6024,A,Official figure,
QCL,Crops and livestock products,143,Morocco,5510,Production,101,Canary seed,1973,1973,t,12530,A,Official figure,
QCL,Crops and livestock products,143,Morocco,5312,Area harvested,101,Canary seed,1974,1974,ha,23600,A,Official figure,
QCL,Crops and livestock products,143,Morocco,5419,Yield,101,Canary seed,1974,1974,100 g/ha,6407,A,Official figure,
QCL,Crops and livestock products,143,Morocco,5510,Production,101,Canary seed,1974,1974,t,15120,A,Official figure,
QCL,Crops and livestock products,143,Morocco,5312,Area harvested,101,Canary seed,1975,1975,ha,22000,A,Official figure,
QCL,Crops and livestock products,143,Morocco,5419,Yield,101,Canary seed,1975,1975,100 g/ha,7564,A,Official figure,
QCL,Crops and livestock products,143,Morocco,5510,Production,101,Canary seed,1975,1975,t,16640,A,Official figure,
QCL,Crops and livestock products,143,Morocco,5312,Area harvested,101,Canary seed,1976,1976,ha,74600,A,Official figure,
QCL,Crops and livestock products,143,Morocco,5419,Yield,101,Canary seed,1976,1976,100 g/ha,4491,A,Official figure,
QCL,Crops and livestock products,143,Morocco,5510,Production,101,Canary seed,1976,1976,t,33500,A,Official figure,
QCL,Crops and livestock products,143,Morocco,5312,Area harvested,101,Canary seed,1977,1977,ha,35200,A,Official figure,
QCL,Crops and livestock products,143,Morocco,5419,Yield,101,Canary seed,1977,1977,100 g/ha,2517,A,Official figure,
QCL,Crops and livestock products,143,Morocco,5510,Production,101,Canary seed,1977,1977,t,8860,A,Official figure,
QCL,Crops and livestock products,143,Morocco,5312,Area harvested,101,Canary seed,1978,1978,ha,33400,A,Official figure,
QCL,Crops and livestock products,143,Morocco,5419,Yield,101,Canary seed,1978,1978,100 g/ha,4225,A,Official figure,
QCL,Crops and livestock products,143,Morocco,5510,Production,101,Canary seed,1978,1978,t,14110,A,Official figure,
QCL,Crops and livestock products,143,Morocco,5312,Area harvested,101,Canary seed,1979,1979,ha,13500,A,Official figure,
QCL,Crops and livestock products,143,Morocco,5419,Yield,101,Canary seed,1979,1979,100 g/ha,6800,A,Official figure,
QCL,Crops and livestock products,143,Morocco,5510,Production,101,Canary seed,1979,1979,t,9180,A,Official figure,
QCL,Crops and livestock products,143,Morocco,5312,Area harvested,101,Canary seed,1980,1980,ha,10700,A,Official figure,
QCL,Crops and livestock products,143,Morocco,5419,Yield,101,Canary seed,1980,1980,100 g/ha,7477,A,Official figure,
QCL,Crops and livestock products,143,Morocco,5510,Production,101,Canary seed,1980,1980,t,8000,A,Official figure,
QCL,Crops and livestock products,143,Morocco,5312,Area harvested,101,Canary seed,1981,1981,ha,7500,A,Official figure,
QCL,Crops and livestock products,143,Morocco,5419,Yield,101,Canary seed,1981,1981,100 g/ha,2667,A,Official figure,
QCL,Crops and livestock products,143,Morocco,5510,Production,101,Canary seed,1981,1981,t,2000,A,Official figure,
QCL,Crops and livestock products,143,Morocco,5312,Area harvested,101,Canary seed,1982,1982,ha,10100,A,Official figure,
QCL,Crops and livestock products,143,Morocco,5419,Yield,101,Canary seed,1982,1982,100 g/ha,5941,A,Official figure,
QCL,Crops and livestock products,143,Morocco,5510,Production,101,Canary seed,1982,1982,t,6000,A,Official figure,
QCL,Crops and livestock products,143,Morocco,5312,Area harvested,101,Canary seed,1983,1983,ha,8700,A,Official figure,
QCL,Crops and livestock products,143,Morocco,5419,Yield,101,Canary seed,1983,1983,100 g/ha,7770,A,Official figure,
QCL,Crops and livestock products,143,Morocco,5510,Production,101,Canary seed,1983,1983,t,6760,A,Official figure,
QCL,Crops and livestock products,143,Morocco,5312,Area harvested,101,Canary seed,1984,1984,ha,4300,A,Official figure,
QCL,Crops and livestock products,143,Morocco,5419,Yield,101,Canary seed,1984,1984,100 g/ha,7907,A,Official figure,
QCL,Crops and livestock products,143,Morocco,5510,Production,101,Canary seed,1984,1984,t,3400,A,Official figure,
QCL,Crops and livestock products,143,Morocco,5312,Area harvested,101,Canary seed,1985,1985,ha,5800,A,Official figure,
QCL,Crops and livestock products,143,Morocco,5419,Yield,101,Canary seed,1985,1985,100 g/ha,10793,A,Official figure,
QCL,Crops and livestock products,143,Morocco,5510,Production,101,Canary seed,1985,1985,t,6260,A,Official figure,
QCL,Crops and livestock products,143,Morocco,5312,Area harvested,101,Canary seed,1986,1986,ha,5600,A,Official figure,
QCL,Crops and livestock products,143,Morocco,5419,Yield,101,Canary seed,1986,1986,100 g/ha,13429,A,Official figure,
QCL,Crops and livestock products,143,Morocco,5510,Production,101,Canary seed,1986,1986,t,7520,A,Official figure,
QCL,Crops and livestock products,143,Morocco,5312,Area harvested,101,Canary seed,1987,1987,ha,5000,A,Official figure,
QCL,Crops and livestock products,143,Morocco,5419,Yield,101,Canary seed,1987,1987,100 g/ha,9400,A,Official figure,
QCL,Crops and livestock products,143,Morocco,5510,Production,101,Canary seed,1987,1987,t,4700,A,Official figure,
QCL,Crops and livestock products,143,Morocco,5312,Area harvested,101,Canary seed,1988,1988,ha,3000,A,Official figure,
QCL,Crops and livestock products,143,Morocco,5419,Yield,101,Canary seed,1988,1988,100 g/ha,6000,A,Official figure,
QCL,Crops and livestock products,143,Morocco,5510,Production,101,Canary seed,1988,1988,t,1800,A,Official figure,
QCL,Crops and livestock products,143,Morocco,5312,Area harvested,101,Canary seed,1989,1989,ha,3000,A,Official figure,
QCL,Crops and livestock products,143,Morocco,5419,Yield,101,Canary seed,1989,1989,100 g/ha,7000,A,Official figure,
QCL,Crops and livestock products,143,Morocco,5510,Production,101,Canary seed,1989,1989,t,2100,A,Official figure,
QCL,Crops and livestock products,143,Morocco,5312,Area harvested,101,Canary seed,1990,1990,ha,3000,A,Official figure,
QCL,Crops and livestock products,143,Morocco,5419,Yield,101,Canary seed,1990,1990,100 g/ha,10667,A,Official figure,
QCL,Crops and livestock products,143,Morocco,5510,Production,101,Canary seed,1990,1990,t,3200,A,Official figure,
QCL,Crops and livestock products,143,Morocco,5312,Area harvested,101,Canary seed,1991,1991,ha,0,A,Official figure,
QCL,Crops and livestock products,143,Morocco,5510,Production,101,Canary seed,1991,1991,t,0,A,Official figure,
QCL,Crops and livestock products,143,Morocco,5312,Area harvested,101,Canary seed,1992,1992,ha,0,A,Official figure,
QCL,Crops and livestock products,143,Morocco,5510,Production,101,Canary seed,1992,1992,t,0,A,Official figure,
QCL,Crops and livestock products,143,Morocco,5312,Area harvested,101,Canary seed,1993,1993,ha,0,A,Official figure,
QCL,Crops and livestock products,143,Morocco,5510,Production,101,Canary seed,1993,1993,t,0,A,Official figure,
QCL,Crops and livestock products,143,Morocco,5312,Area harvested,101,Canary seed,1994,1994,ha,0,A,Official figure,
QCL,Crops and livestock products,143,Morocco,5510,Production,101,Canary seed,1994,1994,t,0,A,Official figure,
QCL,Crops and livestock products,143,Morocco,5312,Area harvested,101,Canary seed,1995,1995,ha,0,A,Official figure,
QCL,Crops and livestock products,143,Morocco,5510,Production,101,Canary seed,1995,1995,t,0,A,Official figure,
QCL,Crops and livestock products,143,Morocco,5312,Area harvested,101,Canary seed,1996,1996,ha,0,A,Official figure,
QCL,Crops and livestock products,143,Morocco,5510,Production,101,Canary seed,1996,1996,t,0,A,Official figure,
QCL,Crops and livestock products,143,Morocco,5312,Area harvested,101,Canary seed,1997,1997,ha,0,A,Official figure,
QCL,Crops and livestock products,143,Morocco,5510,Production,101,Canary seed,1997,1997,t,0,A,Official figure,
QCL,Crops and livestock products,143,Morocco,5312,Area harvested,101,Canary seed,1998,1998,ha,0,E,Estimated value,
QCL,Crops and livestock products,143,Morocco,5510,Production,101,Canary seed,1998,1998,t,0,E,Estimated value,
QCL,Crops and livestock products,143,Morocco,5312,Area harvested,101,Canary seed,1999,1999,ha,0,E,Estimated value,
QCL,Crops and livestock products,143,Morocco,5510,Production,101,Canary seed,1999,1999,t,0,E,Estimated value,
QCL,Crops and livestock products,143,Morocco,5312,Area harvested,101,Canary seed,2000,2000,ha,0,E,Estimated value,
QCL,Crops and livestock products,143,Morocco,5510,Production,101,Canary seed,2000,2000,t,0,E,Estimated value,
QCL,Crops and livestock products,143,Morocco,5312,Area harvested,101,Canary seed,2001,2001,ha,0,E,Estimated value,
QCL,Crops and livestock products,143,Morocco,5510,Production,101,Canary seed,2001,2001,t,0,E,Estimated value,
QCL,Crops and livestock products,143,Morocco,5312,Area harvested,101,Canary seed,2002,2002,ha,0,E,Estimated value,
QCL,Crops and livestock products,143,Morocco,5510,Production,101,Canary seed,2002,2002,t,0,E,Estimated value,
QCL,Crops and livestock products,143,Morocco,5312,Area harvested,101,Canary seed,2003,2003,ha,0,E,Estimated value,
QCL,Crops and livestock products,143,Morocco,5510,Production,101,Canary seed,2003,2003,t,0,E,Estimated value,
QCL,Crops and livestock products,143,Morocco,5312,Area harvested,101,Canary seed,2004,2004,ha,0,E,Estimated value,
QCL,Crops and livestock products,143,Morocco,5510,Production,101,Canary seed,2004,2004,t,0,E,Estimated value,
QCL,Crops and livestock products,143,Morocco,5312,Area harvested,101,Canary seed,2005,2005,ha,0,E,Estimated value,
QCL,Crops and livestock products,143,Morocco,5510,Production,101,Canary seed,2005,2005,t,0,E,Estimated value,
QCL,Crops and livestock products,143,Morocco,5312,Area harvested,101,Canary seed,2006,2006,ha,0,E,Estimated value,
QCL,Crops and livestock products,143,Morocco,5510,Production,101,Canary seed,2006,2006,t,0,E,Estimated value,
QCL,Crops and livestock products,143,Morocco,5312,Area harvested,101,Canary seed,2007,2007,ha,0,E,Estimated value,
QCL,Crops and livestock products,143,Morocco,5510,Production,101,Canary seed,2007,2007,t,54.62,I,Imputed value,
QCL,Crops and livestock products,143,Morocco,5312,Area harvested,101,Canary seed,2008,2008,ha,25,I,Imputed value,
QCL,Crops and livestock products,143,Morocco,5419,Yield,101,Canary seed,2008,2008,100 g/ha,27922,E,Estimated value,
QCL,Crops and livestock products,143,Morocco,5510,Production,101,Canary seed,2008,2008,t,70.42,I,Imputed value,
QCL,Crops and livestock products,143,Morocco,5312,Area harvested,101,Canary seed,2009,2009,ha,30,I,Imputed value,
QCL,Crops and livestock products,143,Morocco,5419,Yield,101,Canary seed,2009,2009,100 g/ha,29790,E,Estimated value,
QCL,Crops and livestock products,143,Morocco,5510,Production,101,Canary seed,2009,2009,t,89.48,I,Imputed value,
QCL,Crops and livestock products,143,Morocco,5312,Area harvested,101,Canary seed,2010,2010,ha,38,I,Imputed value,
QCL,Crops and livestock products,143,Morocco,5419,Yield,101,Canary seed,2010,2010,100 g/ha,23675,E,Estimated value,
QCL,Crops and livestock products,143,Morocco,5510,Production,101,Canary seed,2010,2010,t,89.24,I,Imputed value,
QCL,Crops and livestock products,143,Morocco,5312,Area harvested,101,Canary seed,2011,2011,ha,38,I,Imputed value,
QCL,Crops and livestock products,143,Morocco,5419,Yield,101,Canary seed,2011,2011,100 g/ha,23612,E,Estimated value,
QCL,Crops and livestock products,143,Morocco,5510,Production,101,Canary seed,2011,2011,t,89,I,Imputed value,
QCL,Crops and livestock products,143,Morocco,5312,Area harvested,101,Canary seed,2012,2012,ha,38,I,Imputed value,
QCL,Crops and livestock products,143,Morocco,5419,Yield,101,Canary seed,2012,2012,100 g/ha,23548,E,Estimated value,
QCL,Crops and livestock products,143,Morocco,5510,Production,101,Canary seed,2012,2012,t,88.76,I,Imputed value,
QCL,Crops and livestock products,143,Morocco,5312,Area harvested,101,Canary seed,2013,2013,ha,38,I,Imputed value,
QCL,Crops and livestock products,143,Morocco,5419,Yield,101,Canary seed,2013,2013,100 g/ha,23484,E,Estimated value,
QCL,Crops and livestock products,143,Morocco,5510,Production,101,Canary seed,2013,2013,t,88.52,I,Imputed value,
QCL,Crops and livestock products,143,Morocco,5312,Area harvested,101,Canary seed,2014,2014,ha,35,I,Imputed value,
QCL,Crops and livestock products,143,Morocco,5419,Yield,101,Canary seed,2014,2014,100 g/ha,25002,E,Estimated value,
QCL,Crops and livestock products,143,Morocco,5510,Production,101,Canary seed,2014,2014,t,88.47,I,Imputed value,
QCL,Crops and livestock products,143,Morocco,5312,Area harvested,101,Canary seed,2015,2015,ha,33,I,Imputed value,
QCL,Crops and livestock products,143,Morocco,5419,Yield,101,Canary seed,2015,2015,100 g/ha,29688,E,Estimated value,
QCL,Crops and livestock products,143,Morocco,5510,Production,101,Canary seed,2015,2015,t,97.39,I,Imputed value,
QCL,Crops and livestock products,143,Morocco,5312,Area harvested,101,Canary seed,2016,2016,ha,35,E,Estimated value,
QCL,Crops and livestock products,143,Morocco,5419,Yield,101,Canary seed,2016,2016,100 g/ha,25913,E,Estimated value,
QCL,Crops and livestock products,143,Morocco,5510,Production,101,Canary seed,2016,2016,t,91.46,E,Estimated value,
QCL,Crops and livestock products,143,Morocco,5312,Area harvested,101,Canary seed,2017,2017,ha,35,I,Imputed value,
QCL,Crops and livestock products,143,Morocco,5419,Yield,101,Canary seed,2017,2017,100 g/ha,26498,E,Estimated value,
QCL,Crops and livestock products,143,Morocco,5510,Production,101,Canary seed,2017,2017,t,92.44,E,Estimated value,
QCL,Crops and livestock products,143,Morocco,5312,Area harvested,101,Canary seed,2018,2018,ha,33,I,Imputed value,
QCL,Crops and livestock products,143,Morocco,5419,Yield,101,Canary seed,2018,2018,100 g/ha,27753,E,Estimated value,
QCL,Crops and livestock products,143,Morocco,5510,Production,101,Canary seed,2018,2018,t,92.52,I,Imputed value,
QCL,Crops and livestock products,143,Morocco,5312,Area harvested,101,Canary seed,2019,2019,ha,33,I,Imputed value,
QCL,Crops and livestock products,143,Morocco,5419,Yield,101,Canary seed,2019,2019,100 g/ha,28433,E,Estimated value,
QCL,Crops and livestock products,143,Morocco,5510,Production,101,Canary seed,2019,2019,t,93.28,I,Imputed value,
QCL,Crops and livestock products,143,Morocco,5312,Area harvested,101,Canary seed,2020,2020,ha,34,E,Estimated value,
QCL,Crops and livestock products,143,Morocco,5419,Yield,101,Canary seed,2020,2020,100 g/ha,27488,E,Estimated value,
QCL,Crops and livestock products,143,Morocco,5510,Production,101,Canary seed,2020,2020,t,92.57,I,Imputed value,
QCL,Crops and livestock products,143,Morocco,5312,Area harvested,101,Canary seed,2021,2021,ha,33,E,Estimated value,
QCL,Crops and livestock products,143,Morocco,5419,Yield,101,Canary seed,2021,2021,100 g/ha,27891,E,Estimated value,
QCL,Crops and livestock products,143,Morocco,5510,Production,101,Canary seed,2021,2021,t,92.8,I,Imputed value,
QCL,Crops and livestock products,143,Morocco,5312,Area harvested,101,Canary seed,2022,2022,ha,33,E,Estimated value,
QCL,Crops and livestock products,143,Morocco,5419,Yield,101,Canary seed,2022,2022,100 g/ha,27978,E,Estimated value,
QCL,Crops and livestock products,143,Morocco,5510,Production,101,Canary seed,2022,2022,t,93.04,I,Imputed value,
QCL,Crops and livestock products,143,Morocco,5312,Area harvested,568,Cantaloupes and other melons,1961,1961,ha,3000,A,Official figure,
QCL,Crops and livestock products,143,Morocco,5419,Yield,568,Cantaloupes and other melons,1961,1961,100 g/ha,100000,A,Official figure,
QCL,Crops and livestock products,143,Morocco,5510,Production,568,Cantaloupes and other melons,1961,1961,t,30000,A,Official figure,
QCL,Crops and livestock products,143,Morocco,5312,Area harvested,568,Cantaloupes and other melons,1962,1962,ha,3000,A,Official figure,
QCL,Crops and livestock products,143,Morocco,5419,Yield,568,Cantaloupes and other melons,1962,1962,100 g/ha,106667,A,Official figure,
QCL,Crops and livestock products,143,Morocco,5510,Production,568,Cantaloupes and other melons,1962,1962,t,32000,A,Official figure,
QCL,Crops and livestock products,143,Morocco,5312,Area harvested,568,Cantaloupes and other melons,1963,1963,ha,3000,A,Official figure,
QCL,Crops and livestock products,143,Morocco,5419,Yield,568,Cantaloupes and other melons,1963,1963,100 g/ha,116667,A,Official figure,
QCL,Crops and livestock products,143,Morocco,5510,Production,568,Cantaloupes and other melons,1963,1963,t,35000,A,Official figure,
QCL,Crops and livestock products,143,Morocco,5312,Area harvested,568,Cantaloupes and other melons,1964,1964,ha,6000,A,Official figure,
QCL,Crops and livestock products,143,Morocco,5419,Yield,568,Cantaloupes and other melons,1964,1964,100 g/ha,78333,A,Official figure,
QCL,Crops and livestock products,143,Morocco,5510,Production,568,Cantaloupes and other melons,1964,1964,t,47000,A,Official figure,
QCL,Crops and livestock products,143,Morocco,5312,Area harvested,568,Cantaloupes and other melons,1965,1965,ha,8674,A,Official figure,
QCL,Crops and livestock products,143,Morocco,5419,Yield,568,Cantaloupes and other melons,1965,1965,100 g/ha,89924,E,Estimated value,
QCL,Crops and livestock products,143,Morocco,5510,Production,568,Cantaloupes and other melons,1965,1965,t,78000,E,Estimated value,
QCL,Crops and livestock products,143,Morocco,5312,Area harvested,568,Cantaloupes and other melons,1966,1966,ha,7392,A,Official figure,
QCL,Crops and livestock products,143,Morocco,5419,Yield,568,Cantaloupes and other melons,1966,1966,100 g/ha,82775,A,Official figure,
QCL,Crops and livestock products,143,Morocco,5510,Production,568,Cantaloupes and other melons,1966,1966,t,61187,A,Official figure,
QCL,Crops and livestock products,143,Morocco,5312,Area harvested,568,Cantaloupes and other melons,1967,1967,ha,8000,A,Official figure,
QCL,Crops and livestock products,143,Morocco,5419,Yield,568,Cantaloupes and other melons,1967,1967,100 g/ha,130921,A,Official figure,
QCL,Crops and livestock products,143,Morocco,5510,Production,568,Cantaloupes and other melons,1967,1967,t,104737,A,Official figure,
QCL,Crops and livestock products,143,Morocco,5312,Area harvested,568,Cantaloupes and other melons,1968,1968,ha,9000,E,Estimated value,
QCL,Crops and livestock products,143,Morocco,5419,Yield,568,Cantaloupes and other melons,1968,1968,100 g/ha,144444,E,Estimated value,
QCL,Crops and livestock products,143,Morocco,5510,Production,568,Cantaloupes and other melons,1968,1968,t,130000,E,Estimated value,
QCL,Crops and livestock products,143,Morocco,5312,Area harvested,568,Cantaloupes and other melons,1969,1969,ha,8000,E,Estimated value,
QCL,Crops and livestock products,143,Morocco,5419,Yield,568,Cantaloupes and other melons,1969,1969,100 g/ha,125000,E,Estimated value,
QCL,Crops and livestock products,143,Morocco,5510,Production,568,Cantaloupes and other melons,1969,1969,t,100000,X,Figure from international organizations,Unofficial figure
QCL,Crops and livestock products,143,Morocco,5312,Area harvested,568,Cantaloupes and other melons,1970,1970,ha,8000,E,Estimated value,
QCL,Crops and livestock products,143,Morocco,5419,Yield,568,Cantaloupes and other melons,1970,1970,100 g/ha,125000,E,Estimated value,
QCL,Crops and livestock products,143,Morocco,5510,Production,568,Cantaloupes and other melons,1970,1970,t,100000,X,Figure from international organizations,Unofficial figure
QCL,Crops and livestock products,143,Morocco,5312,Area harvested,568,Cantaloupes and other melons,1971,1971,ha,8100,E,Estimated value,
QCL,Crops and livestock products,143,Morocco,5419,Yield,568,Cantaloupes and other melons,1971,1971,100 g/ha,148148,E,Estimated value,
QCL,Crops and livestock products,143,Morocco,5510,Production,568,Cantaloupes and other melons,1971,1971,t,120000,X,Figure from international organizations,Unofficial figure
QCL,Crops and livestock products,143,Morocco,5312,Area harvested,568,Cantaloupes and other melons,1972,1972,ha,8100,E,Estimated value,
QCL,Crops and livestock products,143,Morocco,5419,Yield,568,Cantaloupes and other melons,1972,1972,100 g/ha,148148,E,Estimated value,
QCL,Crops and livestock products,143,Morocco,5510,Production,568,Cantaloupes and other melons,1972,1972,t,120000,X,Figure from international organizations,Unofficial figure
QCL,Crops and livestock products,143,Morocco,5312,Area harvested,568,Cantaloupes and other melons,1973,1973,ha,8200,E,Estimated value,
QCL,Crops and livestock products,143,Morocco,5419,Yield,568,Cantaloupes and other melons,1973,1973,100 g/ha,150000,E,Estimated value,
QCL,Crops and livestock products,143,Morocco,5510,Production,568,Cantaloupes and other melons,1973,1973,t,123000,X,Figure from international organizations,Unofficial figure
QCL,Crops and livestock products,143,Morocco,5312,Area harvested,568,Cantaloupes and other melons,1974,1974,ha,8600,E,Estimated value,
QCL,Crops and livestock products,143,Morocco,5419,Yield,568,Cantaloupes and other melons,1974,1974,100 g/ha,145349,E,Estimated value,
QCL,Crops and livestock products,143,Morocco,5510,Production,568,Cantaloupes and other melons,1974,1974,t,125000,E,Estimated value,
QCL,Crops and livestock products,143,Morocco,5312,Area harvested,568,Cantaloupes and other melons,1975,1975,ha,9000,E,Estimated value,
QCL,Crops and livestock products,143,Morocco,5419,Yield,568,Cantaloupes and other melons,1975,1975,100 g/ha,141111,E,Estimated value,
QCL,Crops and livestock products,143,Morocco,5510,Production,568,Cantaloupes and other melons,1975,1975,t,127000,E,Estimated value,
QCL,Crops and livestock products,143,Morocco,5312,Area harvested,568,Cantaloupes and other melons,1976,1976,ha,10000,E,Estimated value,
QCL,Crops and livestock products,143,Morocco,5419,Yield,568,Cantaloupes and other melons,1976,1976,100 g/ha,132000,E,Estimated value,
QCL,Crops and livestock products,143,Morocco,5510,Production,568,Cantaloupes and other melons,1976,1976,t,132000,E,Estimated value,
QCL,Crops and livestock products,143,Morocco,5312,Area harvested,568,Cantaloupes and other melons,1977,1977,ha,12000,E,Estimated value,
QCL,Crops and livestock products,143,Morocco,5419,Yield,568,Cantaloupes and other melons,1977,1977,100 g/ha,116667,E,Estimated value,
QCL,Crops and livestock products,143,Morocco,5510,Production,568,Cantaloupes and other melons,1977,1977,t,140000,E,Estimated value,
QCL,Crops and livestock products,143,Morocco,5312,Area harvested,568,Cantaloupes and other melons,1978,1978,ha,12700,E,Estimated value,
QCL,Crops and livestock products,143,Morocco,5419,Yield,568,Cantaloupes and other melons,1978,1978,100 g/ha,112598,E,Estimated value,
QCL,Crops and livestock products,143,Morocco,5510,Production,568,Cantaloupes and other melons,1978,1978,t,143000,E,Estimated value,
QCL,Crops and livestock products,143,Morocco,5312,Area harvested,568,Cantaloupes and other melons,1979,1979,ha,13000,E,Estimated value,
QCL,Crops and livestock products,143,Morocco,5419,Yield,568,Cantaloupes and other melons,1979,1979,100 g/ha,115385,E,Estimated value,
QCL,Crops and livestock products,143,Morocco,5510,Production,568,Cantaloupes and other melons,1979,1979,t,150000,E,Estimated value,
QCL,Crops and livestock products,143,Morocco,5312,Area harvested,568,Cantaloupes and other melons,1980,1980,ha,14000,E,Estimated value,
QCL,Crops and livestock products,143,Morocco,5419,Yield,568,Cantaloupes and other melons,1980,1980,100 g/ha,114286,E,Estimated value,
QCL,Crops and livestock products,143,Morocco,5510,Production,568,Cantaloupes and other melons,1980,1980,t,160000,E,Estimated value,
QCL,Crops and livestock products,143,Morocco,5312,Area harvested,568,Cantaloupes and other melons,1981,1981,ha,15000,E,Estimated value,
QCL,Crops and livestock products,143,Morocco,5419,Yield,568,Cantaloupes and other melons,1981,1981,100 g/ha,113333,E,Estimated value,
QCL,Crops and livestock products,143,Morocco,5510,Production,568,Cantaloupes and other melons,1981,1981,t,170000,E,Estimated value,
QCL,Crops and livestock products,143,Morocco,5312,Area harvested,568,Cantaloupes and other melons,1982,1982,ha,16000,E,Estimated value,
QCL,Crops and livestock products,143,Morocco,5419,Yield,568,Cantaloupes and other melons,1982,1982,100 g/ha,112500,E,Estimated value,
QCL,Crops and livestock products,143,Morocco,5510,Production,568,Cantaloupes and other melons,1982,1982,t,180000,E,Estimated value,
QCL,Crops and livestock products,143,Morocco,5312,Area harvested,568,Cantaloupes and other melons,1983,1983,ha,17000,E,Estimated value,
QCL,Crops and livestock products,143,Morocco,5419,Yield,568,Cantaloupes and other melons,1983,1983,100 g/ha,123529,E,Estimated value,
QCL,Crops and livestock products,143,Morocco,5510,Production,568,Cantaloupes and other melons,1983,1983,t,210000,E,Estimated value,
QCL,Crops and livestock products,143,Morocco,5312,Area harvested,568,Cantaloupes and other melons,1984,1984,ha,18000,E,Estimated value,
QCL,Crops and livestock products,143,Morocco,5419,Yield,568,Cantaloupes and other melons,1984,1984,100 g/ha,138889,E,Estimated value,
QCL,Crops and livestock products,143,Morocco,5510,Production,568,Cantaloupes and other melons,1984,1984,t,250000,E,Estimated value,
QCL,Crops and livestock products,143,Morocco,5312,Area harvested,568,Cantaloupes and other melons,1985,1985,ha,19000,E,Estimated value,
QCL,Crops and livestock products,143,Morocco,5419,Yield,568,Cantaloupes and other melons,1985,1985,100 g/ha,147368,E,Estimated value,
QCL,Crops and livestock products,143,Morocco,5510,Production,568,Cantaloupes and other melons,1985,1985,t,280000,E,Estimated value,
QCL,Crops and livestock products,143,Morocco,5312,Area harvested,568,Cantaloupes and other melons,1986,1986,ha,20000,E,Estimated value,
QCL,Crops and livestock products,143,Morocco,5419,Yield,568,Cantaloupes and other melons,1986,1986,100 g/ha,150000,E,Estimated value,
QCL,Crops and livestock products,143,Morocco,5510,Production,568,Cantaloupes and other melons,1986,1986,t,300000,E,Estimated value,
QCL,Crops and livestock products,143,Morocco,5312,Area harvested,568,Cantaloupes and other melons,1987,1987,ha,21700,A,Official figure,
QCL,Crops and livestock products,143,Morocco,5419,Yield,568,Cantaloupes and other melons,1987,1987,100 g/ha,148065,A,Official figure,
QCL,Crops and livestock products,143,Morocco,5510,Production,568,Cantaloupes and other melons,1987,1987,t,321300,A,Official figure,
QCL,Crops and livestock products,143,Morocco,5312,Area harvested,568,Cantaloupes and other melons,1988,1988,ha,18800,A,Official figure,
QCL,Crops and livestock products,143,Morocco,5419,Yield,568,Cantaloupes and other melons,1988,1988,100 g/ha,143617,A,Official figure,
QCL,Crops and livestock products,143,Morocco,5510,Production,568,Cantaloupes and other melons,1988,1988,t,270000,A,Official figure,
QCL,Crops and livestock products,143,Morocco,5312,Area harvested,568,Cantaloupes and other melons,1989,1989,ha,21744,A,Official figure,
QCL,Crops and livestock products,143,Morocco,5419,Yield,568,Cantaloupes and other melons,1989,1989,100 g/ha,144817,A,Official figure,
QCL,Crops and livestock products,143,Morocco,5510,Production,568,Cantaloupes and other melons,1989,1989,t,314889,A,Official figure,
QCL,Crops and livestock products,143,Morocco,5312,Area harvested,568,Cantaloupes and other melons,1990,1990,ha,21835,A,Official figure,
QCL,Crops and livestock products,143,Morocco,5419,Yield,568,Cantaloupes and other melons,1990,1990,100 g/ha,169987,A,Official figure,
QCL,Crops and livestock products,143,Morocco,5510,Production,568,Cantaloupes and other melons,1990,1990,t,371166,A,Official figure,
QCL,Crops and livestock products,143,Morocco,5312,Area harvested,568,Cantaloupes and other melons,1991,1991,ha,20519,A,Official figure,
QCL,Crops and livestock products,143,Morocco,5419,Yield,568,Cantaloupes and other melons,1991,1991,100 g/ha,158893,A,Official figure,
QCL,Crops and livestock products,143,Morocco,5510,Production,568,Cantaloupes and other melons,1991,1991,t,326033,A,Official figure,
QCL,Crops and livestock products,143,Morocco,5312,Area harvested,568,Cantaloupes and other melons,1992,1992,ha,26099,A,Official figure,
QCL,Crops and livestock products,143,Morocco,5419,Yield,568,Cantaloupes and other melons,1992,1992,100 g/ha,119969,A,Official figure,
QCL,Crops and livestock products,143,Morocco,5510,Production,568,Cantaloupes and other melons,1992,1992,t,313106,A,Official figure,
QCL,Crops and livestock products,143,Morocco,5312,Area harvested,568,Cantaloupes and other melons,1993,1993,ha,19330,A,Official figure,
QCL,Crops and livestock products,143,Morocco,5419,Yield,568,Cantaloupes and other melons,1993,1993,100 g/ha,155510,A,Official figure,
QCL,Crops and livestock products,143,Morocco,5510,Production,568,Cantaloupes and other melons,1993,1993,t,300600,A,Official figure,
QCL,Crops and livestock products,143,Morocco,5312,Area harvested,568,Cantaloupes and other melons,1994,1994,ha,24820,A,Official figure,
QCL,Crops and livestock products,143,Morocco,5419,Yield,568,Cantaloupes and other melons,1994,1994,100 g/ha,167284,A,Official figure,
QCL,Crops and livestock products,143,Morocco,5510,Production,568,Cantaloupes and other melons,1994,1994,t,415200,A,Official figure,
QCL,Crops and livestock products,143,Morocco,5312,Area harvested,568,Cantaloupes and other melons,1995,1995,ha,12585,A,Official figure,
QCL,Crops and livestock products,143,Morocco,5419,Yield,568,Cantaloupes and other melons,1995,1995,100 g/ha,153524,A,Official figure,
QCL,Crops and livestock products,143,Morocco,5510,Production,568,Cantaloupes and other melons,1995,1995,t,193210,A,Official figure,
QCL,Crops and livestock products,143,Morocco,5312,Area harvested,568,Cantaloupes and other melons,1996,1996,ha,21130,A,Official figure,
QCL,Crops and livestock products,143,Morocco,5419,Yield,568,Cantaloupes and other melons,1996,1996,100 g/ha,216706,A,Official figure,
QCL,Crops and livestock products,143,Morocco,5510,Production,568,Cantaloupes and other melons,1996,1996,t,457900,A,Official figure,
QCL,Crops and livestock products,143,Morocco,5312,Area harvested,568,Cantaloupes and other melons,1997,1997,ha,23730,A,Official figure,
QCL,Crops and livestock products,143,Morocco,5419,Yield,568,Cantaloupes and other melons,1997,1997,100 g/ha,168647,A,Official figure,
QCL,Crops and livestock products,143,Morocco,5510,Production,568,Cantaloupes and other melons,1997,1997,t,400200,A,Official figure,
QCL,Crops and livestock products,143,Morocco,5312,Area harvested,568,Cantaloupes and other melons,1998,1998,ha,19250,A,Official figure,
QCL,Crops and livestock products,143,Morocco,5419,Yield,568,Cantaloupes and other melons,1998,1998,100 g/ha,193351,A,Official figure,
QCL,Crops and livestock products,143,Morocco,5510,Production,568,Cantaloupes and other melons,1998,1998,t,372200,A,Official figure,
QCL,Crops and livestock products,143,Morocco,5312,Area harvested,568,Cantaloupes and other melons,1999,1999,ha,19395,A,Official figure,
QCL,Crops and livestock products,143,Morocco,5419,Yield,568,Cantaloupes and other melons,1999,1999,100 g/ha,216143,A,Official figure,
QCL,Crops and livestock products,143,Morocco,5510,Production,568,Cantaloupes and other melons,1999,1999,t,419210,A,Official figure,
QCL,Crops and livestock products,143,Morocco,5312,Area harvested,568,Cantaloupes and other melons,2000,2000,ha,21100,A,Official figure,
QCL,Crops and livestock products,143,Morocco,5419,Yield,568,Cantaloupes and other melons,2000,2000,100 g/ha,196370,A,Official figure,
QCL,Crops and livestock products,143,Morocco,5510,Production,568,Cantaloupes and other melons,2000,2000,t,414340,A,Official figure,
QCL,Crops and livestock products,143,Morocco,5312,Area harvested,568,Cantaloupes and other melons,2001,2001,ha,21934,A,Official figure,
QCL,Crops and livestock products,143,Morocco,5419,Yield,568,Cantaloupes and other melons,2001,2001,100 g/ha,209200,A,Official figure,
QCL,Crops and livestock products,143,Morocco,5510,Production,568,Cantaloupes and other melons,2001,2001,t,458860,A,Official figure,
QCL,Crops and livestock products,143,Morocco,5312,Area harvested,568,Cantaloupes and other melons,2002,2002,ha,24085,A,Official figure,
QCL,Crops and livestock products,143,Morocco,5419,Yield,568,Cantaloupes and other melons,2002,2002,100 g/ha,238493,A,Official figure,
QCL,Crops and livestock products,143,Morocco,5510,Production,568,Cantaloupes and other melons,2002,2002,t,574410,A,Official figure,
QCL,Crops and livestock products,143,Morocco,5312,Area harvested,568,Cantaloupes and other melons,2003,2003,ha,21895,A,Official figure,
QCL,Crops and livestock products,143,Morocco,5419,Yield,568,Cantaloupes and other melons,2003,2003,100 g/ha,249516,A,Official figure,
QCL,Crops and livestock products,143,Morocco,5510,Production,568,Cantaloupes and other melons,2003,2003,t,546315,A,Official figure,
QCL,Crops and livestock products,143,Morocco,5312,Area harvested,568,Cantaloupes and other melons,2004,2004,ha,24810,A,Official figure,
QCL,Crops and livestock products,143,Morocco,5419,Yield,568,Cantaloupes and other melons,2004,2004,100 g/ha,268037,A,Official figure,
QCL,Crops and livestock products,143,Morocco,5510,Production,568,Cantaloupes and other melons,2004,2004,t,665000,A,Official figure,
QCL,Crops and livestock products,143,Morocco,5312,Area harvested,568,Cantaloupes and other melons,2005,2005,ha,27340,A,Official figure,
QCL,Crops and livestock products,143,Morocco,5419,Yield,568,Cantaloupes and other melons,2005,2005,100 g/ha,237202,A,Official figure,
QCL,Crops and livestock products,143,Morocco,5510,Production,568,Cantaloupes and other melons,2005,2005,t,648510,A,Official figure,
QCL,Crops and livestock products,143,Morocco,5312,Area harvested,568,Cantaloupes and other melons,2006,2006,ha,22830,A,Official figure,
QCL,Crops and livestock products,143,Morocco,5419,Yield,568,Cantaloupes and other melons,2006,2006,100 g/ha,284039,A,Official figure,
QCL,Crops and livestock products,143,Morocco,5510,Production,568,Cantaloupes and other melons,2006,2006,t,648460,A,Official figure,
QCL,Crops and livestock products,143,Morocco,5312,Area harvested,568,Cantaloupes and other melons,2007,2007,ha,24245,A,Official figure,
QCL,Crops and livestock products,143,Morocco,5419,Yield,568,Cantaloupes and other melons,2007,2007,100 g/ha,302852,A,Official figure,
QCL,Crops and livestock products,143,Morocco,5510,Production,568,Cantaloupes and other melons,2007,2007,t,734265,A,Official figure,
QCL,Crops and livestock products,143,Morocco,5312,Area harvested,568,Cantaloupes and other melons,2008,2008,ha,23432,A,Official figure,
QCL,Crops and livestock products,143,Morocco,5419,Yield,568,Cantaloupes and other melons,2008,2008,100 g/ha,314442,A,Official figure,
QCL,Crops and livestock products,143,Morocco,5510,Production,568,Cantaloupes and other melons,2008,2008,t,736800,A,Official figure,
QCL,Crops and livestock products,143,Morocco,5312,Area harvested,568,Cantaloupes and other melons,2009,2009,ha,25509,A,Official figure,
QCL,Crops and livestock products,143,Morocco,5419,Yield,568,Cantaloupes and other melons,2009,2009,100 g/ha,347722,A,Official figure,
QCL,Crops and livestock products,143,Morocco,5510,Production,568,Cantaloupes and other melons,2009,2009,t,887005,A,Official figure,
QCL,Crops and livestock products,143,Morocco,5312,Area harvested,568,Cantaloupes and other melons,2010,2010,ha,21898,A,Official figure,
QCL,Crops and livestock products,143,Morocco,5419,Yield,568,Cantaloupes and other melons,2010,2010,100 g/ha,259065,A,Official figure,
QCL,Crops and livestock products,143,Morocco,5510,Production,568,Cantaloupes and other melons,2010,2010,t,567301,A,Official figure,
QCL,Crops and livestock products,143,Morocco,5312,Area harvested,568,Cantaloupes and other melons,2011,2011,ha,24770,A,Official figure,
QCL,Crops and livestock products,143,Morocco,5419,Yield,568,Cantaloupes and other melons,2011,2011,100 g/ha,313930,A,Official figure,
QCL,Crops and livestock products,143,Morocco,5510,Production,568,Cantaloupes and other melons,2011,2011,t,777605,A,Official figure,
QCL,Crops and livestock products,143,Morocco,5312,Area harvested,568,Cantaloupes and other melons,2012,2012,ha,20982,A,Official figure,
QCL,Crops and livestock products,143,Morocco,5419,Yield,568,Cantaloupes and other melons,2012,2012,100 g/ha,342008,A,Official figure,
QCL,Crops and livestock products,143,Morocco,5510,Production,568,Cantaloupes and other melons,2012,2012,t,717602,A,Official figure,
QCL,Crops and livestock products,143,Morocco,5312,Area harvested,568,Cantaloupes and other melons,2013,2013,ha,21637,A,Official figure,
QCL,Crops and livestock products,143,Morocco,5419,Yield,568,Cantaloupes and other melons,2013,2013,100 g/ha,323543,A,Official figure,
QCL,Crops and livestock products,143,Morocco,5510,Production,568,Cantaloupes and other melons,2013,2013,t,700034.5,A,Official figure,
QCL,Crops and livestock products,143,Morocco,5312,Area harvested,568,Cantaloupes and other melons,2014,2014,ha,22625,A,Official figure,
QCL,Crops and livestock products,143,Morocco,5419,Yield,568,Cantaloupes and other melons,2014,2014,100 g/ha,325551,A,Official figure,
QCL,Crops and livestock products,143,Morocco,5510,Production,568,Cantaloupes and other melons,2014,2014,t,736545.5,A,Official figure,
QCL,Crops and livestock products,143,Morocco,5312,Area harvested,568,Cantaloupes and other melons,2015,2015,ha,20844,A,Official figure,
QCL,Crops and livestock products,143,Morocco,5419,Yield,568,Cantaloupes and other melons,2015,2015,100 g/ha,313803,A,Official figure,
QCL,Crops and livestock products,143,Morocco,5510,Production,568,Cantaloupes and other melons,2015,2015,t,654074.5,A,Official figure,
QCL,Crops and livestock products,143,Morocco,5312,Area harvested,568,Cantaloupes and other melons,2016,2016,ha,18184,A,Official figure,
QCL,Crops and livestock products,143,Morocco,5419,Yield,568,Cantaloupes and other melons,2016,2016,100 g/ha,286242,A,Official figure,
QCL,Crops and livestock products,143,Morocco,5510,Production,568,Cantaloupes and other melons,2016,2016,t,520491.2,A,Official figure,
QCL,Crops and livestock products,143,Morocco,5312,Area harvested,568,Cantaloupes and other melons,2017,2017,ha,20163,A,Official figure,
QCL,Crops and livestock products,143,Morocco,5419,Yield,568,Cantaloupes and other melons,2017,2017,100 g/ha,306793,A,Official figure,
QCL,Crops and livestock products,143,Morocco,5510,Production,568,Cantaloupes and other melons,2017,2017,t,618587.5,A,Official figure,
QCL,Crops and livestock products,143,Morocco,5312,Area harvested,568,Cantaloupes and other melons,2018,2018,ha,16716,A,Official figure,
QCL,Crops and livestock products,143,Morocco,5419,Yield,568,Cantaloupes and other melons,2018,2018,100 g/ha,299616,A,Official figure,
QCL,Crops and livestock products,143,Morocco,5510,Production,568,Cantaloupes and other melons,2018,2018,t,500823.4,A,Official figure,
QCL,Crops and livestock products,143,Morocco,5312,Area harvested,568,Cantaloupes and other melons,2019,2019,ha,13594,A,Official figure,
QCL,Crops and livestock products,143,Morocco,5419,Yield,568,Cantaloupes and other melons,2019,2019,100 g/ha,287311,A,Official figure,
QCL,Crops and livestock products,143,Morocco,5510,Production,568,Cantaloupes and other melons,2019,2019,t,390571,A,Official figure,
QCL,Crops and livestock products,143,Morocco,5312,Area harvested,568,Cantaloupes and other melons,2020,2020,ha,16830,A,Official figure,
QCL,Crops and livestock products,143,Morocco,5419,Yield,568,Cantaloupes and other melons,2020,2020,100 g/ha,299973,A,Official figure,
QCL,Crops and livestock products,143,Morocco,5510,Production,568,Cantaloupes and other melons,2020,2020,t,504864.3,A,Official figure,
QCL,Crops and livestock products,143,Morocco,5312,Area harvested,568,Cantaloupes and other melons,2021,2021,ha,16107,A,Official figure,
QCL,Crops and livestock products,143,Morocco,5419,Yield,568,Cantaloupes and other melons,2021,2021,100 g/ha,335606,A,Official figure,
QCL,Crops and livestock products,143,Morocco,5510,Production,568,Cantaloupes and other melons,2021,2021,t,540561,A,Official figure,
QCL,Crops and livestock products,143,Morocco,5312,Area harvested,568,Cantaloupes and other melons,2022,2022,ha,14698,A,Official figure,
QCL,Crops and livestock products,143,Morocco,5419,Yield,568,Cantaloupes and other melons,2022,2022,100 g/ha,326519,A,Official figure,
QCL,Crops and livestock products,143,Morocco,5510,Production,568,Cantaloupes and other melons,2022,2022,t,479917,A,Official figure,
QCL,Crops and livestock products,143,Morocco,5312,Area harvested,426,Carrots and turnips,1961,1961,ha,3000,E,Estimated value,
QCL,Crops and livestock products,143,Morocco,5419,Yield,426,Carrots and turnips,1961,1961,100 g/ha,76667,E,Estimated value,
QCL,Crops and livestock products,143,Morocco,5510,Production,426,Carrots and turnips,1961,1961,t,23000,A,Official figure,
QCL,Crops and livestock products,143,Morocco,5312,Area harvested,426,Carrots and turnips,1962,1962,ha,4000,E,Estimated value,
QCL,Crops and livestock products,143,Morocco,5419,Yield,426,Carrots and turnips,1962,1962,100 g/ha,72500,E,Estimated value,
QCL,Crops and livestock products,143,Morocco,5510,Production,426,Carrots and turnips,1962,1962,t,29000,A,Official figure,
QCL,Crops and livestock products,143,Morocco,5312,Area harvested,426,Carrots and turnips,1963,1963,ha,4000,E,Estimated value,
QCL,Crops and livestock products,143,Morocco,5419,Yield,426,Carrots and turnips,1963,1963,100 g/ha,85000,E,Estimated value,
QCL,Crops and livestock products,143,Morocco,5510,Production,426,Carrots and turnips,1963,1963,t,34000,A,Official figure,
QCL,Crops and livestock products,143,Morocco,5312,Area harvested,426,Carrots and turnips,1964,1964,ha,7000,E,Estimated value,
QCL,Crops and livestock products,143,Morocco,5419,Yield,426,Carrots and turnips,1964,1964,100 g/ha,70000,E,Estimated value,
QCL,Crops and livestock products,143,Morocco,5510,Production,426,Carrots and turnips,1964,1964,t,49000,A,Official figure,
QCL,Crops and livestock products,143,Morocco,5312,Area harvested,426,Carrots and turnips,1965,1965,ha,4000,E,Estimated value,
QCL,Crops and livestock products,143,Morocco,5419,Yield,426,Carrots and turnips,1965,1965,100 g/ha,77500,E,Estimated value,
QCL,Crops and livestock products,143,Morocco,5510,Production,426,Carrots and turnips,1965,1965,t,31000,A,Official figure,
QCL,Crops and livestock products,143,Morocco,5312,Area harvested,426,Carrots and turnips,1966,1966,ha,4100,E,Estimated value,
QCL,Crops and livestock products,143,Morocco,5419,Yield,426,Carrots and turnips,1966,1966,100 g/ha,80488,E,Estimated value,
QCL,Crops and livestock products,143,Morocco,5510,Production,426,Carrots and turnips,1966,1966,t,33000,A,Official figure,
QCL,Crops and livestock products,143,Morocco,5312,Area harvested,426,Carrots and turnips,1967,1967,ha,4000,E,Estimated value,
QCL,Crops and livestock products,143,Morocco,5419,Yield,426,Carrots and turnips,1967,1967,100 g/ha,85000,E,Estimated value,
QCL,Crops and livestock products,143,Morocco,5510,Production,426,Carrots and turnips,1967,1967,t,34000,A,Official figure,
QCL,Crops and livestock products,143,Morocco,5312,Area harvested,426,Carrots and turnips,1968,1968,ha,5000,E,Estimated value,
QCL,Crops and livestock products,143,Morocco,5419,Yield,426,Carrots and turnips,1968,1968,100 g/ha,72000,E,Estimated value,
QCL,Crops and livestock products,143,Morocco,5510,Production,426,Carrots and turnips,1968,1968,t,36000,E,Estimated value,
QCL,Crops and livestock products,143,Morocco,5312,Area harvested,426,Carrots and turnips,1969,1969,ha,5000,E,Estimated value,
QCL,Crops and livestock products,143,Morocco,5419,Yield,426,Carrots and turnips,1969,1969,100 g/ha,70000,E,Estimated value,
QCL,Crops and livestock products,143,Morocco,5510,Production,426,Carrots and turnips,1969,1969,t,35000,E,Estimated value,
QCL,Crops and livestock products,143,Morocco,5312,Area harvested,426,Carrots and turnips,1970,1970,ha,5500,E,Estimated value,
QCL,Crops and livestock products,143,Morocco,5419,Yield,426,Carrots and turnips,1970,1970,100 g/ha,72727,E,Estimated value,
QCL,Crops and livestock products,143,Morocco,5510,Production,426,Carrots and turnips,1970,1970,t,40000,E,Estimated value,
QCL,Crops and livestock products,143,Morocco,5312,Area harvested,426,Carrots and turnips,1971,1971,ha,5500,E,Estimated value,
QCL,Crops and livestock products,143,Morocco,5419,Yield,426,Carrots and turnips,1971,1971,100 g/ha,72727,E,Estimated value,
QCL,Crops and livestock products,143,Morocco,5510,Production,426,Carrots and turnips,1971,1971,t,40000,E,Estimated value,
QCL,Crops and livestock products,143,Morocco,5312,Area harvested,426,Carrots and turnips,1972,1972,ha,5500,E,Estimated value,
QCL,Crops and livestock products,143,Morocco,5419,Yield,426,Carrots and turnips,1972,1972,100 g/ha,72727,E,Estimated value,
QCL,Crops and livestock products,143,Morocco,5510,Production,426,Carrots and turnips,1972,1972,t,40000,E,Estimated value,
QCL,Crops and livestock products,143,Morocco,5312,Area harvested,426,Carrots and turnips,1973,1973,ha,5500,E,Estimated value,
QCL,Crops and livestock products,143,Morocco,5419,Yield,426,Carrots and turnips,1973,1973,100 g/ha,76364,E,Estimated value,
QCL,Crops and livestock products,143,Morocco,5510,Production,426,Carrots and turnips,1973,1973,t,42000,E,Estimated value,
QCL,Crops and livestock products,143,Morocco,5312,Area harvested,426,Carrots and turnips,1974,1974,ha,5800,E,Estimated value,
QCL,Crops and livestock products,143,Morocco,5419,Yield,426,Carrots and turnips,1974,1974,100 g/ha,74138,E,Estimated value,
QCL,Crops and livestock products,143,Morocco,5510,Production,426,Carrots and turnips,1974,1974,t,43000,E,Estimated value,
QCL,Crops and livestock products,143,Morocco,5312,Area harvested,426,Carrots and turnips,1975,1975,ha,6000,E,Estimated value,
QCL,Crops and livestock products,143,Morocco,5419,Yield,426,Carrots and turnips,1975,1975,100 g/ha,73333,E,Estimated value,
QCL,Crops and livestock products,143,Morocco,5510,Production,426,Carrots and turnips,1975,1975,t,44000,E,Estimated value,
QCL,Crops and livestock products,143,Morocco,5312,Area harvested,426,Carrots and turnips,1976,1976,ha,6100,E,Estimated value,
QCL,Crops and livestock products,143,Morocco,5419,Yield,426,Carrots and turnips,1976,1976,100 g/ha,73770,E,Estimated value,
QCL,Crops and livestock products,143,Morocco,5510,Production,426,Carrots and turnips,1976,1976,t,45000,E,Estimated value,
QCL,Crops and livestock products,143,Morocco,5312,Area harvested,426,Carrots and turnips,1977,1977,ha,6300,E,Estimated value,
QCL,Crops and livestock products,143,Morocco,5419,Yield,426,Carrots and turnips,1977,1977,100 g/ha,73016,E,Estimated value,
QCL,Crops and livestock products,143,Morocco,5510,Production,426,Carrots and turnips,1977,1977,t,46000,E,Estimated value,
QCL,Crops and livestock products,143,Morocco,5312,Area harvested,426,Carrots and turnips,1978,1978,ha,7000,E,Estimated value,
QCL,Crops and livestock products,143,Morocco,5419,Yield,426,Carrots and turnips,1978,1978,100 g/ha,71429,E,Estimated value,
QCL,Crops and livestock products,143,Morocco,5510,Production,426,Carrots and turnips,1978,1978,t,50000,E,Estimated value,
QCL,Crops and livestock products,143,Morocco,5312,Area harvested,426,Carrots and turnips,1979,1979,ha,7000,E,Estimated value,
QCL,Crops and livestock products,143,Morocco,5419,Yield,426,Carrots and turnips,1979,1979,100 g/ha,71429,E,Estimated value,
QCL,Crops and livestock products,143,Morocco,5510,Production,426,Carrots and turnips,1979,1979,t,50000,E,Estimated value,
QCL,Crops and livestock products,143,Morocco,5312,Area harvested,426,Carrots and turnips,1980,1980,ha,7200,E,Estimated value,
QCL,Crops and livestock products,143,Morocco,5419,Yield,426,Carrots and turnips,1980,1980,100 g/ha,72222,E,Estimated value,
QCL,Crops and livestock products,143,Morocco,5510,Production,426,Carrots and turnips,1980,1980,t,52000,E,Estimated value,
QCL,Crops and livestock products,143,Morocco,5312,Area harvested,426,Carrots and turnips,1981,1981,ha,7200,E,Estimated value,
QCL,Crops and livestock products,143,Morocco,5419,Yield,426,Carrots and turnips,1981,1981,100 g/ha,73611,E,Estimated value,
QCL,Crops and livestock products,143,Morocco,5510,Production,426,Carrots and turnips,1981,1981,t,53000,E,Estimated value,
QCL,Crops and livestock products,143,Morocco,5312,Area harvested,426,Carrots and turnips,1982,1982,ha,7000,E,Estimated value,
QCL,Crops and livestock products,143,Morocco,5419,Yield,426,Carrots and turnips,1982,1982,100 g/ha,77143,E,Estimated value,
QCL,Crops and livestock products,143,Morocco,5510,Production,426,Carrots and turnips,1982,1982,t,54000,E,Estimated value,
QCL,Crops and livestock products,143,Morocco,5312,Area harvested,426,Carrots and turnips,1983,1983,ha,7100,E,Estimated value,
QCL,Crops and livestock products,143,Morocco,5419,Yield,426,Carrots and turnips,1983,1983,100 g/ha,84507,E,Estimated value,
QCL,Crops and livestock products,143,Morocco,5510,Production,426,Carrots and turnips,1983,1983,t,60000,E,Estimated value,
QCL,Crops and livestock products,143,Morocco,5312,Area harvested,426,Carrots and turnips,1984,1984,ha,7200,E,Estimated value,
QCL,Crops and livestock products,143,Morocco,5419,Yield,426,Carrots and turnips,1984,1984,100 g/ha,97222,E,Estimated value,
QCL,Crops and livestock products,143,Morocco,5510,Production,426,Carrots and turnips,1984,1984,t,70000,E,Estimated value,
QCL,Crops and livestock products,143,Morocco,5312,Area harvested,426,Carrots and turnips,1985,1985,ha,7300,E,Estimated value,
QCL,Crops and livestock products,143,Morocco,5419,Yield,426,Carrots and turnips,1985,1985,100 g/ha,109589,E,Estimated value,
QCL,Crops and livestock products,143,Morocco,5510,Production,426,Carrots and turnips,1985,1985,t,80000,E,Estimated value,
QCL,Crops and livestock products,143,Morocco,5312,Area harvested,426,Carrots and turnips,1986,1986,ha,7400,E,Estimated value,
QCL,Crops and livestock products,143,Morocco,5419,Yield,426,Carrots and turnips,1986,1986,100 g/ha,135135,E,Estimated value,
QCL,Crops and livestock products,143,Morocco,5510,Production,426,Carrots and turnips,1986,1986,t,100000,E,Estimated value,
QCL,Crops and livestock products,143,Morocco,5312,Area harvested,426,Carrots and turnips,1987,1987,ha,7100,A,Official figure,
QCL,Crops and livestock products,143,Morocco,5419,Yield,426,Carrots and turnips,1987,1987,100 g/ha,197606,A,Official figure,
QCL,Crops and livestock products,143,Morocco,5510,Production,426,Carrots and turnips,1987,1987,t,140300,A,Official figure,
QCL,Crops and livestock products,143,Morocco,5312,Area harvested,426,Carrots and turnips,1988,1988,ha,7400,A,Official figure,
QCL,Crops and livestock products,143,Morocco,5419,Yield,426,Carrots and turnips,1988,1988,100 g/ha,168919,A,Official figure,
QCL,Crops and livestock products,143,Morocco,5510,Production,426,Carrots and turnips,1988,1988,t,125000,A,Official figure,
QCL,Crops and livestock products,143,Morocco,5312,Area harvested,426,Carrots and turnips,1989,1989,ha,7977,A,Official figure,
QCL,Crops and livestock products,143,Morocco,5419,Yield,426,Carrots and turnips,1989,1989,100 g/ha,203318,A,Official figure,
QCL,Crops and livestock products,143,Morocco,5510,Production,426,Carrots and turnips,1989,1989,t,162187,A,Official figure,
QCL,Crops and livestock products,143,Morocco,5312,Area harvested,426,Carrots and turnips,1990,1990,ha,8093,A,Official figure,
QCL,Crops and livestock products,143,Morocco,5419,Yield,426,Carrots and turnips,1990,1990,100 g/ha,222156,A,Official figure,
QCL,Crops and livestock products,143,Morocco,5510,Production,426,Carrots and turnips,1990,1990,t,179791,A,Official figure,
QCL,Crops and livestock products,143,Morocco,5312,Area harvested,426,Carrots and turnips,1991,1991,ha,8699,A,Official figure,
QCL,Crops and livestock products,143,Morocco,5419,Yield,426,Carrots and turnips,1991,1991,100 g/ha,215030,A,Official figure,
QCL,Crops and livestock products,143,Morocco,5510,Production,426,Carrots and turnips,1991,1991,t,187055,A,Official figure,
QCL,Crops and livestock products,143,Morocco,5312,Area harvested,426,Carrots and turnips,1992,1992,ha,9230,A,Official figure,
QCL,Crops and livestock products,143,Morocco,5419,Yield,426,Carrots and turnips,1992,1992,100 g/ha,174847,A,Official figure,
QCL,Crops and livestock products,143,Morocco,5510,Production,426,Carrots and turnips,1992,1992,t,161384,A,Official figure,
QCL,Crops and livestock products,143,Morocco,5312,Area harvested,426,Carrots and turnips,1993,1993,ha,9060,A,Official figure,
QCL,Crops and livestock products,143,Morocco,5419,Yield,426,Carrots and turnips,1993,1993,100 g/ha,186424,A,Official figure,
QCL,Crops and livestock products,143,Morocco,5510,Production,426,Carrots and turnips,1993,1993,t,168900,A,Official figure,
QCL,Crops and livestock products,143,Morocco,5312,Area harvested,426,Carrots and turnips,1994,1994,ha,8763,A,Official figure,
QCL,Crops and livestock products,143,Morocco,5419,Yield,426,Carrots and turnips,1994,1994,100 g/ha,189205,A,Official figure,
QCL,Crops and livestock products,143,Morocco,5510,Production,426,Carrots and turnips,1994,1994,t,165800,A,Official figure,
QCL,Crops and livestock products,143,Morocco,5312,Area harvested,426,Carrots and turnips,1995,1995,ha,9027,A,Official figure,
QCL,Crops and livestock products,143,Morocco,5419,Yield,426,Carrots and turnips,1995,1995,100 g/ha,247618,A,Official figure,
QCL,Crops and livestock products,143,Morocco,5510,Production,426,Carrots and turnips,1995,1995,t,223525,A,Official figure,
QCL,Crops and livestock products,143,Morocco,5312,Area harvested,426,Carrots and turnips,1996,1996,ha,10370,A,Official figure,
QCL,Crops and livestock products,143,Morocco,5419,Yield,426,Carrots and turnips,1996,1996,100 g/ha,216490,A,Official figure,
QCL,Crops and livestock products,143,Morocco,5510,Production,426,Carrots and turnips,1996,1996,t,224500,A,Official figure,
QCL,Crops and livestock products,143,Morocco,5312,Area harvested,426,Carrots and turnips,1997,1997,ha,10500,A,Official figure,
QCL,Crops and livestock products,143,Morocco,5419,Yield,426,Carrots and turnips,1997,1997,100 g/ha,210857,A,Official figure,
QCL,Crops and livestock products,143,Morocco,5510,Production,426,Carrots and turnips,1997,1997,t,221400,A,Official figure,
QCL,Crops and livestock products,143,Morocco,5312,Area harvested,426,Carrots and turnips,1998,1998,ha,10220,A,Official figure,
QCL,Crops and livestock products,143,Morocco,5419,Yield,426,Carrots and turnips,1998,1998,100 g/ha,224070,A,Official figure,
QCL,Crops and livestock products,143,Morocco,5510,Production,426,Carrots and turnips,1998,1998,t,229000,A,Official figure,
QCL,Crops and livestock products,143,Morocco,5312,Area harvested,426,Carrots and turnips,1999,1999,ha,9695,A,Official figure,
QCL,Crops and livestock products,143,Morocco,5419,Yield,426,Carrots and turnips,1999,1999,100 g/ha,227798,A,Official figure,
QCL,Crops and livestock products,143,Morocco,5510,Production,426,Carrots and turnips,1999,1999,t,220850,A,Official figure,
QCL,Crops and livestock products,143,Morocco,5312,Area harvested,426,Carrots and turnips,2000,2000,ha,10180,A,Official figure,
QCL,Crops and livestock products,143,Morocco,5419,Yield,426,Carrots and turnips,2000,2000,100 g/ha,205806,A,Official figure,
QCL,Crops and livestock products,143,Morocco,5510,Production,426,Carrots and turnips,2000,2000,t,209510,A,Official figure,
QCL,Crops and livestock products,143,Morocco,5312,Area harvested,426,Carrots and turnips,2001,2001,ha,8970,A,Official figure,
QCL,Crops and livestock products,143,Morocco,5419,Yield,426,Carrots and turnips,2001,2001,100 g/ha,221148,A,Official figure,
QCL,Crops and livestock products,143,Morocco,5510,Production,426,Carrots and turnips,2001,2001,t,198370,A,Official figure,
QCL,Crops and livestock products,143,Morocco,5312,Area harvested,426,Carrots and turnips,2002,2002,ha,9000,A,Official figure,
QCL,Crops and livestock products,143,Morocco,5419,Yield,426,Carrots and turnips,2002,2002,100 g/ha,259322,A,Official figure,
QCL,Crops and livestock products,143,Morocco,5510,Production,426,Carrots and turnips,2002,2002,t,233390,A,Official figure,
QCL,Crops and livestock products,143,Morocco,5312,Area harvested,426,Carrots and turnips,2003,2003,ha,11500,A,Official figure,
QCL,Crops and livestock products,143,Morocco,5419,Yield,426,Carrots and turnips,2003,2003,100 g/ha,288878,A,Official figure,
QCL,Crops and livestock products,143,Morocco,5510,Production,426,Carrots and turnips,2003,2003,t,332210,A,Official figure,
QCL,Crops and livestock products,143,Morocco,5312,Area harvested,426,Carrots and turnips,2004,2004,ha,11202,A,Official figure,
QCL,Crops and livestock products,143,Morocco,5419,Yield,426,Carrots and turnips,2004,2004,100 g/ha,277709,A,Official figure,
QCL,Crops and livestock products,143,Morocco,5510,Production,426,Carrots and turnips,2004,2004,t,311090,A,Official figure,
QCL,Crops and livestock products,143,Morocco,5312,Area harvested,426,Carrots and turnips,2005,2005,ha,16210,A,Official figure,
QCL,Crops and livestock products,143,Morocco,5419,Yield,426,Carrots and turnips,2005,2005,100 g/ha,230182,A,Official figure,
QCL,Crops and livestock products,143,Morocco,5510,Production,426,Carrots and turnips,2005,2005,t,373125,A,Official figure,
QCL,Crops and livestock products,143,Morocco,5312,Area harvested,426,Carrots and turnips,2006,2006,ha,10430,A,Official figure,
QCL,Crops and livestock products,143,Morocco,5419,Yield,426,Carrots and turnips,2006,2006,100 g/ha,286649,A,Official figure,
QCL,Crops and livestock products,143,Morocco,5510,Production,426,Carrots and turnips,2006,2006,t,298975,A,Official figure,
QCL,Crops and livestock products,143,Morocco,5312,Area harvested,426,Carrots and turnips,2007,2007,ha,8487,A,Official figure,
QCL,Crops and livestock products,143,Morocco,5419,Yield,426,Carrots and turnips,2007,2007,100 g/ha,273554,A,Official figure,
QCL,Crops and livestock products,143,Morocco,5510,Production,426,Carrots and turnips,2007,2007,t,232165,A,Official figure,
QCL,Crops and livestock products,143,Morocco,5312,Area harvested,426,Carrots and turnips,2008,2008,ha,9837,A,Official figure,
QCL,Crops and livestock products,143,Morocco,5419,Yield,426,Carrots and turnips,2008,2008,100 g/ha,285651,A,Official figure,
QCL,Crops and livestock products,143,Morocco,5510,Production,426,Carrots and turnips,2008,2008,t,280995,A,Official figure,
QCL,Crops and livestock products,143,Morocco,5312,Area harvested,426,Carrots and turnips,2009,2009,ha,9488,A,Official figure,
QCL,Crops and livestock products,143,Morocco,5419,Yield,426,Carrots and turnips,2009,2009,100 g/ha,251950,A,Official figure,
QCL,Crops and livestock products,143,Morocco,5510,Production,426,Carrots and turnips,2009,2009,t,239050,A,Official figure,
QCL,Crops and livestock products,143,Morocco,5312,Area harvested,426,Carrots and turnips,2010,2010,ha,12829,A,Official figure,
QCL,Crops and livestock products,143,Morocco,5419,Yield,426,Carrots and turnips,2010,2010,100 g/ha,205996,A,Official figure,
QCL,Crops and livestock products,143,Morocco,5510,Production,426,Carrots and turnips,2010,2010,t,264272,A,Official figure,
QCL,Crops and livestock products,143,Morocco,5312,Area harvested,426,Carrots and turnips,2011,2011,ha,12944,A,Official figure,
QCL,Crops and livestock products,143,Morocco,5419,Yield,426,Carrots and turnips,2011,2011,100 g/ha,330450,A,Official figure,
QCL,Crops and livestock products,143,Morocco,5510,Production,426,Carrots and turnips,2011,2011,t,427734,A,Official figure,
QCL,Crops and livestock products,143,Morocco,5312,Area harvested,426,Carrots and turnips,2012,2012,ha,14264,A,Official figure,
QCL,Crops and livestock products,143,Morocco,5419,Yield,426,Carrots and turnips,2012,2012,100 g/ha,495875,A,Official figure,
QCL,Crops and livestock products,143,Morocco,5510,Production,426,Carrots and turnips,2012,2012,t,707316,A,Official figure,
QCL,Crops and livestock products,143,Morocco,5312,Area harvested,426,Carrots and turnips,2013,2013,ha,14014,A,Official figure,
QCL,Crops and livestock products,143,Morocco,5419,Yield,426,Carrots and turnips,2013,2013,100 g/ha,363486,A,Official figure,
QCL,Crops and livestock products,143,Morocco,5510,Production,426,Carrots and turnips,2013,2013,t,509370.5,A,Official figure,
QCL,Crops and livestock products,143,Morocco,5312,Area harvested,426,Carrots and turnips,2014,2014,ha,15831,A,Official figure,
QCL,Crops and livestock products,143,Morocco,5419,Yield,426,Carrots and turnips,2014,2014,100 g/ha,299453,A,Official figure,
QCL,Crops and livestock products,143,Morocco,5510,Production,426,Carrots and turnips,2014,2014,t,474055.8,A,Official figure,
QCL,Crops and livestock products,143,Morocco,5312,Area harvested,426,Carrots and turnips,2015,2015,ha,15177,A,Official figure,
QCL,Crops and livestock products,143,Morocco,5419,Yield,426,Carrots and turnips,2015,2015,100 g/ha,272701,A,Official figure,
QCL,Crops and livestock products,143,Morocco,5510,Production,426,Carrots and turnips,2015,2015,t,413877.9,A,Official figure,
QCL,Crops and livestock products,143,Morocco,5312,Area harvested,426,Carrots and turnips,2016,2016,ha,13033,A,Official figure,
QCL,Crops and livestock products,143,Morocco,5419,Yield,426,Carrots and turnips,2016,2016,100 g/ha,302082,A,Official figure,
QCL,Crops and livestock products,143,Morocco,5510,Production,426,Carrots and turnips,2016,2016,t,393703.92,A,Official figure,
QCL,Crops and livestock products,143,Morocco,5312,Area harvested,426,Carrots and turnips,2017,2017,ha,14081,A,Official figure,
QCL,Crops and livestock products,143,Morocco,5419,Yield,426,Carrots and turnips,2017,2017,100 g/ha,309744,A,Official figure,
QCL,Crops and livestock products,143,Morocco,5510,Production,426,Carrots and turnips,2017,2017,t,436135,A,Official figure,
QCL,Crops and livestock products,143,Morocco,5312,Area harvested,426,Carrots and turnips,2018,2018,ha,14702,A,Official figure,
QCL,Crops and livestock products,143,Morocco,5419,Yield,426,Carrots and turnips,2018,2018,100 g/ha,326691,A,Official figure,
QCL,Crops and livestock products,143,Morocco,5510,Production,426,Carrots and turnips,2018,2018,t,480294,A,Official figure,
QCL,Crops and livestock products,143,Morocco,5312,Area harvested,426,Carrots and turnips,2019,2019,ha,13476,A,Official figure,
QCL,Crops and livestock products,143,Morocco,5419,Yield,426,Carrots and turnips,2019,2019,100 g/ha,305891,A,Official figure,
QCL,Crops and livestock products,143,Morocco,5510,Production,426,Carrots and turnips,2019,2019,t,412218.8,A,Official figure,
QCL,Crops and livestock products,143,Morocco,5312,Area harvested,426,Carrots and turnips,2020,2020,ha,24250,A,Official figure,
QCL,Crops and livestock products,143,Morocco,5419,Yield,426,Carrots and turnips,2020,2020,100 g/ha,166353,A,Official figure,
QCL,Crops and livestock products,143,Morocco,5510,Production,426,Carrots and turnips,2020,2020,t,403398.6,A,Official figure,
QCL,Crops and livestock products,143,Morocco,5312,Area harvested,426,Carrots and turnips,2021,2021,ha,12728,A,Official figure,
QCL,Crops and livestock products,143,Morocco,5419,Yield,426,Carrots and turnips,2021,2021,100 g/ha,304452,A,Official figure,
QCL,Crops and livestock products,143,Morocco,5510,Production,426,Carrots and turnips,2021,2021,t,387507,A,Official figure,
QCL,Crops and livestock products,143,Morocco,5312,Area harvested,426,Carrots and turnips,2022,2022,ha,10976,A,Official figure,
QCL,Crops and livestock products,143,Morocco,5419,Yield,426,Carrots and turnips,2022,2022,100 g/ha,369049,A,Official figure,
QCL,Crops and livestock products,143,Morocco,5510,Production,426,Carrots and turnips,2022,2022,t,405068.7,A,Official figure,
QCL,Crops and livestock products,143,Morocco,5312,Area harvested,265,Castor oil seeds,1961,1961,ha,600,E,Estimated value,
QCL,Crops and livestock products,143,Morocco,5419,Yield,265,Castor oil seeds,1961,1961,100 g/ha,10000,E,Estimated value,
QCL,Crops and livestock products,143,Morocco,5510,Production,265,Castor oil seeds,1961,1961,t,600,E,Estimated value,
QCL,Crops and livestock products,143,Morocco,5312,Area harvested,265,Castor oil seeds,1962,1962,ha,300,E,Estimated value,
QCL,Crops and livestock products,143,Morocco,5419,Yield,265,Castor oil seeds,1962,1962,100 g/ha,10000,E,Estimated value,
QCL,Crops and livestock products,143,Morocco,5510,Production,265,Castor oil seeds,1962,1962,t,300,X,Figure from international organizations,Unofficial figure
QCL,Crops and livestock products,143,Morocco,5312,Area harvested,265,Castor oil seeds,1963,1963,ha,300,E,Estimated value,
QCL,Crops and livestock products,143,Morocco,5419,Yield,265,Castor oil seeds,1963,1963,100 g/ha,10000,E,Estimated value,
QCL,Crops and livestock products,143,Morocco,5510,Production,265,Castor oil seeds,1963,1963,t,300,E,Estimated value,
QCL,Crops and livestock products,143,Morocco,5312,Area harvested,265,Castor oil seeds,1964,1964,ha,300,E,Estimated value,
QCL,Crops and livestock products,143,Morocco,5419,Yield,265,Castor oil seeds,1964,1964,100 g/ha,10000,E,Estimated value,
QCL,Crops and livestock products,143,Morocco,5510,Production,265,Castor oil seeds,1964,1964,t,300,E,Estimated value,
QCL,Crops and livestock products,143,Morocco,5312,Area harvested,265,Castor oil seeds,1965,1965,ha,200,E,Estimated value,
QCL,Crops and livestock products,143,Morocco,5419,Yield,265,Castor oil seeds,1965,1965,100 g/ha,10000,E,Estimated value,
QCL,Crops and livestock products,143,Morocco,5510,Production,265,Castor oil seeds,1965,1965,t,200,E,Estimated value,
QCL,Crops and livestock products,143,Morocco,5312,Area harvested,265,Castor oil seeds,1966,1966,ha,300,E,Estimated value,
QCL,Crops and livestock products,143,Morocco,5419,Yield,265,Castor oil seeds,1966,1966,100 g/ha,10000,E,Estimated value,
QCL,Crops and livestock products,143,Morocco,5510,Production,265,Castor oil seeds,1966,1966,t,300,E,Estimated value,
QCL,Crops and livestock products,143,Morocco,5312,Area harvested,265,Castor oil seeds,1967,1967,ha,200,E,Estimated value,
QCL,Crops and livestock products,143,Morocco,5419,Yield,265,Castor oil seeds,1967,1967,100 g/ha,10000,E,Estimated value,
QCL,Crops and livestock products,143,Morocco,5510,Production,265,Castor oil seeds,1967,1967,t,200,E,Estimated value,
QCL,Crops and livestock products,143,Morocco,5312,Area harvested,265,Castor oil seeds,1968,1968,ha,200,E,Estimated value,
QCL,Crops and livestock products,143,Morocco,5419,Yield,265,Castor oil seeds,1968,1968,100 g/ha,10000,E,Estimated value,
QCL,Crops and livestock products,143,Morocco,5510,Production,265,Castor oil seeds,1968,1968,t,200,E,Estimated value,
QCL,Crops and livestock products,143,Morocco,5312,Area harvested,265,Castor oil seeds,1969,1969,ha,170,E,Estimated value,
QCL,Crops and livestock products,143,Morocco,5419,Yield,265,Castor oil seeds,1969,1969,100 g/ha,10000,E,Estimated value,
QCL,Crops and livestock products,143,Morocco,5510,Production,265,Castor oil seeds,1969,1969,t,170,E,Estimated value,
QCL,Crops and livestock products,143,Morocco,5312,Area harvested,265,Castor oil seeds,1970,1970,ha,170,E,Estimated value,
QCL,Crops and livestock products,143,Morocco,5419,Yield,265,Castor oil seeds,1970,1970,100 g/ha,10000,E,Estimated value,
QCL,Crops and livestock products,143,Morocco,5510,Production,265,Castor oil seeds,1970,1970,t,170,E,Estimated value,
QCL,Crops and livestock products,143,Morocco,5312,Area harvested,265,Castor oil seeds,1971,1971,ha,170,E,Estimated value,
QCL,Crops and livestock products,143,Morocco,5419,Yield,265,Castor oil seeds,1971,1971,100 g/ha,10000,E,Estimated value,
QCL,Crops and livestock products,143,Morocco,5510,Production,265,Castor oil seeds,1971,1971,t,170,E,Estimated value,
QCL,Crops and livestock products,143,Morocco,5312,Area harvested,265,Castor oil seeds,1972,1972,ha,170,E,Estimated value,
QCL,Crops and livestock products,143,Morocco,5419,Yield,265,Castor oil seeds,1972,1972,100 g/ha,10000,E,Estimated value,
QCL,Crops and livestock products,143,Morocco,5510,Production,265,Castor oil seeds,1972,1972,t,170,E,Estimated value,
QCL,Crops and livestock products,143,Morocco,5312,Area harvested,265,Castor oil seeds,1973,1973,ha,170,E,Estimated value,
QCL,Crops and livestock products,143,Morocco,5419,Yield,265,Castor oil seeds,1973,1973,100 g/ha,10000,E,Estimated value,
QCL,Crops and livestock products,143,Morocco,5510,Production,265,Castor oil seeds,1973,1973,t,170,E,Estimated value,
QCL,Crops and livestock products,143,Morocco,5312,Area harvested,265,Castor oil seeds,1974,1974,ha,180,E,Estimated value,
QCL,Crops and livestock products,143,Morocco,5419,Yield,265,Castor oil seeds,1974,1974,100 g/ha,11111,E,Estimated value,
QCL,Crops and livestock products,143,Morocco,5510,Production,265,Castor oil seeds,1974,1974,t,200,E,Estimated value,
QCL,Crops and livestock products,143,Morocco,5312,Area harvested,265,Castor oil seeds,1975,1975,ha,180,E,Estimated value,
QCL,Crops and livestock products,143,Morocco,5419,Yield,265,Castor oil seeds,1975,1975,100 g/ha,11111,E,Estimated value,
QCL,Crops and livestock products,143,Morocco,5510,Production,265,Castor oil seeds,1975,1975,t,200,E,Estimated value,
QCL,Crops and livestock products,143,Morocco,5312,Area harvested,265,Castor oil seeds,1976,1976,ha,200,E,Estimated value,
QCL,Crops and livestock products,143,Morocco,5419,Yield,265,Castor oil seeds,1976,1976,100 g/ha,10500,E,Estimated value,
QCL,Crops and livestock products,143,Morocco,5510,Production,265,Castor oil seeds,1976,1976,t,210,E,Estimated value,
QCL,Crops and livestock products,143,Morocco,5312,Area harvested,265,Castor oil seeds,1977,1977,ha,200,E,Estimated value,
QCL,Crops and livestock products,143,Morocco,5419,Yield,265,Castor oil seeds,1977,1977,100 g/ha,10500,E,Estimated value,
QCL,Crops and livestock products,143,Morocco,5510,Production,265,Castor oil seeds,1977,1977,t,210,E,Estimated value,
QCL,Crops and livestock products,143,Morocco,5312,Area harvested,265,Castor oil seeds,1978,1978,ha,220,E,Estimated value,
QCL,Crops and livestock products,143,Morocco,5419,Yield,265,Castor oil seeds,1978,1978,100 g/ha,10000,E,Estimated value,
QCL,Crops and livestock products,143,Morocco,5510,Production,265,Castor oil seeds,1978,1978,t,220,E,Estimated value,
QCL,Crops and livestock products,143,Morocco,5312,Area harvested,265,Castor oil seeds,1979,1979,ha,240,E,Estimated value,
QCL,Crops and livestock products,143,Morocco,5419,Yield,265,Castor oil seeds,1979,1979,100 g/ha,9583,E,Estimated value,
QCL,Crops and livestock products,143,Morocco,5510,Production,265,Castor oil seeds,1979,1979,t,230,E,Estimated value,
QCL,Crops and livestock products,143,Morocco,5312,Area harvested,265,Castor oil seeds,1980,1980,ha,240,E,Estimated value,
QCL,Crops and livestock products,143,Morocco,5419,Yield,265,Castor oil seeds,1980,1980,100 g/ha,9583,E,Estimated value,
QCL,Crops and livestock products,143,Morocco,5510,Production,265,Castor oil seeds,1980,1980,t,230,E,Estimated value,
QCL,Crops and livestock products,143,Morocco,5312,Area harvested,265,Castor oil seeds,1981,1981,ha,250,E,Estimated value,
QCL,Crops and livestock products,143,Morocco,5419,Yield,265,Castor oil seeds,1981,1981,100 g/ha,9200,E,Estimated value,
QCL,Crops and livestock products,143,Morocco,5510,Production,265,Castor oil seeds,1981,1981,t,230,E,Estimated value,
QCL,Crops and livestock products,143,Morocco,5312,Area harvested,265,Castor oil seeds,1982,1982,ha,260,E,Estimated value,
QCL,Crops and livestock products,143,Morocco,5419,Yield,265,Castor oil seeds,1982,1982,100 g/ha,9108,E,Estimated value,
QCL,Crops and livestock products,143,Morocco,5510,Production,265,Castor oil seeds,1982,1982,t,236.8,E,Estimated value,
QCL,Crops and livestock products,143,Morocco,5312,Area harvested,265,Castor oil seeds,1983,1983,ha,260,E,Estimated value,
QCL,Crops and livestock products,143,Morocco,5419,Yield,265,Castor oil seeds,1983,1983,100 g/ha,9231,E,Estimated value,
QCL,Crops and livestock products,143,Morocco,5510,Production,265,Castor oil seeds,1983,1983,t,240,E,Estimated value,
QCL,Crops and livestock products,143,Morocco,5312,Area harvested,265,Castor oil seeds,1984,1984,ha,300,E,Estimated value,
QCL,Crops and livestock products,143,Morocco,5419,Yield,265,Castor oil seeds,1984,1984,100 g/ha,8000,E,Estimated value,
QCL,Crops and livestock products,143,Morocco,5510,Production,265,Castor oil seeds,1984,1984,t,240,E,Estimated value,
QCL,Crops and livestock products,143,Morocco,5312,Area harvested,265,Castor oil seeds,1985,1985,ha,310,E,Estimated value,
QCL,Crops and livestock products,143,Morocco,5419,Yield,265,Castor oil seeds,1985,1985,100 g/ha,7742,E,Estimated value,
QCL,Crops and livestock products,143,Morocco,5510,Production,265,Castor oil seeds,1985,1985,t,240,E,Estimated value,
QCL,Crops and livestock products,143,Morocco,5312,Area harvested,265,Castor oil seeds,1986,1986,ha,310,E,Estimated value,
QCL,Crops and livestock products,143,Morocco,5419,Yield,265,Castor oil seeds,1986,1986,100 g/ha,7742,E,Estimated value,
QCL,Crops and livestock products,143,Morocco,5510,Production,265,Castor oil seeds,1986,1986,t,240,E,Estimated value,
QCL,Crops and livestock products,143,Morocco,5312,Area harvested,265,Castor oil seeds,1987,1987,ha,300,E,Estimated value,
QCL,Crops and livestock products,143,Morocco,5419,Yield,265,Castor oil seeds,1987,1987,100 g/ha,8000,E,Estimated value,
QCL,Crops and livestock products,143,Morocco,5510,Production,265,Castor oil seeds,1987,1987,t,240,E,Estimated value,
QCL,Crops and livestock products,143,Morocco,5312,Area harvested,265,Castor oil seeds,1988,1988,ha,350,E,Estimated value,
QCL,Crops and livestock products,143,Morocco,5419,Yield,265,Castor oil seeds,1988,1988,100 g/ha,8571,E,Estimated value,
QCL,Crops and livestock products,143,Morocco,5510,Production,265,Castor oil seeds,1988,1988,t,300,E,Estimated value,
QCL,Crops and livestock products,143,Morocco,5312,Area harvested,265,Castor oil seeds,1989,1989,ha,450,E,Estimated value,
QCL,Crops and livestock products,143,Morocco,5419,Yield,265,Castor oil seeds,1989,1989,100 g/ha,8889,E,Estimated value,
QCL,Crops and livestock products,143,Morocco,5510,Production,265,Castor oil seeds,1989,1989,t,400,E,Estimated value,
QCL,Crops and livestock products,143,Morocco,5312,Area harvested,265,Castor oil seeds,1990,1990,ha,550,E,Estimated value,
QCL,Crops and livestock products,143,Morocco,5419,Yield,265,Castor oil seeds,1990,1990,100 g/ha,9091,E,Estimated value,
QCL,Crops and livestock products,143,Morocco,5510,Production,265,Castor oil seeds,1990,1990,t,500,A,Official figure,
QCL,Crops and livestock products,143,Morocco,5312,Area harvested,265,Castor oil seeds,1991,1991,ha,200,E,Estimated value,
QCL,Crops and livestock products,143,Morocco,5419,Yield,265,Castor oil seeds,1991,1991,100 g/ha,8250,E,Estimated value,
QCL,Crops and livestock products,143,Morocco,5510,Production,265,Castor oil seeds,1991,1991,t,165,A,Official figure,
QCL,Crops and livestock products,143,Morocco,5312,Area harvested,265,Castor oil seeds,1992,1992,ha,330,E,Estimated value,
QCL,Crops and livestock products,143,Morocco,5419,Yield,265,Castor oil seeds,1992,1992,100 g/ha,3030,E,Estimated value,
QCL,Crops and livestock products,143,Morocco,5510,Production,265,Castor oil seeds,1992,1992,t,100,E,Estimated value,
QCL,Crops and livestock products,143,Morocco,5312,Area harvested,265,Castor oil seeds,1993,1993,ha,240,I,Imputed value,
QCL,Crops and livestock products,143,Morocco,5419,Yield,265,Castor oil seeds,1993,1993,100 g/ha,5578,E,Estimated value,
QCL,Crops and livestock products,143,Morocco,5510,Production,265,Castor oil seeds,1993,1993,t,134.14,I,Imputed value,
QCL,Crops and livestock products,143,Morocco,5312,Area harvested,265,Castor oil seeds,1994,1994,ha,240,I,Imputed value,
QCL,Crops and livestock products,143,Morocco,5419,Yield,265,Castor oil seeds,1994,1994,100 g/ha,5577,E,Estimated value,
QCL,Crops and livestock products,143,Morocco,5510,Production,265,Castor oil seeds,1994,1994,t,134.07,I,Imputed value,
QCL,Crops and livestock products,143,Morocco,5312,Area harvested,265,Castor oil seeds,1995,1995,ha,200,E,Estimated value,
QCL,Crops and livestock products,143,Morocco,5419,Yield,265,Castor oil seeds,1995,1995,100 g/ha,5576,E,Estimated value,
QCL,Crops and livestock products,143,Morocco,5510,Production,265,Castor oil seeds,1995,1995,t,111.52,I,Imputed value,
QCL,Crops and livestock products,143,Morocco,5312,Area harvested,265,Castor oil seeds,1996,1996,ha,179,I,Imputed value,
QCL,Crops and livestock products,143,Morocco,5419,Yield,265,Castor oil seeds,1996,1996,100 g/ha,5575,E,Estimated value,
QCL,Crops and livestock products,143,Morocco,5510,Production,265,Castor oil seeds,1996,1996,t,100,E,Estimated value,
QCL,Crops and livestock products,143,Morocco,5312,Area harvested,265,Castor oil seeds,1997,1997,ha,179,I,Imputed value,
QCL,Crops and livestock products,143,Morocco,5419,Yield,265,Castor oil seeds,1997,1997,100 g/ha,5575,E,Estimated value,
QCL,Crops and livestock products,143,Morocco,5510,Production,265,Castor oil seeds,1997,1997,t,100,E,Estimated value,
QCL,Crops and livestock products,143,Morocco,5312,Area harvested,265,Castor oil seeds,1998,1998,ha,179,I,Imputed value,
QCL,Crops and livestock products,143,Morocco,5419,Yield,265,Castor oil seeds,1998,1998,100 g/ha,5574,E,Estimated value,
QCL,Crops and livestock products,143,Morocco,5510,Production,265,Castor oil seeds,1998,1998,t,100,E,Estimated value,
QCL,Crops and livestock products,143,Morocco,5312,Area harvested,265,Castor oil seeds,1999,1999,ha,179,I,Imputed value,
QCL,Crops and livestock products,143,Morocco,5419,Yield,265,Castor oil seeds,1999,1999,100 g/ha,5573,E,Estimated value,
QCL,Crops and livestock products,143,Morocco,5510,Production,265,Castor oil seeds,1999,1999,t,100,E,Estimated value,
QCL,Crops and livestock products,143,Morocco,5312,Area harvested,265,Castor oil seeds,2000,2000,ha,179,I,Imputed value,
QCL,Crops and livestock products,143,Morocco,5419,Yield,265,Castor oil seeds,2000,2000,100 g/ha,5572,E,Estimated value,
QCL,Crops and livestock products,143,Morocco,5510,Production,265,Castor oil seeds,2000,2000,t,100,E,Estimated value,
QCL,Crops and livestock products,143,Morocco,5312,Area harvested,265,Castor oil seeds,2001,2001,ha,180,I,Imputed value,
QCL,Crops and livestock products,143,Morocco,5419,Yield,265,Castor oil seeds,2001,2001,100 g/ha,5571,E,Estimated value,
QCL,Crops and livestock products,143,Morocco,5510,Production,265,Castor oil seeds,2001,2001,t,100,E,Estimated value,
QCL,Crops and livestock products,143,Morocco,5312,Area harvested,265,Castor oil seeds,2002,2002,ha,180,I,Imputed value,
QCL,Crops and livestock products,143,Morocco,5419,Yield,265,Castor oil seeds,2002,2002,100 g/ha,5570,E,Estimated value,
QCL,Crops and livestock products,143,Morocco,5510,Production,265,Castor oil seeds,2002,2002,t,100,E,Estimated value,
QCL,Crops and livestock products,143,Morocco,5312,Area harvested,265,Castor oil seeds,2003,2003,ha,180,I,Imputed value,
QCL,Crops and livestock products,143,Morocco,5419,Yield,265,Castor oil seeds,2003,2003,100 g/ha,5569,E,Estimated value,
QCL,Crops and livestock products,143,Morocco,5510,Production,265,Castor oil seeds,2003,2003,t,100,E,Estimated value,
QCL,Crops and livestock products,143,Morocco,5312,Area harvested,265,Castor oil seeds,2004,2004,ha,179,I,Imputed value,
QCL,Crops and livestock products,143,Morocco,5419,Yield,265,Castor oil seeds,2004,2004,100 g/ha,5583,E,Estimated value,
QCL,Crops and livestock products,143,Morocco,5510,Production,265,Castor oil seeds,2004,2004,t,100,E,Estimated value,
QCL,Crops and livestock products,143,Morocco,5312,Area harvested,265,Castor oil seeds,2005,2005,ha,178,I,Imputed value,
QCL,Crops and livestock products,143,Morocco,5419,Yield,265,Castor oil seeds,2005,2005,100 g/ha,5613,E,Estimated value,
QCL,Crops and livestock products,143,Morocco,5510,Production,265,Castor oil seeds,2005,2005,t,100,E,Estimated value,
QCL,Crops and livestock products,143,Morocco,5312,Area harvested,265,Castor oil seeds,2006,2006,ha,177,I,Imputed value,
QCL,Crops and livestock products,143,Morocco,5419,Yield,265,Castor oil seeds,2006,2006,100 g/ha,5644,E,Estimated value,
QCL,Crops and livestock products,143,Morocco,5510,Production,265,Castor oil seeds,2006,2006,t,100,E,Estimated value,
QCL,Crops and livestock products,143,Morocco,5312,Area harvested,265,Castor oil seeds,2007,2007,ha,176,I,Imputed value,
QCL,Crops and livestock products,143,Morocco,5419,Yield,265,Castor oil seeds,2007,2007,100 g/ha,5674,E,Estimated value,
QCL,Crops and livestock products,143,Morocco,5510,Production,265,Castor oil seeds,2007,2007,t,100,E,Estimated value,
QCL,Crops and livestock products,143,Morocco,5312,Area harvested,265,Castor oil seeds,2008,2008,ha,207,I,Imputed value,
QCL,Crops and livestock products,143,Morocco,5419,Yield,265,Castor oil seeds,2008,2008,100 g/ha,5794,E,Estimated value,
QCL,Crops and livestock products,143,Morocco,5510,Production,265,Castor oil seeds,2008,2008,t,120,E,Estimated value,
QCL,Crops and livestock products,143,Morocco,5312,Area harvested,265,Castor oil seeds,2009,2009,ha,213,I,Imputed value,
QCL,Crops and livestock products,143,Morocco,5419,Yield,265,Castor oil seeds,2009,2009,100 g/ha,5935,E,Estimated value,
QCL,Crops and livestock products,143,Morocco,5510,Production,265,Castor oil seeds,2009,2009,t,126.68,I,Imputed value,
QCL,Crops and livestock products,143,Morocco,5312,Area harvested,265,Castor oil seeds,2010,2010,ha,220,I,Imputed value,
QCL,Crops and livestock products,143,Morocco,5419,Yield,265,Castor oil seeds,2010,2010,100 g/ha,6054,E,Estimated value,
QCL,Crops and livestock products,143,Morocco,5510,Production,265,Castor oil seeds,2010,2010,t,133.16,I,Imputed value,
QCL,Crops and livestock products,143,Morocco,5312,Area harvested,265,Castor oil seeds,2011,2011,ha,225,I,Imputed value,
QCL,Crops and livestock products,143,Morocco,5419,Yield,265,Castor oil seeds,2011,2011,100 g/ha,6147,E,Estimated value,
QCL,Crops and livestock products,143,Morocco,5510,Production,265,Castor oil seeds,2011,2011,t,138.49,I,Imputed value,
QCL,Crops and livestock products,143,Morocco,5312,Area harvested,265,Castor oil seeds,2012,2012,ha,280,E,Estimated value,
QCL,Crops and livestock products,143,Morocco,5419,Yield,265,Castor oil seeds,2012,2012,100 g/ha,6071,E,Estimated value,
QCL,Crops and livestock products,143,Morocco,5510,Production,265,Castor oil seeds,2012,2012,t,170,E,Estimated value,
QCL,Crops and livestock products,143,Morocco,5312,Area harvested,265,Castor oil seeds,2013,2013,ha,280,E,Estimated value,
QCL,Crops and livestock products,143,Morocco,5419,Yield,265,Castor oil seeds,2013,2013,100 g/ha,6071,E,Estimated value,
QCL,Crops and livestock products,143,Morocco,5510,Production,265,Castor oil seeds,2013,2013,t,170,E,Estimated value,
QCL,Crops and livestock products,143,Morocco,5312,Area harvested,265,Castor oil seeds,2014,2014,ha,258,I,Imputed value,
QCL,Crops and livestock products,143,Morocco,5419,Yield,265,Castor oil seeds,2014,2014,100 g/ha,5981,E,Estimated value,
QCL,Crops and livestock products,143,Morocco,5510,Production,265,Castor oil seeds,2014,2014,t,154.55,I,Imputed value,
QCL,Crops and livestock products,143,Morocco,5312,Area harvested,265,Castor oil seeds,2015,2015,ha,259,I,Imputed value,
QCL,Crops and livestock products,143,Morocco,5419,Yield,265,Castor oil seeds,2015,2015,100 g/ha,5984,E,Estimated value,
QCL,Crops and livestock products,143,Morocco,5510,Production,265,Castor oil seeds,2015,2015,t,154.76,I,Imputed value,
QCL,Crops and livestock products,143,Morocco,5312,Area harvested,265,Castor oil seeds,2016,2016,ha,260,I,Imputed value,
QCL,Crops and livestock products,143,Morocco,5419,Yield,265,Castor oil seeds,2016,2016,100 g/ha,5979,E,Estimated value,
QCL,Crops and livestock products,143,Morocco,5510,Production,265,Castor oil seeds,2016,2016,t,155.4,I,Imputed value,
QCL,Crops and livestock products,143,Morocco,5312,Area harvested,265,Castor oil seeds,2017,2017,ha,267,I,Imputed value,
QCL,Crops and livestock products,143,Morocco,5419,Yield,265,Castor oil seeds,2017,2017,100 g/ha,5970,E,Estimated value,
QCL,Crops and livestock products,143,Morocco,5510,Production,265,Castor oil seeds,2017,2017,t,159.3,I,Imputed value,
QCL,Crops and livestock products,143,Morocco,5312,Area harvested,265,Castor oil seeds,2018,2018,ha,273,I,Imputed value,
QCL,Crops and livestock products,143,Morocco,5419,Yield,265,Castor oil seeds,2018,2018,100 g/ha,5978,E,Estimated value,
QCL,Crops and livestock products,143,Morocco,5510,Production,265,Castor oil seeds,2018,2018,t,163.47,I,Imputed value,
QCL,Crops and livestock products,143,Morocco,5312,Area harvested,265,Castor oil seeds,2019,2019,ha,267,E,Estimated value,
QCL,Crops and livestock products,143,Morocco,5419,Yield,265,Castor oil seeds,2019,2019,100 g/ha,5976,E,Estimated value,
QCL,Crops and livestock products,143,Morocco,5510,Production,265,Castor oil seeds,2019,2019,t,159.39,E,Estimated value,
QCL,Crops and livestock products,143,Morocco,5312,Area harvested,265,Castor oil seeds,2020,2020,ha,269,E,Estimated value,
QCL,Crops and livestock products,143,Morocco,5419,Yield,265,Castor oil seeds,2020,2020,100 g/ha,5975,E,Estimated value,
QCL,Crops and livestock products,143,Morocco,5510,Production,265,Castor oil seeds,2020,2020,t,160.72,E,Estimated value,
QCL,Crops and livestock products,143,Morocco,5312,Area harvested,265,Castor oil seeds,2021,2021,ha,270,E,Estimated value,
QCL,Crops and livestock products,143,Morocco,5419,Yield,265,Castor oil seeds,2021,2021,100 g/ha,5976,E,Estimated value,
QCL,Crops and livestock products,143,Morocco,5510,Production,265,Castor oil seeds,2021,2021,t,161.19,E,Estimated value,
QCL,Crops and livestock products,143,Morocco,5312,Area harvested,265,Castor oil seeds,2022,2022,ha,268,E,Estimated value,
QCL,Crops and livestock products,143,Morocco,5419,Yield,265,Castor oil seeds,2022,2022,100 g/ha,5975,E,Estimated value,
QCL,Crops and livestock products,143,Morocco,5510,Production,265,Castor oil seeds,2022,2022,t,160.44,E,Estimated value,
QCL,Crops and livestock products,143,Morocco,5111,Stocks,866,Cattle,1961,1961,An,2801000,A,Official figure,
QCL,Crops and livestock products,143,Morocco,5111,Stocks,866,Cattle,1962,1962,An,2564000,A,Official figure,
QCL,Crops and livestock products,143,Morocco,5111,Stocks,866,Cattle,1963,1963,An,2686000,A,Official figure,
QCL,Crops and livestock products,143,Morocco,5111,Stocks,866,Cattle,1964,1964,An,2871000,A,Official figure,
QCL,Crops and livestock products,143,Morocco,5111,Stocks,866,Cattle,1965,1965,An,3044000,A,Official figure,
QCL,Crops and livestock products,143,Morocco,5111,Stocks,866,Cattle,1966,1966,An,3277000,A,Official figure,
QCL,Crops and livestock products,143,Morocco,5111,Stocks,866,Cattle,1967,1967,An,3377000,A,Official figure,
QCL,Crops and livestock products,143,Morocco,5111,Stocks,866,Cattle,1968,1968,An,3315000,A,Official figure,
QCL,Crops and livestock products,143,Morocco,5111,Stocks,866,Cattle,1969,1969,An,3580000,A,Official figure,
QCL,Crops and livestock products,143,Morocco,5111,Stocks,866,Cattle,1970,1970,An,3600000,E,Estimated value,
QCL,Crops and livestock products,143,Morocco,5111,Stocks,866,Cattle,1971,1971,An,3670000,A,Official figure,
QCL,Crops and livestock products,143,Morocco,5111,Stocks,866,Cattle,1972,1972,An,3500000,A,Official figure,
QCL,Crops and livestock products,143,Morocco,5111,Stocks,866,Cattle,1973,1973,An,3600000,A,Official figure,
QCL,Crops and livestock products,143,Morocco,5111,Stocks,866,Cattle,1974,1974,An,3400000,A,Official figure,
QCL,Crops and livestock products,143,Morocco,5111,Stocks,866,Cattle,1975,1975,An,3620000,A,Official figure,
QCL,Crops and livestock products,143,Morocco,5111,Stocks,866,Cattle,1976,1976,An,3620000,X,Figure from international organizations,Unofficial figure
QCL,Crops and livestock products,143,Morocco,5111,Stocks,866,Cattle,1977,1977,An,3400000,X,Figure from international organizations,Unofficial figure
QCL,Crops and livestock products,143,Morocco,5111,Stocks,866,Cattle,1978,1978,An,3600000,X,Figure from international organizations,Unofficial figure
QCL,Crops and livestock products,143,Morocco,5111,Stocks,866,Cattle,1979,1979,An,3460900,A,Official figure,
QCL,Crops and livestock products,143,Morocco,5111,Stocks,866,Cattle,1980,1980,An,3376200,A,Official figure,
QCL,Crops and livestock products,143,Morocco,5111,Stocks,866,Cattle,1981,1981,An,3247870,A,Official figure,
QCL,Crops and livestock products,143,Morocco,5111,Stocks,866,Cattle,1982,1982,An,2536530,A,Official figure,
QCL,Crops and livestock products,143,Morocco,5111,Stocks,866,Cattle,1983,1983,An,2430900,A,Official figure,
QCL,Crops and livestock products,143,Morocco,5111,Stocks,866,Cattle,1984,1984,An,2362880,A,Official figure,
QCL,Crops and livestock products,143,Morocco,5111,Stocks,866,Cattle,1985,1985,An,2501000,A,Official figure,
QCL,Crops and livestock products,143,Morocco,5111,Stocks,866,Cattle,1986,1986,An,2851339,A,Official figure,
QCL,Crops and livestock products,143,Morocco,5111,Stocks,866,Cattle,1987,1987,An,3177540,A,Official figure,
QCL,Crops and livestock products,143,Morocco,5111,Stocks,866,Cattle,1988,1988,An,3136926,A,Official figure,
QCL,Crops and livestock products,143,Morocco,5111,Stocks,866,Cattle,1989,1989,An,3324240,A,Official figure,
QCL,Crops and livestock products,143,Morocco,5111,Stocks,866,Cattle,1990,1990,An,3346258,A,Official figure,
QCL,Crops and livestock products,143,Morocco,5111,Stocks,866,Cattle,1991,1991,An,3182920,A,Official figure,
QCL,Crops and livestock products,143,Morocco,5111,Stocks,866,Cattle,1992,1992,An,3004830,A,Official figure,
QCL,Crops and livestock products,143,Morocco,5111,Stocks,866,Cattle,1993,1993,An,2348258,A,Official figure,
QCL,Crops and livestock products,143,Morocco,5111,Stocks,866,Cattle,1994,1994,An,2343200,A,Official figure,
QCL,Crops and livestock products,143,Morocco,5111,Stocks,866,Cattle,1995,1995,An,2370800,A,Official figure,
QCL,Crops and livestock products,143,Morocco,5111,Stocks,866,Cattle,1996,1996,An,2408400,A,Official figure,
QCL,Crops and livestock products,143,Morocco,5111,Stocks,866,Cattle,1997,1997,An,2547200,A,Official figure,
QCL,Crops and livestock products,143,Morocco,5111,Stocks,866,Cattle,1998,1998,An,2568600,A,Official figure,
QCL,Crops and livestock products,143,Morocco,5111,Stocks,866,Cattle,1999,1999,An,2565500,A,Official figure,
QCL,Crops and livestock products,143,Morocco,5111,Stocks,866,Cattle,2000,2000,An,2674600,A,Official figure,
QCL,Crops and livestock products,143,Morocco,5111,Stocks,866,Cattle,2001,2001,An,2647100,A,Official figure,
QCL,Crops and livestock products,143,Morocco,5111,Stocks,866,Cattle,2002,2002,An,2669600,A,Official figure,
QCL,Crops and livestock products,143,Morocco,5111,Stocks,866,Cattle,2003,2003,An,2688600,A,Official figure,
QCL,Crops and livestock products,143,Morocco,5111,Stocks,866,Cattle,2004,2004,An,2728800,A,Official figure,
QCL,Crops and livestock products,143,Morocco,5111,Stocks,866,Cattle,2005,2005,An,2721700,A,Official figure,
QCL,Crops and livestock products,143,Morocco,5111,Stocks,866,Cattle,2006,2006,An,2755100,A,Official figure,
QCL,Crops and livestock products,143,Morocco,5111,Stocks,866,Cattle,2007,2007,An,2781100,A,Official figure,
QCL,Crops and livestock products,143,Morocco,5111,Stocks,866,Cattle,2008,2008,An,2814000,A,Official figure,
QCL,Crops and livestock products,143,Morocco,5111,Stocks,866,Cattle,2009,2009,An,2788100,A,Official figure,
QCL,Crops and livestock products,143,Morocco,5111,Stocks,866,Cattle,2010,2010,An,2895800,A,Official figure,
QCL,Crops and livestock products,143,Morocco,5111,Stocks,866,Cattle,2011,2011,An,3037930,A,Official figure,
QCL,Crops and livestock products,143,Morocco,5111,Stocks,866,Cattle,2012,2012,An,3029180,A,Official figure,
QCL,Crops and livestock products,143,Morocco,5111,Stocks,866,Cattle,2013,2013,An,3172984,A,Official figure,
QCL,Crops and livestock products,143,Morocco,5111,Stocks,866,Cattle,2014,2014,An,3238688,A,Official figure,
QCL,Crops and livestock products,143,Morocco,5111,Stocks,866,Cattle,2015,2015,An,3291050,A,Official figure,
QCL,Crops and livestock products,143,Morocco,5111,Stocks,866,Cattle,2016,2016,An,3300000,A,Official figure,
QCL,Crops and livestock products,143,Morocco,5111,Stocks,866,Cattle,2017,2017,An,3364000,A,Official figure,
QCL,Crops and livestock products,143,Morocco,5111,Stocks,866,Cattle,2018,2018,An,3441000,A,Official figure,
QCL,Crops and livestock products,143,Morocco,5111,Stocks,866,Cattle,2019,2019,An,3328000,A,Official figure,
QCL,Crops and livestock products,143,Morocco,5111,Stocks,866,Cattle,2020,2020,An,3166900,A,Official figure,
QCL,Crops and livestock products,143,Morocco,5111,Stocks,866,Cattle,2021,2021,An,3178876,A,Official figure,
QCL,Crops and livestock products,143,Morocco,5111,Stocks,866,Cattle,2022,2022,An,3100909,A,Official figure,
QCL,Crops and livestock products,143,Morocco,5510,Production,869,"Cattle fat, unrendered",1961,1961,t,1518.79,I,Imputed value,
QCL,Crops and livestock products,143,Morocco,5320,Producing Animals/Slaughtered,869,"Cattle fat, unrendered",1961,1961,An,588400,E,Estimated value,
QCL,Crops and livestock products,143,Morocco,5510,Production,869,"Cattle fat, unrendered",1962,1962,t,1533.51,I,Imputed value,
QCL,Crops and livestock products,143,Morocco,5320,Producing Animals/Slaughtered,869,"Cattle fat, unrendered",1962,1962,An,615800,E,Estimated value,
QCL,Crops and livestock products,143,Morocco,5510,Production,869,"Cattle fat, unrendered",1963,1963,t,1535.09,I,Imputed value,
QCL,Crops and livestock products,143,Morocco,5320,Producing Animals/Slaughtered,869,"Cattle fat, unrendered",1963,1963,An,564900,E,Estimated value,
QCL,Crops and livestock products,143,Morocco,5510,Production,869,"Cattle fat, unrendered",1964,1964,t,1441.36,I,Imputed value,
QCL,Crops and livestock products,143,Morocco,5320,Producing Animals/Slaughtered,869,"Cattle fat, unrendered",1964,1964,An,517580,E,Estimated value,
QCL,Crops and livestock products,143,Morocco,5510,Production,869,"Cattle fat, unrendered",1965,1965,t,1636.98,I,Imputed value,
QCL,Crops and livestock products,143,Morocco,5320,Producing Animals/Slaughtered,869,"Cattle fat, unrendered",1965,1965,An,578490,E,Estimated value,
QCL,Crops and livestock products,143,Morocco,5510,Production,869,"Cattle fat, unrendered",1966,1966,t,1790.94,I,Imputed value,
QCL,Crops and livestock products,143,Morocco,5320,Producing Animals/Slaughtered,869,"Cattle fat, unrendered",1966,1966,An,623000,A,Official figure,
QCL,Crops and livestock products,143,Morocco,5510,Production,869,"Cattle fat, unrendered",1967,1967,t,1836.23,I,Imputed value,
QCL,Crops and livestock products,143,Morocco,5320,Producing Animals/Slaughtered,869,"Cattle fat, unrendered",1967,1967,An,676000,A,Official figure,
QCL,Crops and livestock products,143,Morocco,5510,Production,869,"Cattle fat, unrendered",1968,1968,t,1969.81,I,Imputed value,
QCL,Crops and livestock products,143,Morocco,5320,Producing Animals/Slaughtered,869,"Cattle fat, unrendered",1968,1968,An,729000,A,Official figure,
QCL,Crops and livestock products,143,Morocco,5510,Production,869,"Cattle fat, unrendered",1969,1969,t,2083.02,I,Imputed value,
QCL,Crops and livestock products,143,Morocco,5320,Producing Animals/Slaughtered,869,"Cattle fat, unrendered",1969,1969,An,780000,A,Official figure,
QCL,Crops and livestock products,143,Morocco,5510,Production,869,"Cattle fat, unrendered",1970,1970,t,2083.02,I,Imputed value,
QCL,Crops and livestock products,143,Morocco,5320,Producing Animals/Slaughtered,869,"Cattle fat, unrendered",1970,1970,An,790000,E,Estimated value,
QCL,Crops and livestock products,143,Morocco,5510,Production,869,"Cattle fat, unrendered",1971,1971,t,2037.74,I,Imputed value,
QCL,Crops and livestock products,143,Morocco,5320,Producing Animals/Slaughtered,869,"Cattle fat, unrendered",1971,1971,An,801000,E,Estimated value,
QCL,Crops and livestock products,143,Morocco,5510,Production,869,"Cattle fat, unrendered",1972,1972,t,2105.66,I,Imputed value,
QCL,Crops and livestock products,143,Morocco,5320,Producing Animals/Slaughtered,869,"Cattle fat, unrendered",1972,1972,An,837827,A,Official figure,
QCL,Crops and livestock products,143,Morocco,5510,Production,869,"Cattle fat, unrendered",1973,1973,t,2083.02,I,Imputed value,
QCL,Crops and livestock products,143,Morocco,5320,Producing Animals/Slaughtered,869,"Cattle fat, unrendered",1973,1973,An,876190,A,Official figure,
QCL,Crops and livestock products,143,Morocco,5510,Production,869,"Cattle fat, unrendered",1974,1974,t,2037.74,I,Imputed value,
QCL,Crops and livestock products,143,Morocco,5320,Producing Animals/Slaughtered,869,"Cattle fat, unrendered",1974,1974,An,818181,A,Official figure,
QCL,Crops and livestock products,143,Morocco,5510,Production,869,"Cattle fat, unrendered",1975,1975,t,1843.02,I,Imputed value,
QCL,Crops and livestock products,143,Morocco,5320,Producing Animals/Slaughtered,869,"Cattle fat, unrendered",1975,1975,An,775000,E,Estimated value,
QCL,Crops and livestock products,143,Morocco,5510,Production,869,"Cattle fat, unrendered",1976,1976,t,1797.74,I,Imputed value,
QCL,Crops and livestock products,143,Morocco,5320,Producing Animals/Slaughtered,869,"Cattle fat, unrendered",1976,1976,An,683000,X,Figure from international organizations,Unofficial figure
QCL,Crops and livestock products,143,Morocco,5510,Production,869,"Cattle fat, unrendered",1977,1977,t,2037.74,I,Imputed value,
QCL,Crops and livestock products,143,Morocco,5320,Producing Animals/Slaughtered,869,"Cattle fat, unrendered",1977,1977,An,660000,X,Figure from international organizations,Unofficial figure
QCL,Crops and livestock products,143,Morocco,5510,Production,869,"Cattle fat, unrendered",1978,1978,t,2150.94,I,Imputed value,
QCL,Crops and livestock products,143,Morocco,5320,Producing Animals/Slaughtered,869,"Cattle fat, unrendered",1978,1978,An,650000,X,Figure from international organizations,Unofficial figure
QCL,Crops and livestock products,143,Morocco,5510,Production,869,"Cattle fat, unrendered",1979,1979,t,2264.15,I,Imputed value,
QCL,Crops and livestock products,143,Morocco,5320,Producing Animals/Slaughtered,869,"Cattle fat, unrendered",1979,1979,An,670000,X,Figure from international organizations,Unofficial figure
QCL,Crops and livestock products,143,Morocco,5510,Production,869,"Cattle fat, unrendered",1980,1980,t,2422.64,I,Imputed value,
QCL,Crops and livestock products,143,Morocco,5320,Producing Animals/Slaughtered,869,"Cattle fat, unrendered",1980,1980,An,784100,A,Official figure,
QCL,Crops and livestock products,143,Morocco,5510,Production,869,"Cattle fat, unrendered",1981,1981,t,2966.04,I,Imputed value,
QCL,Crops and livestock products,143,Morocco,5320,Producing Animals/Slaughtered,869,"Cattle fat, unrendered",1981,1981,An,890800,A,Official figure,
QCL,Crops and livestock products,143,Morocco,5510,Production,869,"Cattle fat, unrendered",1982,1982,t,3396.23,I,Imputed value,
QCL,Crops and livestock products,143,Morocco,5320,Producing Animals/Slaughtered,869,"Cattle fat, unrendered",1982,1982,An,950665,A,Official figure,
QCL,Crops and livestock products,143,Morocco,5510,Production,869,"Cattle fat, unrendered",1983,1983,t,2807.55,I,Imputed value,
QCL,Crops and livestock products,143,Morocco,5320,Producing Animals/Slaughtered,869,"Cattle fat, unrendered",1983,1983,An,700400,A,Official figure,
QCL,Crops and livestock products,143,Morocco,5510,Production,869,"Cattle fat, unrendered",1984,1984,t,2601.51,I,Imputed value,
QCL,Crops and livestock products,143,Morocco,5320,Producing Animals/Slaughtered,869,"Cattle fat, unrendered",1984,1984,An,675000,E,Estimated value,
QCL,Crops and livestock products,143,Morocco,5510,Production,869,"Cattle fat, unrendered",1985,1985,t,1924.53,I,Imputed value,
QCL,Crops and livestock products,143,Morocco,5320,Producing Animals/Slaughtered,869,"Cattle fat, unrendered",1985,1985,An,500000,E,Estimated value,
QCL,Crops and livestock products,143,Morocco,5510,Production,869,"Cattle fat, unrendered",1986,1986,t,2332.08,I,Imputed value,
QCL,Crops and livestock products,143,Morocco,5320,Producing Animals/Slaughtered,869,"Cattle fat, unrendered",1986,1986,An,615000,E,Estimated value,
QCL,Crops and livestock products,143,Morocco,5510,Production,869,"Cattle fat, unrendered",1987,1987,t,2671.7,I,Imputed value,
QCL,Crops and livestock products,143,Morocco,5320,Producing Animals/Slaughtered,869,"Cattle fat, unrendered",1987,1987,An,705000,E,Estimated value,
QCL,Crops and livestock products,143,Morocco,5510,Production,869,"Cattle fat, unrendered",1988,1988,t,2764.53,I,Imputed value,
QCL,Crops and livestock products,143,Morocco,5320,Producing Animals/Slaughtered,869,"Cattle fat, unrendered",1988,1988,An,726845,A,Official figure,
QCL,Crops and livestock products,143,Morocco,5510,Production,869,"Cattle fat, unrendered",1989,1989,t,3397.25,I,Imputed value,
QCL,Crops and livestock products,143,Morocco,5320,Producing Animals/Slaughtered,869,"Cattle fat, unrendered",1989,1989,An,804195,A,Official figure,
QCL,Crops and livestock products,143,Morocco,5510,Production,869,"Cattle fat, unrendered",1990,1990,t,3280.53,I,Imputed value,
QCL,Crops and livestock products,143,Morocco,5320,Producing Animals/Slaughtered,869,"Cattle fat, unrendered",1990,1990,An,891851,A,Official figure,
QCL,Crops and livestock products,143,Morocco,5510,Production,869,"Cattle fat, unrendered",1991,1991,t,3373.58,I,Imputed value,
QCL,Crops and livestock products,143,Morocco,5320,Producing Animals/Slaughtered,869,"Cattle fat, unrendered",1991,1991,An,909688,A,Official figure,
QCL,Crops and livestock products,143,Morocco,5510,Production,869,"Cattle fat, unrendered",1992,1992,t,3283.02,I,Imputed value,
QCL,Crops and livestock products,143,Morocco,5320,Producing Animals/Slaughtered,869,"Cattle fat, unrendered",1992,1992,An,1080000,A,Official figure,
QCL,Crops and livestock products,143,Morocco,5510,Production,869,"Cattle fat, unrendered",1993,1993,t,3396.23,I,Imputed value,
QCL,Crops and livestock products,143,Morocco,5320,Producing Animals/Slaughtered,869,"Cattle fat, unrendered",1993,1993,An,1141000,A,Official figure,
QCL,Crops and livestock products,143,Morocco,5510,Production,869,"Cattle fat, unrendered",1994,1994,t,2830.19,I,Imputed value,
QCL,Crops and livestock products,143,Morocco,5320,Producing Animals/Slaughtered,869,"Cattle fat, unrendered",1994,1994,An,820000,X,Figure from international organizations,Unofficial figure
QCL,Crops and livestock products,143,Morocco,5510,Production,869,"Cattle fat, unrendered",1995,1995,t,2764.53,I,Imputed value,
QCL,Crops and livestock products,143,Morocco,5320,Producing Animals/Slaughtered,869,"Cattle fat, unrendered",1995,1995,An,790000,A,Official figure,
QCL,Crops and livestock products,143,Morocco,5510,Production,869,"Cattle fat, unrendered",1996,1996,t,2332.08,I,Imputed value,
QCL,Crops and livestock products,143,Morocco,5320,Producing Animals/Slaughtered,869,"Cattle fat, unrendered",1996,1996,An,643000,A,Official figure,
QCL,Crops and livestock products,143,Morocco,5510,Production,869,"Cattle fat, unrendered",1997,1997,t,2830.19,I,Imputed value,
QCL,Crops and livestock products,143,Morocco,5320,Producing Animals/Slaughtered,869,"Cattle fat, unrendered",1997,1997,An,710000,A,Official figure,
QCL,Crops and livestock products,143,Morocco,5510,Production,869,"Cattle fat, unrendered",1998,1998,t,2716.98,I,Imputed value,
QCL,Crops and livestock products,143,Morocco,5320,Producing Animals/Slaughtered,869,"Cattle fat, unrendered",1998,1998,An,671000,A,Official figure,
QCL,Crops and livestock products,143,Morocco,5510,Production,869,"Cattle fat, unrendered",1999,1999,t,3056.6,I,Imputed value,
QCL,Crops and livestock products,143,Morocco,5320,Producing Animals/Slaughtered,869,"Cattle fat, unrendered",1999,1999,An,700000,A,Official figure,
QCL,Crops and livestock products,143,Morocco,5510,Production,869,"Cattle fat, unrendered",2000,2000,t,3169.81,I,Imputed value,
QCL,Crops and livestock products,143,Morocco,5320,Producing Animals/Slaughtered,869,"Cattle fat, unrendered",2000,2000,An,800000,A,Official figure,
QCL,Crops and livestock products,143,Morocco,5510,Production,869,"Cattle fat, unrendered",2001,2001,t,3283.02,I,Imputed value,
QCL,Crops and livestock products,143,Morocco,5320,Producing Animals/Slaughtered,869,"Cattle fat, unrendered",2001,2001,An,805000,A,Official figure,
QCL,Crops and livestock products,143,Morocco,5510,Production,869,"Cattle fat, unrendered",2002,2002,t,3849.06,I,Imputed value,
QCL,Crops and livestock products,143,Morocco,5320,Producing Animals/Slaughtered,869,"Cattle fat, unrendered",2002,2002,An,850000,E,Estimated value,
QCL,Crops and livestock products,143,Morocco,5510,Production,869,"Cattle fat, unrendered",2003,2003,t,3396.23,I,Imputed value,
QCL,Crops and livestock products,143,Morocco,5320,Producing Animals/Slaughtered,869,"Cattle fat, unrendered",2003,2003,An,830000,E,Estimated value,
QCL,Crops and livestock products,143,Morocco,5510,Production,869,"Cattle fat, unrendered",2004,2004,t,3169.81,I,Imputed value,
QCL,Crops and livestock products,143,Morocco,5320,Producing Animals/Slaughtered,869,"Cattle fat, unrendered",2004,2004,An,810000,E,Estimated value,
QCL,Crops and livestock products,143,Morocco,5510,Production,869,"Cattle fat, unrendered",2005,2005,t,3554.72,I,Imputed value,
QCL,Crops and livestock products,143,Morocco,5320,Producing Animals/Slaughtered,869,"Cattle fat, unrendered",2005,2005,An,840000,E,Estimated value,
QCL,Crops and livestock products,143,Morocco,5510,Production,869,"Cattle fat, unrendered",2006,2006,t,3622.64,I,Imputed value,
QCL,Crops and livestock products,143,Morocco,5320,Producing Animals/Slaughtered,869,"Cattle fat, unrendered",2006,2006,An,770000,A,Official figure,
QCL,Crops and livestock products,143,Morocco,5510,Production,869,"Cattle fat, unrendered",2007,2007,t,3622.64,I,Imputed value,
QCL,Crops and livestock products,143,Morocco,5320,Producing Animals/Slaughtered,869,"Cattle fat, unrendered",2007,2007,An,845000,A,Official figure,
QCL,Crops and livestock products,143,Morocco,5510,Production,869,"Cattle fat, unrendered",2008,2008,t,4075.47,I,Imputed value,
QCL,Crops and livestock products,143,Morocco,5320,Producing Animals/Slaughtered,869,"Cattle fat, unrendered",2008,2008,An,955000,A,Official figure,
QCL,Crops and livestock products,143,Morocco,5510,Production,869,"Cattle fat, unrendered",2009,2009,t,4301.89,I,Imputed value,
QCL,Crops and livestock products,143,Morocco,5320,Producing Animals/Slaughtered,869,"Cattle fat, unrendered",2009,2009,An,981000,A,Official figure,
QCL,Crops and livestock products,143,Morocco,5510,Production,869,"Cattle fat, unrendered",2010,2010,t,4347.17,I,Imputed value,
QCL,Crops and livestock products,143,Morocco,5320,Producing Animals/Slaughtered,869,"Cattle fat, unrendered",2010,2010,An,950000,X,Figure from international organizations,Unofficial figure
QCL,Crops and livestock products,143,Morocco,5510,Production,869,"Cattle fat, unrendered",2011,2011,t,4497.89,I,Imputed value,
QCL,Crops and livestock products,143,Morocco,5320,Producing Animals/Slaughtered,869,"Cattle fat, unrendered",2011,2011,An,1025000,E,Estimated value,
QCL,Crops and livestock products,143,Morocco,5510,Production,869,"Cattle fat, unrendered",2012,2012,t,4628.42,I,Imputed value,
QCL,Crops and livestock products,143,Morocco,5320,Producing Animals/Slaughtered,869,"Cattle fat, unrendered",2012,2012,An,1048000,E,Estimated value,
QCL,Crops and livestock products,143,Morocco,5510,Production,869,"Cattle fat, unrendered",2013,2013,t,5750.94,I,Imputed value,
QCL,Crops and livestock products,143,Morocco,5320,Producing Animals/Slaughtered,869,"Cattle fat, unrendered",2013,2013,An,1296000,E,Estimated value,
QCL,Crops and livestock products,143,Morocco,5510,Production,869,"Cattle fat, unrendered",2014,2014,t,5865.92,I,Imputed value,
QCL,Crops and livestock products,143,Morocco,5320,Producing Animals/Slaughtered,869,"Cattle fat, unrendered",2014,2014,An,1209626.59,I,Imputed value,
QCL,Crops and livestock products,143,Morocco,5510,Production,869,"Cattle fat, unrendered",2015,2015,t,5558.81,I,Imputed value,
QCL,Crops and livestock products,143,Morocco,5320,Producing Animals/Slaughtered,869,"Cattle fat, unrendered",2015,2015,An,1200000,E,Estimated value,
QCL,Crops and livestock products,143,Morocco,5510,Production,869,"Cattle fat, unrendered",2016,2016,t,5836.96,I,Imputed value,
QCL,Crops and livestock products,143,Morocco,5320,Producing Animals/Slaughtered,869,"Cattle fat, unrendered",2016,2016,An,1200000,E,Estimated value,
QCL,Crops and livestock products,143,Morocco,5510,Production,869,"Cattle fat, unrendered",2017,2017,t,6261.46,I,Imputed value,
QCL,Crops and livestock products,143,Morocco,5320,Producing Animals/Slaughtered,869,"Cattle fat, unrendered",2017,2017,An,1200000,E,Estimated value,
QCL,Crops and livestock products,143,Morocco,5510,Production,869,"Cattle fat, unrendered",2018,2018,t,6375.85,I,Imputed value,
QCL,Crops and livestock products,143,Morocco,5320,Producing Animals/Slaughtered,869,"Cattle fat, unrendered",2018,2018,An,1029805.18,I,Imputed value,
QCL,Crops and livestock products,143,Morocco,5510,Production,869,"Cattle fat, unrendered",2019,2019,t,6407.59,I,Imputed value,
QCL,Crops and livestock products,143,Morocco,5320,Producing Animals/Slaughtered,869,"Cattle fat, unrendered",2019,2019,An,1306395.88,E,Estimated value,
QCL,Crops and livestock products,143,Morocco,5510,Production,869,"Cattle fat, unrendered",2020,2020,t,6384.91,I,Imputed value,
QCL,Crops and livestock products,143,Morocco,5320,Producing Animals/Slaughtered,869,"Cattle fat, unrendered",2020,2020,An,1301770.44,E,Estimated value,
QCL,Crops and livestock products,143,Morocco,5510,Production,869,"Cattle fat, unrendered",2021,2021,t,6384.91,I,Imputed value,
QCL,Crops and livestock products,143,Morocco,5320,Producing Animals/Slaughtered,869,"Cattle fat, unrendered",2021,2021,An,1301770.44,E,Estimated value,
QCL,Crops and livestock products,143,Morocco,5510,Production,869,"Cattle fat, unrendered",2022,2022,t,5813.64,I,Imputed value,
QCL,Crops and livestock products,143,Morocco,5320,Producing Animals/Slaughtered,869,"Cattle fat, unrendered",2022,2022,An,923358.28,I,Imputed value,
QCL,Crops and livestock products,143,Morocco,5312,Area harvested,393,Cauliflowers and broccoli,1961,1961,ha,0,M,"Missing value (data cannot exist, not applicable)",
QCL,Crops and livestock products,143,Morocco,5510,Production,393,Cauliflowers and broccoli,1961,1961,t,500,E,Estimated value,
QCL,Crops and livestock products,143,Morocco,5312,Area harvested,393,Cauliflowers and broccoli,1962,1962,ha,0,M,"Missing value (data cannot exist, not applicable)",
QCL,Crops and livestock products,143,Morocco,5510,Production,393,Cauliflowers and broccoli,1962,1962,t,500,E,Estimated value,
QCL,Crops and livestock products,143,Morocco,5312,Area harvested,393,Cauliflowers and broccoli,1963,1963,ha,0,M,"Missing value (data cannot exist, not applicable)",
QCL,Crops and livestock products,143,Morocco,5510,Production,393,Cauliflowers and broccoli,1963,1963,t,500,E,Estimated value,
QCL,Crops and livestock products,143,Morocco,5312,Area harvested,393,Cauliflowers and broccoli,1964,1964,ha,0,M,"Missing value (data cannot exist, not applicable)",
QCL,Crops and livestock products,143,Morocco,5510,Production,393,Cauliflowers and broccoli,1964,1964,t,500,E,Estimated value,
QCL,Crops and livestock products,143,Morocco,5312,Area harvested,393,Cauliflowers and broccoli,1965,1965,ha,0,M,"Missing value (data cannot exist, not applicable)",
QCL,Crops and livestock products,143,Morocco,5510,Production,393,Cauliflowers and broccoli,1965,1965,t,500,E,Estimated value,
QCL,Crops and livestock products,143,Morocco,5312,Area harvested,393,Cauliflowers and broccoli,1966,1966,ha,0,M,"Missing value (data cannot exist, not applicable)",
QCL,Crops and livestock products,143,Morocco,5510,Production,393,Cauliflowers and broccoli,1966,1966,t,500,E,Estimated value,
QCL,Crops and livestock products,143,Morocco,5312,Area harvested,393,Cauliflowers and broccoli,1967,1967,ha,0,M,"Missing value (data cannot exist, not applicable)",
QCL,Crops and livestock products,143,Morocco,5510,Production,393,Cauliflowers and broccoli,1967,1967,t,500,E,Estimated value,
QCL,Crops and livestock products,143,Morocco,5312,Area harvested,393,Cauliflowers and broccoli,1968,1968,ha,0,M,"Missing value (data cannot exist, not applicable)",
QCL,Crops and livestock products,143,Morocco,5510,Production,393,Cauliflowers and broccoli,1968,1968,t,500,E,Estimated value,
QCL,Crops and livestock products,143,Morocco,5312,Area harvested,393,Cauliflowers and broccoli,1969,1969,ha,0,M,"Missing value (data cannot exist, not applicable)",
QCL,Crops and livestock products,143,Morocco,5510,Production,393,Cauliflowers and broccoli,1969,1969,t,500,E,Estimated value,
QCL,Crops and livestock products,143,Morocco,5312,Area harvested,393,Cauliflowers and broccoli,1970,1970,ha,0,M,"Missing value (data cannot exist, not applicable)",
QCL,Crops and livestock products,143,Morocco,5510,Production,393,Cauliflowers and broccoli,1970,1970,t,400,E,Estimated value,
QCL,Crops and livestock products,143,Morocco,5312,Area harvested,393,Cauliflowers and broccoli,1971,1971,ha,0,M,"Missing value (data cannot exist, not applicable)",
QCL,Crops and livestock products,143,Morocco,5510,Production,393,Cauliflowers and broccoli,1971,1971,t,400,E,Estimated value,
QCL,Crops and livestock products,143,Morocco,5312,Area harvested,393,Cauliflowers and broccoli,1972,1972,ha,0,M,"Missing value (data cannot exist, not applicable)",
QCL,Crops and livestock products,143,Morocco,5510,Production,393,Cauliflowers and broccoli,1972,1972,t,400,E,Estimated value,
QCL,Crops and livestock products,143,Morocco,5312,Area harvested,393,Cauliflowers and broccoli,1973,1973,ha,0,M,"Missing value (data cannot exist, not applicable)",
QCL,Crops and livestock products,143,Morocco,5510,Production,393,Cauliflowers and broccoli,1973,1973,t,400,E,Estimated value,
QCL,Crops and livestock products,143,Morocco,5312,Area harvested,393,Cauliflowers and broccoli,1974,1974,ha,0,M,"Missing value (data cannot exist, not applicable)",
QCL,Crops and livestock products,143,Morocco,5510,Production,393,Cauliflowers and broccoli,1974,1974,t,500,E,Estimated value,
QCL,Crops and livestock products,143,Morocco,5312,Area harvested,393,Cauliflowers and broccoli,1975,1975,ha,0,M,"Missing value (data cannot exist, not applicable)",
QCL,Crops and livestock products,143,Morocco,5510,Production,393,Cauliflowers and broccoli,1975,1975,t,400,E,Estimated value,
QCL,Crops and livestock products,143,Morocco,5312,Area harvested,393,Cauliflowers and broccoli,1976,1976,ha,0,M,"Missing value (data cannot exist, not applicable)",
QCL,Crops and livestock products,143,Morocco,5510,Production,393,Cauliflowers and broccoli,1976,1976,t,400,E,Estimated value,
QCL,Crops and livestock products,143,Morocco,5312,Area harvested,393,Cauliflowers and broccoli,1977,1977,ha,0,M,"Missing value (data cannot exist, not applicable)",
QCL,Crops and livestock products,143,Morocco,5510,Production,393,Cauliflowers and broccoli,1977,1977,t,400,E,Estimated value,
QCL,Crops and livestock products,143,Morocco,5312,Area harvested,393,Cauliflowers and broccoli,1978,1978,ha,0,M,"Missing value (data cannot exist, not applicable)",
QCL,Crops and livestock products,143,Morocco,5510,Production,393,Cauliflowers and broccoli,1978,1978,t,400,E,Estimated value,
QCL,Crops and livestock products,143,Morocco,5312,Area harvested,393,Cauliflowers and broccoli,1979,1979,ha,0,M,"Missing value (data cannot exist, not applicable)",
QCL,Crops and livestock products,143,Morocco,5510,Production,393,Cauliflowers and broccoli,1979,1979,t,500,E,Estimated value,
QCL,Crops and livestock products,143,Morocco,5312,Area harvested,393,Cauliflowers and broccoli,1980,1980,ha,0,M,"Missing value (data cannot exist, not applicable)",
QCL,Crops and livestock products,143,Morocco,5510,Production,393,Cauliflowers and broccoli,1980,1980,t,500,E,Estimated value,
QCL,Crops and livestock products,143,Morocco,5312,Area harvested,393,Cauliflowers and broccoli,1981,1981,ha,0,M,"Missing value (data cannot exist, not applicable)",
QCL,Crops and livestock products,143,Morocco,5510,Production,393,Cauliflowers and broccoli,1981,1981,t,600,E,Estimated value,
QCL,Crops and livestock products,143,Morocco,5312,Area harvested,393,Cauliflowers and broccoli,1982,1982,ha,0,M,"Missing value (data cannot exist, not applicable)",
QCL,Crops and livestock products,143,Morocco,5510,Production,393,Cauliflowers and broccoli,1982,1982,t,600,E,Estimated value,
QCL,Crops and livestock products,143,Morocco,5312,Area harvested,393,Cauliflowers and broccoli,1983,1983,ha,0,M,"Missing value (data cannot exist, not applicable)",
QCL,Crops and livestock products,143,Morocco,5510,Production,393,Cauliflowers and broccoli,1983,1983,t,600,E,Estimated value,
QCL,Crops and livestock products,143,Morocco,5312,Area harvested,393,Cauliflowers and broccoli,1984,1984,ha,0,M,"Missing value (data cannot exist, not applicable)",
QCL,Crops and livestock products,143,Morocco,5510,Production,393,Cauliflowers and broccoli,1984,1984,t,1000,E,Estimated value,
QCL,Crops and livestock products,143,Morocco,5312,Area harvested,393,Cauliflowers and broccoli,1985,1985,ha,200,E,Estimated value,
QCL,Crops and livestock products,143,Morocco,5419,Yield,393,Cauliflowers and broccoli,1985,1985,100 g/ha,150000,E,Estimated value,
QCL,Crops and livestock products,143,Morocco,5510,Production,393,Cauliflowers and broccoli,1985,1985,t,3000,E,Estimated value,
QCL,Crops and livestock products,143,Morocco,5312,Area harvested,393,Cauliflowers and broccoli,1986,1986,ha,330,E,Estimated value,
QCL,Crops and livestock products,143,Morocco,5419,Yield,393,Cauliflowers and broccoli,1986,1986,100 g/ha,151515,E,Estimated value,
QCL,Crops and livestock products,143,Morocco,5510,Production,393,Cauliflowers and broccoli,1986,1986,t,5000,E,Estimated value,
QCL,Crops and livestock products,143,Morocco,5312,Area harvested,393,Cauliflowers and broccoli,1987,1987,ha,530,E,Estimated value,
QCL,Crops and livestock products,143,Morocco,5419,Yield,393,Cauliflowers and broccoli,1987,1987,100 g/ha,150943,E,Estimated value,
QCL,Crops and livestock products,143,Morocco,5510,Production,393,Cauliflowers and broccoli,1987,1987,t,8000,E,Estimated value,
QCL,Crops and livestock products,143,Morocco,5312,Area harvested,393,Cauliflowers and broccoli,1988,1988,ha,650,E,Estimated value,
QCL,Crops and livestock products,143,Morocco,5419,Yield,393,Cauliflowers and broccoli,1988,1988,100 g/ha,153846,E,Estimated value,
QCL,Crops and livestock products,143,Morocco,5510,Production,393,Cauliflowers and broccoli,1988,1988,t,10000,E,Estimated value,
QCL,Crops and livestock products,143,Morocco,5312,Area harvested,393,Cauliflowers and broccoli,1989,1989,ha,850,E,Estimated value,
QCL,Crops and livestock products,143,Morocco,5419,Yield,393,Cauliflowers and broccoli,1989,1989,100 g/ha,149659,E,Estimated value,
QCL,Crops and livestock products,143,Morocco,5510,Production,393,Cauliflowers and broccoli,1989,1989,t,12721,A,Official figure,
QCL,Crops and livestock products,143,Morocco,5312,Area harvested,393,Cauliflowers and broccoli,1990,1990,ha,2500,E,Estimated value,
QCL,Crops and livestock products,143,Morocco,5419,Yield,393,Cauliflowers and broccoli,1990,1990,100 g/ha,148032,E,Estimated value,
QCL,Crops and livestock products,143,Morocco,5510,Production,393,Cauliflowers and broccoli,1990,1990,t,37008,A,Official figure,
QCL,Crops and livestock products,143,Morocco,5312,Area harvested,393,Cauliflowers and broccoli,1991,1991,ha,3400,E,Estimated value,
QCL,Crops and livestock products,143,Morocco,5419,Yield,393,Cauliflowers and broccoli,1991,1991,100 g/ha,149309,E,Estimated value,
QCL,Crops and livestock products,143,Morocco,5510,Production,393,Cauliflowers and broccoli,1991,1991,t,50765,A,Official figure,
QCL,Crops and livestock products,143,Morocco,5312,Area harvested,393,Cauliflowers and broccoli,1992,1992,ha,2008,A,Official figure,
QCL,Crops and livestock products,143,Morocco,5419,Yield,393,Cauliflowers and broccoli,1992,1992,100 g/ha,102784,A,Official figure,
QCL,Crops and livestock products,143,Morocco,5510,Production,393,Cauliflowers and broccoli,1992,1992,t,20639,A,Official figure,
QCL,Crops and livestock products,143,Morocco,5312,Area harvested,393,Cauliflowers and broccoli,1993,1993,ha,1130,A,Official figure,
QCL,Crops and livestock products,143,Morocco,5419,Yield,393,Cauliflowers and broccoli,1993,1993,100 g/ha,106195,A,Official figure,
QCL,Crops and livestock products,143,Morocco,5510,Production,393,Cauliflowers and broccoli,1993,1993,t,12000,A,Official figure,
QCL,Crops and livestock products,143,Morocco,5312,Area harvested,393,Cauliflowers and broccoli,1994,1994,ha,1030,A,Official figure,
QCL,Crops and livestock products,143,Morocco,5419,Yield,393,Cauliflowers and broccoli,1994,1994,100 g/ha,151456,A,Official figure,
QCL,Crops and livestock products,143,Morocco,5510,Production,393,Cauliflowers and broccoli,1994,1994,t,15600,A,Official figure,
QCL,Crops and livestock products,143,Morocco,5312,Area harvested,393,Cauliflowers and broccoli,1995,1995,ha,1420,A,Official figure,
QCL,Crops and livestock products,143,Morocco,5419,Yield,393,Cauliflowers and broccoli,1995,1995,100 g/ha,176549,A,Official figure,
QCL,Crops and livestock products,143,Morocco,5510,Production,393,Cauliflowers and broccoli,1995,1995,t,25070,A,Official figure,
QCL,Crops and livestock products,143,Morocco,5312,Area harvested,393,Cauliflowers and broccoli,1996,1996,ha,2100,A,Official figure,
QCL,Crops and livestock products,143,Morocco,5419,Yield,393,Cauliflowers and broccoli,1996,1996,100 g/ha,154762,A,Official figure,
QCL,Crops and livestock products,143,Morocco,5510,Production,393,Cauliflowers and broccoli,1996,1996,t,32500,A,Official figure,
QCL,Crops and livestock products,143,Morocco,5312,Area harvested,393,Cauliflowers and broccoli,1997,1997,ha,2375,A,Official figure,
QCL,Crops and livestock products,143,Morocco,5419,Yield,393,Cauliflowers and broccoli,1997,1997,100 g/ha,200000,A,Official figure,
QCL,Crops and livestock products,143,Morocco,5510,Production,393,Cauliflowers and broccoli,1997,1997,t,47500,A,Official figure,
QCL,Crops and livestock products,143,Morocco,5312,Area harvested,393,Cauliflowers and broccoli,1998,1998,ha,1730,A,Official figure,
QCL,Crops and livestock products,143,Morocco,5419,Yield,393,Cauliflowers and broccoli,1998,1998,100 g/ha,188439,A,Official figure,
QCL,Crops and livestock products,143,Morocco,5510,Production,393,Cauliflowers and broccoli,1998,1998,t,32600,A,Official figure,
QCL,Crops and livestock products,143,Morocco,5312,Area harvested,393,Cauliflowers and broccoli,1999,1999,ha,2030,A,Official figure,
QCL,Crops and livestock products,143,Morocco,5419,Yield,393,Cauliflowers and broccoli,1999,1999,100 g/ha,196404,A,Official figure,
QCL,Crops and livestock products,143,Morocco,5510,Production,393,Cauliflowers and broccoli,1999,1999,t,39870,A,Official figure,
QCL,Crops and livestock products,143,Morocco,5312,Area harvested,393,Cauliflowers and broccoli,2000,2000,ha,1115,A,Official figure,
QCL,Crops and livestock products,143,Morocco,5419,Yield,393,Cauliflowers and broccoli,2000,2000,100 g/ha,216143,A,Official figure,
QCL,Crops and livestock products,143,Morocco,5510,Production,393,Cauliflowers and broccoli,2000,2000,t,24100,A,Official figure,
QCL,Crops and livestock products,143,Morocco,5312,Area harvested,393,Cauliflowers and broccoli,2001,2001,ha,1020,A,Official figure,
QCL,Crops and livestock products,143,Morocco,5419,Yield,393,Cauliflowers and broccoli,2001,2001,100 g/ha,241373,A,Official figure,
QCL,Crops and livestock products,143,Morocco,5510,Production,393,Cauliflowers and broccoli,2001,2001,t,24620,A,Official figure,
QCL,Crops and livestock products,143,Morocco,5312,Area harvested,393,Cauliflowers and broccoli,2002,2002,ha,1560,A,Official figure,
QCL,Crops and livestock products,143,Morocco,5419,Yield,393,Cauliflowers and broccoli,2002,2002,100 g/ha,307179,A,Official figure,
QCL,Crops and livestock products,143,Morocco,5510,Production,393,Cauliflowers and broccoli,2002,2002,t,47920,A,Official figure,
QCL,Crops and livestock products,143,Morocco,5312,Area harvested,393,Cauliflowers and broccoli,2003,2003,ha,3930,A,Official figure,
QCL,Crops and livestock products,143,Morocco,5419,Yield,393,Cauliflowers and broccoli,2003,2003,100 g/ha,52188,A,Official figure,
QCL,Crops and livestock products,143,Morocco,5510,Production,393,Cauliflowers and broccoli,2003,2003,t,20510,A,Official figure,
QCL,Crops and livestock products,143,Morocco,5312,Area harvested,393,Cauliflowers and broccoli,2004,2004,ha,1822,A,Official figure,
QCL,Crops and livestock products,143,Morocco,5419,Yield,393,Cauliflowers and broccoli,2004,2004,100 g/ha,197256,A,Official figure,
QCL,Crops and livestock products,143,Morocco,5510,Production,393,Cauliflowers and broccoli,2004,2004,t,35940,A,Official figure,
QCL,Crops and livestock products,143,Morocco,5312,Area harvested,393,Cauliflowers and broccoli,2005,2005,ha,2015,A,Official figure,
QCL,Crops and livestock products,143,Morocco,5419,Yield,393,Cauliflowers and broccoli,2005,2005,100 g/ha,184467,A,Official figure,
QCL,Crops and livestock products,143,Morocco,5510,Production,393,Cauliflowers and broccoli,2005,2005,t,37170,A,Official figure,
QCL,Crops and livestock products,143,Morocco,5312,Area harvested,393,Cauliflowers and broccoli,2006,2006,ha,2640,A,Official figure,
QCL,Crops and livestock products,143,Morocco,5419,Yield,393,Cauliflowers and broccoli,2006,2006,100 g/ha,276061,A,Official figure,
QCL,Crops and livestock products,143,Morocco,5510,Production,393,Cauliflowers and broccoli,2006,2006,t,72880,A,Official figure,
QCL,Crops and livestock products,143,Morocco,5312,Area harvested,393,Cauliflowers and broccoli,2007,2007,ha,2030,A,Official figure,
QCL,Crops and livestock products,143,Morocco,5419,Yield,393,Cauliflowers and broccoli,2007,2007,100 g/ha,280788,A,Official figure,
QCL,Crops and livestock products,143,Morocco,5510,Production,393,Cauliflowers and broccoli,2007,2007,t,57000,A,Official figure,
QCL,Crops and livestock products,143,Morocco,5312,Area harvested,393,Cauliflowers and broccoli,2008,2008,ha,2230,A,Official figure,
QCL,Crops and livestock products,143,Morocco,5419,Yield,393,Cauliflowers and broccoli,2008,2008,100 g/ha,231502,A,Official figure,
QCL,Crops and livestock products,143,Morocco,5510,Production,393,Cauliflowers and broccoli,2008,2008,t,51625,A,Official figure,
QCL,Crops and livestock products,143,Morocco,5312,Area harvested,393,Cauliflowers and broccoli,2009,2009,ha,2149,A,Official figure,
QCL,Crops and livestock products,143,Morocco,5419,Yield,393,Cauliflowers and broccoli,2009,2009,100 g/ha,238809,A,Official figure,
QCL,Crops and livestock products,143,Morocco,5510,Production,393,Cauliflowers and broccoli,2009,2009,t,51320,A,Official figure,
QCL,Crops and livestock products,143,Morocco,5312,Area harvested,393,Cauliflowers and broccoli,2010,2010,ha,2727,A,Official figure,
QCL,Crops and livestock products,143,Morocco,5419,Yield,393,Cauliflowers and broccoli,2010,2010,100 g/ha,258060,A,Official figure,
QCL,Crops and livestock products,143,Morocco,5510,Production,393,Cauliflowers and broccoli,2010,2010,t,70373,A,Official figure,
QCL,Crops and livestock products,143,Morocco,5312,Area harvested,393,Cauliflowers and broccoli,2011,2011,ha,3637,A,Official figure,
QCL,Crops and livestock products,143,Morocco,5419,Yield,393,Cauliflowers and broccoli,2011,2011,100 g/ha,287514,A,Official figure,
QCL,Crops and livestock products,143,Morocco,5510,Production,393,Cauliflowers and broccoli,2011,2011,t,104569,A,Official figure,
QCL,Crops and livestock products,143,Morocco,5312,Area harvested,393,Cauliflowers and broccoli,2012,2012,ha,2305,A,Official figure,
QCL,Crops and livestock products,143,Morocco,5419,Yield,393,Cauliflowers and broccoli,2012,2012,100 g/ha,264928,A,Official figure,
QCL,Crops and livestock products,143,Morocco,5510,Production,393,Cauliflowers and broccoli,2012,2012,t,61066,A,Official figure,
QCL,Crops and livestock products,143,Morocco,5312,Area harvested,393,Cauliflowers and broccoli,2013,2013,ha,1702,A,Official figure,
QCL,Crops and livestock products,143,Morocco,5419,Yield,393,Cauliflowers and broccoli,2013,2013,100 g/ha,282973,A,Official figure,
QCL,Crops and livestock products,143,Morocco,5510,Production,393,Cauliflowers and broccoli,2013,2013,t,48162,A,Official figure,
QCL,Crops and livestock products,143,Morocco,5312,Area harvested,393,Cauliflowers and broccoli,2014,2014,ha,2147,A,Official figure,
QCL,Crops and livestock products,143,Morocco,5419,Yield,393,Cauliflowers and broccoli,2014,2014,100 g/ha,242725,A,Official figure,
QCL,Crops and livestock products,143,Morocco,5510,Production,393,Cauliflowers and broccoli,2014,2014,t,52113,A,Official figure,
QCL,Crops and livestock products,143,Morocco,5312,Area harvested,393,Cauliflowers and broccoli,2015,2015,ha,1932,A,Official figure,
QCL,Crops and livestock products,143,Morocco,5419,Yield,393,Cauliflowers and broccoli,2015,2015,100 g/ha,236154,A,Official figure,
QCL,Crops and livestock products,143,Morocco,5510,Production,393,Cauliflowers and broccoli,2015,2015,t,45625,A,Official figure,
QCL,Crops and livestock products,143,Morocco,5312,Area harvested,393,Cauliflowers and broccoli,2016,2016,ha,2651,A,Official figure,
QCL,Crops and livestock products,143,Morocco,5419,Yield,393,Cauliflowers and broccoli,2016,2016,100 g/ha,227978,A,Official figure,
QCL,Crops and livestock products,143,Morocco,5510,Production,393,Cauliflowers and broccoli,2016,2016,t,60437,A,Official figure,
QCL,Crops and livestock products,143,Morocco,5312,Area harvested,393,Cauliflowers and broccoli,2017,2017,ha,2280,A,Official figure,
QCL,Crops and livestock products,143,Morocco,5419,Yield,393,Cauliflowers and broccoli,2017,2017,100 g/ha,229232,A,Official figure,
QCL,Crops and livestock products,143,Morocco,5510,Production,393,Cauliflowers and broccoli,2017,2017,t,52265,A,Official figure,
QCL,Crops and livestock products,143,Morocco,5312,Area harvested,393,Cauliflowers and broccoli,2018,2018,ha,2633,A,Official figure,
QCL,Crops and livestock products,143,Morocco,5419,Yield,393,Cauliflowers and broccoli,2018,2018,100 g/ha,224291,A,Official figure,
QCL,Crops and livestock products,143,Morocco,5510,Production,393,Cauliflowers and broccoli,2018,2018,t,59055.7,A,Official figure,
QCL,Crops and livestock products,143,Morocco,5312,Area harvested,393,Cauliflowers and broccoli,2019,2019,ha,2490,A,Official figure,
QCL,Crops and livestock products,143,Morocco,5419,Yield,393,Cauliflowers and broccoli,2019,2019,100 g/ha,203863,A,Official figure,
QCL,Crops and livestock products,143,Morocco,5510,Production,393,Cauliflowers and broccoli,2019,2019,t,50762,A,Official figure,
QCL,Crops and livestock products,143,Morocco,5312,Area harvested,393,Cauliflowers and broccoli,2020,2020,ha,2489,A,Official figure,
QCL,Crops and livestock products,143,Morocco,5419,Yield,393,Cauliflowers and broccoli,2020,2020,100 g/ha,231198,A,Official figure,
QCL,Crops and livestock products,143,Morocco,5510,Production,393,Cauliflowers and broccoli,2020,2020,t,57542.8,A,Official figure,
QCL,Crops and livestock products,143,Morocco,5312,Area harvested,393,Cauliflowers and broccoli,2021,2021,ha,2352,A,Official figure,
QCL,Crops and livestock products,143,Morocco,5419,Yield,393,Cauliflowers and broccoli,2021,2021,100 g/ha,247625,A,Official figure,
QCL,Crops and livestock products,143,Morocco,5510,Production,393,Cauliflowers and broccoli,2021,2021,t,58241.5,A,Official figure,
QCL,Crops and livestock products,143,Morocco,5312,Area harvested,393,Cauliflowers and broccoli,2022,2022,ha,2279,A,Official figure,
QCL,Crops and livestock products,143,Morocco,5419,Yield,393,Cauliflowers and broccoli,2022,2022,100 g/ha,282598,A,Official figure,
QCL,Crops and livestock products,143,Morocco,5510,Production,393,Cauliflowers and broccoli,2022,2022,t,64404,A,Official figure,
QCL,Crops and livestock products,143,Morocco,5312,Area harvested,108,Cereals n.e.c.,1961,1961,ha,30000,E,Estimated value,
QCL,Crops and livestock products,143,Morocco,5419,Yield,108,Cereals n.e.c.,1961,1961,100 g/ha,10167,E,Estimated value,
QCL,Crops and livestock products,143,Morocco,5510,Production,108,Cereals n.e.c.,1961,1961,t,30500,E,Estimated value,
QCL,Crops and livestock products,143,Morocco,5312,Area harvested,108,Cereals n.e.c.,1962,1962,ha,35000,E,Estimated value,
QCL,Crops and livestock products,143,Morocco,5419,Yield,108,Cereals n.e.c.,1962,1962,100 g/ha,10286,E,Estimated value,
QCL,Crops and livestock products,143,Morocco,5510,Production,108,Cereals n.e.c.,1962,1962,t,36000,E,Estimated value,
QCL,Crops and livestock products,143,Morocco,5312,Area harvested,108,Cereals n.e.c.,1963,1963,ha,35000,A,Official figure,
QCL,Crops and livestock products,143,Morocco,5419,Yield,108,Cereals n.e.c.,1963,1963,100 g/ha,9143,A,Official figure,
QCL,Crops and livestock products,143,Morocco,5510,Production,108,Cereals n.e.c.,1963,1963,t,32000,A,Official figure,
QCL,Crops and livestock products,143,Morocco,5312,Area harvested,108,Cereals n.e.c.,1964,1964,ha,31000,A,Official figure,
QCL,Crops and livestock products,143,Morocco,5419,Yield,108,Cereals n.e.c.,1964,1964,100 g/ha,9677,A,Official figure,
QCL,Crops and livestock products,143,Morocco,5510,Production,108,Cereals n.e.c.,1964,1964,t,30000,A,Official figure,
QCL,Crops and livestock products,143,Morocco,5312,Area harvested,108,Cereals n.e.c.,1965,1965,ha,40000,A,Official figure,
QCL,Crops and livestock products,143,Morocco,5419,Yield,108,Cereals n.e.c.,1965,1965,100 g/ha,8250,A,Official figure,
QCL,Crops and livestock products,143,Morocco,5510,Production,108,Cereals n.e.c.,1965,1965,t,33000,A,Official figure,
QCL,Crops and livestock products,143,Morocco,5312,Area harvested,108,Cereals n.e.c.,1966,1966,ha,34000,A,Official figure,
QCL,Crops and livestock products,143,Morocco,5419,Yield,108,Cereals n.e.c.,1966,1966,100 g/ha,7647,E,Estimated value,
QCL,Crops and livestock products,143,Morocco,5510,Production,108,Cereals n.e.c.,1966,1966,t,26000,X,Figure from international organizations,Unofficial figure
QCL,Crops and livestock products,143,Morocco,5312,Area harvested,108,Cereals n.e.c.,1967,1967,ha,34000,A,Official figure,
QCL,Crops and livestock products,143,Morocco,5419,Yield,108,Cereals n.e.c.,1967,1967,100 g/ha,9412,E,Estimated value,
QCL,Crops and livestock products,143,Morocco,5510,Production,108,Cereals n.e.c.,1967,1967,t,32000,X,Figure from international organizations,Unofficial figure
QCL,Crops and livestock products,143,Morocco,5312,Area harvested,108,Cereals n.e.c.,1968,1968,ha,23500,A,Official figure,
QCL,Crops and livestock products,143,Morocco,5419,Yield,108,Cereals n.e.c.,1968,1968,100 g/ha,18298,E,Estimated value,
QCL,Crops and livestock products,143,Morocco,5510,Production,108,Cereals n.e.c.,1968,1968,t,43000,X,Figure from international organizations,Unofficial figure
QCL,Crops and livestock products,143,Morocco,5312,Area harvested,108,Cereals n.e.c.,1969,1969,ha,32000,A,Official figure,
QCL,Crops and livestock products,143,Morocco,5419,Yield,108,Cereals n.e.c.,1969,1969,100 g/ha,10313,E,Estimated value,
QCL,Crops and livestock products,143,Morocco,5510,Production,108,Cereals n.e.c.,1969,1969,t,33000,X,Figure from international organizations,Unofficial figure
QCL,Crops and livestock products,143,Morocco,5312,Area harvested,108,Cereals n.e.c.,1970,1970,ha,64000,A,Official figure,
QCL,Crops and livestock products,143,Morocco,5419,Yield,108,Cereals n.e.c.,1970,1970,100 g/ha,7547,A,Official figure,
QCL,Crops and livestock products,143,Morocco,5510,Production,108,Cereals n.e.c.,1970,1970,t,48300,A,Official figure,
QCL,Crops and livestock products,143,Morocco,5312,Area harvested,108,Cereals n.e.c.,1971,1971,ha,52000,A,Official figure,
QCL,Crops and livestock products,143,Morocco,5419,Yield,108,Cereals n.e.c.,1971,1971,100 g/ha,5788,A,Official figure,
QCL,Crops and livestock products,143,Morocco,5510,Production,108,Cereals n.e.c.,1971,1971,t,30100,A,Official figure,
QCL,Crops and livestock products,143,Morocco,5312,Area harvested,108,Cereals n.e.c.,1972,1972,ha,45400,A,Official figure,
QCL,Crops and livestock products,143,Morocco,5419,Yield,108,Cereals n.e.c.,1972,1972,100 g/ha,10711,A,Official figure,
QCL,Crops and livestock products,143,Morocco,5510,Production,108,Cereals n.e.c.,1972,1972,t,48630,A,Official figure,
QCL,Crops and livestock products,143,Morocco,5312,Area harvested,108,Cereals n.e.c.,1973,1973,ha,70300,A,Official figure,
QCL,Crops and livestock products,143,Morocco,5419,Yield,108,Cereals n.e.c.,1973,1973,100 g/ha,11566,A,Official figure,
QCL,Crops and livestock products,143,Morocco,5510,Production,108,Cereals n.e.c.,1973,1973,t,81310,A,Official figure,
QCL,Crops and livestock products,143,Morocco,5312,Area harvested,108,Cereals n.e.c.,1974,1974,ha,85400,A,Official figure,
QCL,Crops and livestock products,143,Morocco,5419,Yield,108,Cereals n.e.c.,1974,1974,100 g/ha,4304,A,Official figure,
QCL,Crops and livestock products,143,Morocco,5510,Production,108,Cereals n.e.c.,1974,1974,t,36760,A,Official figure,
QCL,Crops and livestock products,143,Morocco,5312,Area harvested,108,Cereals n.e.c.,1975,1975,ha,47900,A,Official figure,
QCL,Crops and livestock products,143,Morocco,5419,Yield,108,Cereals n.e.c.,1975,1975,100 g/ha,8384,A,Official figure,
QCL,Crops and livestock products,143,Morocco,5510,Production,108,Cereals n.e.c.,1975,1975,t,40160,A,Official figure,
QCL,Crops and livestock products,143,Morocco,5312,Area harvested,108,Cereals n.e.c.,1976,1976,ha,54400,A,Official figure,
QCL,Crops and livestock products,143,Morocco,5419,Yield,108,Cereals n.e.c.,1976,1976,100 g/ha,10000,A,Official figure,
QCL,Crops and livestock products,143,Morocco,5510,Production,108,Cereals n.e.c.,1976,1976,t,54400,A,Official figure,
QCL,Crops and livestock products,143,Morocco,5312,Area harvested,108,Cereals n.e.c.,1977,1977,ha,52900,A,Official figure,
QCL,Crops and livestock products,143,Morocco,5419,Yield,108,Cereals n.e.c.,1977,1977,100 g/ha,3599,A,Official figure,
QCL,Crops and livestock products,143,Morocco,5510,Production,108,Cereals n.e.c.,1977,1977,t,19040,A,Official figure,
QCL,Crops and livestock products,143,Morocco,5312,Area harvested,108,Cereals n.e.c.,1978,1978,ha,73500,X,Figure from international organizations,Unofficial figure
QCL,Crops and livestock products,143,Morocco,5419,Yield,108,Cereals n.e.c.,1978,1978,100 g/ha,7483,E,Estimated value,
QCL,Crops and livestock products,143,Morocco,5510,Production,108,Cereals n.e.c.,1978,1978,t,55000,E,Estimated value,
QCL,Crops and livestock products,143,Morocco,5312,Area harvested,108,Cereals n.e.c.,1979,1979,ha,50200,X,Figure from international organizations,Unofficial figure
QCL,Crops and livestock products,143,Morocco,5419,Yield,108,Cereals n.e.c.,1979,1979,100 g/ha,8167,E,Estimated value,
QCL,Crops and livestock products,143,Morocco,5510,Production,108,Cereals n.e.c.,1979,1979,t,41000,A,Official figure,
QCL,Crops and livestock products,143,Morocco,5312,Area harvested,108,Cereals n.e.c.,1980,1980,ha,58000,A,Official figure,
QCL,Crops and livestock products,143,Morocco,5419,Yield,108,Cereals n.e.c.,1980,1980,100 g/ha,10172,A,Official figure,
QCL,Crops and livestock products,143,Morocco,5510,Production,108,Cereals n.e.c.,1980,1980,t,59000,A,Official figure,
QCL,Crops and livestock products,143,Morocco,5312,Area harvested,108,Cereals n.e.c.,1981,1981,ha,49000,A,Official figure,
QCL,Crops and livestock products,143,Morocco,5419,Yield,108,Cereals n.e.c.,1981,1981,100 g/ha,8367,A,Official figure,
QCL,Crops and livestock products,143,Morocco,5510,Production,108,Cereals n.e.c.,1981,1981,t,41000,A,Official figure,
QCL,Crops and livestock products,143,Morocco,5312,Area harvested,108,Cereals n.e.c.,1982,1982,ha,33000,A,Official figure,
QCL,Crops and livestock products,143,Morocco,5419,Yield,108,Cereals n.e.c.,1982,1982,100 g/ha,9697,A,Official figure,
QCL,Crops and livestock products,143,Morocco,5510,Production,108,Cereals n.e.c.,1982,1982,t,32000,A,Official figure,
QCL,Crops and livestock products,143,Morocco,5312,Area harvested,108,Cereals n.e.c.,1983,1983,ha,43000,A,Official figure,
QCL,Crops and livestock products,143,Morocco,5419,Yield,108,Cereals n.e.c.,1983,1983,100 g/ha,8837,A,Official figure,
QCL,Crops and livestock products,143,Morocco,5510,Production,108,Cereals n.e.c.,1983,1983,t,38000,A,Official figure,
QCL,Crops and livestock products,143,Morocco,5312,Area harvested,108,Cereals n.e.c.,1984,1984,ha,23000,A,Official figure,
QCL,Crops and livestock products,143,Morocco,5419,Yield,108,Cereals n.e.c.,1984,1984,100 g/ha,8043,A,Official figure,
QCL,Crops and livestock products,143,Morocco,5510,Production,108,Cereals n.e.c.,1984,1984,t,18500,A,Official figure,
QCL,Crops and livestock products,143,Morocco,5312,Area harvested,108,Cereals n.e.c.,1985,1985,ha,18000,A,Official figure,
QCL,Crops and livestock products,143,Morocco,5419,Yield,108,Cereals n.e.c.,1985,1985,100 g/ha,11778,A,Official figure,
QCL,Crops and livestock products,143,Morocco,5510,Production,108,Cereals n.e.c.,1985,1985,t,21200,A,Official figure,
QCL,Crops and livestock products,143,Morocco,5312,Area harvested,108,Cereals n.e.c.,1986,1986,ha,20000,E,Estimated value,
QCL,Crops and livestock products,143,Morocco,5419,Yield,108,Cereals n.e.c.,1986,1986,100 g/ha,10000,E,Estimated value,
QCL,Crops and livestock products,143,Morocco,5510,Production,108,Cereals n.e.c.,1986,1986,t,20000,E,Estimated value,
QCL,Crops and livestock products,143,Morocco,5312,Area harvested,108,Cereals n.e.c.,1987,1987,ha,18000,E,Estimated value,
QCL,Crops and livestock products,143,Morocco,5419,Yield,108,Cereals n.e.c.,1987,1987,100 g/ha,10000,E,Estimated value,
QCL,Crops and livestock products,143,Morocco,5510,Production,108,Cereals n.e.c.,1987,1987,t,18000,E,Estimated value,
QCL,Crops and livestock products,143,Morocco,5312,Area harvested,108,Cereals n.e.c.,1988,1988,ha,16000,E,Estimated value,
QCL,Crops and livestock products,143,Morocco,5419,Yield,108,Cereals n.e.c.,1988,1988,100 g/ha,10000,E,Estimated value,
QCL,Crops and livestock products,143,Morocco,5510,Production,108,Cereals n.e.c.,1988,1988,t,16000,E,Estimated value,
QCL,Crops and livestock products,143,Morocco,5312,Area harvested,108,Cereals n.e.c.,1989,1989,ha,14000,E,Estimated value,
QCL,Crops and livestock products,143,Morocco,5419,Yield,108,Cereals n.e.c.,1989,1989,100 g/ha,10000,E,Estimated value,
QCL,Crops and livestock products,143,Morocco,5510,Production,108,Cereals n.e.c.,1989,1989,t,14000,E,Estimated value,
QCL,Crops and livestock products,143,Morocco,5312,Area harvested,108,Cereals n.e.c.,1990,1990,ha,11500,A,Official figure,
QCL,Crops and livestock products,143,Morocco,5419,Yield,108,Cereals n.e.c.,1990,1990,100 g/ha,10739,A,Official figure,
QCL,Crops and livestock products,143,Morocco,5510,Production,108,Cereals n.e.c.,1990,1990,t,12350,A,Official figure,
QCL,Crops and livestock products,143,Morocco,5312,Area harvested,108,Cereals n.e.c.,1991,1991,ha,14500,A,Official figure,
QCL,Crops and livestock products,143,Morocco,5419,Yield,108,Cereals n.e.c.,1991,1991,100 g/ha,9900,A,Official figure,
QCL,Crops and livestock products,143,Morocco,5510,Production,108,Cereals n.e.c.,1991,1991,t,14355,A,Official figure,
QCL,Crops and livestock products,143,Morocco,5312,Area harvested,108,Cereals n.e.c.,1992,1992,ha,15800,A,Official figure,
QCL,Crops and livestock products,143,Morocco,5419,Yield,108,Cereals n.e.c.,1992,1992,100 g/ha,9335,A,Official figure,
QCL,Crops and livestock products,143,Morocco,5510,Production,108,Cereals n.e.c.,1992,1992,t,14750,A,Official figure,
QCL,Crops and livestock products,143,Morocco,5312,Area harvested,108,Cereals n.e.c.,1993,1993,ha,19500,A,Official figure,
QCL,Crops and livestock products,143,Morocco,5419,Yield,108,Cereals n.e.c.,1993,1993,100 g/ha,5882,A,Official figure,
QCL,Crops and livestock products,143,Morocco,5510,Production,108,Cereals n.e.c.,1993,1993,t,11470,A,Official figure,
QCL,Crops and livestock products,143,Morocco,5312,Area harvested,108,Cereals n.e.c.,1994,1994,ha,9200,A,Official figure,
QCL,Crops and livestock products,143,Morocco,5419,Yield,108,Cereals n.e.c.,1994,1994,100 g/ha,15315,A,Official figure,
QCL,Crops and livestock products,143,Morocco,5510,Production,108,Cereals n.e.c.,1994,1994,t,14090,A,Official figure,
QCL,Crops and livestock products,143,Morocco,5312,Area harvested,108,Cereals n.e.c.,1995,1995,ha,1400,A,Official figure,
QCL,Crops and livestock products,143,Morocco,5419,Yield,108,Cereals n.e.c.,1995,1995,100 g/ha,55714,A,Official figure,
QCL,Crops and livestock products,143,Morocco,5510,Production,108,Cereals n.e.c.,1995,1995,t,7800,A,Official figure,
QCL,Crops and livestock products,143,Morocco,5312,Area harvested,108,Cereals n.e.c.,1996,1996,ha,3400,A,Official figure,
QCL,Crops and livestock products,143,Morocco,5419,Yield,108,Cereals n.e.c.,1996,1996,100 g/ha,10912,A,Official figure,
QCL,Crops and livestock products,143,Morocco,5510,Production,108,Cereals n.e.c.,1996,1996,t,3710,A,Official figure,
QCL,Crops and livestock products,143,Morocco,5312,Area harvested,108,Cereals n.e.c.,1997,1997,ha,7200,A,Official figure,
QCL,Crops and livestock products,143,Morocco,5419,Yield,108,Cereals n.e.c.,1997,1997,100 g/ha,5000,A,Official figure,
QCL,Crops and livestock products,143,Morocco,5510,Production,108,Cereals n.e.c.,1997,1997,t,3600,A,Official figure,
QCL,Crops and livestock products,143,Morocco,5312,Area harvested,108,Cereals n.e.c.,1998,1998,ha,5100,A,Official figure,
QCL,Crops and livestock products,143,Morocco,5419,Yield,108,Cereals n.e.c.,1998,1998,100 g/ha,7196,A,Official figure,
QCL,Crops and livestock products,143,Morocco,5510,Production,108,Cereals n.e.c.,1998,1998,t,3670,A,Official figure,
QCL,Crops and livestock products,143,Morocco,5312,Area harvested,108,Cereals n.e.c.,1999,1999,ha,4600,A,Official figure,
QCL,Crops and livestock products,143,Morocco,5419,Yield,108,Cereals n.e.c.,1999,1999,100 g/ha,6348,A,Official figure,
QCL,Crops and livestock products,143,Morocco,5510,Production,108,Cereals n.e.c.,1999,1999,t,2920,A,Official figure,
QCL,Crops and livestock products,143,Morocco,5312,Area harvested,108,Cereals n.e.c.,2000,2000,ha,4600,A,Official figure,
QCL,Crops and livestock products,143,Morocco,5419,Yield,108,Cereals n.e.c.,2000,2000,100 g/ha,2609,A,Official figure,
QCL,Crops and livestock products,143,Morocco,5510,Production,108,Cereals n.e.c.,2000,2000,t,1200,A,Official figure,
QCL,Crops and livestock products,143,Morocco,5312,Area harvested,108,Cereals n.e.c.,2001,2001,ha,5900,A,Official figure,
QCL,Crops and livestock products,143,Morocco,5419,Yield,108,Cereals n.e.c.,2001,2001,100 g/ha,6390,A,Official figure,
QCL,Crops and livestock products,143,Morocco,5510,Production,108,Cereals n.e.c.,2001,2001,t,3770,A,Official figure,
QCL,Crops and livestock products,143,Morocco,5312,Area harvested,108,Cereals n.e.c.,2002,2002,ha,4800,A,Official figure,
QCL,Crops and livestock products,143,Morocco,5419,Yield,108,Cereals n.e.c.,2002,2002,100 g/ha,5083,A,Official figure,
QCL,Crops and livestock products,143,Morocco,5510,Production,108,Cereals n.e.c.,2002,2002,t,2440,A,Official figure,
QCL,Crops and livestock products,143,Morocco,5312,Area harvested,108,Cereals n.e.c.,2003,2003,ha,6700,A,Official figure,
QCL,Crops and livestock products,143,Morocco,5419,Yield,108,Cereals n.e.c.,2003,2003,100 g/ha,7149,A,Official figure,
QCL,Crops and livestock products,143,Morocco,5510,Production,108,Cereals n.e.c.,2003,2003,t,4790,A,Official figure,
QCL,Crops and livestock products,143,Morocco,5312,Area harvested,108,Cereals n.e.c.,2004,2004,ha,4900,A,Official figure,
QCL,Crops and livestock products,143,Morocco,5419,Yield,108,Cereals n.e.c.,2004,2004,100 g/ha,7143,A,Official figure,
QCL,Crops and livestock products,143,Morocco,5510,Production,108,Cereals n.e.c.,2004,2004,t,3500,A,Official figure,
QCL,Crops and livestock products,143,Morocco,5312,Area harvested,108,Cereals n.e.c.,2005,2005,ha,7000,A,Official figure,
QCL,Crops and livestock products,143,Morocco,5419,Yield,108,Cereals n.e.c.,2005,2005,100 g/ha,6286,A,Official figure,
QCL,Crops and livestock products,143,Morocco,5510,Production,108,Cereals n.e.c.,2005,2005,t,4400,A,Official figure,
QCL,Crops and livestock products,143,Morocco,5312,Area harvested,108,Cereals n.e.c.,2006,2006,ha,6100,A,Official figure,
QCL,Crops and livestock products,143,Morocco,5419,Yield,108,Cereals n.e.c.,2006,2006,100 g/ha,7574,A,Official figure,
QCL,Crops and livestock products,143,Morocco,5510,Production,108,Cereals n.e.c.,2006,2006,t,4620,A,Official figure,
QCL,Crops and livestock products,143,Morocco,5312,Area harvested,108,Cereals n.e.c.,2007,2007,ha,5800,A,Official figure,
QCL,Crops and livestock products,143,Morocco,5419,Yield,108,Cereals n.e.c.,2007,2007,100 g/ha,7845,A,Official figure,
QCL,Crops and livestock products,143,Morocco,5510,Production,108,Cereals n.e.c.,2007,2007,t,4550,A,Official figure,
QCL,Crops and livestock products,143,Morocco,5312,Area harvested,108,Cereals n.e.c.,2008,2008,ha,7200,A,Official figure,
QCL,Crops and livestock products,143,Morocco,5419,Yield,108,Cereals n.e.c.,2008,2008,100 g/ha,7333,A,Official figure,
QCL,Crops and livestock products,143,Morocco,5510,Production,108,Cereals n.e.c.,2008,2008,t,5280,A,Official figure,
QCL,Crops and livestock products,143,Morocco,5312,Area harvested,108,Cereals n.e.c.,2009,2009,ha,5800,A,Official figure,
QCL,Crops and livestock products,143,Morocco,5419,Yield,108,Cereals n.e.c.,2009,2009,100 g/ha,7293,A,Official figure,
QCL,Crops and livestock products,143,Morocco,5510,Production,108,Cereals n.e.c.,2009,2009,t,4230,A,Official figure,
QCL,Crops and livestock products,143,Morocco,5312,Area harvested,108,Cereals n.e.c.,2010,2010,ha,8500,A,Official figure,
QCL,Crops and livestock products,143,Morocco,5419,Yield,108,Cereals n.e.c.,2010,2010,100 g/ha,12329,A,Official figure,
QCL,Crops and livestock products,143,Morocco,5510,Production,108,Cereals n.e.c.,2010,2010,t,10480,A,Official figure,
QCL,Crops and livestock products,143,Morocco,5312,Area harvested,108,Cereals n.e.c.,2011,2011,ha,3200,A,Official figure,
QCL,Crops and livestock products,143,Morocco,5419,Yield,108,Cereals n.e.c.,2011,2011,100 g/ha,8563,A,Official figure,
QCL,Crops and livestock products,143,Morocco,5510,Production,108,Cereals n.e.c.,2011,2011,t,2740,A,Official figure,
QCL,Crops and livestock products,143,Morocco,5312,Area harvested,108,Cereals n.e.c.,2012,2012,ha,2400,X,Figure from international organizations,Unofficial figure
QCL,Crops and livestock products,143,Morocco,5419,Yield,108,Cereals n.e.c.,2012,2012,100 g/ha,9292,X,Figure from international organizations,
QCL,Crops and livestock products,143,Morocco,5510,Production,108,Cereals n.e.c.,2012,2012,t,2230,X,Figure from international organizations,Unofficial figure
QCL,Crops and livestock products,143,Morocco,5312,Area harvested,108,Cereals n.e.c.,2013,2013,ha,3039,I,Imputed value,
QCL,Crops and livestock products,143,Morocco,5419,Yield,108,Cereals n.e.c.,2013,2013,100 g/ha,8645,E,Estimated value,
QCL,Crops and livestock products,143,Morocco,5510,Production,108,Cereals n.e.c.,2013,2013,t,2626.73,I,Imputed value,
QCL,Crops and livestock products,143,Morocco,5312,Area harvested,108,Cereals n.e.c.,2014,2014,ha,3563,I,Imputed value,
QCL,Crops and livestock products,143,Morocco,5419,Yield,108,Cereals n.e.c.,2014,2014,100 g/ha,8134,E,Estimated value,
QCL,Crops and livestock products,143,Morocco,5510,Production,108,Cereals n.e.c.,2014,2014,t,2897.93,I,Imputed value,
QCL,Crops and livestock products,143,Morocco,5312,Area harvested,108,Cereals n.e.c.,2015,2015,ha,3703,I,Imputed value,
QCL,Crops and livestock products,143,Morocco,5419,Yield,108,Cereals n.e.c.,2015,2015,100 g/ha,8444,E,Estimated value,
QCL,Crops and livestock products,143,Morocco,5510,Production,108,Cereals n.e.c.,2015,2015,t,3126.79,I,Imputed value,
QCL,Crops and livestock products,143,Morocco,5312,Area harvested,108,Cereals n.e.c.,2016,2016,ha,3435,E,Estimated value,
QCL,Crops and livestock products,143,Morocco,5419,Yield,108,Cereals n.e.c.,2016,2016,100 g/ha,8396,E,Estimated value,
QCL,Crops and livestock products,143,Morocco,5510,Production,108,Cereals n.e.c.,2016,2016,t,2883.82,E,Estimated value,
QCL,Crops and livestock products,143,Morocco,5312,Area harvested,108,Cereals n.e.c.,2017,2017,ha,4403,I,Imputed value,
QCL,Crops and livestock products,143,Morocco,5419,Yield,108,Cereals n.e.c.,2017,2017,100 g/ha,8169,E,Estimated value,
QCL,Crops and livestock products,143,Morocco,5510,Production,108,Cereals n.e.c.,2017,2017,t,3596.36,I,Imputed value,
QCL,Crops and livestock products,143,Morocco,5312,Area harvested,108,Cereals n.e.c.,2018,2018,ha,5005,I,Imputed value,
QCL,Crops and livestock products,143,Morocco,5419,Yield,108,Cereals n.e.c.,2018,2018,100 g/ha,8088,E,Estimated value,
QCL,Crops and livestock products,143,Morocco,5510,Production,108,Cereals n.e.c.,2018,2018,t,4047.98,I,Imputed value,
QCL,Crops and livestock products,143,Morocco,5312,Area harvested,108,Cereals n.e.c.,2019,2019,ha,6159,I,Imputed value,
QCL,Crops and livestock products,143,Morocco,5419,Yield,108,Cereals n.e.c.,2019,2019,100 g/ha,8362,E,Estimated value,
QCL,Crops and livestock products,143,Morocco,5510,Production,108,Cereals n.e.c.,2019,2019,t,5150,E,Estimated value,
QCL,Crops and livestock products,143,Morocco,5312,Area harvested,108,Cereals n.e.c.,2020,2020,ha,6751,I,Imputed value,
QCL,Crops and livestock products,143,Morocco,5419,Yield,108,Cereals n.e.c.,2020,2020,100 g/ha,8665,E,Estimated value,
QCL,Crops and livestock products,143,Morocco,5510,Production,108,Cereals n.e.c.,2020,2020,t,5850,E,Estimated value,
QCL,Crops and livestock products,143,Morocco,5312,Area harvested,108,Cereals n.e.c.,2021,2021,ha,6064,I,Imputed value,
QCL,Crops and livestock products,143,Morocco,5419,Yield,108,Cereals n.e.c.,2021,2021,100 g/ha,8651,E,Estimated value,
QCL,Crops and livestock products,143,Morocco,5510,Production,108,Cereals n.e.c.,2021,2021,t,5246.11,I,Imputed value,
QCL,Crops and livestock products,143,Morocco,5312,Area harvested,108,Cereals n.e.c.,2022,2022,ha,4787,I,Imputed value,
QCL,Crops and livestock products,143,Morocco,5419,Yield,108,Cereals n.e.c.,2022,2022,100 g/ha,8637,E,Estimated value,
QCL,Crops and livestock products,143,Morocco,5510,Production,108,Cereals n.e.c.,2022,2022,t,4134.72,I,Imputed value,
QCL,Crops and livestock products,143,Morocco,5510,Production,1021,"Cheese from milk of goats, fresh or processed",1961,1961,t,2125,I,Imputed value,
QCL,Crops and livestock products,143,Morocco,5510,Production,1021,"Cheese from milk of goats, fresh or processed",1962,1962,t,2000,I,Imputed value,
QCL,Crops and livestock products,143,Morocco,5510,Production,1021,"Cheese from milk of goats, fresh or processed",1963,1963,t,2025,I,Imputed value,
QCL,Crops and livestock products,143,Morocco,5510,Production,1021,"Cheese from milk of goats, fresh or processed",1964,1964,t,2000,I,Imputed value,
QCL,Crops and livestock products,143,Morocco,5510,Production,1021,"Cheese from milk of goats, fresh or processed",1965,1965,t,2025,I,Imputed value,
QCL,Crops and livestock products,143,Morocco,5510,Production,1021,"Cheese from milk of goats, fresh or processed",1966,1966,t,2100,I,Imputed value,
QCL,Crops and livestock products,143,Morocco,5510,Production,1021,"Cheese from milk of goats, fresh or processed",1967,1967,t,2290,I,Imputed value,
QCL,Crops and livestock products,143,Morocco,5510,Production,1021,"Cheese from milk of goats, fresh or processed",1968,1968,t,2450,I,Imputed value,
QCL,Crops and livestock products,143,Morocco,5510,Production,1021,"Cheese from milk of goats, fresh or processed",1969,1969,t,2630,I,Imputed value,
QCL,Crops and livestock products,143,Morocco,5510,Production,1021,"Cheese from milk of goats, fresh or processed",1970,1970,t,2550,I,Imputed value,
QCL,Crops and livestock products,143,Morocco,5510,Production,1021,"Cheese from milk of goats, fresh or processed",1971,1971,t,2220,I,Imputed value,
QCL,Crops and livestock products,143,Morocco,5510,Production,1021,"Cheese from milk of goats, fresh or processed",1972,1972,t,2400,I,Imputed value,
QCL,Crops and livestock products,143,Morocco,5510,Production,1021,"Cheese from milk of goats, fresh or processed",1973,1973,t,2300,I,Imputed value,
QCL,Crops and livestock products,143,Morocco,5510,Production,1021,"Cheese from milk of goats, fresh or processed",1974,1974,t,2300,I,Imputed value,
QCL,Crops and livestock products,143,Morocco,5510,Production,1021,"Cheese from milk of goats, fresh or processed",1975,1975,t,2300,I,Imputed value,
QCL,Crops and livestock products,143,Morocco,5510,Production,1021,"Cheese from milk of goats, fresh or processed",1976,1976,t,2400,I,Imputed value,
QCL,Crops and livestock products,143,Morocco,5510,Production,1021,"Cheese from milk of goats, fresh or processed",1977,1977,t,2500,I,Imputed value,
QCL,Crops and livestock products,143,Morocco,5510,Production,1021,"Cheese from milk of goats, fresh or processed",1978,1978,t,2560,I,Imputed value,
QCL,Crops and livestock products,143,Morocco,5510,Production,1021,"Cheese from milk of goats, fresh or processed",1979,1979,t,2650,I,Imputed value,
QCL,Crops and livestock products,143,Morocco,5510,Production,1021,"Cheese from milk of goats, fresh or processed",1980,1980,t,2550,I,Imputed value,
QCL,Crops and livestock products,143,Morocco,5510,Production,1021,"Cheese from milk of goats, fresh or processed",1981,1981,t,2800,I,Imputed value,
QCL,Crops and livestock products,143,Morocco,5510,Production,1021,"Cheese from milk of goats, fresh or processed",1982,1982,t,2900,I,Imputed value,
QCL,Crops and livestock products,143,Morocco,5510,Production,1021,"Cheese from milk of goats, fresh or processed",1983,1983,t,3000,I,Imputed value,
QCL,Crops and livestock products,143,Morocco,5510,Production,1021,"Cheese from milk of goats, fresh or processed",1984,1984,t,2000,I,Imputed value,
QCL,Crops and livestock products,143,Morocco,5510,Production,1021,"Cheese from milk of goats, fresh or processed",1985,1985,t,2350,I,Imputed value,
QCL,Crops and livestock products,143,Morocco,5510,Production,1021,"Cheese from milk of goats, fresh or processed",1986,1986,t,3000,I,Imputed value,
QCL,Crops and livestock products,143,Morocco,5510,Production,1021,"Cheese from milk of goats, fresh or processed",1987,1987,t,3300,I,Imputed value,
QCL,Crops and livestock products,143,Morocco,5510,Production,1021,"Cheese from milk of goats, fresh or processed",1988,1988,t,3500,I,Imputed value,
QCL,Crops and livestock products,143,Morocco,5510,Production,1021,"Cheese from milk of goats, fresh or processed",1989,1989,t,3600,I,Imputed value,
QCL,Crops and livestock products,143,Morocco,5510,Production,1021,"Cheese from milk of goats, fresh or processed",1990,1990,t,3650,I,Imputed value,
QCL,Crops and livestock products,143,Morocco,5510,Production,1021,"Cheese from milk of goats, fresh or processed",1991,1991,t,3500,I,Imputed value,
QCL,Crops and livestock products,143,Morocco,5510,Production,1021,"Cheese from milk of goats, fresh or processed",1992,1992,t,3600,I,Imputed value,
QCL,Crops and livestock products,143,Morocco,5510,Production,1021,"Cheese from milk of goats, fresh or processed",1993,1993,t,3700,I,Imputed value,
QCL,Crops and livestock products,143,Morocco,5510,Production,1021,"Cheese from milk of goats, fresh or processed",1994,1994,t,3400,I,Imputed value,
QCL,Crops and livestock products,143,Morocco,5510,Production,1021,"Cheese from milk of goats, fresh or processed",1995,1995,t,3441.5,I,Imputed value,
QCL,Crops and livestock products,143,Morocco,5510,Production,1021,"Cheese from milk of goats, fresh or processed",1996,1996,t,3524.4,I,Imputed value,
QCL,Crops and livestock products,143,Morocco,5510,Production,1021,"Cheese from milk of goats, fresh or processed",1997,1997,t,3400,I,Imputed value,
QCL,Crops and livestock products,143,Morocco,5510,Production,1021,"Cheese from milk of goats, fresh or processed",1998,1998,t,3500,I,Imputed value,
QCL,Crops and livestock products,143,Morocco,5510,Production,1021,"Cheese from milk of goats, fresh or processed",1999,1999,t,3500,I,Imputed value,
QCL,Crops and livestock products,143,Morocco,5510,Production,1021,"Cheese from milk of goats, fresh or processed",2000,2000,t,3650,I,Imputed value,
QCL,Crops and livestock products,143,Morocco,5510,Production,1021,"Cheese from milk of goats, fresh or processed",2001,2001,t,3491.3,I,Imputed value,
QCL,Crops and livestock products,143,Morocco,5510,Production,1021,"Cheese from milk of goats, fresh or processed",2002,2002,t,3808.7,I,Imputed value,
QCL,Crops and livestock products,143,Morocco,5510,Production,1021,"Cheese from milk of goats, fresh or processed",2003,2003,t,3790,I,Imputed value,
QCL,Crops and livestock products,143,Morocco,5510,Production,1021,"Cheese from milk of goats, fresh or processed",2004,2004,t,4169,I,Imputed value,
QCL,Crops and livestock products,143,Morocco,5510,Production,1021,"Cheese from milk of goats, fresh or processed",2005,2005,t,4244.8,I,Imputed value,
QCL,Crops and livestock products,143,Morocco,5510,Production,1021,"Cheese from milk of goats, fresh or processed",2006,2006,t,4548,I,Imputed value,
QCL,Crops and livestock products,143,Morocco,5510,Production,1021,"Cheese from milk of goats, fresh or processed",2007,2007,t,4851.2,I,Imputed value,
QCL,Crops and livestock products,143,Morocco,5510,Production,1021,"Cheese from milk of goats, fresh or processed",2008,2008,t,5154.4,I,Imputed value,
QCL,Crops and livestock products,143,Morocco,5510,Production,1021,"Cheese from milk of goats, fresh or processed",2009,2009,t,4000,I,Imputed value,
QCL,Crops and livestock products,143,Morocco,5510,Production,1021,"Cheese from milk of goats, fresh or processed",2010,2010,t,4430.08,I,Imputed value,
QCL,Crops and livestock products,143,Morocco,5510,Production,1021,"Cheese from milk of goats, fresh or processed",2011,2011,t,5850,I,Imputed value,
QCL,Crops and livestock products,143,Morocco,5510,Production,1021,"Cheese from milk of goats, fresh or processed",2012,2012,t,6000,I,Imputed value,
QCL,Crops and livestock products,143,Morocco,5510,Production,1021,"Cheese from milk of goats, fresh or processed",2013,2013,t,6200,I,Imputed value,
QCL,Crops and livestock products,143,Morocco,5510,Production,1021,"Cheese from milk of goats, fresh or processed",2014,2014,t,4659.4,I,Imputed value,
QCL,Crops and livestock products,143,Morocco,5510,Production,1021,"Cheese from milk of goats, fresh or processed",2015,2015,t,4701.85,I,Imputed value,
QCL,Crops and livestock products,143,Morocco,5510,Production,1021,"Cheese from milk of goats, fresh or processed",2016,2016,t,4393.02,I,Imputed value,
QCL,Crops and livestock products,143,Morocco,5510,Production,1021,"Cheese from milk of goats, fresh or processed",2017,2017,t,4193.84,I,Imputed value,
QCL,Crops and livestock products,143,Morocco,5510,Production,1021,"Cheese from milk of goats, fresh or processed",2018,2018,t,4461.79,I,Imputed value,
QCL,Crops and livestock products,143,Morocco,5510,Production,1021,"Cheese from milk of goats, fresh or processed",2019,2019,t,4592.19,I,Imputed value,
QCL,Crops and livestock products,143,Morocco,5510,Production,1021,"Cheese from milk of goats, fresh or processed",2020,2020,t,4577.23,I,Imputed value,
QCL,Crops and livestock products,143,Morocco,5510,Production,1021,"Cheese from milk of goats, fresh or processed",2021,2021,t,4695.3,I,Imputed value,
QCL,Crops and livestock products,143,Morocco,5510,Production,984,"Cheese from milk of sheep, fresh or processed",1961,1961,t,984.85,I,Imputed value,
QCL,Crops and livestock products,143,Morocco,5510,Production,984,"Cheese from milk of sheep, fresh or processed",1962,1962,t,863.91,I,Imputed value,
QCL,Crops and livestock products,143,Morocco,5510,Production,984,"Cheese from milk of sheep, fresh or processed",1963,1963,t,794.79,I,Imputed value,
QCL,Crops and livestock products,143,Morocco,5510,Production,984,"Cheese from milk of sheep, fresh or processed",1964,1964,t,829.35,I,Imputed value,
QCL,Crops and livestock products,143,Morocco,5510,Production,984,"Cheese from milk of sheep, fresh or processed",1965,1965,t,933.02,I,Imputed value,
QCL,Crops and livestock products,143,Morocco,5510,Production,984,"Cheese from milk of sheep, fresh or processed",1966,1966,t,960.66,I,Imputed value,
QCL,Crops and livestock products,143,Morocco,5510,Production,984,"Cheese from milk of sheep, fresh or processed",1967,1967,t,1022.87,I,Imputed value,
QCL,Crops and livestock products,143,Morocco,5510,Production,984,"Cheese from milk of sheep, fresh or processed",1968,1968,t,1022.87,I,Imputed value,
QCL,Crops and livestock products,143,Morocco,5510,Production,984,"Cheese from milk of sheep, fresh or processed",1969,1969,t,1133.44,I,Imputed value,
QCL,Crops and livestock products,143,Morocco,5510,Production,984,"Cheese from milk of sheep, fresh or processed",1970,1970,t,1161.09,I,Imputed value,
QCL,Crops and livestock products,143,Morocco,5510,Production,984,"Cheese from milk of sheep, fresh or processed",1971,1971,t,1244.03,I,Imputed value,
QCL,Crops and livestock products,143,Morocco,5510,Production,984,"Cheese from milk of sheep, fresh or processed",1972,1972,t,1382.25,I,Imputed value,
QCL,Crops and livestock products,143,Morocco,5510,Production,984,"Cheese from milk of sheep, fresh or processed",1973,1973,t,1382.25,I,Imputed value,
QCL,Crops and livestock products,143,Morocco,5510,Production,984,"Cheese from milk of sheep, fresh or processed",1974,1974,t,1244.03,I,Imputed value,
QCL,Crops and livestock products,143,Morocco,5510,Production,984,"Cheese from milk of sheep, fresh or processed",1975,1975,t,2052.64,I,Imputed value,
QCL,Crops and livestock products,143,Morocco,5510,Production,984,"Cheese from milk of sheep, fresh or processed",1976,1976,t,1382.25,I,Imputed value,
QCL,Crops and livestock products,143,Morocco,5510,Production,984,"Cheese from milk of sheep, fresh or processed",1977,1977,t,1382.25,I,Imputed value,
QCL,Crops and livestock products,143,Morocco,5510,Production,984,"Cheese from milk of sheep, fresh or processed",1978,1978,t,1589.59,I,Imputed value,
QCL,Crops and livestock products,143,Morocco,5510,Production,984,"Cheese from milk of sheep, fresh or processed",1979,1979,t,1382.25,I,Imputed value,
QCL,Crops and livestock products,143,Morocco,5510,Production,984,"Cheese from milk of sheep, fresh or processed",1980,1980,t,1382.25,I,Imputed value,
QCL,Crops and livestock products,143,Morocco,5510,Production,984,"Cheese from milk of sheep, fresh or processed",1981,1981,t,1451.36,I,Imputed value,
QCL,Crops and livestock products,143,Morocco,5510,Production,984,"Cheese from milk of sheep, fresh or processed",1982,1982,t,1451.36,I,Imputed value,
QCL,Crops and livestock products,143,Morocco,5510,Production,984,"Cheese from milk of sheep, fresh or processed",1983,1983,t,1451.36,I,Imputed value,
QCL,Crops and livestock products,143,Morocco,5510,Production,984,"Cheese from milk of sheep, fresh or processed",1984,1984,t,1520.47,I,Imputed value,
QCL,Crops and livestock products,143,Morocco,5510,Production,984,"Cheese from milk of sheep, fresh or processed",1985,1985,t,1727.81,I,Imputed value,
QCL,Crops and livestock products,143,Morocco,5510,Production,984,"Cheese from milk of sheep, fresh or processed",1986,1986,t,1935.15,I,Imputed value,
QCL,Crops and livestock products,143,Morocco,5510,Production,984,"Cheese from milk of sheep, fresh or processed",1987,1987,t,2128.66,I,Imputed value,
QCL,Crops and livestock products,143,Morocco,5510,Production,984,"Cheese from milk of sheep, fresh or processed",1988,1988,t,1741.63,I,Imputed value,
QCL,Crops and livestock products,143,Morocco,5510,Production,984,"Cheese from milk of sheep, fresh or processed",1989,1989,t,1790.01,I,Imputed value,
QCL,Crops and livestock products,143,Morocco,5510,Production,984,"Cheese from milk of sheep, fresh or processed",1990,1990,t,1831.48,I,Imputed value,
QCL,Crops and livestock products,143,Morocco,5510,Production,984,"Cheese from milk of sheep, fresh or processed",1991,1991,t,1866.04,I,Imputed value,
QCL,Crops and livestock products,143,Morocco,5510,Production,984,"Cheese from milk of sheep, fresh or processed",1992,1992,t,1914.42,I,Imputed value,
QCL,Crops and livestock products,143,Morocco,5510,Production,984,"Cheese from milk of sheep, fresh or processed",1993,1993,t,1893.68,I,Imputed value,
QCL,Crops and livestock products,143,Morocco,5510,Production,984,"Cheese from milk of sheep, fresh or processed",1994,1994,t,1886.77,I,Imputed value,
QCL,Crops and livestock products,143,Morocco,5510,Production,984,"Cheese from milk of sheep, fresh or processed",1995,1995,t,1909.79,I,Imputed value,
QCL,Crops and livestock products,143,Morocco,5510,Production,984,"Cheese from milk of sheep, fresh or processed",1996,1996,t,1955.81,I,Imputed value,
QCL,Crops and livestock products,143,Morocco,5510,Production,984,"Cheese from milk of sheep, fresh or processed",1997,1997,t,1886.77,I,Imputed value,
QCL,Crops and livestock products,143,Morocco,5510,Production,984,"Cheese from milk of sheep, fresh or processed",1998,1998,t,1886.77,I,Imputed value,
QCL,Crops and livestock products,143,Morocco,5510,Production,984,"Cheese from milk of sheep, fresh or processed",1999,1999,t,1886.77,I,Imputed value,
QCL,Crops and livestock products,143,Morocco,5510,Production,984,"Cheese from milk of sheep, fresh or processed",2000,2000,t,1920.15,I,Imputed value,
QCL,Crops and livestock products,143,Morocco,5510,Production,984,"Cheese from milk of sheep, fresh or processed",2001,2001,t,1836.66,I,Imputed value,
QCL,Crops and livestock products,143,Morocco,5510,Production,984,"Cheese from milk of sheep, fresh or processed",2002,2002,t,1859.13,I,Imputed value,
QCL,Crops and livestock products,143,Morocco,5510,Production,984,"Cheese from milk of sheep, fresh or processed",2003,2003,t,1866.04,I,Imputed value,
QCL,Crops and livestock products,143,Morocco,5510,Production,984,"Cheese from milk of sheep, fresh or processed",2004,2004,t,1886.77,I,Imputed value,
QCL,Crops and livestock products,143,Morocco,5510,Production,984,"Cheese from milk of sheep, fresh or processed",2005,2005,t,1921.05,I,Imputed value,
QCL,Crops and livestock products,143,Morocco,5510,Production,984,"Cheese from milk of sheep, fresh or processed",2006,2006,t,2058.24,I,Imputed value,
QCL,Crops and livestock products,143,Morocco,5510,Production,984,"Cheese from milk of sheep, fresh or processed",2007,2007,t,2195.43,I,Imputed value,
QCL,Crops and livestock products,143,Morocco,5510,Production,984,"Cheese from milk of sheep, fresh or processed",2008,2008,t,2332.62,I,Imputed value,
QCL,Crops and livestock products,143,Morocco,5510,Production,984,"Cheese from milk of sheep, fresh or processed",2009,2009,t,2269.17,I,Imputed value,
QCL,Crops and livestock products,143,Morocco,5510,Production,984,"Cheese from milk of sheep, fresh or processed",2010,2010,t,2647.01,I,Imputed value,
QCL,Crops and livestock products,143,Morocco,5510,Production,984,"Cheese from milk of sheep, fresh or processed",2011,2011,t,2833.61,I,Imputed value,
QCL,Crops and livestock products,143,Morocco,5510,Production,984,"Cheese from milk of sheep, fresh or processed",2012,2012,t,2971.84,I,Imputed value,
QCL,Crops and livestock products,143,Morocco,5510,Production,984,"Cheese from milk of sheep, fresh or processed",2013,2013,t,2488.05,I,Imputed value,
QCL,Crops and livestock products,143,Morocco,5510,Production,984,"Cheese from milk of sheep, fresh or processed",2014,2014,t,2292.21,I,Imputed value,
QCL,Crops and livestock products,143,Morocco,5510,Production,984,"Cheese from milk of sheep, fresh or processed",2015,2015,t,2243.18,I,Imputed value,
QCL,Crops and livestock products,143,Morocco,5510,Production,984,"Cheese from milk of sheep, fresh or processed",2016,2016,t,2337.51,I,Imputed value,
QCL,Crops and livestock products,143,Morocco,5510,Production,984,"Cheese from milk of sheep, fresh or processed",2017,2017,t,2337.91,I,Imputed value,
QCL,Crops and livestock products,143,Morocco,5510,Production,984,"Cheese from milk of sheep, fresh or processed",2018,2018,t,2339.95,I,Imputed value,
QCL,Crops and livestock products,143,Morocco,5510,Production,984,"Cheese from milk of sheep, fresh or processed",2019,2019,t,2518.44,I,Imputed value,
QCL,Crops and livestock products,143,Morocco,5510,Production,984,"Cheese from milk of sheep, fresh or processed",2020,2020,t,2547.96,I,Imputed value,
QCL,Crops and livestock products,143,Morocco,5510,Production,984,"Cheese from milk of sheep, fresh or processed",2021,2021,t,2589.86,I,Imputed value,
QCL,Crops and livestock products,143,Morocco,5510,Production,904,Cheese from skimmed cow milk,1961,1961,t,0,M,"Missing value (data cannot exist, not applicable)",
QCL,Crops and livestock products,143,Morocco,5510,Production,904,Cheese from skimmed cow milk,1962,1962,t,0,M,"Missing value (data cannot exist, not applicable)",
QCL,Crops and livestock products,143,Morocco,5510,Production,904,Cheese from skimmed cow milk,1963,1963,t,0,M,"Missing value (data cannot exist, not applicable)",
QCL,Crops and livestock products,143,Morocco,5510,Production,904,Cheese from skimmed cow milk,1964,1964,t,0,M,"Missing value (data cannot exist, not applicable)",
QCL,Crops and livestock products,143,Morocco,5510,Production,904,Cheese from skimmed cow milk,1965,1965,t,0,M,"Missing value (data cannot exist, not applicable)",
QCL,Crops and livestock products,143,Morocco,5510,Production,904,Cheese from skimmed cow milk,1966,1966,t,0,M,"Missing value (data cannot exist, not applicable)",
QCL,Crops and livestock products,143,Morocco,5510,Production,904,Cheese from skimmed cow milk,1967,1967,t,0,M,"Missing value (data cannot exist, not applicable)",
QCL,Crops and livestock products,143,Morocco,5510,Production,904,Cheese from skimmed cow milk,1968,1968,t,0,M,"Missing value (data cannot exist, not applicable)",
QCL,Crops and livestock products,143,Morocco,5510,Production,904,Cheese from skimmed cow milk,1969,1969,t,0,M,"Missing value (data cannot exist, not applicable)",
QCL,Crops and livestock products,143,Morocco,5510,Production,904,Cheese from skimmed cow milk,1970,1970,t,0,M,"Missing value (data cannot exist, not applicable)",
QCL,Crops and livestock products,143,Morocco,5510,Production,904,Cheese from skimmed cow milk,1971,1971,t,0,M,"Missing value (data cannot exist, not applicable)",
QCL,Crops and livestock products,143,Morocco,5510,Production,904,Cheese from skimmed cow milk,1972,1972,t,0,M,"Missing value (data cannot exist, not applicable)",
QCL,Crops and livestock products,143,Morocco,5510,Production,904,Cheese from skimmed cow milk,1973,1973,t,0,M,"Missing value (data cannot exist, not applicable)",
QCL,Crops and livestock products,143,Morocco,5510,Production,904,Cheese from skimmed cow milk,1974,1974,t,0,M,"Missing value (data cannot exist, not applicable)",
QCL,Crops and livestock products,143,Morocco,5510,Production,904,Cheese from skimmed cow milk,1975,1975,t,0,M,"Missing value (data cannot exist, not applicable)",
QCL,Crops and livestock products,143,Morocco,5510,Production,904,Cheese from skimmed cow milk,1976,1976,t,0,M,"Missing value (data cannot exist, not applicable)",
QCL,Crops and livestock products,143,Morocco,5510,Production,904,Cheese from skimmed cow milk,1977,1977,t,0,M,"Missing value (data cannot exist, not applicable)",
QCL,Crops and livestock products,143,Morocco,5510,Production,904,Cheese from skimmed cow milk,1978,1978,t,0,M,"Missing value (data cannot exist, not applicable)",
QCL,Crops and livestock products,143,Morocco,5510,Production,904,Cheese from skimmed cow milk,1979,1979,t,0,M,"Missing value (data cannot exist, not applicable)",
QCL,Crops and livestock products,143,Morocco,5510,Production,904,Cheese from skimmed cow milk,1980,1980,t,0,M,"Missing value (data cannot exist, not applicable)",
QCL,Crops and livestock products,143,Morocco,5510,Production,904,Cheese from skimmed cow milk,1981,1981,t,0,M,"Missing value (data cannot exist, not applicable)",
QCL,Crops and livestock products,143,Morocco,5510,Production,904,Cheese from skimmed cow milk,1982,1982,t,0,M,"Missing value (data cannot exist, not applicable)",
QCL,Crops and livestock products,143,Morocco,5510,Production,904,Cheese from skimmed cow milk,1983,1983,t,0,M,"Missing value (data cannot exist, not applicable)",
QCL,Crops and livestock products,143,Morocco,5510,Production,904,Cheese from skimmed cow milk,1984,1984,t,0,M,"Missing value (data cannot exist, not applicable)",
QCL,Crops and livestock products,143,Morocco,5510,Production,904,Cheese from skimmed cow milk,1985,1985,t,0,M,"Missing value (data cannot exist, not applicable)",
QCL,Crops and livestock products,143,Morocco,5510,Production,904,Cheese from skimmed cow milk,1986,1986,t,0,M,"Missing value (data cannot exist, not applicable)",
QCL,Crops and livestock products,143,Morocco,5510,Production,904,Cheese from skimmed cow milk,1987,1987,t,0,M,"Missing value (data cannot exist, not applicable)",
QCL,Crops and livestock products,143,Morocco,5510,Production,904,Cheese from skimmed cow milk,1988,1988,t,0,M,"Missing value (data cannot exist, not applicable)",
QCL,Crops and livestock products,143,Morocco,5510,Production,904,Cheese from skimmed cow milk,1989,1989,t,0,M,"Missing value (data cannot exist, not applicable)",
QCL,Crops and livestock products,143,Morocco,5510,Production,904,Cheese from skimmed cow milk,1990,1990,t,0,M,"Missing value (data cannot exist, not applicable)",
QCL,Crops and livestock products,143,Morocco,5510,Production,904,Cheese from skimmed cow milk,1996,1996,t,14524.6,I,Imputed value,
QCL,Crops and livestock products,143,Morocco,5510,Production,904,Cheese from skimmed cow milk,1997,1997,t,20531.4,I,Imputed value,
QCL,Crops and livestock products,143,Morocco,5510,Production,904,Cheese from skimmed cow milk,1998,1998,t,17428.8,I,Imputed value,
QCL,Crops and livestock products,143,Morocco,5510,Production,904,Cheese from skimmed cow milk,1999,1999,t,19307,I,Imputed value,
QCL,Crops and livestock products,143,Morocco,5510,Production,904,Cheese from skimmed cow milk,2000,2000,t,19647.8,I,Imputed value,
QCL,Crops and livestock products,143,Morocco,5510,Production,904,Cheese from skimmed cow milk,2001,2001,t,18862.8,I,Imputed value,
QCL,Crops and livestock products,143,Morocco,5510,Production,904,Cheese from skimmed cow milk,2002,2002,t,20547.4,I,Imputed value,
QCL,Crops and livestock products,143,Morocco,5510,Production,904,Cheese from skimmed cow milk,2003,2003,t,20760,I,Imputed value,
QCL,Crops and livestock products,143,Morocco,5510,Production,904,Cheese from skimmed cow milk,2004,2004,t,22825.6,I,Imputed value,
QCL,Crops and livestock products,143,Morocco,5510,Production,904,Cheese from skimmed cow milk,2005,2005,t,23225.08,I,Imputed value,
QCL,Crops and livestock products,143,Morocco,5510,Production,904,Cheese from skimmed cow milk,2006,2006,t,24885.52,I,Imputed value,
QCL,Crops and livestock products,143,Morocco,5510,Production,904,Cheese from skimmed cow milk,2007,2007,t,26562.75,I,Imputed value,
QCL,Crops and livestock products,143,Morocco,5510,Production,904,Cheese from skimmed cow milk,2008,2008,t,28202.05,I,Imputed value,
QCL,Crops and livestock products,143,Morocco,5510,Production,904,Cheese from skimmed cow milk,2009,2009,t,29861.45,I,Imputed value,
QCL,Crops and livestock products,143,Morocco,5510,Production,904,Cheese from skimmed cow milk,2010,2010,t,15597.88,I,Imputed value,
QCL,Crops and livestock products,143,Morocco,5510,Production,904,Cheese from skimmed cow milk,2011,2011,t,18060.62,I,Imputed value,
QCL,Crops and livestock products,143,Morocco,5510,Production,904,Cheese from skimmed cow milk,2012,2012,t,20654.39,I,Imputed value,
QCL,Crops and livestock products,143,Morocco,5510,Production,904,Cheese from skimmed cow milk,2013,2013,t,18805.55,I,Imputed value,
QCL,Crops and livestock products,143,Morocco,5510,Production,904,Cheese from skimmed cow milk,2014,2014,t,19709.59,I,Imputed value,
QCL,Crops and livestock products,143,Morocco,5510,Production,904,Cheese from skimmed cow milk,2015,2015,t,20114.83,I,Imputed value,
QCL,Crops and livestock products,143,Morocco,5510,Production,904,Cheese from skimmed cow milk,2016,2016,t,20515.16,I,Imputed value,
QCL,Crops and livestock products,143,Morocco,5510,Production,904,Cheese from skimmed cow milk,2017,2017,t,20935.43,I,Imputed value,
QCL,Crops and livestock products,143,Morocco,5510,Production,904,Cheese from skimmed cow milk,2018,2018,t,20936.11,I,Imputed value,
QCL,Crops and livestock products,143,Morocco,5510,Production,904,Cheese from skimmed cow milk,2019,2019,t,20938.3,I,Imputed value,
QCL,Crops and livestock products,143,Morocco,5510,Production,904,Cheese from skimmed cow milk,2020,2020,t,21139.89,I,Imputed value,
QCL,Crops and livestock products,143,Morocco,5510,Production,904,Cheese from skimmed cow milk,2021,2021,t,21144.29,I,Imputed value,
QCL,Crops and livestock products,143,Morocco,5510,Production,901,Cheese from whole cow milk,1961,1961,t,708.83,I,Imputed value,
QCL,Crops and livestock products,143,Morocco,5510,Production,901,Cheese from whole cow milk,1962,1962,t,649.07,I,Imputed value,
QCL,Crops and livestock products,143,Morocco,5510,Production,901,Cheese from whole cow milk,1963,1963,t,679.96,I,Imputed value,
QCL,Crops and livestock products,143,Morocco,5510,Production,901,Cheese from whole cow milk,1964,1964,t,726.72,I,Imputed value,
QCL,Crops and livestock products,143,Morocco,5510,Production,901,Cheese from whole cow milk,1965,1965,t,770.51,I,Imputed value,
QCL,Crops and livestock products,143,Morocco,5510,Production,901,Cheese from whole cow milk,1966,1966,t,830.25,I,Imputed value,
QCL,Crops and livestock products,143,Morocco,5510,Production,901,Cheese from whole cow milk,1967,1967,t,840.57,I,Imputed value,
QCL,Crops and livestock products,143,Morocco,5510,Production,901,Cheese from whole cow milk,1968,1968,t,840.56,I,Imputed value,
QCL,Crops and livestock products,143,Morocco,5510,Production,901,Cheese from whole cow milk,1969,1969,t,891,I,Imputed value,
QCL,Crops and livestock products,143,Morocco,5510,Production,901,Cheese from whole cow milk,1970,1970,t,911.25,I,Imputed value,
QCL,Crops and livestock products,143,Morocco,5510,Production,901,Cheese from whole cow milk,1971,1971,t,939.6,I,Imputed value,
QCL,Crops and livestock products,143,Morocco,5510,Production,901,Cheese from whole cow milk,1972,1972,t,975.11,I,Imputed value,
QCL,Crops and livestock products,143,Morocco,5510,Production,901,Cheese from whole cow milk,1973,1973,t,1016.28,I,Imputed value,
QCL,Crops and livestock products,143,Morocco,5510,Production,901,Cheese from whole cow milk,1974,1974,t,976.76,I,Imputed value,
QCL,Crops and livestock products,143,Morocco,5510,Production,901,Cheese from whole cow milk,1975,1975,t,927.51,I,Imputed value,
QCL,Crops and livestock products,143,Morocco,5510,Production,901,Cheese from whole cow milk,1976,1976,t,1016.69,I,Imputed value,
QCL,Crops and livestock products,143,Morocco,5510,Production,901,Cheese from whole cow milk,1977,1977,t,1140.08,I,Imputed value,
QCL,Crops and livestock products,143,Morocco,5510,Production,901,Cheese from whole cow milk,1978,1978,t,1257.54,I,Imputed value,
QCL,Crops and livestock products,143,Morocco,5510,Production,901,Cheese from whole cow milk,1979,1979,t,1522.94,I,Imputed value,
QCL,Crops and livestock products,143,Morocco,5510,Production,901,Cheese from whole cow milk,1980,1980,t,1482.73,I,Imputed value,
QCL,Crops and livestock products,143,Morocco,5510,Production,901,Cheese from whole cow milk,1981,1981,t,1584.73,I,Imputed value,
QCL,Crops and livestock products,143,Morocco,5510,Production,901,Cheese from whole cow milk,1982,1982,t,1603.96,I,Imputed value,
QCL,Crops and livestock products,143,Morocco,5510,Production,901,Cheese from whole cow milk,1983,1983,t,1620,I,Imputed value,
QCL,Crops and livestock products,143,Morocco,5510,Production,901,Cheese from whole cow milk,1984,1984,t,1417.5,I,Imputed value,
QCL,Crops and livestock products,143,Morocco,5510,Production,901,Cheese from whole cow milk,1985,1985,t,1474.2,I,Imputed value,
QCL,Crops and livestock products,143,Morocco,5510,Production,901,Cheese from whole cow milk,1986,1986,t,1478.25,I,Imputed value,
QCL,Crops and livestock products,143,Morocco,5510,Production,901,Cheese from whole cow milk,1987,1987,t,1585.58,I,Imputed value,
QCL,Crops and livestock products,143,Morocco,5510,Production,901,Cheese from whole cow milk,1988,1988,t,1798.2,I,Imputed value,
QCL,Crops and livestock products,143,Morocco,5510,Production,901,Cheese from whole cow milk,1989,1989,t,1950.08,I,Imputed value,
QCL,Crops and livestock products,143,Morocco,5510,Production,901,Cheese from whole cow milk,1990,1990,t,1812.38,I,Imputed value,
QCL,Crops and livestock products,143,Morocco,5510,Production,901,Cheese from whole cow milk,1991,1991,t,1881.24,I,Imputed value,
QCL,Crops and livestock products,143,Morocco,5510,Production,901,Cheese from whole cow milk,1992,1992,t,1918.94,I,Imputed value,
QCL,Crops and livestock products,143,Morocco,5510,Production,901,Cheese from whole cow milk,1993,1993,t,1697.84,I,Imputed value,
QCL,Crops and livestock products,143,Morocco,5510,Production,901,Cheese from whole cow milk,1994,1994,t,1710.36,I,Imputed value,
QCL,Crops and livestock products,143,Morocco,5510,Production,901,Cheese from whole cow milk,1995,1995,t,1731.23,I,Imputed value,
QCL,Crops and livestock products,143,Morocco,5510,Production,901,Cheese from whole cow milk,1996,1996,t,1772.98,I,Imputed value,
QCL,Crops and livestock products,143,Morocco,5510,Production,901,Cheese from whole cow milk,1997,1997,t,2506.36,I,Imputed value,
QCL,Crops and livestock products,143,Morocco,5510,Production,901,Cheese from whole cow milk,1998,1998,t,2127.51,I,Imputed value,
QCL,Crops and livestock products,143,Morocco,5510,Production,901,Cheese from whole cow milk,1999,1999,t,2356.94,I,Imputed value,
QCL,Crops and livestock products,143,Morocco,5510,Production,901,Cheese from whole cow milk,2000,2000,t,2398.66,I,Imputed value,
QCL,Crops and livestock products,143,Morocco,5510,Production,901,Cheese from whole cow milk,2001,2001,t,2302.5,I,Imputed value,
QCL,Crops and livestock products,143,Morocco,5510,Production,901,Cheese from whole cow milk,2002,2002,t,2506.81,I,Imputed value,
QCL,Crops and livestock products,143,Morocco,5510,Production,901,Cheese from whole cow milk,2003,2003,t,2534.26,I,Imputed value,
QCL,Crops and livestock products,143,Morocco,5510,Production,901,Cheese from whole cow milk,2004,2004,t,2786.11,I,Imputed value,
QCL,Crops and livestock products,143,Morocco,5510,Production,901,Cheese from whole cow milk,2005,2005,t,2835.37,I,Imputed value,
QCL,Crops and livestock products,143,Morocco,5510,Production,901,Cheese from whole cow milk,2006,2006,t,3037.87,I,Imputed value,
QCL,Crops and livestock products,143,Morocco,5510,Production,901,Cheese from whole cow milk,2007,2007,t,3242.26,I,Imputed value,
QCL,Crops and livestock products,143,Morocco,5510,Production,901,Cheese from whole cow milk,2008,2008,t,3442.78,I,Imputed value,
QCL,Crops and livestock products,143,Morocco,5510,Production,901,Cheese from whole cow milk,2009,2009,t,3645.37,I,Imputed value,
QCL,Crops and livestock products,143,Morocco,5510,Production,901,Cheese from whole cow milk,2010,2010,t,3847.87,I,Imputed value,
QCL,Crops and livestock products,143,Morocco,5510,Production,901,Cheese from whole cow milk,2011,2011,t,4455.57,I,Imputed value,
QCL,Crops and livestock products,143,Morocco,5510,Production,901,Cheese from whole cow milk,2012,2012,t,5095.2,I,Imputed value,
QCL,Crops and livestock products,143,Morocco,5510,Production,901,Cheese from whole cow milk,2013,2013,t,4638.7,I,Imputed value,
QCL,Crops and livestock products,143,Morocco,5510,Production,901,Cheese from whole cow milk,2014,2014,t,4861.43,I,Imputed value,
QCL,Crops and livestock products,143,Morocco,5510,Production,901,Cheese from whole cow milk,2015,2015,t,4961.66,I,Imputed value,
QCL,Crops and livestock products,143,Morocco,5510,Production,901,Cheese from whole cow milk,2016,2016,t,5060.45,I,Imputed value,
QCL,Crops and livestock products,143,Morocco,5510,Production,901,Cheese from whole cow milk,2017,2017,t,5164.18,I,Imputed value,
QCL,Crops and livestock products,143,Morocco,5510,Production,901,Cheese from whole cow milk,2018,2018,t,5164.23,I,Imputed value,
QCL,Crops and livestock products,143,Morocco,5510,Production,901,Cheese from whole cow milk,2019,2019,t,5164.71,I,Imputed value,
QCL,Crops and livestock products,143,Morocco,5510,Production,901,Cheese from whole cow milk,2020,2020,t,5214.42,I,Imputed value,
QCL,Crops and livestock products,143,Morocco,5510,Production,901,Cheese from whole cow milk,2021,2021,t,5215.5,I,Imputed value,
QCL,Crops and livestock products,143,Morocco,5312,Area harvested,531,Cherries,1961,1961,ha,0,M,"Missing value (data cannot exist, not applicable)",
QCL,Crops and livestock products,143,Morocco,5510,Production,531,Cherries,1961,1961,t,20,E,Estimated value,
QCL,Crops and livestock products,143,Morocco,5312,Area harvested,531,Cherries,1962,1962,ha,0,M,"Missing value (data cannot exist, not applicable)",
QCL,Crops and livestock products,143,Morocco,5510,Production,531,Cherries,1962,1962,t,30,E,Estimated value,
QCL,Crops and livestock products,143,Morocco,5312,Area harvested,531,Cherries,1963,1963,ha,0,M,"Missing value (data cannot exist, not applicable)",
QCL,Crops and livestock products,143,Morocco,5510,Production,531,Cherries,1963,1963,t,30,E,Estimated value,
QCL,Crops and livestock products,143,Morocco,5312,Area harvested,531,Cherries,1964,1964,ha,0,M,"Missing value (data cannot exist, not applicable)",
QCL,Crops and livestock products,143,Morocco,5510,Production,531,Cherries,1964,1964,t,40,E,Estimated value,
QCL,Crops and livestock products,143,Morocco,5312,Area harvested,531,Cherries,1965,1965,ha,0,M,"Missing value (data cannot exist, not applicable)",
QCL,Crops and livestock products,143,Morocco,5510,Production,531,Cherries,1965,1965,t,40,E,Estimated value,
QCL,Crops and livestock products,143,Morocco,5312,Area harvested,531,Cherries,1966,1966,ha,0,M,"Missing value (data cannot exist, not applicable)",
QCL,Crops and livestock products,143,Morocco,5510,Production,531,Cherries,1966,1966,t,60,E,Estimated value,
QCL,Crops and livestock products,143,Morocco,5312,Area harvested,531,Cherries,1967,1967,ha,0,M,"Missing value (data cannot exist, not applicable)",
QCL,Crops and livestock products,143,Morocco,5510,Production,531,Cherries,1967,1967,t,80,E,Estimated value,
QCL,Crops and livestock products,143,Morocco,5312,Area harvested,531,Cherries,1968,1968,ha,0,M,"Missing value (data cannot exist, not applicable)",
QCL,Crops and livestock products,143,Morocco,5510,Production,531,Cherries,1968,1968,t,100,E,Estimated value,
QCL,Crops and livestock products,143,Morocco,5312,Area harvested,531,Cherries,1969,1969,ha,0,M,"Missing value (data cannot exist, not applicable)",
QCL,Crops and livestock products,143,Morocco,5510,Production,531,Cherries,1969,1969,t,120,E,Estimated value,
QCL,Crops and livestock products,143,Morocco,5312,Area harvested,531,Cherries,1970,1970,ha,0,M,"Missing value (data cannot exist, not applicable)",
QCL,Crops and livestock products,143,Morocco,5510,Production,531,Cherries,1970,1970,t,140,E,Estimated value,
QCL,Crops and livestock products,143,Morocco,5312,Area harvested,531,Cherries,1971,1971,ha,0,M,"Missing value (data cannot exist, not applicable)",
QCL,Crops and livestock products,143,Morocco,5510,Production,531,Cherries,1971,1971,t,160,E,Estimated value,
QCL,Crops and livestock products,143,Morocco,5312,Area harvested,531,Cherries,1972,1972,ha,0,M,"Missing value (data cannot exist, not applicable)",
QCL,Crops and livestock products,143,Morocco,5510,Production,531,Cherries,1972,1972,t,180,E,Estimated value,
QCL,Crops and livestock products,143,Morocco,5312,Area harvested,531,Cherries,1973,1973,ha,0,M,"Missing value (data cannot exist, not applicable)",
QCL,Crops and livestock products,143,Morocco,5510,Production,531,Cherries,1973,1973,t,200,E,Estimated value,
QCL,Crops and livestock products,143,Morocco,5312,Area harvested,531,Cherries,1974,1974,ha,0,M,"Missing value (data cannot exist, not applicable)",
QCL,Crops and livestock products,143,Morocco,5510,Production,531,Cherries,1974,1974,t,230,E,Estimated value,
QCL,Crops and livestock products,143,Morocco,5312,Area harvested,531,Cherries,1975,1975,ha,0,M,"Missing value (data cannot exist, not applicable)",
QCL,Crops and livestock products,143,Morocco,5510,Production,531,Cherries,1975,1975,t,250,E,Estimated value,
QCL,Crops and livestock products,143,Morocco,5312,Area harvested,531,Cherries,1976,1976,ha,0,M,"Missing value (data cannot exist, not applicable)",
QCL,Crops and livestock products,143,Morocco,5510,Production,531,Cherries,1976,1976,t,300,E,Estimated value,
QCL,Crops and livestock products,143,Morocco,5312,Area harvested,531,Cherries,1977,1977,ha,0,M,"Missing value (data cannot exist, not applicable)",
QCL,Crops and livestock products,143,Morocco,5510,Production,531,Cherries,1977,1977,t,310,E,Estimated value,
QCL,Crops and livestock products,143,Morocco,5312,Area harvested,531,Cherries,1978,1978,ha,0,M,"Missing value (data cannot exist, not applicable)",
QCL,Crops and livestock products,143,Morocco,5510,Production,531,Cherries,1978,1978,t,340,E,Estimated value,
QCL,Crops and livestock products,143,Morocco,5312,Area harvested,531,Cherries,1979,1979,ha,0,M,"Missing value (data cannot exist, not applicable)",
QCL,Crops and livestock products,143,Morocco,5510,Production,531,Cherries,1979,1979,t,360,E,Estimated value,
QCL,Crops and livestock products,143,Morocco,5312,Area harvested,531,Cherries,1980,1980,ha,0,M,"Missing value (data cannot exist, not applicable)",
QCL,Crops and livestock products,143,Morocco,5510,Production,531,Cherries,1980,1980,t,380,E,Estimated value,
QCL,Crops and livestock products,143,Morocco,5312,Area harvested,531,Cherries,1981,1981,ha,0,M,"Missing value (data cannot exist, not applicable)",
QCL,Crops and livestock products,143,Morocco,5510,Production,531,Cherries,1981,1981,t,400,E,Estimated value,
QCL,Crops and livestock products,143,Morocco,5312,Area harvested,531,Cherries,1982,1982,ha,0,M,"Missing value (data cannot exist, not applicable)",
QCL,Crops and livestock products,143,Morocco,5510,Production,531,Cherries,1982,1982,t,600,E,Estimated value,
QCL,Crops and livestock products,143,Morocco,5312,Area harvested,531,Cherries,1983,1983,ha,0,M,"Missing value (data cannot exist, not applicable)",
QCL,Crops and livestock products,143,Morocco,5510,Production,531,Cherries,1983,1983,t,800,E,Estimated value,
QCL,Crops and livestock products,143,Morocco,5312,Area harvested,531,Cherries,1984,1984,ha,0,M,"Missing value (data cannot exist, not applicable)",
QCL,Crops and livestock products,143,Morocco,5510,Production,531,Cherries,1984,1984,t,700,E,Estimated value,
QCL,Crops and livestock products,143,Morocco,5312,Area harvested,531,Cherries,1985,1985,ha,300,A,Official figure,
QCL,Crops and livestock products,143,Morocco,5419,Yield,531,Cherries,1985,1985,100 g/ha,30000,E,Estimated value,
QCL,Crops and livestock products,143,Morocco,5510,Production,531,Cherries,1985,1985,t,900,E,Estimated value,
QCL,Crops and livestock products,143,Morocco,5312,Area harvested,531,Cherries,1986,1986,ha,300,A,Official figure,
QCL,Crops and livestock products,143,Morocco,5419,Yield,531,Cherries,1986,1986,100 g/ha,33333,E,Estimated value,
QCL,Crops and livestock products,143,Morocco,5510,Production,531,Cherries,1986,1986,t,1000,E,Estimated value,
QCL,Crops and livestock products,143,Morocco,5312,Area harvested,531,Cherries,1987,1987,ha,300,A,Official figure,
QCL,Crops and livestock products,143,Morocco,5419,Yield,531,Cherries,1987,1987,100 g/ha,36667,A,Official figure,
QCL,Crops and livestock products,143,Morocco,5510,Production,531,Cherries,1987,1987,t,1100,A,Official figure,
QCL,Crops and livestock products,143,Morocco,5312,Area harvested,531,Cherries,1988,1988,ha,350,A,Official figure,
QCL,Crops and livestock products,143,Morocco,5419,Yield,531,Cherries,1988,1988,100 g/ha,40000,A,Official figure,
QCL,Crops and livestock products,143,Morocco,5510,Production,531,Cherries,1988,1988,t,1400,A,Official figure,
QCL,Crops and livestock products,143,Morocco,5312,Area harvested,531,Cherries,1989,1989,ha,500,A,Official figure,
QCL,Crops and livestock products,143,Morocco,5419,Yield,531,Cherries,1989,1989,100 g/ha,52000,A,Official figure,
QCL,Crops and livestock products,143,Morocco,5510,Production,531,Cherries,1989,1989,t,2600,A,Official figure,
QCL,Crops and livestock products,143,Morocco,5312,Area harvested,531,Cherries,1990,1990,ha,600,A,Official figure,
QCL,Crops and livestock products,143,Morocco,5419,Yield,531,Cherries,1990,1990,100 g/ha,38333,A,Official figure,
QCL,Crops and livestock products,143,Morocco,5510,Production,531,Cherries,1990,1990,t,2300,A,Official figure,
QCL,Crops and livestock products,143,Morocco,5312,Area harvested,531,Cherries,1991,1991,ha,600,A,Official figure,
QCL,Crops and livestock products,143,Morocco,5419,Yield,531,Cherries,1991,1991,100 g/ha,45000,A,Official figure,
QCL,Crops and livestock products,143,Morocco,5510,Production,531,Cherries,1991,1991,t,2700,A,Official figure,
QCL,Crops and livestock products,143,Morocco,5312,Area harvested,531,Cherries,1992,1992,ha,600,A,Official figure,
QCL,Crops and livestock products,143,Morocco,5419,Yield,531,Cherries,1992,1992,100 g/ha,116667,A,Official figure,
QCL,Crops and livestock products,143,Morocco,5510,Production,531,Cherries,1992,1992,t,7000,A,Official figure,
QCL,Crops and livestock products,143,Morocco,5312,Area harvested,531,Cherries,1993,1993,ha,700,A,Official figure,
QCL,Crops and livestock products,143,Morocco,5419,Yield,531,Cherries,1993,1993,100 g/ha,157143,A,Official figure,
QCL,Crops and livestock products,143,Morocco,5510,Production,531,Cherries,1993,1993,t,11000,A,Official figure,
QCL,Crops and livestock products,143,Morocco,5312,Area harvested,531,Cherries,1994,1994,ha,700,A,Official figure,
QCL,Crops and livestock products,143,Morocco,5419,Yield,531,Cherries,1994,1994,100 g/ha,28571,A,Official figure,
QCL,Crops and livestock products,143,Morocco,5510,Production,531,Cherries,1994,1994,t,2000,A,Official figure,
QCL,Crops and livestock products,143,Morocco,5312,Area harvested,531,Cherries,1995,1995,ha,800,A,Official figure,
QCL,Crops and livestock products,143,Morocco,5419,Yield,531,Cherries,1995,1995,100 g/ha,17500,A,Official figure,
QCL,Crops and livestock products,143,Morocco,5510,Production,531,Cherries,1995,1995,t,1400,A,Official figure,
QCL,Crops and livestock products,143,Morocco,5312,Area harvested,531,Cherries,1996,1996,ha,1200,A,Official figure,
QCL,Crops and livestock products,143,Morocco,5419,Yield,531,Cherries,1996,1996,100 g/ha,33333,A,Official figure,
QCL,Crops and livestock products,143,Morocco,5510,Production,531,Cherries,1996,1996,t,4000,A,Official figure,
QCL,Crops and livestock products,143,Morocco,5312,Area harvested,531,Cherries,1997,1997,ha,900,A,Official figure,
QCL,Crops and livestock products,143,Morocco,5419,Yield,531,Cherries,1997,1997,100 g/ha,35556,A,Official figure,
QCL,Crops and livestock products,143,Morocco,5510,Production,531,Cherries,1997,1997,t,3200,A,Official figure,
QCL,Crops and livestock products,143,Morocco,5312,Area harvested,531,Cherries,1998,1998,ha,1400,A,Official figure,
QCL,Crops and livestock products,143,Morocco,5419,Yield,531,Cherries,1998,1998,100 g/ha,51429,A,Official figure,
QCL,Crops and livestock products,143,Morocco,5510,Production,531,Cherries,1998,1998,t,7200,A,Official figure,
QCL,Crops and livestock products,143,Morocco,5312,Area harvested,531,Cherries,1999,1999,ha,1316,A,Official figure,
QCL,Crops and livestock products,143,Morocco,5419,Yield,531,Cherries,1999,1999,100 g/ha,54453,A,Official figure,
QCL,Crops and livestock products,143,Morocco,5510,Production,531,Cherries,1999,1999,t,7166,A,Official figure,
QCL,Crops and livestock products,143,Morocco,5312,Area harvested,531,Cherries,2000,2000,ha,1300,A,Official figure,
QCL,Crops and livestock products,143,Morocco,5419,Yield,531,Cherries,2000,2000,100 g/ha,49231,A,Official figure,
QCL,Crops and livestock products,143,Morocco,5510,Production,531,Cherries,2000,2000,t,6400,A,Official figure,
QCL,Crops and livestock products,143,Morocco,5312,Area harvested,531,Cherries,2001,2001,ha,1310,A,Official figure,
QCL,Crops and livestock products,143,Morocco,5419,Yield,531,Cherries,2001,2001,100 g/ha,34351,A,Official figure,
QCL,Crops and livestock products,143,Morocco,5510,Production,531,Cherries,2001,2001,t,4500,A,Official figure,
QCL,Crops and livestock products,143,Morocco,5312,Area harvested,531,Cherries,2002,2002,ha,1040,A,Official figure,
QCL,Crops and livestock products,143,Morocco,5419,Yield,531,Cherries,2002,2002,100 g/ha,24038,A,Official figure,
QCL,Crops and livestock products,143,Morocco,5510,Production,531,Cherries,2002,2002,t,2500,A,Official figure,
QCL,Crops and livestock products,143,Morocco,5312,Area harvested,531,Cherries,2003,2003,ha,1260,A,Official figure,
QCL,Crops and livestock products,143,Morocco,5419,Yield,531,Cherries,2003,2003,100 g/ha,29365,A,Official figure,
QCL,Crops and livestock products,143,Morocco,5510,Production,531,Cherries,2003,2003,t,3700,A,Official figure,
QCL,Crops and livestock products,143,Morocco,5312,Area harvested,531,Cherries,2004,2004,ha,1270,A,Official figure,
QCL,Crops and livestock products,143,Morocco,5419,Yield,531,Cherries,2004,2004,100 g/ha,42835,A,Official figure,
QCL,Crops and livestock products,143,Morocco,5510,Production,531,Cherries,2004,2004,t,5440,A,Official figure,
QCL,Crops and livestock products,143,Morocco,5312,Area harvested,531,Cherries,2005,2005,ha,2200,A,Official figure,
QCL,Crops and livestock products,143,Morocco,5419,Yield,531,Cherries,2005,2005,100 g/ha,44545,A,Official figure,
QCL,Crops and livestock products,143,Morocco,5510,Production,531,Cherries,2005,2005,t,9800,A,Official figure,
QCL,Crops and livestock products,143,Morocco,5312,Area harvested,531,Cherries,2006,2006,ha,1400,A,Official figure,
QCL,Crops and livestock products,143,Morocco,5419,Yield,531,Cherries,2006,2006,100 g/ha,39500,A,Official figure,
QCL,Crops and livestock products,143,Morocco,5510,Production,531,Cherries,2006,2006,t,5530,A,Official figure,
QCL,Crops and livestock products,143,Morocco,5312,Area harvested,531,Cherries,2007,2007,ha,1435,A,Official figure,
QCL,Crops and livestock products,143,Morocco,5419,Yield,531,Cherries,2007,2007,100 g/ha,42439,A,Official figure,
QCL,Crops and livestock products,143,Morocco,5510,Production,531,Cherries,2007,2007,t,6090,A,Official figure,
QCL,Crops and livestock products,143,Morocco,5312,Area harvested,531,Cherries,2008,2008,ha,1477,A,Official figure,
QCL,Crops and livestock products,143,Morocco,5419,Yield,531,Cherries,2008,2008,100 g/ha,45118,A,Official figure,
QCL,Crops and livestock products,143,Morocco,5510,Production,531,Cherries,2008,2008,t,6664,A,Official figure,
QCL,Crops and livestock products,143,Morocco,5312,Area harvested,531,Cherries,2009,2009,ha,1558,A,Official figure,
QCL,Crops and livestock products,143,Morocco,5419,Yield,531,Cherries,2009,2009,100 g/ha,48145,A,Official figure,
QCL,Crops and livestock products,143,Morocco,5510,Production,531,Cherries,2009,2009,t,7501,A,Official figure,
QCL,Crops and livestock products,143,Morocco,5312,Area harvested,531,Cherries,2010,2010,ha,2041,A,Official figure,
QCL,Crops and livestock products,143,Morocco,5419,Yield,531,Cherries,2010,2010,100 g/ha,39446,A,Official figure,
QCL,Crops and livestock products,143,Morocco,5510,Production,531,Cherries,2010,2010,t,8051,A,Official figure,
QCL,Crops and livestock products,143,Morocco,5312,Area harvested,531,Cherries,2011,2011,ha,2096,A,Official figure,
QCL,Crops and livestock products,143,Morocco,5419,Yield,531,Cherries,2011,2011,100 g/ha,39170,A,Official figure,
QCL,Crops and livestock products,143,Morocco,5510,Production,531,Cherries,2011,2011,t,8210,A,Official figure,
QCL,Crops and livestock products,143,Morocco,5312,Area harvested,531,Cherries,2012,2012,ha,1437,A,Official figure,
QCL,Crops and livestock products,143,Morocco,5419,Yield,531,Cherries,2012,2012,100 g/ha,50077,A,Official figure,
QCL,Crops and livestock products,143,Morocco,5510,Production,531,Cherries,2012,2012,t,7196,A,Official figure,
QCL,Crops and livestock products,143,Morocco,5312,Area harvested,531,Cherries,2013,2013,ha,1640,A,Official figure,
QCL,Crops and livestock products,143,Morocco,5419,Yield,531,Cherries,2013,2013,100 g/ha,92679,A,Official figure,
QCL,Crops and livestock products,143,Morocco,5510,Production,531,Cherries,2013,2013,t,15199.4,A,Official figure,
QCL,Crops and livestock products,143,Morocco,5312,Area harvested,531,Cherries,2014,2014,ha,1765,A,Official figure,
QCL,Crops and livestock products,143,Morocco,5419,Yield,531,Cherries,2014,2014,100 g/ha,87952,A,Official figure,
QCL,Crops and livestock products,143,Morocco,5510,Production,531,Cherries,2014,2014,t,15523.6,A,Official figure,
QCL,Crops and livestock products,143,Morocco,5312,Area harvested,531,Cherries,2015,2015,ha,1920,A,Official figure,
QCL,Crops and livestock products,143,Morocco,5419,Yield,531,Cherries,2015,2015,100 g/ha,97545,A,Official figure,
QCL,Crops and livestock products,143,Morocco,5510,Production,531,Cherries,2015,2015,t,18728.6,A,Official figure,
QCL,Crops and livestock products,143,Morocco,5312,Area harvested,531,Cherries,2016,2016,ha,3012,A,Official figure,
QCL,Crops and livestock products,143,Morocco,5419,Yield,531,Cherries,2016,2016,100 g/ha,26869,A,Official figure,
QCL,Crops and livestock products,143,Morocco,5510,Production,531,Cherries,2016,2016,t,8093,A,Official figure,
QCL,Crops and livestock products,143,Morocco,5312,Area harvested,531,Cherries,2017,2017,ha,3059,A,Official figure,
QCL,Crops and livestock products,143,Morocco,5419,Yield,531,Cherries,2017,2017,100 g/ha,43829,A,Official figure,
QCL,Crops and livestock products,143,Morocco,5510,Production,531,Cherries,2017,2017,t,13405.7,A,Official figure,
QCL,Crops and livestock products,143,Morocco,5312,Area harvested,531,Cherries,2018,2018,ha,3025,A,Official figure,
QCL,Crops and livestock products,143,Morocco,5419,Yield,531,Cherries,2018,2018,100 g/ha,45177,A,Official figure,
QCL,Crops and livestock products,143,Morocco,5510,Production,531,Cherries,2018,2018,t,13664.5,A,Official figure,
QCL,Crops and livestock products,143,Morocco,5312,Area harvested,531,Cherries,2019,2019,ha,3050,A,Official figure,
QCL,Crops and livestock products,143,Morocco,5419,Yield,531,Cherries,2019,2019,100 g/ha,66725,A,Official figure,
QCL,Crops and livestock products,143,Morocco,5510,Production,531,Cherries,2019,2019,t,20348.7,A,Official figure,
QCL,Crops and livestock products,143,Morocco,5312,Area harvested,531,Cherries,2020,2020,ha,3056,A,Official figure,
QCL,Crops and livestock products,143,Morocco,5419,Yield,531,Cherries,2020,2020,100 g/ha,35232,A,Official figure,
QCL,Crops and livestock products,143,Morocco,5510,Production,531,Cherries,2020,2020,t,10767.2,A,Official figure,
QCL,Crops and livestock products,143,Morocco,5312,Area harvested,531,Cherries,2021,2021,ha,2907,A,Official figure,
QCL,Crops and livestock products,143,Morocco,5419,Yield,531,Cherries,2021,2021,100 g/ha,47485,A,Official figure,
QCL,Crops and livestock products,143,Morocco,5510,Production,531,Cherries,2021,2021,t,13804,A,Official figure,
QCL,Crops and livestock products,143,Morocco,5312,Area harvested,531,Cherries,2022,2022,ha,3553,A,Official figure,
QCL,Crops and livestock products,143,Morocco,5419,Yield,531,Cherries,2022,2022,100 g/ha,44789,A,Official figure,
QCL,Crops and livestock products,143,Morocco,5510,Production,531,Cherries,2022,2022,t,15915.18,A,Official figure,
QCL,Crops and livestock products,143,Morocco,5312,Area harvested,191,"Chick peas, dry",1961,1961,ha,135000,A,Official figure,
QCL,Crops and livestock products,143,Morocco,5419,Yield,191,"Chick peas, dry",1961,1961,100 g/ha,2963,A,Official figure,
QCL,Crops and livestock products,143,Morocco,5510,Production,191,"Chick peas, dry",1961,1961,t,40000,A,Official figure,
QCL,Crops and livestock products,143,Morocco,5312,Area harvested,191,"Chick peas, dry",1962,1962,ha,140000,A,Official figure,
QCL,Crops and livestock products,143,Morocco,5419,Yield,191,"Chick peas, dry",1962,1962,100 g/ha,4000,A,Official figure,
QCL,Crops and livestock products,143,Morocco,5510,Production,191,"Chick peas, dry",1962,1962,t,56000,A,Official figure,
QCL,Crops and livestock products,143,Morocco,5312,Area harvested,191,"Chick peas, dry",1963,1963,ha,140000,A,Official figure,
QCL,Crops and livestock products,143,Morocco,5419,Yield,191,"Chick peas, dry",1963,1963,100 g/ha,5000,A,Official figure,
QCL,Crops and livestock products,143,Morocco,5510,Production,191,"Chick peas, dry",1963,1963,t,70000,A,Official figure,
QCL,Crops and livestock products,143,Morocco,5312,Area harvested,191,"Chick peas, dry",1964,1964,ha,130000,A,Official figure,
QCL,Crops and livestock products,143,Morocco,5419,Yield,191,"Chick peas, dry",1964,1964,100 g/ha,5000,A,Official figure,
QCL,Crops and livestock products,143,Morocco,5510,Production,191,"Chick peas, dry",1964,1964,t,65000,A,Official figure,
QCL,Crops and livestock products,143,Morocco,5312,Area harvested,191,"Chick peas, dry",1965,1965,ha,134000,A,Official figure,
QCL,Crops and livestock products,143,Morocco,5419,Yield,191,"Chick peas, dry",1965,1965,100 g/ha,7015,A,Official figure,
QCL,Crops and livestock products,143,Morocco,5510,Production,191,"Chick peas, dry",1965,1965,t,94000,A,Official figure,
QCL,Crops and livestock products,143,Morocco,5312,Area harvested,191,"Chick peas, dry",1966,1966,ha,156000,A,Official figure,
QCL,Crops and livestock products,143,Morocco,5419,Yield,191,"Chick peas, dry",1966,1966,100 g/ha,4801,A,Official figure,
QCL,Crops and livestock products,143,Morocco,5510,Production,191,"Chick peas, dry",1966,1966,t,74900,A,Official figure,
QCL,Crops and livestock products,143,Morocco,5312,Area harvested,191,"Chick peas, dry",1967,1967,ha,147500,A,Official figure,
QCL,Crops and livestock products,143,Morocco,5419,Yield,191,"Chick peas, dry",1967,1967,100 g/ha,4990,A,Official figure,
QCL,Crops and livestock products,143,Morocco,5510,Production,191,"Chick peas, dry",1967,1967,t,73600,A,Official figure,
QCL,Crops and livestock products,143,Morocco,5312,Area harvested,191,"Chick peas, dry",1968,1968,ha,121100,A,Official figure,
QCL,Crops and livestock products,143,Morocco,5419,Yield,191,"Chick peas, dry",1968,1968,100 g/ha,9760,A,Official figure,
QCL,Crops and livestock products,143,Morocco,5510,Production,191,"Chick peas, dry",1968,1968,t,118190,A,Official figure,
QCL,Crops and livestock products,143,Morocco,5312,Area harvested,191,"Chick peas, dry",1969,1969,ha,85000,A,Official figure,
QCL,Crops and livestock products,143,Morocco,5419,Yield,191,"Chick peas, dry",1969,1969,100 g/ha,8541,A,Official figure,
QCL,Crops and livestock products,143,Morocco,5510,Production,191,"Chick peas, dry",1969,1969,t,72600,A,Official figure,
QCL,Crops and livestock products,143,Morocco,5312,Area harvested,191,"Chick peas, dry",1970,1970,ha,158000,A,Official figure,
QCL,Crops and livestock products,143,Morocco,5419,Yield,191,"Chick peas, dry",1970,1970,100 g/ha,8684,A,Official figure,
QCL,Crops and livestock products,143,Morocco,5510,Production,191,"Chick peas, dry",1970,1970,t,137200,A,Official figure,
QCL,Crops and livestock products,143,Morocco,5312,Area harvested,191,"Chick peas, dry",1971,1971,ha,108000,A,Official figure,
QCL,Crops and livestock products,143,Morocco,5419,Yield,191,"Chick peas, dry",1971,1971,100 g/ha,176,A,Official figure,
QCL,Crops and livestock products,143,Morocco,5510,Production,191,"Chick peas, dry",1971,1971,t,1900,A,Official figure,
QCL,Crops and livestock products,143,Morocco,5312,Area harvested,191,"Chick peas, dry",1972,1972,ha,52800,A,Official figure,
QCL,Crops and livestock products,143,Morocco,5419,Yield,191,"Chick peas, dry",1972,1972,100 g/ha,6447,A,Official figure,
QCL,Crops and livestock products,143,Morocco,5510,Production,191,"Chick peas, dry",1972,1972,t,34040,A,Official figure,
QCL,Crops and livestock products,143,Morocco,5312,Area harvested,191,"Chick peas, dry",1973,1973,ha,84100,A,Official figure,
QCL,Crops and livestock products,143,Morocco,5419,Yield,191,"Chick peas, dry",1973,1973,100 g/ha,9377,A,Official figure,
QCL,Crops and livestock products,143,Morocco,5510,Production,191,"Chick peas, dry",1973,1973,t,78860,A,Official figure,
QCL,Crops and livestock products,143,Morocco,5312,Area harvested,191,"Chick peas, dry",1974,1974,ha,158100,A,Official figure,
QCL,Crops and livestock products,143,Morocco,5419,Yield,191,"Chick peas, dry",1974,1974,100 g/ha,10360,A,Official figure,
QCL,Crops and livestock products,143,Morocco,5510,Production,191,"Chick peas, dry",1974,1974,t,163790,A,Official figure,
QCL,Crops and livestock products,143,Morocco,5312,Area harvested,191,"Chick peas, dry",1975,1975,ha,98500,A,Official figure,
QCL,Crops and livestock products,143,Morocco,5419,Yield,191,"Chick peas, dry",1975,1975,100 g/ha,6176,A,Official figure,
QCL,Crops and livestock products,143,Morocco,5510,Production,191,"Chick peas, dry",1975,1975,t,60830,A,Official figure,
QCL,Crops and livestock products,143,Morocco,5312,Area harvested,191,"Chick peas, dry",1976,1976,ha,99600,A,Official figure,
QCL,Crops and livestock products,143,Morocco,5419,Yield,191,"Chick peas, dry",1976,1976,100 g/ha,5126,A,Official figure,
QCL,Crops and livestock products,143,Morocco,5510,Production,191,"Chick peas, dry",1976,1976,t,51050,A,Official figure,
QCL,Crops and livestock products,143,Morocco,5312,Area harvested,191,"Chick peas, dry",1977,1977,ha,42400,A,Official figure,
QCL,Crops and livestock products,143,Morocco,5419,Yield,191,"Chick peas, dry",1977,1977,100 g/ha,2587,A,Official figure,
QCL,Crops and livestock products,143,Morocco,5510,Production,191,"Chick peas, dry",1977,1977,t,10970,A,Official figure,
QCL,Crops and livestock products,143,Morocco,5312,Area harvested,191,"Chick peas, dry",1978,1978,ha,67900,A,Official figure,
QCL,Crops and livestock products,143,Morocco,5419,Yield,191,"Chick peas, dry",1978,1978,100 g/ha,5401,A,Official figure,
QCL,Crops and livestock products,143,Morocco,5510,Production,191,"Chick peas, dry",1978,1978,t,36670,A,Official figure,
QCL,Crops and livestock products,143,Morocco,5312,Area harvested,191,"Chick peas, dry",1979,1979,ha,62300,A,Official figure,
QCL,Crops and livestock products,143,Morocco,5419,Yield,191,"Chick peas, dry",1979,1979,100 g/ha,10300,A,Official figure,
QCL,Crops and livestock products,143,Morocco,5510,Production,191,"Chick peas, dry",1979,1979,t,64170,A,Official figure,
QCL,Crops and livestock products,143,Morocco,5312,Area harvested,191,"Chick peas, dry",1980,1980,ha,65500,A,Official figure,
QCL,Crops and livestock products,143,Morocco,5419,Yield,191,"Chick peas, dry",1980,1980,100 g/ha,6806,A,Official figure,
QCL,Crops and livestock products,143,Morocco,5510,Production,191,"Chick peas, dry",1980,1980,t,44580,A,Official figure,
QCL,Crops and livestock products,143,Morocco,5312,Area harvested,191,"Chick peas, dry",1981,1981,ha,32000,A,Official figure,
QCL,Crops and livestock products,143,Morocco,5419,Yield,191,"Chick peas, dry",1981,1981,100 g/ha,1875,A,Official figure,
QCL,Crops and livestock products,143,Morocco,5510,Production,191,"Chick peas, dry",1981,1981,t,6000,A,Official figure,
QCL,Crops and livestock products,143,Morocco,5312,Area harvested,191,"Chick peas, dry",1982,1982,ha,60500,A,Official figure,
QCL,Crops and livestock products,143,Morocco,5419,Yield,191,"Chick peas, dry",1982,1982,100 g/ha,8408,A,Official figure,
QCL,Crops and livestock products,143,Morocco,5510,Production,191,"Chick peas, dry",1982,1982,t,50870,A,Official figure,
QCL,Crops and livestock products,143,Morocco,5312,Area harvested,191,"Chick peas, dry",1983,1983,ha,64700,A,Official figure,
QCL,Crops and livestock products,143,Morocco,5419,Yield,191,"Chick peas, dry",1983,1983,100 g/ha,8634,A,Official figure,
QCL,Crops and livestock products,143,Morocco,5510,Production,191,"Chick peas, dry",1983,1983,t,55860,A,Official figure,
QCL,Crops and livestock products,143,Morocco,5312,Area harvested,191,"Chick peas, dry",1984,1984,ha,60000,A,Official figure,
QCL,Crops and livestock products,143,Morocco,5419,Yield,191,"Chick peas, dry",1984,1984,100 g/ha,4777,A,Official figure,
QCL,Crops and livestock products,143,Morocco,5510,Production,191,"Chick peas, dry",1984,1984,t,28660,A,Official figure,
QCL,Crops and livestock products,143,Morocco,5312,Area harvested,191,"Chick peas, dry",1985,1985,ha,76500,A,Official figure,
QCL,Crops and livestock products,143,Morocco,5419,Yield,191,"Chick peas, dry",1985,1985,100 g/ha,5933,A,Official figure,
QCL,Crops and livestock products,143,Morocco,5510,Production,191,"Chick peas, dry",1985,1985,t,45390,A,Official figure,
QCL,Crops and livestock products,143,Morocco,5312,Area harvested,191,"Chick peas, dry",1986,1986,ha,82200,A,Official figure,
QCL,Crops and livestock products,143,Morocco,5419,Yield,191,"Chick peas, dry",1986,1986,100 g/ha,8571,A,Official figure,
QCL,Crops and livestock products,143,Morocco,5510,Production,191,"Chick peas, dry",1986,1986,t,70450,A,Official figure,
QCL,Crops and livestock products,143,Morocco,5312,Area harvested,191,"Chick peas, dry",1987,1987,ha,77200,A,Official figure,
QCL,Crops and livestock products,143,Morocco,5419,Yield,191,"Chick peas, dry",1987,1987,100 g/ha,7939,A,Official figure,
QCL,Crops and livestock products,143,Morocco,5510,Production,191,"Chick peas, dry",1987,1987,t,61290,A,Official figure,
QCL,Crops and livestock products,143,Morocco,5312,Area harvested,191,"Chick peas, dry",1988,1988,ha,72600,A,Official figure,
QCL,Crops and livestock products,143,Morocco,5419,Yield,191,"Chick peas, dry",1988,1988,100 g/ha,7658,A,Official figure,
QCL,Crops and livestock products,143,Morocco,5510,Production,191,"Chick peas, dry",1988,1988,t,55600,A,Official figure,
QCL,Crops and livestock products,143,Morocco,5312,Area harvested,191,"Chick peas, dry",1989,1989,ha,62400,A,Official figure,
QCL,Crops and livestock products,143,Morocco,5419,Yield,191,"Chick peas, dry",1989,1989,100 g/ha,7010,A,Official figure,
QCL,Crops and livestock products,143,Morocco,5510,Production,191,"Chick peas, dry",1989,1989,t,43740,A,Official figure,
QCL,Crops and livestock products,143,Morocco,5312,Area harvested,191,"Chick peas, dry",1990,1990,ha,77000,A,Official figure,
QCL,Crops and livestock products,143,Morocco,5419,Yield,191,"Chick peas, dry",1990,1990,100 g/ha,7648,A,Official figure,
QCL,Crops and livestock products,143,Morocco,5510,Production,191,"Chick peas, dry",1990,1990,t,58890,A,Official figure,
QCL,Crops and livestock products,143,Morocco,5312,Area harvested,191,"Chick peas, dry",1991,1991,ha,84200,A,Official figure,
QCL,Crops and livestock products,143,Morocco,5419,Yield,191,"Chick peas, dry",1991,1991,100 g/ha,7901,A,Official figure,
QCL,Crops and livestock products,143,Morocco,5510,Production,191,"Chick peas, dry",1991,1991,t,66530,A,Official figure,
QCL,Crops and livestock products,143,Morocco,5312,Area harvested,191,"Chick peas, dry",1992,1992,ha,78900,A,Official figure,
QCL,Crops and livestock products,143,Morocco,5419,Yield,191,"Chick peas, dry",1992,1992,100 g/ha,3333,A,Official figure,
QCL,Crops and livestock products,143,Morocco,5510,Production,191,"Chick peas, dry",1992,1992,t,26300,A,Official figure,
QCL,Crops and livestock products,143,Morocco,5312,Area harvested,191,"Chick peas, dry",1993,1993,ha,90700,A,Official figure,
QCL,Crops and livestock products,143,Morocco,5419,Yield,191,"Chick peas, dry",1993,1993,100 g/ha,2465,A,Official figure,
QCL,Crops and livestock products,143,Morocco,5510,Production,191,"Chick peas, dry",1993,1993,t,22360,A,Official figure,
QCL,Crops and livestock products,143,Morocco,5312,Area harvested,191,"Chick peas, dry",1994,1994,ha,66000,A,Official figure,
QCL,Crops and livestock products,143,Morocco,5419,Yield,191,"Chick peas, dry",1994,1994,100 g/ha,7095,A,Official figure,
QCL,Crops and livestock products,143,Morocco,5510,Production,191,"Chick peas, dry",1994,1994,t,46830,A,Official figure,
QCL,Crops and livestock products,143,Morocco,5312,Area harvested,191,"Chick peas, dry",1995,1995,ha,62600,A,Official figure,
QCL,Crops and livestock products,143,Morocco,5419,Yield,191,"Chick peas, dry",1995,1995,100 g/ha,1851,A,Official figure,
QCL,Crops and livestock products,143,Morocco,5510,Production,191,"Chick peas, dry",1995,1995,t,11590,A,Official figure,
QCL,Crops and livestock products,143,Morocco,5312,Area harvested,191,"Chick peas, dry",1996,1996,ha,44300,A,Official figure,
QCL,Crops and livestock products,143,Morocco,5419,Yield,191,"Chick peas, dry",1996,1996,100 g/ha,6621,A,Official figure,
QCL,Crops and livestock products,143,Morocco,5510,Production,191,"Chick peas, dry",1996,1996,t,29330,A,Official figure,
QCL,Crops and livestock products,143,Morocco,5312,Area harvested,191,"Chick peas, dry",1997,1997,ha,59000,A,Official figure,
QCL,Crops and livestock products,143,Morocco,5419,Yield,191,"Chick peas, dry",1997,1997,100 g/ha,6768,A,Official figure,
QCL,Crops and livestock products,143,Morocco,5510,Production,191,"Chick peas, dry",1997,1997,t,39930,A,Official figure,
QCL,Crops and livestock products,143,Morocco,5312,Area harvested,191,"Chick peas, dry",1998,1998,ha,69500,A,Official figure,
QCL,Crops and livestock products,143,Morocco,5419,Yield,191,"Chick peas, dry",1998,1998,100 g/ha,8309,A,Official figure,
QCL,Crops and livestock products,143,Morocco,5510,Production,191,"Chick peas, dry",1998,1998,t,57750,A,Official figure,
QCL,Crops and livestock products,143,Morocco,5312,Area harvested,191,"Chick peas, dry",1999,1999,ha,70880,A,Official figure,
QCL,Crops and livestock products,143,Morocco,5419,Yield,191,"Chick peas, dry",1999,1999,100 g/ha,3964,A,Official figure,
QCL,Crops and livestock products,143,Morocco,5510,Production,191,"Chick peas, dry",1999,1999,t,28100,A,Official figure,
QCL,Crops and livestock products,143,Morocco,5312,Area harvested,191,"Chick peas, dry",2000,2000,ha,66100,A,Official figure,
QCL,Crops and livestock products,143,Morocco,5419,Yield,191,"Chick peas, dry",2000,2000,100 g/ha,2278,A,Official figure,
QCL,Crops and livestock products,143,Morocco,5510,Production,191,"Chick peas, dry",2000,2000,t,15060,A,Official figure,
QCL,Crops and livestock products,143,Morocco,5312,Area harvested,191,"Chick peas, dry",2001,2001,ha,58000,A,Official figure,
QCL,Crops and livestock products,143,Morocco,5419,Yield,191,"Chick peas, dry",2001,2001,100 g/ha,5481,A,Official figure,
QCL,Crops and livestock products,143,Morocco,5510,Production,191,"Chick peas, dry",2001,2001,t,31790,A,Official figure,
QCL,Crops and livestock products,143,Morocco,5312,Area harvested,191,"Chick peas, dry",2002,2002,ha,71600,A,Official figure,
QCL,Crops and livestock products,143,Morocco,5419,Yield,191,"Chick peas, dry",2002,2002,100 g/ha,7170,A,Official figure,
QCL,Crops and livestock products,143,Morocco,5510,Production,191,"Chick peas, dry",2002,2002,t,51340,A,Official figure,
QCL,Crops and livestock products,143,Morocco,5312,Area harvested,191,"Chick peas, dry",2003,2003,ha,70900,A,Official figure,
QCL,Crops and livestock products,143,Morocco,5419,Yield,191,"Chick peas, dry",2003,2003,100 g/ha,6068,A,Official figure,
QCL,Crops and livestock products,143,Morocco,5510,Production,191,"Chick peas, dry",2003,2003,t,43020,A,Official figure,
QCL,Crops and livestock products,143,Morocco,5312,Area harvested,191,"Chick peas, dry",2004,2004,ha,72000,A,Official figure,
QCL,Crops and livestock products,143,Morocco,5419,Yield,191,"Chick peas, dry",2004,2004,100 g/ha,5825,A,Official figure,
QCL,Crops and livestock products,143,Morocco,5510,Production,191,"Chick peas, dry",2004,2004,t,41940,A,Official figure,
QCL,Crops and livestock products,143,Morocco,5312,Area harvested,191,"Chick peas, dry",2005,2005,ha,76300,A,Official figure,
QCL,Crops and livestock products,143,Morocco,5419,Yield,191,"Chick peas, dry",2005,2005,100 g/ha,4229,A,Official figure,
QCL,Crops and livestock products,143,Morocco,5510,Production,191,"Chick peas, dry",2005,2005,t,32270,A,Official figure,
QCL,Crops and livestock products,143,Morocco,5312,Area harvested,191,"Chick peas, dry",2006,2006,ha,74900,A,Official figure,
QCL,Crops and livestock products,143,Morocco,5419,Yield,191,"Chick peas, dry",2006,2006,100 g/ha,8854,A,Official figure,
QCL,Crops and livestock products,143,Morocco,5510,Production,191,"Chick peas, dry",2006,2006,t,66320,A,Official figure,
QCL,Crops and livestock products,143,Morocco,5312,Area harvested,191,"Chick peas, dry",2007,2007,ha,78500,A,Official figure,
QCL,Crops and livestock products,143,Morocco,5419,Yield,191,"Chick peas, dry",2007,2007,100 g/ha,4252,A,Official figure,
QCL,Crops and livestock products,143,Morocco,5510,Production,191,"Chick peas, dry",2007,2007,t,33380,A,Official figure,
QCL,Crops and livestock products,143,Morocco,5312,Area harvested,191,"Chick peas, dry",2008,2008,ha,64900,A,Official figure,
QCL,Crops and livestock products,143,Morocco,5419,Yield,191,"Chick peas, dry",2008,2008,100 g/ha,5871,A,Official figure,
QCL,Crops and livestock products,143,Morocco,5510,Production,191,"Chick peas, dry",2008,2008,t,38100,A,Official figure,
QCL,Crops and livestock products,143,Morocco,5312,Area harvested,191,"Chick peas, dry",2009,2009,ha,80900,A,Official figure,
QCL,Crops and livestock products,143,Morocco,5419,Yield,191,"Chick peas, dry",2009,2009,100 g/ha,6444,A,Official figure,
QCL,Crops and livestock products,143,Morocco,5510,Production,191,"Chick peas, dry",2009,2009,t,52130,A,Official figure,
QCL,Crops and livestock products,143,Morocco,5312,Area harvested,191,"Chick peas, dry",2010,2010,ha,78100,A,Official figure,
QCL,Crops and livestock products,143,Morocco,5419,Yield,191,"Chick peas, dry",2010,2010,100 g/ha,7250,A,Official figure,
QCL,Crops and livestock products,143,Morocco,5510,Production,191,"Chick peas, dry",2010,2010,t,56620,A,Official figure,
QCL,Crops and livestock products,143,Morocco,5312,Area harvested,191,"Chick peas, dry",2011,2011,ha,88780,A,Official figure,
QCL,Crops and livestock products,143,Morocco,5419,Yield,191,"Chick peas, dry",2011,2011,100 g/ha,5151,A,Official figure,
QCL,Crops and livestock products,143,Morocco,5510,Production,191,"Chick peas, dry",2011,2011,t,45734,A,Official figure,
QCL,Crops and livestock products,143,Morocco,5312,Area harvested,191,"Chick peas, dry",2012,2012,ha,50560,A,Official figure,
QCL,Crops and livestock products,143,Morocco,5419,Yield,191,"Chick peas, dry",2012,2012,100 g/ha,6626,A,Official figure,
QCL,Crops and livestock products,143,Morocco,5510,Production,191,"Chick peas, dry",2012,2012,t,33499,A,Official figure,
QCL,Crops and livestock products,143,Morocco,5312,Area harvested,191,"Chick peas, dry",2013,2013,ha,57019,A,Official figure,
QCL,Crops and livestock products,143,Morocco,5419,Yield,191,"Chick peas, dry",2013,2013,100 g/ha,4385,A,Official figure,
QCL,Crops and livestock products,143,Morocco,5510,Production,191,"Chick peas, dry",2013,2013,t,25003.8,A,Official figure,
QCL,Crops and livestock products,143,Morocco,5312,Area harvested,191,"Chick peas, dry",2014,2014,ha,72564,A,Official figure,
QCL,Crops and livestock products,143,Morocco,5419,Yield,191,"Chick peas, dry",2014,2014,100 g/ha,8613,A,Official figure,
QCL,Crops and livestock products,143,Morocco,5510,Production,191,"Chick peas, dry",2014,2014,t,62499.44,A,Official figure,
QCL,Crops and livestock products,143,Morocco,5312,Area harvested,191,"Chick peas, dry",2015,2015,ha,59472,A,Official figure,
QCL,Crops and livestock products,143,Morocco,5419,Yield,191,"Chick peas, dry",2015,2015,100 g/ha,11024,A,Official figure,
QCL,Crops and livestock products,143,Morocco,5510,Production,191,"Chick peas, dry",2015,2015,t,65558.99,A,Official figure,
QCL,Crops and livestock products,143,Morocco,5312,Area harvested,191,"Chick peas, dry",2016,2016,ha,88030,A,Official figure,
QCL,Crops and livestock products,143,Morocco,5419,Yield,191,"Chick peas, dry",2016,2016,100 g/ha,5005,A,Official figure,
QCL,Crops and livestock products,143,Morocco,5510,Production,191,"Chick peas, dry",2016,2016,t,44062.47,A,Official figure,
QCL,Crops and livestock products,143,Morocco,5312,Area harvested,191,"Chick peas, dry",2017,2017,ha,34091,A,Official figure,
QCL,Crops and livestock products,143,Morocco,5419,Yield,191,"Chick peas, dry",2017,2017,100 g/ha,7440,A,Official figure,
QCL,Crops and livestock products,143,Morocco,5510,Production,191,"Chick peas, dry",2017,2017,t,25363.54,A,Official figure,
QCL,Crops and livestock products,143,Morocco,5312,Area harvested,191,"Chick peas, dry",2018,2018,ha,86800,A,Official figure,
QCL,Crops and livestock products,143,Morocco,5419,Yield,191,"Chick peas, dry",2018,2018,100 g/ha,4183,A,Official figure,
QCL,Crops and livestock products,143,Morocco,5510,Production,191,"Chick peas, dry",2018,2018,t,36312.15,A,Official figure,
QCL,Crops and livestock products,143,Morocco,5312,Area harvested,191,"Chick peas, dry",2019,2019,ha,81982,A,Official figure,
QCL,Crops and livestock products,143,Morocco,5419,Yield,191,"Chick peas, dry",2019,2019,100 g/ha,9199,A,Official figure,
QCL,Crops and livestock products,143,Morocco,5510,Production,191,"Chick peas, dry",2019,2019,t,75413.4,A,Official figure,
QCL,Crops and livestock products,143,Morocco,5312,Area harvested,191,"Chick peas, dry",2020,2020,ha,53599,A,Official figure,
QCL,Crops and livestock products,143,Morocco,5419,Yield,191,"Chick peas, dry",2020,2020,100 g/ha,9275,A,Official figure,
QCL,Crops and livestock products,143,Morocco,5510,Production,191,"Chick peas, dry",2020,2020,t,49714.17,A,Official figure,
QCL,Crops and livestock products,143,Morocco,5312,Area harvested,191,"Chick peas, dry",2021,2021,ha,63411,A,Official figure,
QCL,Crops and livestock products,143,Morocco,5419,Yield,191,"Chick peas, dry",2021,2021,100 g/ha,11441,A,Official figure,
QCL,Crops and livestock products,143,Morocco,5510,Production,191,"Chick peas, dry",2021,2021,t,72547,A,Official figure,
QCL,Crops and livestock products,143,Morocco,5312,Area harvested,191,"Chick peas, dry",2022,2022,ha,60985,A,Official figure,
QCL,Crops and livestock products,143,Morocco,5419,Yield,191,"Chick peas, dry",2022,2022,100 g/ha,5076,A,Official figure,
QCL,Crops and livestock products,143,Morocco,5510,Production,191,"Chick peas, dry",2022,2022,t,30953.95,A,Official figure,
QCL,Crops and livestock products,143,Morocco,5112,Stocks,1057,Chickens,1961,1961,1000 An,13408,A,Official figure,
QCL,Crops and livestock products,143,Morocco,5112,Stocks,1057,Chickens,1962,1962,1000 An,13170,A,Official figure,
QCL,Crops and livestock products,143,Morocco,5112,Stocks,1057,Chickens,1963,1963,1000 An,13278,A,Official figure,
QCL,Crops and livestock products,143,Morocco,5112,Stocks,1057,Chickens,1964,1964,1000 An,13885,A,Official figure,
QCL,Crops and livestock products,143,Morocco,5112,Stocks,1057,Chickens,1965,1965,1000 An,13627,A,Official figure,
QCL,Crops and livestock products,143,Morocco,5112,Stocks,1057,Chickens,1966,1966,1000 An,14134,A,Official figure,
QCL,Crops and livestock products,143,Morocco,5112,Stocks,1057,Chickens,1967,1967,1000 An,14530,A,Official figure,
QCL,Crops and livestock products,143,Morocco,5112,Stocks,1057,Chickens,1968,1968,1000 An,15200,A,Official figure,
QCL,Crops and livestock products,143,Morocco,5112,Stocks,1057,Chickens,1969,1969,1000 An,15400,A,Official figure,
QCL,Crops and livestock products,143,Morocco,5112,Stocks,1057,Chickens,1970,1970,1000 An,16000,E,Estimated value,
QCL,Crops and livestock products,143,Morocco,5112,Stocks,1057,Chickens,1971,1971,1000 An,16000,E,Estimated value,
QCL,Crops and livestock products,143,Morocco,5112,Stocks,1057,Chickens,1972,1972,1000 An,18000,E,Estimated value,
QCL,Crops and livestock products,143,Morocco,5112,Stocks,1057,Chickens,1973,1973,1000 An,18000,E,Estimated value,
QCL,Crops and livestock products,143,Morocco,5112,Stocks,1057,Chickens,1974,1974,1000 An,18500,E,Estimated value,
QCL,Crops and livestock products,143,Morocco,5112,Stocks,1057,Chickens,1975,1975,1000 An,19000,E,Estimated value,
QCL,Crops and livestock products,143,Morocco,5112,Stocks,1057,Chickens,1976,1976,1000 An,20000,E,Estimated value,
QCL,Crops and livestock products,143,Morocco,5112,Stocks,1057,Chickens,1977,1977,1000 An,21000,E,Estimated value,
QCL,Crops and livestock products,143,Morocco,5112,Stocks,1057,Chickens,1978,1978,1000 An,22000,E,Estimated value,
QCL,Crops and livestock products,143,Morocco,5112,Stocks,1057,Chickens,1979,1979,1000 An,23000,E,Estimated value,
QCL,Crops and livestock products,143,Morocco,5112,Stocks,1057,Chickens,1980,1980,1000 An,24000,E,Estimated value,
QCL,Crops and livestock products,143,Morocco,5112,Stocks,1057,Chickens,1981,1981,1000 An,26000,E,Estimated value,
QCL,Crops and livestock products,143,Morocco,5112,Stocks,1057,Chickens,1982,1982,1000 An,28000,E,Estimated value,
QCL,Crops and livestock products,143,Morocco,5112,Stocks,1057,Chickens,1983,1983,1000 An,30000,E,Estimated value,
QCL,Crops and livestock products,143,Morocco,5112,Stocks,1057,Chickens,1984,1984,1000 An,32000,E,Estimated value,
QCL,Crops and livestock products,143,Morocco,5112,Stocks,1057,Chickens,1985,1985,1000 An,40000,E,Estimated value,
QCL,Crops and livestock products,143,Morocco,5112,Stocks,1057,Chickens,1986,1986,1000 An,50000,E,Estimated value,
QCL,Crops and livestock products,143,Morocco,5112,Stocks,1057,Chickens,1987,1987,1000 An,64000,E,Estimated value,
QCL,Crops and livestock products,143,Morocco,5112,Stocks,1057,Chickens,1988,1988,1000 An,66000,E,Estimated value,
QCL,Crops and livestock products,143,Morocco,5112,Stocks,1057,Chickens,1989,1989,1000 An,69000,E,Estimated value,
QCL,Crops and livestock products,143,Morocco,5112,Stocks,1057,Chickens,1990,1990,1000 An,73000,E,Estimated value,
QCL,Crops and livestock products,143,Morocco,5112,Stocks,1057,Chickens,1991,1991,1000 An,71600,E,Estimated value,
QCL,Crops and livestock products,143,Morocco,5112,Stocks,1057,Chickens,1992,1992,1000 An,76000,E,Estimated value,
QCL,Crops and livestock products,143,Morocco,5112,Stocks,1057,Chickens,1993,1993,1000 An,78000,E,Estimated value,
QCL,Crops and livestock products,143,Morocco,5112,Stocks,1057,Chickens,1994,1994,1000 An,82000,E,Estimated value,
QCL,Crops and livestock products,143,Morocco,5112,Stocks,1057,Chickens,1995,1995,1000 An,93000,E,Estimated value,
QCL,Crops and livestock products,143,Morocco,5112,Stocks,1057,Chickens,1996,1996,1000 An,98000,E,Estimated value,
QCL,Crops and livestock products,143,Morocco,5112,Stocks,1057,Chickens,1997,1997,1000 An,100000,A,Official figure,
QCL,Crops and livestock products,143,Morocco,5112,Stocks,1057,Chickens,1998,1998,1000 An,100000,A,Official figure,
QCL,Crops and livestock products,143,Morocco,5112,Stocks,1057,Chickens,1999,1999,1000 An,140000,A,Official figure,
QCL,Crops and livestock products,143,Morocco,5112,Stocks,1057,Chickens,2000,2000,1000 An,135000,A,Official figure,
QCL,Crops and livestock products,143,Morocco,5112,Stocks,1057,Chickens,2001,2001,1000 An,137000,A,Official figure,
QCL,Crops and livestock products,143,Morocco,5112,Stocks,1057,Chickens,2002,2002,1000 An,137000,A,Official figure,
QCL,Crops and livestock products,143,Morocco,5112,Stocks,1057,Chickens,2003,2003,1000 An,137000,E,Estimated value,
QCL,Crops and livestock products,143,Morocco,5112,Stocks,1057,Chickens,2004,2004,1000 An,137000,E,Estimated value,
QCL,Crops and livestock products,143,Morocco,5112,Stocks,1057,Chickens,2005,2005,1000 An,137000,E,Estimated value,
QCL,Crops and livestock products,143,Morocco,5112,Stocks,1057,Chickens,2006,2006,1000 An,150000,E,Estimated value,
QCL,Crops and livestock products,143,Morocco,5112,Stocks,1057,Chickens,2007,2007,1000 An,150000,E,Estimated value,
QCL,Crops and livestock products,143,Morocco,5112,Stocks,1057,Chickens,2008,2008,1000 An,160000,E,Estimated value,
QCL,Crops and livestock products,143,Morocco,5112,Stocks,1057,Chickens,2009,2009,1000 An,165000,E,Estimated value,
QCL,Crops and livestock products,143,Morocco,5112,Stocks,1057,Chickens,2010,2010,1000 An,170000,E,Estimated value,
QCL,Crops and livestock products,143,Morocco,5112,Stocks,1057,Chickens,2011,2011,1000 An,175000,E,Estimated value,
QCL,Crops and livestock products,143,Morocco,5112,Stocks,1057,Chickens,2012,2012,1000 An,180000,E,Estimated value,
QCL,Crops and livestock products,143,Morocco,5112,Stocks,1057,Chickens,2013,2013,1000 An,185000,E,Estimated value,
QCL,Crops and livestock products,143,Morocco,5112,Stocks,1057,Chickens,2014,2014,1000 An,187000,E,Estimated value,
QCL,Crops and livestock products,143,Morocco,5112,Stocks,1057,Chickens,2015,2015,1000 An,190422,I,Imputed value,
QCL,Crops and livestock products,143,Morocco,5112,Stocks,1057,Chickens,2016,2016,1000 An,197419,I,Imputed value,
QCL,Crops and livestock products,143,Morocco,5112,Stocks,1057,Chickens,2017,2017,1000 An,201878,I,Imputed value,
QCL,Crops and livestock products,143,Morocco,5112,Stocks,1057,Chickens,2018,2018,1000 An,206327,I,Imputed value,
QCL,Crops and livestock products,143,Morocco,5112,Stocks,1057,Chickens,2019,2019,1000 An,211907,I,Imputed value,
QCL,Crops and livestock products,143,Morocco,5112,Stocks,1057,Chickens,2020,2020,1000 An,214335,I,Imputed value,
QCL,Crops and livestock products,143,Morocco,5112,Stocks,1057,Chickens,2021,2021,1000 An,218367,I,Imputed value,
QCL,Crops and livestock products,143,Morocco,5112,Stocks,1057,Chickens,2022,2022,1000 An,222399,I,Imputed value,
QCL,Crops and livestock products,143,Morocco,5312,Area harvested,689,"Chillies and peppers, dry (Capsicum spp., Pimenta spp.), raw",1961,1961,ha,850,E,Estimated value,
QCL,Crops and livestock products,143,Morocco,5419,Yield,689,"Chillies and peppers, dry (Capsicum spp., Pimenta spp.), raw",1961,1961,100 g/ha,58824,E,Estimated value,
QCL,Crops and livestock products,143,Morocco,5510,Production,689,"Chillies and peppers, dry (Capsicum spp., Pimenta spp.), raw",1961,1961,t,5000,E,Estimated value,
QCL,Crops and livestock products,143,Morocco,5312,Area harvested,689,"Chillies and peppers, dry (Capsicum spp., Pimenta spp.), raw",1962,1962,ha,850,E,Estimated value,
QCL,Crops and livestock products,143,Morocco,5419,Yield,689,"Chillies and peppers, dry (Capsicum spp., Pimenta spp.), raw",1962,1962,100 g/ha,70588,E,Estimated value,
QCL,Crops and livestock products,143,Morocco,5510,Production,689,"Chillies and peppers, dry (Capsicum spp., Pimenta spp.), raw",1962,1962,t,6000,E,Estimated value,
QCL,Crops and livestock products,143,Morocco,5312,Area harvested,689,"Chillies and peppers, dry (Capsicum spp., Pimenta spp.), raw",1963,1963,ha,850,E,Estimated value,
QCL,Crops and livestock products,143,Morocco,5419,Yield,689,"Chillies and peppers, dry (Capsicum spp., Pimenta spp.), raw",1963,1963,100 g/ha,70588,E,Estimated value,
QCL,Crops and livestock products,143,Morocco,5510,Production,689,"Chillies and peppers, dry (Capsicum spp., Pimenta spp.), raw",1963,1963,t,6000,E,Estimated value,
QCL,Crops and livestock products,143,Morocco,5312,Area harvested,689,"Chillies and peppers, dry (Capsicum spp., Pimenta spp.), raw",1964,1964,ha,850,E,Estimated value,
QCL,Crops and livestock products,143,Morocco,5419,Yield,689,"Chillies and peppers, dry (Capsicum spp., Pimenta spp.), raw",1964,1964,100 g/ha,70588,E,Estimated value,
QCL,Crops and livestock products,143,Morocco,5510,Production,689,"Chillies and peppers, dry (Capsicum spp., Pimenta spp.), raw",1964,1964,t,6000,E,Estimated value,
QCL,Crops and livestock products,143,Morocco,5312,Area harvested,689,"Chillies and peppers, dry (Capsicum spp., Pimenta spp.), raw",1965,1965,ha,850,E,Estimated value,
QCL,Crops and livestock products,143,Morocco,5419,Yield,689,"Chillies and peppers, dry (Capsicum spp., Pimenta spp.), raw",1965,1965,100 g/ha,70588,E,Estimated value,
QCL,Crops and livestock products,143,Morocco,5510,Production,689,"Chillies and peppers, dry (Capsicum spp., Pimenta spp.), raw",1965,1965,t,6000,E,Estimated value,
QCL,Crops and livestock products,143,Morocco,5312,Area harvested,689,"Chillies and peppers, dry (Capsicum spp., Pimenta spp.), raw",1966,1966,ha,850,E,Estimated value,
QCL,Crops and livestock products,143,Morocco,5419,Yield,689,"Chillies and peppers, dry (Capsicum spp., Pimenta spp.), raw",1966,1966,100 g/ha,70588,E,Estimated value,
QCL,Crops and livestock products,143,Morocco,5510,Production,689,"Chillies and peppers, dry (Capsicum spp., Pimenta spp.), raw",1966,1966,t,6000,E,Estimated value,
QCL,Crops and livestock products,143,Morocco,5312,Area harvested,689,"Chillies and peppers, dry (Capsicum spp., Pimenta spp.), raw",1967,1967,ha,850,E,Estimated value,
QCL,Crops and livestock products,143,Morocco,5419,Yield,689,"Chillies and peppers, dry (Capsicum spp., Pimenta spp.), raw",1967,1967,100 g/ha,70588,E,Estimated value,
QCL,Crops and livestock products,143,Morocco,5510,Production,689,"Chillies and peppers, dry (Capsicum spp., Pimenta spp.), raw",1967,1967,t,6000,E,Estimated value,
QCL,Crops and livestock products,143,Morocco,5312,Area harvested,689,"Chillies and peppers, dry (Capsicum spp., Pimenta spp.), raw",1968,1968,ha,850,E,Estimated value,
QCL,Crops and livestock products,143,Morocco,5419,Yield,689,"Chillies and peppers, dry (Capsicum spp., Pimenta spp.), raw",1968,1968,100 g/ha,70588,E,Estimated value,
QCL,Crops and livestock products,143,Morocco,5510,Production,689,"Chillies and peppers, dry (Capsicum spp., Pimenta spp.), raw",1968,1968,t,6000,E,Estimated value,
QCL,Crops and livestock products,143,Morocco,5312,Area harvested,689,"Chillies and peppers, dry (Capsicum spp., Pimenta spp.), raw",1969,1969,ha,850,E,Estimated value,
QCL,Crops and livestock products,143,Morocco,5419,Yield,689,"Chillies and peppers, dry (Capsicum spp., Pimenta spp.), raw",1969,1969,100 g/ha,70588,E,Estimated value,
QCL,Crops and livestock products,143,Morocco,5510,Production,689,"Chillies and peppers, dry (Capsicum spp., Pimenta spp.), raw",1969,1969,t,6000,E,Estimated value,
QCL,Crops and livestock products,143,Morocco,5312,Area harvested,689,"Chillies and peppers, dry (Capsicum spp., Pimenta spp.), raw",1970,1970,ha,850,E,Estimated value,
QCL,Crops and livestock products,143,Morocco,5419,Yield,689,"Chillies and peppers, dry (Capsicum spp., Pimenta spp.), raw",1970,1970,100 g/ha,70588,E,Estimated value,
QCL,Crops and livestock products,143,Morocco,5510,Production,689,"Chillies and peppers, dry (Capsicum spp., Pimenta spp.), raw",1970,1970,t,6000,E,Estimated value,
QCL,Crops and livestock products,143,Morocco,5312,Area harvested,689,"Chillies and peppers, dry (Capsicum spp., Pimenta spp.), raw",1971,1971,ha,850,E,Estimated value,
QCL,Crops and livestock products,143,Morocco,5419,Yield,689,"Chillies and peppers, dry (Capsicum spp., Pimenta spp.), raw",1971,1971,100 g/ha,70588,E,Estimated value,
QCL,Crops and livestock products,143,Morocco,5510,Production,689,"Chillies and peppers, dry (Capsicum spp., Pimenta spp.), raw",1971,1971,t,6000,E,Estimated value,
QCL,Crops and livestock products,143,Morocco,5312,Area harvested,689,"Chillies and peppers, dry (Capsicum spp., Pimenta spp.), raw",1972,1972,ha,850,E,Estimated value,
QCL,Crops and livestock products,143,Morocco,5419,Yield,689,"Chillies and peppers, dry (Capsicum spp., Pimenta spp.), raw",1972,1972,100 g/ha,70588,E,Estimated value,
QCL,Crops and livestock products,143,Morocco,5510,Production,689,"Chillies and peppers, dry (Capsicum spp., Pimenta spp.), raw",1972,1972,t,6000,E,Estimated value,
QCL,Crops and livestock products,143,Morocco,5312,Area harvested,689,"Chillies and peppers, dry (Capsicum spp., Pimenta spp.), raw",1973,1973,ha,850,E,Estimated value,
QCL,Crops and livestock products,143,Morocco,5419,Yield,689,"Chillies and peppers, dry (Capsicum spp., Pimenta spp.), raw",1973,1973,100 g/ha,70588,E,Estimated value,
QCL,Crops and livestock products,143,Morocco,5510,Production,689,"Chillies and peppers, dry (Capsicum spp., Pimenta spp.), raw",1973,1973,t,6000,E,Estimated value,
QCL,Crops and livestock products,143,Morocco,5312,Area harvested,689,"Chillies and peppers, dry (Capsicum spp., Pimenta spp.), raw",1974,1974,ha,850,E,Estimated value,
QCL,Crops and livestock products,143,Morocco,5419,Yield,689,"Chillies and peppers, dry (Capsicum spp., Pimenta spp.), raw",1974,1974,100 g/ha,70588,E,Estimated value,
QCL,Crops and livestock products,143,Morocco,5510,Production,689,"Chillies and peppers, dry (Capsicum spp., Pimenta spp.), raw",1974,1974,t,6000,E,Estimated value,
QCL,Crops and livestock products,143,Morocco,5312,Area harvested,689,"Chillies and peppers, dry (Capsicum spp., Pimenta spp.), raw",1975,1975,ha,850,E,Estimated value,
QCL,Crops and livestock products,143,Morocco,5419,Yield,689,"Chillies and peppers, dry (Capsicum spp., Pimenta spp.), raw",1975,1975,100 g/ha,70588,E,Estimated value,
QCL,Crops and livestock products,143,Morocco,5510,Production,689,"Chillies and peppers, dry (Capsicum spp., Pimenta spp.), raw",1975,1975,t,6000,E,Estimated value,
QCL,Crops and livestock products,143,Morocco,5312,Area harvested,689,"Chillies and peppers, dry (Capsicum spp., Pimenta spp.), raw",1976,1976,ha,850,E,Estimated value,
QCL,Crops and livestock products,143,Morocco,5419,Yield,689,"Chillies and peppers, dry (Capsicum spp., Pimenta spp.), raw",1976,1976,100 g/ha,70588,E,Estimated value,
QCL,Crops and livestock products,143,Morocco,5510,Production,689,"Chillies and peppers, dry (Capsicum spp., Pimenta spp.), raw",1976,1976,t,6000,E,Estimated value,
QCL,Crops and livestock products,143,Morocco,5312,Area harvested,689,"Chillies and peppers, dry (Capsicum spp., Pimenta spp.), raw",1977,1977,ha,850,E,Estimated value,
QCL,Crops and livestock products,143,Morocco,5419,Yield,689,"Chillies and peppers, dry (Capsicum spp., Pimenta spp.), raw",1977,1977,100 g/ha,70588,E,Estimated value,
QCL,Crops and livestock products,143,Morocco,5510,Production,689,"Chillies and peppers, dry (Capsicum spp., Pimenta spp.), raw",1977,1977,t,6000,E,Estimated value,
QCL,Crops and livestock products,143,Morocco,5312,Area harvested,689,"Chillies and peppers, dry (Capsicum spp., Pimenta spp.), raw",1978,1978,ha,850,E,Estimated value,
QCL,Crops and livestock products,143,Morocco,5419,Yield,689,"Chillies and peppers, dry (Capsicum spp., Pimenta spp.), raw",1978,1978,100 g/ha,70588,E,Estimated value,
QCL,Crops and livestock products,143,Morocco,5510,Production,689,"Chillies and peppers, dry (Capsicum spp., Pimenta spp.), raw",1978,1978,t,6000,E,Estimated value,
QCL,Crops and livestock products,143,Morocco,5312,Area harvested,689,"Chillies and peppers, dry (Capsicum spp., Pimenta spp.), raw",1979,1979,ha,850,E,Estimated value,
QCL,Crops and livestock products,143,Morocco,5419,Yield,689,"Chillies and peppers, dry (Capsicum spp., Pimenta spp.), raw",1979,1979,100 g/ha,70588,E,Estimated value,
QCL,Crops and livestock products,143,Morocco,5510,Production,689,"Chillies and peppers, dry (Capsicum spp., Pimenta spp.), raw",1979,1979,t,6000,E,Estimated value,
QCL,Crops and livestock products,143,Morocco,5312,Area harvested,689,"Chillies and peppers, dry (Capsicum spp., Pimenta spp.), raw",1980,1980,ha,850,E,Estimated value,
QCL,Crops and livestock products,143,Morocco,5419,Yield,689,"Chillies and peppers, dry (Capsicum spp., Pimenta spp.), raw",1980,1980,100 g/ha,70588,E,Estimated value,
QCL,Crops and livestock products,143,Morocco,5510,Production,689,"Chillies and peppers, dry (Capsicum spp., Pimenta spp.), raw",1980,1980,t,6000,E,Estimated value,
QCL,Crops and livestock products,143,Morocco,5312,Area harvested,689,"Chillies and peppers, dry (Capsicum spp., Pimenta spp.), raw",1981,1981,ha,850,E,Estimated value,
QCL,Crops and livestock products,143,Morocco,5419,Yield,689,"Chillies and peppers, dry (Capsicum spp., Pimenta spp.), raw",1981,1981,100 g/ha,70588,E,Estimated value,
QCL,Crops and livestock products,143,Morocco,5510,Production,689,"Chillies and peppers, dry (Capsicum spp., Pimenta spp.), raw",1981,1981,t,6000,E,Estimated value,
QCL,Crops and livestock products,143,Morocco,5312,Area harvested,689,"Chillies and peppers, dry (Capsicum spp., Pimenta spp.), raw",1982,1982,ha,850,E,Estimated value,
QCL,Crops and livestock products,143,Morocco,5419,Yield,689,"Chillies and peppers, dry (Capsicum spp., Pimenta spp.), raw",1982,1982,100 g/ha,70588,E,Estimated value,
QCL,Crops and livestock products,143,Morocco,5510,Production,689,"Chillies and peppers, dry (Capsicum spp., Pimenta spp.), raw",1982,1982,t,6000,E,Estimated value,
QCL,Crops and livestock products,143,Morocco,5312,Area harvested,689,"Chillies and peppers, dry (Capsicum spp., Pimenta spp.), raw",1983,1983,ha,850,E,Estimated value,
QCL,Crops and livestock products,143,Morocco,5419,Yield,689,"Chillies and peppers, dry (Capsicum spp., Pimenta spp.), raw",1983,1983,100 g/ha,70588,E,Estimated value,
QCL,Crops and livestock products,143,Morocco,5510,Production,689,"Chillies and peppers, dry (Capsicum spp., Pimenta spp.), raw",1983,1983,t,6000,E,Estimated value,
QCL,Crops and livestock products,143,Morocco,5312,Area harvested,689,"Chillies and peppers, dry (Capsicum spp., Pimenta spp.), raw",1984,1984,ha,850,E,Estimated value,
QCL,Crops and livestock products,143,Morocco,5419,Yield,689,"Chillies and peppers, dry (Capsicum spp., Pimenta spp.), raw",1984,1984,100 g/ha,70588,E,Estimated value,
QCL,Crops and livestock products,143,Morocco,5510,Production,689,"Chillies and peppers, dry (Capsicum spp., Pimenta spp.), raw",1984,1984,t,6000,E,Estimated value,
QCL,Crops and livestock products,143,Morocco,5312,Area harvested,689,"Chillies and peppers, dry (Capsicum spp., Pimenta spp.), raw",1985,1985,ha,850,E,Estimated value,
QCL,Crops and livestock products,143,Morocco,5419,Yield,689,"Chillies and peppers, dry (Capsicum spp., Pimenta spp.), raw",1985,1985,100 g/ha,70588,E,Estimated value,
QCL,Crops and livestock products,143,Morocco,5510,Production,689,"Chillies and peppers, dry (Capsicum spp., Pimenta spp.), raw",1985,1985,t,6000,E,Estimated value,
QCL,Crops and livestock products,143,Morocco,5312,Area harvested,689,"Chillies and peppers, dry (Capsicum spp., Pimenta spp.), raw",1986,1986,ha,850,E,Estimated value,
QCL,Crops and livestock products,143,Morocco,5419,Yield,689,"Chillies and peppers, dry (Capsicum spp., Pimenta spp.), raw",1986,1986,100 g/ha,70588,E,Estimated value,
QCL,Crops and livestock products,143,Morocco,5510,Production,689,"Chillies and peppers, dry (Capsicum spp., Pimenta spp.), raw",1986,1986,t,6000,E,Estimated value,
QCL,Crops and livestock products,143,Morocco,5312,Area harvested,689,"Chillies and peppers, dry (Capsicum spp., Pimenta spp.), raw",1987,1987,ha,850,E,Estimated value,
QCL,Crops and livestock products,143,Morocco,5419,Yield,689,"Chillies and peppers, dry (Capsicum spp., Pimenta spp.), raw",1987,1987,100 g/ha,70588,E,Estimated value,
QCL,Crops and livestock products,143,Morocco,5510,Production,689,"Chillies and peppers, dry (Capsicum spp., Pimenta spp.), raw",1987,1987,t,6000,E,Estimated value,
QCL,Crops and livestock products,143,Morocco,5312,Area harvested,689,"Chillies and peppers, dry (Capsicum spp., Pimenta spp.), raw",1988,1988,ha,850,E,Estimated value,
QCL,Crops and livestock products,143,Morocco,5419,Yield,689,"Chillies and peppers, dry (Capsicum spp., Pimenta spp.), raw",1988,1988,100 g/ha,70588,E,Estimated value,
QCL,Crops and livestock products,143,Morocco,5510,Production,689,"Chillies and peppers, dry (Capsicum spp., Pimenta spp.), raw",1988,1988,t,6000,E,Estimated value,
QCL,Crops and livestock products,143,Morocco,5312,Area harvested,689,"Chillies and peppers, dry (Capsicum spp., Pimenta spp.), raw",1989,1989,ha,900,E,Estimated value,
QCL,Crops and livestock products,143,Morocco,5419,Yield,689,"Chillies and peppers, dry (Capsicum spp., Pimenta spp.), raw",1989,1989,100 g/ha,66667,E,Estimated value,
QCL,Crops and livestock products,143,Morocco,5510,Production,689,"Chillies and peppers, dry (Capsicum spp., Pimenta spp.), raw",1989,1989,t,6000,E,Estimated value,
QCL,Crops and livestock products,143,Morocco,5312,Area harvested,689,"Chillies and peppers, dry (Capsicum spp., Pimenta spp.), raw",1990,1990,ha,900,E,Estimated value,
QCL,Crops and livestock products,143,Morocco,5419,Yield,689,"Chillies and peppers, dry (Capsicum spp., Pimenta spp.), raw",1990,1990,100 g/ha,88889,E,Estimated value,
QCL,Crops and livestock products,143,Morocco,5510,Production,689,"Chillies and peppers, dry (Capsicum spp., Pimenta spp.), raw",1990,1990,t,8000,E,Estimated value,
QCL,Crops and livestock products,143,Morocco,5312,Area harvested,689,"Chillies and peppers, dry (Capsicum spp., Pimenta spp.), raw",1991,1991,ha,900,E,Estimated value,
QCL,Crops and livestock products,143,Morocco,5419,Yield,689,"Chillies and peppers, dry (Capsicum spp., Pimenta spp.), raw",1991,1991,100 g/ha,88889,E,Estimated value,
QCL,Crops and livestock products,143,Morocco,5510,Production,689,"Chillies and peppers, dry (Capsicum spp., Pimenta spp.), raw",1991,1991,t,8000,E,Estimated value,
QCL,Crops and livestock products,143,Morocco,5312,Area harvested,689,"Chillies and peppers, dry (Capsicum spp., Pimenta spp.), raw",1992,1992,ha,900,E,Estimated value,
QCL,Crops and livestock products,143,Morocco,5419,Yield,689,"Chillies and peppers, dry (Capsicum spp., Pimenta spp.), raw",1992,1992,100 g/ha,88889,E,Estimated value,
QCL,Crops and livestock products,143,Morocco,5510,Production,689,"Chillies and peppers, dry (Capsicum spp., Pimenta spp.), raw",1992,1992,t,8000,E,Estimated value,
QCL,Crops and livestock products,143,Morocco,5312,Area harvested,689,"Chillies and peppers, dry (Capsicum spp., Pimenta spp.), raw",1993,1993,ha,900,E,Estimated value,
QCL,Crops and livestock products,143,Morocco,5419,Yield,689,"Chillies and peppers, dry (Capsicum spp., Pimenta spp.), raw",1993,1993,100 g/ha,91492,E,Estimated value,
QCL,Crops and livestock products,143,Morocco,5510,Production,689,"Chillies and peppers, dry (Capsicum spp., Pimenta spp.), raw",1993,1993,t,8234.27,I,Imputed value,
QCL,Crops and livestock products,143,Morocco,5312,Area harvested,689,"Chillies and peppers, dry (Capsicum spp., Pimenta spp.), raw",1994,1994,ha,1015,I,Imputed value,
QCL,Crops and livestock products,143,Morocco,5419,Yield,689,"Chillies and peppers, dry (Capsicum spp., Pimenta spp.), raw",1994,1994,100 g/ha,93825,E,Estimated value,
QCL,Crops and livestock products,143,Morocco,5510,Production,689,"Chillies and peppers, dry (Capsicum spp., Pimenta spp.), raw",1994,1994,t,9526.78,I,Imputed value,
QCL,Crops and livestock products,143,Morocco,5312,Area harvested,689,"Chillies and peppers, dry (Capsicum spp., Pimenta spp.), raw",1995,1995,ha,1200,E,Estimated value,
QCL,Crops and livestock products,143,Morocco,5419,Yield,689,"Chillies and peppers, dry (Capsicum spp., Pimenta spp.), raw",1995,1995,100 g/ha,100000,E,Estimated value,
QCL,Crops and livestock products,143,Morocco,5510,Production,689,"Chillies and peppers, dry (Capsicum spp., Pimenta spp.), raw",1995,1995,t,12000,E,Estimated value,
QCL,Crops and livestock products,143,Morocco,5312,Area harvested,689,"Chillies and peppers, dry (Capsicum spp., Pimenta spp.), raw",1996,1996,ha,1183,I,Imputed value,
QCL,Crops and livestock products,143,Morocco,5419,Yield,689,"Chillies and peppers, dry (Capsicum spp., Pimenta spp.), raw",1996,1996,100 g/ha,97520,E,Estimated value,
QCL,Crops and livestock products,143,Morocco,5510,Production,689,"Chillies and peppers, dry (Capsicum spp., Pimenta spp.), raw",1996,1996,t,11540.22,I,Imputed value,
QCL,Crops and livestock products,143,Morocco,5312,Area harvested,689,"Chillies and peppers, dry (Capsicum spp., Pimenta spp.), raw",1997,1997,ha,1212,I,Imputed value,
QCL,Crops and livestock products,143,Morocco,5419,Yield,689,"Chillies and peppers, dry (Capsicum spp., Pimenta spp.), raw",1997,1997,100 g/ha,98278,E,Estimated value,
QCL,Crops and livestock products,143,Morocco,5510,Production,689,"Chillies and peppers, dry (Capsicum spp., Pimenta spp.), raw",1997,1997,t,11906.63,I,Imputed value,
QCL,Crops and livestock products,143,Morocco,5312,Area harvested,689,"Chillies and peppers, dry (Capsicum spp., Pimenta spp.), raw",1998,1998,ha,1233,I,Imputed value,
QCL,Crops and livestock products,143,Morocco,5419,Yield,689,"Chillies and peppers, dry (Capsicum spp., Pimenta spp.), raw",1998,1998,100 g/ha,98817,E,Estimated value,
QCL,Crops and livestock products,143,Morocco,5510,Production,689,"Chillies and peppers, dry (Capsicum spp., Pimenta spp.), raw",1998,1998,t,12186.71,I,Imputed value,
QCL,Crops and livestock products,143,Morocco,5312,Area harvested,689,"Chillies and peppers, dry (Capsicum spp., Pimenta spp.), raw",1999,1999,ha,1249,I,Imputed value,
QCL,Crops and livestock products,143,Morocco,5419,Yield,689,"Chillies and peppers, dry (Capsicum spp., Pimenta spp.), raw",1999,1999,100 g/ha,99297,E,Estimated value,
QCL,Crops and livestock products,143,Morocco,5510,Production,689,"Chillies and peppers, dry (Capsicum spp., Pimenta spp.), raw",1999,1999,t,12404.21,I,Imputed value,
QCL,Crops and livestock products,143,Morocco,5312,Area harvested,689,"Chillies and peppers, dry (Capsicum spp., Pimenta spp.), raw",2000,2000,ha,1300,E,Estimated value,
QCL,Crops and livestock products,143,Morocco,5419,Yield,689,"Chillies and peppers, dry (Capsicum spp., Pimenta spp.), raw",2000,2000,100 g/ha,100000,E,Estimated value,
QCL,Crops and livestock products,143,Morocco,5510,Production,689,"Chillies and peppers, dry (Capsicum spp., Pimenta spp.), raw",2000,2000,t,13000,E,Estimated value,
QCL,Crops and livestock products,143,Morocco,5312,Area harvested,689,"Chillies and peppers, dry (Capsicum spp., Pimenta spp.), raw",2001,2001,ha,1300,E,Estimated value,
QCL,Crops and livestock products,143,Morocco,5419,Yield,689,"Chillies and peppers, dry (Capsicum spp., Pimenta spp.), raw",2001,2001,100 g/ha,100000,E,Estimated value,
QCL,Crops and livestock products,143,Morocco,5510,Production,689,"Chillies and peppers, dry (Capsicum spp., Pimenta spp.), raw",2001,2001,t,13000,E,Estimated value,
QCL,Crops and livestock products,143,Morocco,5312,Area harvested,689,"Chillies and peppers, dry (Capsicum spp., Pimenta spp.), raw",2002,2002,ha,1300,E,Estimated value,
QCL,Crops and livestock products,143,Morocco,5419,Yield,689,"Chillies and peppers, dry (Capsicum spp., Pimenta spp.), raw",2002,2002,100 g/ha,100000,E,Estimated value,
QCL,Crops and livestock products,143,Morocco,5510,Production,689,"Chillies and peppers, dry (Capsicum spp., Pimenta spp.), raw",2002,2002,t,13000,E,Estimated value,
QCL,Crops and livestock products,143,Morocco,5312,Area harvested,689,"Chillies and peppers, dry (Capsicum spp., Pimenta spp.), raw",2003,2003,ha,1400,E,Estimated value,
QCL,Crops and livestock products,143,Morocco,5419,Yield,689,"Chillies and peppers, dry (Capsicum spp., Pimenta spp.), raw",2003,2003,100 g/ha,100000,E,Estimated value,
QCL,Crops and livestock products,143,Morocco,5510,Production,689,"Chillies and peppers, dry (Capsicum spp., Pimenta spp.), raw",2003,2003,t,14000,E,Estimated value,
QCL,Crops and livestock products,143,Morocco,5312,Area harvested,689,"Chillies and peppers, dry (Capsicum spp., Pimenta spp.), raw",2004,2004,ha,1418,I,Imputed value,
QCL,Crops and livestock products,143,Morocco,5419,Yield,689,"Chillies and peppers, dry (Capsicum spp., Pimenta spp.), raw",2004,2004,100 g/ha,105212,E,Estimated value,
QCL,Crops and livestock products,143,Morocco,5510,Production,689,"Chillies and peppers, dry (Capsicum spp., Pimenta spp.), raw",2004,2004,t,14921.05,I,Imputed value,
QCL,Crops and livestock products,143,Morocco,5312,Area harvested,689,"Chillies and peppers, dry (Capsicum spp., Pimenta spp.), raw",2005,2005,ha,1400,E,Estimated value,
QCL,Crops and livestock products,143,Morocco,5419,Yield,689,"Chillies and peppers, dry (Capsicum spp., Pimenta spp.), raw",2005,2005,100 g/ha,107153,E,Estimated value,
QCL,Crops and livestock products,143,Morocco,5510,Production,689,"Chillies and peppers, dry (Capsicum spp., Pimenta spp.), raw",2005,2005,t,15001.41,I,Imputed value,
QCL,Crops and livestock products,143,Morocco,5312,Area harvested,689,"Chillies and peppers, dry (Capsicum spp., Pimenta spp.), raw",2006,2006,ha,1360,E,Estimated value,
QCL,Crops and livestock products,143,Morocco,5419,Yield,689,"Chillies and peppers, dry (Capsicum spp., Pimenta spp.), raw",2006,2006,100 g/ha,100000,E,Estimated value,
QCL,Crops and livestock products,143,Morocco,5510,Production,689,"Chillies and peppers, dry (Capsicum spp., Pimenta spp.), raw",2006,2006,t,13600,E,Estimated value,
QCL,Crops and livestock products,143,Morocco,5312,Area harvested,689,"Chillies and peppers, dry (Capsicum spp., Pimenta spp.), raw",2007,2007,ha,1400,E,Estimated value,
QCL,Crops and livestock products,143,Morocco,5419,Yield,689,"Chillies and peppers, dry (Capsicum spp., Pimenta spp.), raw",2007,2007,100 g/ha,100000,E,Estimated value,
QCL,Crops and livestock products,143,Morocco,5510,Production,689,"Chillies and peppers, dry (Capsicum spp., Pimenta spp.), raw",2007,2007,t,14000,E,Estimated value,
QCL,Crops and livestock products,143,Morocco,5312,Area harvested,689,"Chillies and peppers, dry (Capsicum spp., Pimenta spp.), raw",2008,2008,ha,1400,I,Imputed value,
QCL,Crops and livestock products,143,Morocco,5419,Yield,689,"Chillies and peppers, dry (Capsicum spp., Pimenta spp.), raw",2008,2008,100 g/ha,119626,E,Estimated value,
QCL,Crops and livestock products,143,Morocco,5510,Production,689,"Chillies and peppers, dry (Capsicum spp., Pimenta spp.), raw",2008,2008,t,16743.93,I,Imputed value,
QCL,Crops and livestock products,143,Morocco,5312,Area harvested,689,"Chillies and peppers, dry (Capsicum spp., Pimenta spp.), raw",2009,2009,ha,1431,I,Imputed value,
QCL,Crops and livestock products,143,Morocco,5419,Yield,689,"Chillies and peppers, dry (Capsicum spp., Pimenta spp.), raw",2009,2009,100 g/ha,129591,E,Estimated value,
QCL,Crops and livestock products,143,Morocco,5510,Production,689,"Chillies and peppers, dry (Capsicum spp., Pimenta spp.), raw",2009,2009,t,18541.62,I,Imputed value,
QCL,Crops and livestock products,143,Morocco,5312,Area harvested,689,"Chillies and peppers, dry (Capsicum spp., Pimenta spp.), raw",2010,2010,ha,1452,I,Imputed value,
QCL,Crops and livestock products,143,Morocco,5419,Yield,689,"Chillies and peppers, dry (Capsicum spp., Pimenta spp.), raw",2010,2010,100 g/ha,140481,E,Estimated value,
QCL,Crops and livestock products,143,Morocco,5510,Production,689,"Chillies and peppers, dry (Capsicum spp., Pimenta spp.), raw",2010,2010,t,20392.56,I,Imputed value,
QCL,Crops and livestock products,143,Morocco,5312,Area harvested,689,"Chillies and peppers, dry (Capsicum spp., Pimenta spp.), raw",2011,2011,ha,1475,I,Imputed value,
QCL,Crops and livestock products,143,Morocco,5419,Yield,689,"Chillies and peppers, dry (Capsicum spp., Pimenta spp.), raw",2011,2011,100 g/ha,151873,E,Estimated value,
QCL,Crops and livestock products,143,Morocco,5510,Production,689,"Chillies and peppers, dry (Capsicum spp., Pimenta spp.), raw",2011,2011,t,22397.08,I,Imputed value,
QCL,Crops and livestock products,143,Morocco,5312,Area harvested,689,"Chillies and peppers, dry (Capsicum spp., Pimenta spp.), raw",2012,2012,ha,1500,E,Estimated value,
QCL,Crops and livestock products,143,Morocco,5419,Yield,689,"Chillies and peppers, dry (Capsicum spp., Pimenta spp.), raw",2012,2012,100 g/ha,200000,E,Estimated value,
QCL,Crops and livestock products,143,Morocco,5510,Production,689,"Chillies and peppers, dry (Capsicum spp., Pimenta spp.), raw",2012,2012,t,30000,E,Estimated value,
QCL,Crops and livestock products,143,Morocco,5312,Area harvested,689,"Chillies and peppers, dry (Capsicum spp., Pimenta spp.), raw",2013,2013,ha,1535,I,Imputed value,
QCL,Crops and livestock products,143,Morocco,5419,Yield,689,"Chillies and peppers, dry (Capsicum spp., Pimenta spp.), raw",2013,2013,100 g/ha,171896,E,Estimated value,
QCL,Crops and livestock products,143,Morocco,5510,Production,689,"Chillies and peppers, dry (Capsicum spp., Pimenta spp.), raw",2013,2013,t,26384.41,I,Imputed value,
QCL,Crops and livestock products,143,Morocco,5312,Area harvested,689,"Chillies and peppers, dry (Capsicum spp., Pimenta spp.), raw",2014,2014,ha,1460,I,Imputed value,
QCL,Crops and livestock products,143,Morocco,5419,Yield,689,"Chillies and peppers, dry (Capsicum spp., Pimenta spp.), raw",2014,2014,100 g/ha,176586,E,Estimated value,
QCL,Crops and livestock products,143,Morocco,5510,Production,689,"Chillies and peppers, dry (Capsicum spp., Pimenta spp.), raw",2014,2014,t,25787.67,I,Imputed value,
QCL,Crops and livestock products,143,Morocco,5312,Area harvested,689,"Chillies and peppers, dry (Capsicum spp., Pimenta spp.), raw",2015,2015,ha,1428,I,Imputed value,
QCL,Crops and livestock products,143,Morocco,5419,Yield,689,"Chillies and peppers, dry (Capsicum spp., Pimenta spp.), raw",2015,2015,100 g/ha,188495,E,Estimated value,
QCL,Crops and livestock products,143,Morocco,5510,Production,689,"Chillies and peppers, dry (Capsicum spp., Pimenta spp.), raw",2015,2015,t,26915.63,I,Imputed value,
QCL,Crops and livestock products,143,Morocco,5312,Area harvested,689,"Chillies and peppers, dry (Capsicum spp., Pimenta spp.), raw",2016,2016,ha,1474,E,Estimated value,
QCL,Crops and livestock products,143,Morocco,5419,Yield,689,"Chillies and peppers, dry (Capsicum spp., Pimenta spp.), raw",2016,2016,100 g/ha,186532,E,Estimated value,
QCL,Crops and livestock products,143,Morocco,5510,Production,689,"Chillies and peppers, dry (Capsicum spp., Pimenta spp.), raw",2016,2016,t,27502.18,I,Imputed value,
QCL,Crops and livestock products,143,Morocco,5312,Area harvested,689,"Chillies and peppers, dry (Capsicum spp., Pimenta spp.), raw",2017,2017,ha,1465,I,Imputed value,
QCL,Crops and livestock products,143,Morocco,5419,Yield,689,"Chillies and peppers, dry (Capsicum spp., Pimenta spp.), raw",2017,2017,100 g/ha,182447,E,Estimated value,
QCL,Crops and livestock products,143,Morocco,5510,Production,689,"Chillies and peppers, dry (Capsicum spp., Pimenta spp.), raw",2017,2017,t,26735.16,E,Estimated value,
QCL,Crops and livestock products,143,Morocco,5312,Area harvested,689,"Chillies and peppers, dry (Capsicum spp., Pimenta spp.), raw",2018,2018,ha,1450,I,Imputed value,
QCL,Crops and livestock products,143,Morocco,5419,Yield,689,"Chillies and peppers, dry (Capsicum spp., Pimenta spp.), raw",2018,2018,100 g/ha,186233,E,Estimated value,
QCL,Crops and livestock products,143,Morocco,5510,Production,689,"Chillies and peppers, dry (Capsicum spp., Pimenta spp.), raw",2018,2018,t,27003.47,I,Imputed value,
QCL,Crops and livestock products,143,Morocco,5312,Area harvested,689,"Chillies and peppers, dry (Capsicum spp., Pimenta spp.), raw",2019,2019,ha,1435,I,Imputed value,
QCL,Crops and livestock products,143,Morocco,5419,Yield,689,"Chillies and peppers, dry (Capsicum spp., Pimenta spp.), raw",2019,2019,100 g/ha,188649,E,Estimated value,
QCL,Crops and livestock products,143,Morocco,5510,Production,689,"Chillies and peppers, dry (Capsicum spp., Pimenta spp.), raw",2019,2019,t,27080.27,E,Estimated value,
QCL,Crops and livestock products,143,Morocco,5312,Area harvested,689,"Chillies and peppers, dry (Capsicum spp., Pimenta spp.), raw",2020,2020,ha,1386,I,Imputed value,
QCL,Crops and livestock products,143,Morocco,5419,Yield,689,"Chillies and peppers, dry (Capsicum spp., Pimenta spp.), raw",2020,2020,100 g/ha,204768,E,Estimated value,
QCL,Crops and livestock products,143,Morocco,5510,Production,689,"Chillies and peppers, dry (Capsicum spp., Pimenta spp.), raw",2020,2020,t,28371.58,I,Imputed value,
QCL,Crops and livestock products,143,Morocco,5312,Area harvested,689,"Chillies and peppers, dry (Capsicum spp., Pimenta spp.), raw",2021,2021,ha,1424,E,Estimated value,
QCL,Crops and livestock products,143,Morocco,5419,Yield,689,"Chillies and peppers, dry (Capsicum spp., Pimenta spp.), raw",2021,2021,100 g/ha,193058,E,Estimated value,
QCL,Crops and livestock products,143,Morocco,5510,Production,689,"Chillies and peppers, dry (Capsicum spp., Pimenta spp.), raw",2021,2021,t,27485.11,E,Estimated value,
QCL,Crops and livestock products,143,Morocco,5312,Area harvested,689,"Chillies and peppers, dry (Capsicum spp., Pimenta spp.), raw",2022,2022,ha,1415,E,Estimated value,
QCL,Crops and livestock products,143,Morocco,5419,Yield,689,"Chillies and peppers, dry (Capsicum spp., Pimenta spp.), raw",2022,2022,100 g/ha,195389,E,Estimated value,
QCL,Crops and livestock products,143,Morocco,5510,Production,689,"Chillies and peppers, dry (Capsicum spp., Pimenta spp.), raw",2022,2022,t,27645.65,E,Estimated value,
QCL,Crops and livestock products,143,Morocco,5312,Area harvested,401,"Chillies and peppers, green (Capsicum spp. and Pimenta spp.)",1961,1961,ha,2000,E,Estimated value,
QCL,Crops and livestock products,143,Morocco,5419,Yield,401,"Chillies and peppers, green (Capsicum spp. and Pimenta spp.)",1961,1961,100 g/ha,130000,E,Estimated value,
QCL,Crops and livestock products,143,Morocco,5510,Production,401,"Chillies and peppers, green (Capsicum spp. and Pimenta spp.)",1961,1961,t,26000,E,Estimated value,
QCL,Crops and livestock products,143,Morocco,5312,Area harvested,401,"Chillies and peppers, green (Capsicum spp. and Pimenta spp.)",1962,1962,ha,2050,E,Estimated value,
QCL,Crops and livestock products,143,Morocco,5419,Yield,401,"Chillies and peppers, green (Capsicum spp. and Pimenta spp.)",1962,1962,100 g/ha,131707,E,Estimated value,
QCL,Crops and livestock products,143,Morocco,5510,Production,401,"Chillies and peppers, green (Capsicum spp. and Pimenta spp.)",1962,1962,t,27000,E,Estimated value,
QCL,Crops and livestock products,143,Morocco,5312,Area harvested,401,"Chillies and peppers, green (Capsicum spp. and Pimenta spp.)",1963,1963,ha,2100,E,Estimated value,
QCL,Crops and livestock products,143,Morocco,5419,Yield,401,"Chillies and peppers, green (Capsicum spp. and Pimenta spp.)",1963,1963,100 g/ha,133333,E,Estimated value,
QCL,Crops and livestock products,143,Morocco,5510,Production,401,"Chillies and peppers, green (Capsicum spp. and Pimenta spp.)",1963,1963,t,28000,E,Estimated value,
QCL,Crops and livestock products,143,Morocco,5312,Area harvested,401,"Chillies and peppers, green (Capsicum spp. and Pimenta spp.)",1964,1964,ha,1700,E,Estimated value,
QCL,Crops and livestock products,143,Morocco,5419,Yield,401,"Chillies and peppers, green (Capsicum spp. and Pimenta spp.)",1964,1964,100 g/ha,123529,E,Estimated value,
QCL,Crops and livestock products,143,Morocco,5510,Production,401,"Chillies and peppers, green (Capsicum spp. and Pimenta spp.)",1964,1964,t,21000,E,Estimated value,
QCL,Crops and livestock products,143,Morocco,5312,Area harvested,401,"Chillies and peppers, green (Capsicum spp. and Pimenta spp.)",1965,1965,ha,1950,E,Estimated value,
QCL,Crops and livestock products,143,Morocco,5419,Yield,401,"Chillies and peppers, green (Capsicum spp. and Pimenta spp.)",1965,1965,100 g/ha,133333,E,Estimated value,
QCL,Crops and livestock products,143,Morocco,5510,Production,401,"Chillies and peppers, green (Capsicum spp. and Pimenta spp.)",1965,1965,t,26000,E,Estimated value,
QCL,Crops and livestock products,143,Morocco,5312,Area harvested,401,"Chillies and peppers, green (Capsicum spp. and Pimenta spp.)",1966,1966,ha,2250,E,Estimated value,
QCL,Crops and livestock products,143,Morocco,5419,Yield,401,"Chillies and peppers, green (Capsicum spp. and Pimenta spp.)",1966,1966,100 g/ha,137778,E,Estimated value,
QCL,Crops and livestock products,143,Morocco,5510,Production,401,"Chillies and peppers, green (Capsicum spp. and Pimenta spp.)",1966,1966,t,31000,E,Estimated value,
QCL,Crops and livestock products,143,Morocco,5312,Area harvested,401,"Chillies and peppers, green (Capsicum spp. and Pimenta spp.)",1967,1967,ha,2250,E,Estimated value,
QCL,Crops and livestock products,143,Morocco,5419,Yield,401,"Chillies and peppers, green (Capsicum spp. and Pimenta spp.)",1967,1967,100 g/ha,133333,E,Estimated value,
QCL,Crops and livestock products,143,Morocco,5510,Production,401,"Chillies and peppers, green (Capsicum spp. and Pimenta spp.)",1967,1967,t,30000,E,Estimated value,
QCL,Crops and livestock products,143,Morocco,5312,Area harvested,401,"Chillies and peppers, green (Capsicum spp. and Pimenta spp.)",1968,1968,ha,2000,E,Estimated value,
QCL,Crops and livestock products,143,Morocco,5419,Yield,401,"Chillies and peppers, green (Capsicum spp. and Pimenta spp.)",1968,1968,100 g/ha,130000,E,Estimated value,
QCL,Crops and livestock products,143,Morocco,5510,Production,401,"Chillies and peppers, green (Capsicum spp. and Pimenta spp.)",1968,1968,t,26000,E,Estimated value,
QCL,Crops and livestock products,143,Morocco,5312,Area harvested,401,"Chillies and peppers, green (Capsicum spp. and Pimenta spp.)",1969,1969,ha,2000,E,Estimated value,
QCL,Crops and livestock products,143,Morocco,5419,Yield,401,"Chillies and peppers, green (Capsicum spp. and Pimenta spp.)",1969,1969,100 g/ha,135000,E,Estimated value,
QCL,Crops and livestock products,143,Morocco,5510,Production,401,"Chillies and peppers, green (Capsicum spp. and Pimenta spp.)",1969,1969,t,27000,E,Estimated value,
QCL,Crops and livestock products,143,Morocco,5312,Area harvested,401,"Chillies and peppers, green (Capsicum spp. and Pimenta spp.)",1970,1970,ha,2000,E,Estimated value,
QCL,Crops and livestock products,143,Morocco,5419,Yield,401,"Chillies and peppers, green (Capsicum spp. and Pimenta spp.)",1970,1970,100 g/ha,135000,E,Estimated value,
QCL,Crops and livestock products,143,Morocco,5510,Production,401,"Chillies and peppers, green (Capsicum spp. and Pimenta spp.)",1970,1970,t,27000,E,Estimated value,
QCL,Crops and livestock products,143,Morocco,5312,Area harvested,401,"Chillies and peppers, green (Capsicum spp. and Pimenta spp.)",1971,1971,ha,2000,E,Estimated value,
QCL,Crops and livestock products,143,Morocco,5419,Yield,401,"Chillies and peppers, green (Capsicum spp. and Pimenta spp.)",1971,1971,100 g/ha,140000,E,Estimated value,
QCL,Crops and livestock products,143,Morocco,5510,Production,401,"Chillies and peppers, green (Capsicum spp. and Pimenta spp.)",1971,1971,t,28000,E,Estimated value,
QCL,Crops and livestock products,143,Morocco,5312,Area harvested,401,"Chillies and peppers, green (Capsicum spp. and Pimenta spp.)",1972,1972,ha,2300,E,Estimated value,
QCL,Crops and livestock products,143,Morocco,5419,Yield,401,"Chillies and peppers, green (Capsicum spp. and Pimenta spp.)",1972,1972,100 g/ha,130435,E,Estimated value,
QCL,Crops and livestock products,143,Morocco,5510,Production,401,"Chillies and peppers, green (Capsicum spp. and Pimenta spp.)",1972,1972,t,30000,E,Estimated value,
QCL,Crops and livestock products,143,Morocco,5312,Area harvested,401,"Chillies and peppers, green (Capsicum spp. and Pimenta spp.)",1973,1973,ha,2300,E,Estimated value,
QCL,Crops and livestock products,143,Morocco,5419,Yield,401,"Chillies and peppers, green (Capsicum spp. and Pimenta spp.)",1973,1973,100 g/ha,139130,E,Estimated value,
QCL,Crops and livestock products,143,Morocco,5510,Production,401,"Chillies and peppers, green (Capsicum spp. and Pimenta spp.)",1973,1973,t,32000,E,Estimated value,
QCL,Crops and livestock products,143,Morocco,5312,Area harvested,401,"Chillies and peppers, green (Capsicum spp. and Pimenta spp.)",1974,1974,ha,2300,E,Estimated value,
QCL,Crops and livestock products,143,Morocco,5419,Yield,401,"Chillies and peppers, green (Capsicum spp. and Pimenta spp.)",1974,1974,100 g/ha,143478,E,Estimated value,
QCL,Crops and livestock products,143,Morocco,5510,Production,401,"Chillies and peppers, green (Capsicum spp. and Pimenta spp.)",1974,1974,t,33000,E,Estimated value,
QCL,Crops and livestock products,143,Morocco,5312,Area harvested,401,"Chillies and peppers, green (Capsicum spp. and Pimenta spp.)",1975,1975,ha,2400,E,Estimated value,
QCL,Crops and livestock products,143,Morocco,5419,Yield,401,"Chillies and peppers, green (Capsicum spp. and Pimenta spp.)",1975,1975,100 g/ha,145833,E,Estimated value,
QCL,Crops and livestock products,143,Morocco,5510,Production,401,"Chillies and peppers, green (Capsicum spp. and Pimenta spp.)",1975,1975,t,35000,E,Estimated value,
QCL,Crops and livestock products,143,Morocco,5312,Area harvested,401,"Chillies and peppers, green (Capsicum spp. and Pimenta spp.)",1976,1976,ha,2400,E,Estimated value,
QCL,Crops and livestock products,143,Morocco,5419,Yield,401,"Chillies and peppers, green (Capsicum spp. and Pimenta spp.)",1976,1976,100 g/ha,145833,E,Estimated value,
QCL,Crops and livestock products,143,Morocco,5510,Production,401,"Chillies and peppers, green (Capsicum spp. and Pimenta spp.)",1976,1976,t,35000,E,Estimated value,
QCL,Crops and livestock products,143,Morocco,5312,Area harvested,401,"Chillies and peppers, green (Capsicum spp. and Pimenta spp.)",1977,1977,ha,2400,E,Estimated value,
QCL,Crops and livestock products,143,Morocco,5419,Yield,401,"Chillies and peppers, green (Capsicum spp. and Pimenta spp.)",1977,1977,100 g/ha,145833,E,Estimated value,
QCL,Crops and livestock products,143,Morocco,5510,Production,401,"Chillies and peppers, green (Capsicum spp. and Pimenta spp.)",1977,1977,t,35000,E,Estimated value,
QCL,Crops and livestock products,143,Morocco,5312,Area harvested,401,"Chillies and peppers, green (Capsicum spp. and Pimenta spp.)",1978,1978,ha,2400,E,Estimated value,
QCL,Crops and livestock products,143,Morocco,5419,Yield,401,"Chillies and peppers, green (Capsicum spp. and Pimenta spp.)",1978,1978,100 g/ha,145833,E,Estimated value,
QCL,Crops and livestock products,143,Morocco,5510,Production,401,"Chillies and peppers, green (Capsicum spp. and Pimenta spp.)",1978,1978,t,35000,E,Estimated value,
QCL,Crops and livestock products,143,Morocco,5312,Area harvested,401,"Chillies and peppers, green (Capsicum spp. and Pimenta spp.)",1979,1979,ha,2400,E,Estimated value,
QCL,Crops and livestock products,143,Morocco,5419,Yield,401,"Chillies and peppers, green (Capsicum spp. and Pimenta spp.)",1979,1979,100 g/ha,150000,E,Estimated value,
QCL,Crops and livestock products,143,Morocco,5510,Production,401,"Chillies and peppers, green (Capsicum spp. and Pimenta spp.)",1979,1979,t,36000,E,Estimated value,
QCL,Crops and livestock products,143,Morocco,5312,Area harvested,401,"Chillies and peppers, green (Capsicum spp. and Pimenta spp.)",1980,1980,ha,2400,E,Estimated value,
QCL,Crops and livestock products,143,Morocco,5419,Yield,401,"Chillies and peppers, green (Capsicum spp. and Pimenta spp.)",1980,1980,100 g/ha,145833,E,Estimated value,
QCL,Crops and livestock products,143,Morocco,5510,Production,401,"Chillies and peppers, green (Capsicum spp. and Pimenta spp.)",1980,1980,t,35000,E,Estimated value,
QCL,Crops and livestock products,143,Morocco,5312,Area harvested,401,"Chillies and peppers, green (Capsicum spp. and Pimenta spp.)",1981,1981,ha,2200,E,Estimated value,
QCL,Crops and livestock products,143,Morocco,5419,Yield,401,"Chillies and peppers, green (Capsicum spp. and Pimenta spp.)",1981,1981,100 g/ha,150000,E,Estimated value,
QCL,Crops and livestock products,143,Morocco,5510,Production,401,"Chillies and peppers, green (Capsicum spp. and Pimenta spp.)",1981,1981,t,33000,E,Estimated value,
QCL,Crops and livestock products,143,Morocco,5312,Area harvested,401,"Chillies and peppers, green (Capsicum spp. and Pimenta spp.)",1982,1982,ha,2250,E,Estimated value,
QCL,Crops and livestock products,143,Morocco,5419,Yield,401,"Chillies and peppers, green (Capsicum spp. and Pimenta spp.)",1982,1982,100 g/ha,151111,E,Estimated value,
QCL,Crops and livestock products,143,Morocco,5510,Production,401,"Chillies and peppers, green (Capsicum spp. and Pimenta spp.)",1982,1982,t,34000,E,Estimated value,
QCL,Crops and livestock products,143,Morocco,5312,Area harvested,401,"Chillies and peppers, green (Capsicum spp. and Pimenta spp.)",1983,1983,ha,2400,E,Estimated value,
QCL,Crops and livestock products,143,Morocco,5419,Yield,401,"Chillies and peppers, green (Capsicum spp. and Pimenta spp.)",1983,1983,100 g/ha,150000,E,Estimated value,
QCL,Crops and livestock products,143,Morocco,5510,Production,401,"Chillies and peppers, green (Capsicum spp. and Pimenta spp.)",1983,1983,t,36000,E,Estimated value,
QCL,Crops and livestock products,143,Morocco,5312,Area harvested,401,"Chillies and peppers, green (Capsicum spp. and Pimenta spp.)",1984,1984,ha,2500,E,Estimated value,
QCL,Crops and livestock products,143,Morocco,5419,Yield,401,"Chillies and peppers, green (Capsicum spp. and Pimenta spp.)",1984,1984,100 g/ha,152000,E,Estimated value,
QCL,Crops and livestock products,143,Morocco,5510,Production,401,"Chillies and peppers, green (Capsicum spp. and Pimenta spp.)",1984,1984,t,38000,E,Estimated value,
QCL,Crops and livestock products,143,Morocco,5312,Area harvested,401,"Chillies and peppers, green (Capsicum spp. and Pimenta spp.)",1985,1985,ha,2650,E,Estimated value,
QCL,Crops and livestock products,143,Morocco,5419,Yield,401,"Chillies and peppers, green (Capsicum spp. and Pimenta spp.)",1985,1985,100 g/ha,150943,E,Estimated value,
QCL,Crops and livestock products,143,Morocco,5510,Production,401,"Chillies and peppers, green (Capsicum spp. and Pimenta spp.)",1985,1985,t,40000,E,Estimated value,
QCL,Crops and livestock products,143,Morocco,5312,Area harvested,401,"Chillies and peppers, green (Capsicum spp. and Pimenta spp.)",1986,1986,ha,2850,E,Estimated value,
QCL,Crops and livestock products,143,Morocco,5419,Yield,401,"Chillies and peppers, green (Capsicum spp. and Pimenta spp.)",1986,1986,100 g/ha,157895,E,Estimated value,
QCL,Crops and livestock products,143,Morocco,5510,Production,401,"Chillies and peppers, green (Capsicum spp. and Pimenta spp.)",1986,1986,t,45000,E,Estimated value,
QCL,Crops and livestock products,143,Morocco,5312,Area harvested,401,"Chillies and peppers, green (Capsicum spp. and Pimenta spp.)",1987,1987,ha,3200,E,Estimated value,
QCL,Crops and livestock products,143,Morocco,5419,Yield,401,"Chillies and peppers, green (Capsicum spp. and Pimenta spp.)",1987,1987,100 g/ha,150000,E,Estimated value,
QCL,Crops and livestock products,143,Morocco,5510,Production,401,"Chillies and peppers, green (Capsicum spp. and Pimenta spp.)",1987,1987,t,48000,A,Official figure,
QCL,Crops and livestock products,143,Morocco,5312,Area harvested,401,"Chillies and peppers, green (Capsicum spp. and Pimenta spp.)",1988,1988,ha,3500,E,Estimated value,
QCL,Crops and livestock products,143,Morocco,5419,Yield,401,"Chillies and peppers, green (Capsicum spp. and Pimenta spp.)",1988,1988,100 g/ha,151429,E,Estimated value,
QCL,Crops and livestock products,143,Morocco,5510,Production,401,"Chillies and peppers, green (Capsicum spp. and Pimenta spp.)",1988,1988,t,53000,A,Official figure,
QCL,Crops and livestock products,143,Morocco,5312,Area harvested,401,"Chillies and peppers, green (Capsicum spp. and Pimenta spp.)",1989,1989,ha,4300,E,Estimated value,
QCL,Crops and livestock products,143,Morocco,5419,Yield,401,"Chillies and peppers, green (Capsicum spp. and Pimenta spp.)",1989,1989,100 g/ha,149767,E,Estimated value,
QCL,Crops and livestock products,143,Morocco,5510,Production,401,"Chillies and peppers, green (Capsicum spp. and Pimenta spp.)",1989,1989,t,64400,A,Official figure,
QCL,Crops and livestock products,143,Morocco,5312,Area harvested,401,"Chillies and peppers, green (Capsicum spp. and Pimenta spp.)",1990,1990,ha,5500,E,Estimated value,
QCL,Crops and livestock products,143,Morocco,5419,Yield,401,"Chillies and peppers, green (Capsicum spp. and Pimenta spp.)",1990,1990,100 g/ha,143155,E,Estimated value,
QCL,Crops and livestock products,143,Morocco,5510,Production,401,"Chillies and peppers, green (Capsicum spp. and Pimenta spp.)",1990,1990,t,78735,A,Official figure,
QCL,Crops and livestock products,143,Morocco,5312,Area harvested,401,"Chillies and peppers, green (Capsicum spp. and Pimenta spp.)",1991,1991,ha,5000,X,Figure from international organizations,Unofficial figure
QCL,Crops and livestock products,143,Morocco,5419,Yield,401,"Chillies and peppers, green (Capsicum spp. and Pimenta spp.)",1991,1991,100 g/ha,143364,E,Estimated value,
QCL,Crops and livestock products,143,Morocco,5510,Production,401,"Chillies and peppers, green (Capsicum spp. and Pimenta spp.)",1991,1991,t,71682,A,Official figure,
QCL,Crops and livestock products,143,Morocco,5312,Area harvested,401,"Chillies and peppers, green (Capsicum spp. and Pimenta spp.)",1992,1992,ha,5000,X,Figure from international organizations,Unofficial figure
QCL,Crops and livestock products,143,Morocco,5419,Yield,401,"Chillies and peppers, green (Capsicum spp. and Pimenta spp.)",1992,1992,100 g/ha,188944,E,Estimated value,
QCL,Crops and livestock products,143,Morocco,5510,Production,401,"Chillies and peppers, green (Capsicum spp. and Pimenta spp.)",1992,1992,t,94472,A,Official figure,
QCL,Crops and livestock products,143,Morocco,5312,Area harvested,401,"Chillies and peppers, green (Capsicum spp. and Pimenta spp.)",1993,1993,ha,5000,X,Figure from international organizations,Unofficial figure
QCL,Crops and livestock products,143,Morocco,5419,Yield,401,"Chillies and peppers, green (Capsicum spp. and Pimenta spp.)",1993,1993,100 g/ha,156720,E,Estimated value,
QCL,Crops and livestock products,143,Morocco,5510,Production,401,"Chillies and peppers, green (Capsicum spp. and Pimenta spp.)",1993,1993,t,78360,A,Official figure,
QCL,Crops and livestock products,143,Morocco,5312,Area harvested,401,"Chillies and peppers, green (Capsicum spp. and Pimenta spp.)",1994,1994,ha,5984,A,Official figure,
QCL,Crops and livestock products,143,Morocco,5419,Yield,401,"Chillies and peppers, green (Capsicum spp. and Pimenta spp.)",1994,1994,100 g/ha,220120,A,Official figure,
QCL,Crops and livestock products,143,Morocco,5510,Production,401,"Chillies and peppers, green (Capsicum spp. and Pimenta spp.)",1994,1994,t,131720,A,Official figure,
QCL,Crops and livestock products,143,Morocco,5312,Area harvested,401,"Chillies and peppers, green (Capsicum spp. and Pimenta spp.)",1995,1995,ha,5293,A,Official figure,
QCL,Crops and livestock products,143,Morocco,5419,Yield,401,"Chillies and peppers, green (Capsicum spp. and Pimenta spp.)",1995,1995,100 g/ha,191451,A,Official figure,
QCL,Crops and livestock products,143,Morocco,5510,Production,401,"Chillies and peppers, green (Capsicum spp. and Pimenta spp.)",1995,1995,t,101335,A,Official figure,
QCL,Crops and livestock products,143,Morocco,5312,Area harvested,401,"Chillies and peppers, green (Capsicum spp. and Pimenta spp.)",1996,1996,ha,7897,A,Official figure,
QCL,Crops and livestock products,143,Morocco,5419,Yield,401,"Chillies and peppers, green (Capsicum spp. and Pimenta spp.)",1996,1996,100 g/ha,253590,A,Official figure,
QCL,Crops and livestock products,143,Morocco,5510,Production,401,"Chillies and peppers, green (Capsicum spp. and Pimenta spp.)",1996,1996,t,200260,A,Official figure,
QCL,Crops and livestock products,143,Morocco,5312,Area harvested,401,"Chillies and peppers, green (Capsicum spp. and Pimenta spp.)",1997,1997,ha,7400,A,Official figure,
QCL,Crops and livestock products,143,Morocco,5419,Yield,401,"Chillies and peppers, green (Capsicum spp. and Pimenta spp.)",1997,1997,100 g/ha,271757,A,Official figure,
QCL,Crops and livestock products,143,Morocco,5510,Production,401,"Chillies and peppers, green (Capsicum spp. and Pimenta spp.)",1997,1997,t,201100,A,Official figure,
QCL,Crops and livestock products,143,Morocco,5312,Area harvested,401,"Chillies and peppers, green (Capsicum spp. and Pimenta spp.)",1998,1998,ha,8600,A,Official figure,
QCL,Crops and livestock products,143,Morocco,5419,Yield,401,"Chillies and peppers, green (Capsicum spp. and Pimenta spp.)",1998,1998,100 g/ha,237151,A,Official figure,
QCL,Crops and livestock products,143,Morocco,5510,Production,401,"Chillies and peppers, green (Capsicum spp. and Pimenta spp.)",1998,1998,t,203950,A,Official figure,
QCL,Crops and livestock products,143,Morocco,5312,Area harvested,401,"Chillies and peppers, green (Capsicum spp. and Pimenta spp.)",1999,1999,ha,7200,A,Official figure,
QCL,Crops and livestock products,143,Morocco,5419,Yield,401,"Chillies and peppers, green (Capsicum spp. and Pimenta spp.)",1999,1999,100 g/ha,251153,A,Official figure,
QCL,Crops and livestock products,143,Morocco,5510,Production,401,"Chillies and peppers, green (Capsicum spp. and Pimenta spp.)",1999,1999,t,180830,A,Official figure,
QCL,Crops and livestock products,143,Morocco,5312,Area harvested,401,"Chillies and peppers, green (Capsicum spp. and Pimenta spp.)",2000,2000,ha,7425,A,Official figure,
QCL,Crops and livestock products,143,Morocco,5419,Yield,401,"Chillies and peppers, green (Capsicum spp. and Pimenta spp.)",2000,2000,100 g/ha,242653,A,Official figure,
QCL,Crops and livestock products,143,Morocco,5510,Production,401,"Chillies and peppers, green (Capsicum spp. and Pimenta spp.)",2000,2000,t,180170,A,Official figure,
QCL,Crops and livestock products,143,Morocco,5312,Area harvested,401,"Chillies and peppers, green (Capsicum spp. and Pimenta spp.)",2001,2001,ha,6040,A,Official figure,
QCL,Crops and livestock products,143,Morocco,5419,Yield,401,"Chillies and peppers, green (Capsicum spp. and Pimenta spp.)",2001,2001,100 g/ha,293626,A,Official figure,
QCL,Crops and livestock products,143,Morocco,5510,Production,401,"Chillies and peppers, green (Capsicum spp. and Pimenta spp.)",2001,2001,t,177350,A,Official figure,
QCL,Crops and livestock products,143,Morocco,5312,Area harvested,401,"Chillies and peppers, green (Capsicum spp. and Pimenta spp.)",2002,2002,ha,5518,A,Official figure,
QCL,Crops and livestock products,143,Morocco,5419,Yield,401,"Chillies and peppers, green (Capsicum spp. and Pimenta spp.)",2002,2002,100 g/ha,283146,A,Official figure,
QCL,Crops and livestock products,143,Morocco,5510,Production,401,"Chillies and peppers, green (Capsicum spp. and Pimenta spp.)",2002,2002,t,156240,A,Official figure,
QCL,Crops and livestock products,143,Morocco,5312,Area harvested,401,"Chillies and peppers, green (Capsicum spp. and Pimenta spp.)",2003,2003,ha,6221,A,Official figure,
QCL,Crops and livestock products,143,Morocco,5419,Yield,401,"Chillies and peppers, green (Capsicum spp. and Pimenta spp.)",2003,2003,100 g/ha,311300,A,Official figure,
QCL,Crops and livestock products,143,Morocco,5510,Production,401,"Chillies and peppers, green (Capsicum spp. and Pimenta spp.)",2003,2003,t,193660,A,Official figure,
QCL,Crops and livestock products,143,Morocco,5312,Area harvested,401,"Chillies and peppers, green (Capsicum spp. and Pimenta spp.)",2004,2004,ha,6569,A,Official figure,
QCL,Crops and livestock products,143,Morocco,5419,Yield,401,"Chillies and peppers, green (Capsicum spp. and Pimenta spp.)",2004,2004,100 g/ha,277576,A,Official figure,
QCL,Crops and livestock products,143,Morocco,5510,Production,401,"Chillies and peppers, green (Capsicum spp. and Pimenta spp.)",2004,2004,t,182340,A,Official figure,
QCL,Crops and livestock products,143,Morocco,5312,Area harvested,401,"Chillies and peppers, green (Capsicum spp. and Pimenta spp.)",2005,2005,ha,6541,A,Official figure,
QCL,Crops and livestock products,143,Morocco,5419,Yield,401,"Chillies and peppers, green (Capsicum spp. and Pimenta spp.)",2005,2005,100 g/ha,291209,A,Official figure,
QCL,Crops and livestock products,143,Morocco,5510,Production,401,"Chillies and peppers, green (Capsicum spp. and Pimenta spp.)",2005,2005,t,190480,A,Official figure,
QCL,Crops and livestock products,143,Morocco,5312,Area harvested,401,"Chillies and peppers, green (Capsicum spp. and Pimenta spp.)",2006,2006,ha,6575,A,Official figure,
QCL,Crops and livestock products,143,Morocco,5419,Yield,401,"Chillies and peppers, green (Capsicum spp. and Pimenta spp.)",2006,2006,100 g/ha,358281,A,Official figure,
QCL,Crops and livestock products,143,Morocco,5510,Production,401,"Chillies and peppers, green (Capsicum spp. and Pimenta spp.)",2006,2006,t,235570,A,Official figure,
QCL,Crops and livestock products,143,Morocco,5312,Area harvested,401,"Chillies and peppers, green (Capsicum spp. and Pimenta spp.)",2007,2007,ha,4975,A,Official figure,
QCL,Crops and livestock products,143,Morocco,5419,Yield,401,"Chillies and peppers, green (Capsicum spp. and Pimenta spp.)",2007,2007,100 g/ha,429668,A,Official figure,
QCL,Crops and livestock products,143,Morocco,5510,Production,401,"Chillies and peppers, green (Capsicum spp. and Pimenta spp.)",2007,2007,t,213760,A,Official figure,
QCL,Crops and livestock products,143,Morocco,5312,Area harvested,401,"Chillies and peppers, green (Capsicum spp. and Pimenta spp.)",2008,2008,ha,7295,A,Official figure,
QCL,Crops and livestock products,143,Morocco,5419,Yield,401,"Chillies and peppers, green (Capsicum spp. and Pimenta spp.)",2008,2008,100 g/ha,318328,A,Official figure,
QCL,Crops and livestock products,143,Morocco,5510,Production,401,"Chillies and peppers, green (Capsicum spp. and Pimenta spp.)",2008,2008,t,232220,A,Official figure,
QCL,Crops and livestock products,143,Morocco,5312,Area harvested,401,"Chillies and peppers, green (Capsicum spp. and Pimenta spp.)",2009,2009,ha,5984,A,Official figure,
QCL,Crops and livestock products,143,Morocco,5419,Yield,401,"Chillies and peppers, green (Capsicum spp. and Pimenta spp.)",2009,2009,100 g/ha,339094,A,Official figure,
QCL,Crops and livestock products,143,Morocco,5510,Production,401,"Chillies and peppers, green (Capsicum spp. and Pimenta spp.)",2009,2009,t,202914,A,Official figure,
QCL,Crops and livestock products,143,Morocco,5312,Area harvested,401,"Chillies and peppers, green (Capsicum spp. and Pimenta spp.)",2010,2010,ha,6220,A,Official figure,
QCL,Crops and livestock products,143,Morocco,5419,Yield,401,"Chillies and peppers, green (Capsicum spp. and Pimenta spp.)",2010,2010,100 g/ha,361170,A,Official figure,
QCL,Crops and livestock products,143,Morocco,5510,Production,401,"Chillies and peppers, green (Capsicum spp. and Pimenta spp.)",2010,2010,t,224648,A,Official figure,
QCL,Crops and livestock products,143,Morocco,5312,Area harvested,401,"Chillies and peppers, green (Capsicum spp. and Pimenta spp.)",2011,2011,ha,4179,A,Official figure,
QCL,Crops and livestock products,143,Morocco,5419,Yield,401,"Chillies and peppers, green (Capsicum spp. and Pimenta spp.)",2011,2011,100 g/ha,342493,A,Official figure,
QCL,Crops and livestock products,143,Morocco,5510,Production,401,"Chillies and peppers, green (Capsicum spp. and Pimenta spp.)",2011,2011,t,143128,A,Official figure,
QCL,Crops and livestock products,143,Morocco,5312,Area harvested,401,"Chillies and peppers, green (Capsicum spp. and Pimenta spp.)",2012,2012,ha,4970,A,Official figure,
QCL,Crops and livestock products,143,Morocco,5419,Yield,401,"Chillies and peppers, green (Capsicum spp. and Pimenta spp.)",2012,2012,100 g/ha,363362,A,Official figure,
QCL,Crops and livestock products,143,Morocco,5510,Production,401,"Chillies and peppers, green (Capsicum spp. and Pimenta spp.)",2012,2012,t,180591,A,Official figure,
QCL,Crops and livestock products,143,Morocco,5312,Area harvested,401,"Chillies and peppers, green (Capsicum spp. and Pimenta spp.)",2013,2013,ha,4845,A,Official figure,
QCL,Crops and livestock products,143,Morocco,5419,Yield,401,"Chillies and peppers, green (Capsicum spp. and Pimenta spp.)",2013,2013,100 g/ha,371241,A,Official figure,
QCL,Crops and livestock products,143,Morocco,5510,Production,401,"Chillies and peppers, green (Capsicum spp. and Pimenta spp.)",2013,2013,t,179859,A,Official figure,
QCL,Crops and livestock products,143,Morocco,5312,Area harvested,401,"Chillies and peppers, green (Capsicum spp. and Pimenta spp.)",2014,2014,ha,4514,A,Official figure,
QCL,Crops and livestock products,143,Morocco,5419,Yield,401,"Chillies and peppers, green (Capsicum spp. and Pimenta spp.)",2014,2014,100 g/ha,366079,A,Official figure,
QCL,Crops and livestock products,143,Morocco,5510,Production,401,"Chillies and peppers, green (Capsicum spp. and Pimenta spp.)",2014,2014,t,165248,A,Official figure,
QCL,Crops and livestock products,143,Morocco,5312,Area harvested,401,"Chillies and peppers, green (Capsicum spp. and Pimenta spp.)",2015,2015,ha,4675,A,Official figure,
QCL,Crops and livestock products,143,Morocco,5419,Yield,401,"Chillies and peppers, green (Capsicum spp. and Pimenta spp.)",2015,2015,100 g/ha,379286,A,Official figure,
QCL,Crops and livestock products,143,Morocco,5510,Production,401,"Chillies and peppers, green (Capsicum spp. and Pimenta spp.)",2015,2015,t,177329.7,A,Official figure,
QCL,Crops and livestock products,143,Morocco,5312,Area harvested,401,"Chillies and peppers, green (Capsicum spp. and Pimenta spp.)",2016,2016,ha,4054,A,Official figure,
QCL,Crops and livestock products,143,Morocco,5419,Yield,401,"Chillies and peppers, green (Capsicum spp. and Pimenta spp.)",2016,2016,100 g/ha,428350,A,Official figure,
QCL,Crops and livestock products,143,Morocco,5510,Production,401,"Chillies and peppers, green (Capsicum spp. and Pimenta spp.)",2016,2016,t,173642.5,A,Official figure,
QCL,Crops and livestock products,143,Morocco,5312,Area harvested,401,"Chillies and peppers, green (Capsicum spp. and Pimenta spp.)",2017,2017,ha,4436,A,Official figure,
QCL,Crops and livestock products,143,Morocco,5419,Yield,401,"Chillies and peppers, green (Capsicum spp. and Pimenta spp.)",2017,2017,100 g/ha,430784,A,Official figure,
QCL,Crops and livestock products,143,Morocco,5510,Production,401,"Chillies and peppers, green (Capsicum spp. and Pimenta spp.)",2017,2017,t,191096,A,Official figure,
QCL,Crops and livestock products,143,Morocco,5312,Area harvested,401,"Chillies and peppers, green (Capsicum spp. and Pimenta spp.)",2018,2018,ha,5449,A,Official figure,
QCL,Crops and livestock products,143,Morocco,5419,Yield,401,"Chillies and peppers, green (Capsicum spp. and Pimenta spp.)",2018,2018,100 g/ha,470743,A,Official figure,
QCL,Crops and livestock products,143,Morocco,5510,Production,401,"Chillies and peppers, green (Capsicum spp. and Pimenta spp.)",2018,2018,t,256522,A,Official figure,
QCL,Crops and livestock products,143,Morocco,5312,Area harvested,401,"Chillies and peppers, green (Capsicum spp. and Pimenta spp.)",2019,2019,ha,5084,A,Official figure,
QCL,Crops and livestock products,143,Morocco,5419,Yield,401,"Chillies and peppers, green (Capsicum spp. and Pimenta spp.)",2019,2019,100 g/ha,487036,A,Official figure,
QCL,Crops and livestock products,143,Morocco,5510,Production,401,"Chillies and peppers, green (Capsicum spp. and Pimenta spp.)",2019,2019,t,247609,A,Official figure,
QCL,Crops and livestock products,143,Morocco,5312,Area harvested,401,"Chillies and peppers, green (Capsicum spp. and Pimenta spp.)",2020,2020,ha,4146,A,Official figure,
QCL,Crops and livestock products,143,Morocco,5419,Yield,401,"Chillies and peppers, green (Capsicum spp. and Pimenta spp.)",2020,2020,100 g/ha,347042,A,Official figure,
QCL,Crops and livestock products,143,Morocco,5510,Production,401,"Chillies and peppers, green (Capsicum spp. and Pimenta spp.)",2020,2020,t,143883.8,A,Official figure,
QCL,Crops and livestock products,143,Morocco,5312,Area harvested,401,"Chillies and peppers, green (Capsicum spp. and Pimenta spp.)",2021,2021,ha,4994,A,Official figure,
QCL,Crops and livestock products,143,Morocco,5419,Yield,401,"Chillies and peppers, green (Capsicum spp. and Pimenta spp.)",2021,2021,100 g/ha,426782,A,Official figure,
QCL,Crops and livestock products,143,Morocco,5510,Production,401,"Chillies and peppers, green (Capsicum spp. and Pimenta spp.)",2021,2021,t,213135,A,Official figure,
QCL,Crops and livestock products,143,Morocco,5312,Area harvested,401,"Chillies and peppers, green (Capsicum spp. and Pimenta spp.)",2022,2022,ha,5472,A,Official figure,
QCL,Crops and livestock products,143,Morocco,5419,Yield,401,"Chillies and peppers, green (Capsicum spp. and Pimenta spp.)",2022,2022,100 g/ha,500016,A,Official figure,
QCL,Crops and livestock products,143,Morocco,5510,Production,401,"Chillies and peppers, green (Capsicum spp. and Pimenta spp.)",2022,2022,t,273609,A,Official figure,
QCL,Crops and livestock products,143,Morocco,5312,Area harvested,698,"Cloves (whole stems), raw",1994,1994,ha,0,M,"Missing value (data cannot exist, not applicable)",
QCL,Crops and livestock products,143,Morocco,5510,Production,698,"Cloves (whole stems), raw",1994,1994,t,0,M,"Missing value (data cannot exist, not applicable)",
QCL,Crops and livestock products,143,Morocco,5312,Area harvested,698,"Cloves (whole stems), raw",1995,1995,ha,0,M,"Missing value (data cannot exist, not applicable)",
QCL,Crops and livestock products,143,Morocco,5510,Production,698,"Cloves (whole stems), raw",1995,1995,t,0,M,"Missing value (data cannot exist, not applicable)",
QCL,Crops and livestock products,143,Morocco,5312,Area harvested,698,"Cloves (whole stems), raw",1996,1996,ha,0,M,"Missing value (data cannot exist, not applicable)",
QCL,Crops and livestock products,143,Morocco,5510,Production,698,"Cloves (whole stems), raw",1996,1996,t,0,M,"Missing value (data cannot exist, not applicable)",
QCL,Crops and livestock products,143,Morocco,5312,Area harvested,698,"Cloves (whole stems), raw",1997,1997,ha,0,M,"Missing value (data cannot exist, not applicable)",
QCL,Crops and livestock products,143,Morocco,5510,Production,698,"Cloves (whole stems), raw",1997,1997,t,0,M,"Missing value (data cannot exist, not applicable)",
QCL,Crops and livestock products,143,Morocco,5312,Area harvested,698,"Cloves (whole stems), raw",1998,1998,ha,0,M,"Missing value (data cannot exist, not applicable)",
QCL,Crops and livestock products,143,Morocco,5510,Production,698,"Cloves (whole stems), raw",1998,1998,t,0,M,"Missing value (data cannot exist, not applicable)",
QCL,Crops and livestock products,143,Morocco,5312,Area harvested,698,"Cloves (whole stems), raw",1999,1999,ha,0,M,"Missing value (data cannot exist, not applicable)",
QCL,Crops and livestock products,143,Morocco,5510,Production,698,"Cloves (whole stems), raw",1999,1999,t,0,M,"Missing value (data cannot exist, not applicable)",
QCL,Crops and livestock products,143,Morocco,5312,Area harvested,698,"Cloves (whole stems), raw",2000,2000,ha,0,M,"Missing value (data cannot exist, not applicable)",
QCL,Crops and livestock products,143,Morocco,5510,Production,698,"Cloves (whole stems), raw",2000,2000,t,0,M,"Missing value (data cannot exist, not applicable)",
QCL,Crops and livestock products,143,Morocco,5312,Area harvested,698,"Cloves (whole stems), raw",2001,2001,ha,0,M,"Missing value (data cannot exist, not applicable)",
QCL,Crops and livestock products,143,Morocco,5510,Production,698,"Cloves (whole stems), raw",2001,2001,t,0,M,"Missing value (data cannot exist, not applicable)",
QCL,Crops and livestock products,143,Morocco,5312,Area harvested,698,"Cloves (whole stems), raw",2002,2002,ha,0,M,"Missing value (data cannot exist, not applicable)",
QCL,Crops and livestock products,143,Morocco,5510,Production,698,"Cloves (whole stems), raw",2002,2002,t,0,M,"Missing value (data cannot exist, not applicable)",
QCL,Crops and livestock products,143,Morocco,5312,Area harvested,698,"Cloves (whole stems), raw",2003,2003,ha,0,M,"Missing value (data cannot exist, not applicable)",
QCL,Crops and livestock products,143,Morocco,5510,Production,698,"Cloves (whole stems), raw",2003,2003,t,0,M,"Missing value (data cannot exist, not applicable)",
QCL,Crops and livestock products,143,Morocco,5312,Area harvested,698,"Cloves (whole stems), raw",2004,2004,ha,0,M,"Missing value (data cannot exist, not applicable)",
QCL,Crops and livestock products,143,Morocco,5510,Production,698,"Cloves (whole stems), raw",2004,2004,t,0,M,"Missing value (data cannot exist, not applicable)",
QCL,Crops and livestock products,143,Morocco,5312,Area harvested,698,"Cloves (whole stems), raw",2005,2005,ha,0,M,"Missing value (data cannot exist, not applicable)",
QCL,Crops and livestock products,143,Morocco,5510,Production,698,"Cloves (whole stems), raw",2005,2005,t,0,M,"Missing value (data cannot exist, not applicable)",
QCL,Crops and livestock products,143,Morocco,5312,Area harvested,698,"Cloves (whole stems), raw",2006,2006,ha,0,M,"Missing value (data cannot exist, not applicable)",
QCL,Crops and livestock products,143,Morocco,5510,Production,698,"Cloves (whole stems), raw",2006,2006,t,0,M,"Missing value (data cannot exist, not applicable)",
QCL,Crops and livestock products,143,Morocco,5312,Area harvested,698,"Cloves (whole stems), raw",2007,2007,ha,0,M,"Missing value (data cannot exist, not applicable)",
QCL,Crops and livestock products,143,Morocco,5510,Production,698,"Cloves (whole stems), raw",2007,2007,t,0,M,"Missing value (data cannot exist, not applicable)",
QCL,Crops and livestock products,143,Morocco,5312,Area harvested,698,"Cloves (whole stems), raw",2008,2008,ha,0,M,"Missing value (data cannot exist, not applicable)",
QCL,Crops and livestock products,143,Morocco,5510,Production,698,"Cloves (whole stems), raw",2008,2008,t,0,M,"Missing value (data cannot exist, not applicable)",
QCL,Crops and livestock products,143,Morocco,5312,Area harvested,698,"Cloves (whole stems), raw",2009,2009,ha,0,M,"Missing value (data cannot exist, not applicable)",
QCL,Crops and livestock products,143,Morocco,5510,Production,698,"Cloves (whole stems), raw",2009,2009,t,0,M,"Missing value (data cannot exist, not applicable)",
QCL,Crops and livestock products,143,Morocco,5312,Area harvested,698,"Cloves (whole stems), raw",2010,2010,ha,0,M,"Missing value (data cannot exist, not applicable)",
QCL,Crops and livestock products,143,Morocco,5510,Production,698,"Cloves (whole stems), raw",2010,2010,t,0,M,"Missing value (data cannot exist, not applicable)",
QCL,Crops and livestock products,143,Morocco,5312,Area harvested,698,"Cloves (whole stems), raw",2011,2011,ha,0,M,"Missing value (data cannot exist, not applicable)",
QCL,Crops and livestock products,143,Morocco,5510,Production,698,"Cloves (whole stems), raw",2011,2011,t,0,M,"Missing value (data cannot exist, not applicable)",
QCL,Crops and livestock products,143,Morocco,5312,Area harvested,698,"Cloves (whole stems), raw",2012,2012,ha,0,M,"Missing value (data cannot exist, not applicable)",
QCL,Crops and livestock products,143,Morocco,5510,Production,698,"Cloves (whole stems), raw",2012,2012,t,0,M,"Missing value (data cannot exist, not applicable)",
QCL,Crops and livestock products,143,Morocco,5312,Area harvested,698,"Cloves (whole stems), raw",2013,2013,ha,0,M,"Missing value (data cannot exist, not applicable)",
QCL,Crops and livestock products,143,Morocco,5510,Production,698,"Cloves (whole stems), raw",2013,2013,t,0,M,"Missing value (data cannot exist, not applicable)",
QCL,Crops and livestock products,143,Morocco,5312,Area harvested,698,"Cloves (whole stems), raw",2014,2014,ha,0,M,"Missing value (data cannot exist, not applicable)",
QCL,Crops and livestock products,143,Morocco,5510,Production,698,"Cloves (whole stems), raw",2014,2014,t,0,M,"Missing value (data cannot exist, not applicable)",
QCL,Crops and livestock products,143,Morocco,5312,Area harvested,698,"Cloves (whole stems), raw",2015,2015,ha,0,M,"Missing value (data cannot exist, not applicable)",
QCL,Crops and livestock products,143,Morocco,5510,Production,698,"Cloves (whole stems), raw",2015,2015,t,0,M,"Missing value (data cannot exist, not applicable)",
QCL,Crops and livestock products,143,Morocco,5312,Area harvested,698,"Cloves (whole stems), raw",2016,2016,ha,0,M,"Missing value (data cannot exist, not applicable)",
QCL,Crops and livestock products,143,Morocco,5510,Production,698,"Cloves (whole stems), raw",2016,2016,t,0,M,"Missing value (data cannot exist, not applicable)",
QCL,Crops and livestock products,143,Morocco,5312,Area harvested,698,"Cloves (whole stems), raw",2017,2017,ha,0,M,"Missing value (data cannot exist, not applicable)",
QCL,Crops and livestock products,143,Morocco,5510,Production,698,"Cloves (whole stems), raw",2017,2017,t,0,M,"Missing value (data cannot exist, not applicable)",
QCL,Crops and livestock products,143,Morocco,5312,Area harvested,698,"Cloves (whole stems), raw",2018,2018,ha,0,M,"Missing value (data cannot exist, not applicable)",
QCL,Crops and livestock products,143,Morocco,5510,Production,698,"Cloves (whole stems), raw",2018,2018,t,0,M,"Missing value (data cannot exist, not applicable)",
QCL,Crops and livestock products,143,Morocco,5312,Area harvested,698,"Cloves (whole stems), raw",2019,2019,ha,0,M,"Missing value (data cannot exist, not applicable)",
QCL,Crops and livestock products,143,Morocco,5510,Production,698,"Cloves (whole stems), raw",2019,2019,t,0,M,"Missing value (data cannot exist, not applicable)",
QCL,Crops and livestock products,143,Morocco,5312,Area harvested,698,"Cloves (whole stems), raw",2020,2020,ha,0,M,"Missing value (data cannot exist, not applicable)",
QCL,Crops and livestock products,143,Morocco,5510,Production,698,"Cloves (whole stems), raw",2020,2020,t,0,M,"Missing value (data cannot exist, not applicable)",
QCL,Crops and livestock products,143,Morocco,5312,Area harvested,698,"Cloves (whole stems), raw",2021,2021,ha,0,M,"Missing value (data cannot exist, not applicable)",
QCL,Crops and livestock products,143,Morocco,5510,Production,698,"Cloves (whole stems), raw",2021,2021,t,0,M,"Missing value (data cannot exist, not applicable)",
QCL,Crops and livestock products,143,Morocco,5312,Area harvested,698,"Cloves (whole stems), raw",2022,2022,ha,0,M,"Missing value (data cannot exist, not applicable)",
QCL,Crops and livestock products,143,Morocco,5510,Production,698,"Cloves (whole stems), raw",2022,2022,t,0,M,"Missing value (data cannot exist, not applicable)",
QCL,Crops and livestock products,143,Morocco,5510,Production,767,"Cotton lint, ginned",1961,1961,t,1500,A,Official figure,
QCL,Crops and livestock products,143,Morocco,5510,Production,767,"Cotton lint, ginned",1962,1962,t,3350,A,Official figure,
QCL,Crops and livestock products,143,Morocco,5510,Production,767,"Cotton lint, ginned",1963,1963,t,4840,A,Official figure,
QCL,Crops and livestock products,143,Morocco,5510,Production,767,"Cotton lint, ginned",1964,1964,t,6000,A,Official figure,
QCL,Crops and livestock products,143,Morocco,5510,Production,767,"Cotton lint, ginned",1965,1965,t,8400,A,Official figure,
QCL,Crops and livestock products,143,Morocco,5510,Production,767,"Cotton lint, ginned",1966,1966,t,10000,A,Official figure,
QCL,Crops and livestock products,143,Morocco,5510,Production,767,"Cotton lint, ginned",1967,1967,t,6000,A,Official figure,
QCL,Crops and livestock products,143,Morocco,5510,Production,767,"Cotton lint, ginned",1968,1968,t,6500,A,Official figure,
QCL,Crops and livestock products,143,Morocco,5510,Production,767,"Cotton lint, ginned",1969,1969,t,7130,A,Official figure,
QCL,Crops and livestock products,143,Morocco,5510,Production,767,"Cotton lint, ginned",1970,1970,t,6020,A,Official figure,
QCL,Crops and livestock products,143,Morocco,5510,Production,767,"Cotton lint, ginned",1971,1971,t,9000,A,Official figure,
QCL,Crops and livestock products,143,Morocco,5510,Production,767,"Cotton lint, ginned",1972,1972,t,9110,A,Official figure,
QCL,Crops and livestock products,143,Morocco,5510,Production,767,"Cotton lint, ginned",1973,1973,t,6203,X,Figure from international organizations,Unofficial figure
QCL,Crops and livestock products,143,Morocco,5510,Production,767,"Cotton lint, ginned",1974,1974,t,6000,X,Figure from international organizations,Unofficial figure
QCL,Crops and livestock products,143,Morocco,5510,Production,767,"Cotton lint, ginned",1975,1975,t,5220,X,Figure from international organizations,Unofficial figure
QCL,Crops and livestock products,143,Morocco,5510,Production,767,"Cotton lint, ginned",1976,1976,t,7100,X,Figure from international organizations,Unofficial figure
QCL,Crops and livestock products,143,Morocco,5510,Production,767,"Cotton lint, ginned",1977,1977,t,5900,X,Figure from international organizations,Unofficial figure
QCL,Crops and livestock products,143,Morocco,5510,Production,767,"Cotton lint, ginned",1978,1978,t,4070,X,Figure from international organizations,Unofficial figure
QCL,Crops and livestock products,143,Morocco,5510,Production,767,"Cotton lint, ginned",1979,1979,t,5280,X,Figure from international organizations,Unofficial figure
QCL,Crops and livestock products,143,Morocco,5510,Production,767,"Cotton lint, ginned",1980,1980,t,6000,X,Figure from international organizations,Unofficial figure
QCL,Crops and livestock products,143,Morocco,5510,Production,767,"Cotton lint, ginned",1981,1981,t,7300,X,Figure from international organizations,Unofficial figure
QCL,Crops and livestock products,143,Morocco,5510,Production,767,"Cotton lint, ginned",1982,1982,t,6900,X,Figure from international organizations,Unofficial figure
QCL,Crops and livestock products,143,Morocco,5510,Production,767,"Cotton lint, ginned",1983,1983,t,7000,X,Figure from international organizations,Unofficial figure
QCL,Crops and livestock products,143,Morocco,5510,Production,767,"Cotton lint, ginned",1984,1984,t,4000,X,Figure from international organizations,Unofficial figure
QCL,Crops and livestock products,143,Morocco,5510,Production,767,"Cotton lint, ginned",1985,1985,t,7400,X,Figure from international organizations,Unofficial figure
QCL,Crops and livestock products,143,Morocco,5510,Production,767,"Cotton lint, ginned",1986,1986,t,8000,X,Figure from international organizations,Unofficial figure
QCL,Crops and livestock products,143,Morocco,5510,Production,767,"Cotton lint, ginned",1987,1987,t,10700,X,Figure from international organizations,Unofficial figure
QCL,Crops and livestock products,143,Morocco,5510,Production,767,"Cotton lint, ginned",1988,1988,t,9000,X,Figure from international organizations,Unofficial figure
QCL,Crops and livestock products,143,Morocco,5510,Production,767,"Cotton lint, ginned",1989,1989,t,9820,A,Official figure,
QCL,Crops and livestock products,143,Morocco,5510,Production,767,"Cotton lint, ginned",1990,1990,t,9600,A,Official figure,
QCL,Crops and livestock products,143,Morocco,5510,Production,767,"Cotton lint, ginned",1991,1991,t,7000,A,Official figure,
QCL,Crops and livestock products,143,Morocco,5510,Production,767,"Cotton lint, ginned",1992,1992,t,2830,A,Official figure,
QCL,Crops and livestock products,143,Morocco,5510,Production,767,"Cotton lint, ginned",1993,1993,t,230,X,Figure from international organizations,Unofficial figure
QCL,Crops and livestock products,143,Morocco,5510,Production,767,"Cotton lint, ginned",1994,1994,t,1000,X,Figure from international organizations,Unofficial figure
QCL,Crops and livestock products,143,Morocco,5510,Production,767,"Cotton lint, ginned",1995,1995,t,250,E,Estimated value,
QCL,Crops and livestock products,143,Morocco,5510,Production,767,"Cotton lint, ginned",1996,1996,t,1000,A,Official figure,
QCL,Crops and livestock products,143,Morocco,5510,Production,767,"Cotton lint, ginned",1997,1997,t,1000,X,Figure from international organizations,Unofficial figure
QCL,Crops and livestock products,143,Morocco,5510,Production,767,"Cotton lint, ginned",1998,1998,t,600,A,Official figure,
QCL,Crops and livestock products,143,Morocco,5510,Production,767,"Cotton lint, ginned",1999,1999,t,300,E,Estimated value,
QCL,Crops and livestock products,143,Morocco,5510,Production,767,"Cotton lint, ginned",2000,2000,t,152,E,Estimated value,
QCL,Crops and livestock products,143,Morocco,5510,Production,767,"Cotton lint, ginned",2001,2001,t,132,E,Estimated value,
QCL,Crops and livestock products,143,Morocco,5510,Production,767,"Cotton lint, ginned",2002,2002,t,221,E,Estimated value,
QCL,Crops and livestock products,143,Morocco,5510,Production,767,"Cotton lint, ginned",2003,2003,t,46,E,Estimated value,
QCL,Crops and livestock products,143,Morocco,5510,Production,767,"Cotton lint, ginned",2004,2004,t,66,E,Estimated value,
QCL,Crops and livestock products,143,Morocco,5510,Production,767,"Cotton lint, ginned",2005,2005,t,89,E,Estimated value,
QCL,Crops and livestock products,143,Morocco,5510,Production,767,"Cotton lint, ginned",2006,2006,t,72,E,Estimated value,
QCL,Crops and livestock products,143,Morocco,5510,Production,767,"Cotton lint, ginned",2007,2007,t,72,E,Estimated value,
QCL,Crops and livestock products,143,Morocco,5510,Production,767,"Cotton lint, ginned",2008,2008,t,72,E,Estimated value,
QCL,Crops and livestock products,143,Morocco,5510,Production,767,"Cotton lint, ginned",2009,2009,t,69,E,Estimated value,
QCL,Crops and livestock products,143,Morocco,5510,Production,767,"Cotton lint, ginned",2010,2010,t,69,E,Estimated value,
QCL,Crops and livestock products,143,Morocco,5510,Production,767,"Cotton lint, ginned",2011,2011,t,69,E,Estimated value,
QCL,Crops and livestock products,143,Morocco,5510,Production,767,"Cotton lint, ginned",2012,2012,t,63,E,Estimated value,
QCL,Crops and livestock products,143,Morocco,5510,Production,767,"Cotton lint, ginned",2013,2013,t,66,E,Estimated value,
QCL,Crops and livestock products,143,Morocco,5510,Production,767,"Cotton lint, ginned",2014,2014,t,69,E,Estimated value,
QCL,Crops and livestock products,143,Morocco,5510,Production,767,"Cotton lint, ginned",2015,2015,t,69,I,Imputed value,
QCL,Crops and livestock products,143,Morocco,5510,Production,767,"Cotton lint, ginned",2016,2016,t,69,E,Estimated value,
QCL,Crops and livestock products,143,Morocco,5510,Production,767,"Cotton lint, ginned",2017,2017,t,69,E,Estimated value,
QCL,Crops and livestock products,143,Morocco,5510,Production,767,"Cotton lint, ginned",2018,2018,t,68,E,Estimated value,
QCL,Crops and livestock products,143,Morocco,5510,Production,767,"Cotton lint, ginned",2019,2019,t,69,I,Imputed value,
QCL,Crops and livestock products,143,Morocco,5510,Production,767,"Cotton lint, ginned",2020,2020,t,69,I,Imputed value,
QCL,Crops and livestock products,143,Morocco,5510,Production,767,"Cotton lint, ginned",2021,2021,t,69,I,Imputed value,
QCL,Crops and livestock products,143,Morocco,5510,Production,329,Cotton seed,1961,1961,t,3200,A,Official figure,
QCL,Crops and livestock products,143,Morocco,5510,Production,329,Cotton seed,1962,1962,t,6100,A,Official figure,
QCL,Crops and livestock products,143,Morocco,5510,Production,329,Cotton seed,1963,1963,t,9820,A,Official figure,
QCL,Crops and livestock products,143,Morocco,5510,Production,329,Cotton seed,1964,1964,t,11000,A,Official figure,
QCL,Crops and livestock products,143,Morocco,5510,Production,329,Cotton seed,1965,1965,t,14700,A,Official figure,
QCL,Crops and livestock products,143,Morocco,5510,Production,329,Cotton seed,1966,1966,t,20000,A,Official figure,
QCL,Crops and livestock products,143,Morocco,5510,Production,329,Cotton seed,1967,1967,t,11000,A,Official figure,
QCL,Crops and livestock products,143,Morocco,5510,Production,329,Cotton seed,1968,1968,t,12070,A,Official figure,
QCL,Crops and livestock products,143,Morocco,5510,Production,329,Cotton seed,1969,1969,t,14000,A,Official figure,
QCL,Crops and livestock products,143,Morocco,5510,Production,329,Cotton seed,1970,1970,t,13010,A,Official figure,
QCL,Crops and livestock products,143,Morocco,5510,Production,329,Cotton seed,1971,1971,t,17000,A,Official figure,
QCL,Crops and livestock products,143,Morocco,5510,Production,329,Cotton seed,1972,1972,t,17540,A,Official figure,
QCL,Crops and livestock products,143,Morocco,5510,Production,329,Cotton seed,1973,1973,t,11617,A,Official figure,
QCL,Crops and livestock products,143,Morocco,5510,Production,329,Cotton seed,1974,1974,t,11300,A,Official figure,
QCL,Crops and livestock products,143,Morocco,5510,Production,329,Cotton seed,1975,1975,t,9900,A,Official figure,
QCL,Crops and livestock products,143,Morocco,5510,Production,329,Cotton seed,1976,1976,t,15000,X,Figure from international organizations,Unofficial figure
QCL,Crops and livestock products,143,Morocco,5510,Production,329,Cotton seed,1977,1977,t,11000,X,Figure from international organizations,Unofficial figure
QCL,Crops and livestock products,143,Morocco,5510,Production,329,Cotton seed,1978,1978,t,7400,X,Figure from international organizations,Unofficial figure
QCL,Crops and livestock products,143,Morocco,5510,Production,329,Cotton seed,1979,1979,t,9700,X,Figure from international organizations,Unofficial figure
QCL,Crops and livestock products,143,Morocco,5510,Production,329,Cotton seed,1980,1980,t,11000,X,Figure from international organizations,Unofficial figure
QCL,Crops and livestock products,143,Morocco,5510,Production,329,Cotton seed,1981,1981,t,12200,X,Figure from international organizations,Unofficial figure
QCL,Crops and livestock products,143,Morocco,5510,Production,329,Cotton seed,1982,1982,t,13300,X,Figure from international organizations,Unofficial figure
QCL,Crops and livestock products,143,Morocco,5510,Production,329,Cotton seed,1983,1983,t,17200,X,Figure from international organizations,Unofficial figure
QCL,Crops and livestock products,143,Morocco,5510,Production,329,Cotton seed,1984,1984,t,9600,X,Figure from international organizations,Unofficial figure
QCL,Crops and livestock products,143,Morocco,5510,Production,329,Cotton seed,1985,1985,t,15000,X,Figure from international organizations,Unofficial figure
QCL,Crops and livestock products,143,Morocco,5510,Production,329,Cotton seed,1986,1986,t,18500,X,Figure from international organizations,Unofficial figure
QCL,Crops and livestock products,143,Morocco,5510,Production,329,Cotton seed,1987,1987,t,23000,X,Figure from international organizations,Unofficial figure
QCL,Crops and livestock products,143,Morocco,5510,Production,329,Cotton seed,1988,1988,t,20000,X,Figure from international organizations,Unofficial figure
QCL,Crops and livestock products,143,Morocco,5510,Production,329,Cotton seed,1989,1989,t,19600,A,Official figure,
QCL,Crops and livestock products,143,Morocco,5510,Production,329,Cotton seed,1990,1990,t,19200,A,Official figure,
QCL,Crops and livestock products,143,Morocco,5510,Production,329,Cotton seed,1991,1991,t,14100,A,Official figure,
QCL,Crops and livestock products,143,Morocco,5510,Production,329,Cotton seed,1992,1992,t,5900,A,Official figure,
QCL,Crops and livestock products,143,Morocco,5510,Production,329,Cotton seed,1993,1993,t,480,E,Estimated value,
QCL,Crops and livestock products,143,Morocco,5510,Production,329,Cotton seed,1994,1994,t,2120,E,Estimated value,
QCL,Crops and livestock products,143,Morocco,5510,Production,329,Cotton seed,1995,1995,t,520,E,Estimated value,
QCL,Crops and livestock products,143,Morocco,5510,Production,329,Cotton seed,1996,1996,t,2000,E,Estimated value,
QCL,Crops and livestock products,143,Morocco,5510,Production,329,Cotton seed,1997,1997,t,2900,A,Official figure,
QCL,Crops and livestock products,143,Morocco,5510,Production,329,Cotton seed,1998,1998,t,1400,X,Figure from international organizations,Unofficial figure
QCL,Crops and livestock products,143,Morocco,5510,Production,329,Cotton seed,1999,1999,t,300,E,Estimated value,
QCL,Crops and livestock products,143,Morocco,5510,Production,329,Cotton seed,2000,2000,t,304,E,Estimated value,
QCL,Crops and livestock products,143,Morocco,5510,Production,329,Cotton seed,2001,2001,t,264,E,Estimated value,
QCL,Crops and livestock products,143,Morocco,5510,Production,329,Cotton seed,2002,2002,t,442,E,Estimated value,
QCL,Crops and livestock products,143,Morocco,5510,Production,329,Cotton seed,2003,2003,t,92,E,Estimated value,
QCL,Crops and livestock products,143,Morocco,5510,Production,329,Cotton seed,2004,2004,t,132,E,Estimated value,
QCL,Crops and livestock products,143,Morocco,5510,Production,329,Cotton seed,2005,2005,t,179,E,Estimated value,
QCL,Crops and livestock products,143,Morocco,5510,Production,329,Cotton seed,2006,2006,t,144,E,Estimated value,
QCL,Crops and livestock products,143,Morocco,5510,Production,329,Cotton seed,2007,2007,t,144,E,Estimated value,
QCL,Crops and livestock products,143,Morocco,5510,Production,329,Cotton seed,2008,2008,t,144,E,Estimated value,
QCL,Crops and livestock products,143,Morocco,5510,Production,329,Cotton seed,2009,2009,t,144,E,Estimated value,
QCL,Crops and livestock products,143,Morocco,5510,Production,329,Cotton seed,2010,2010,t,144,E,Estimated value,
QCL,Crops and livestock products,143,Morocco,5510,Production,329,Cotton seed,2011,2011,t,144,E,Estimated value,
QCL,Crops and livestock products,143,Morocco,5510,Production,329,Cotton seed,2012,2012,t,126,E,Estimated value,
QCL,Crops and livestock products,143,Morocco,5510,Production,329,Cotton seed,2013,2013,t,133,E,Estimated value,
QCL,Crops and livestock products,143,Morocco,5510,Production,329,Cotton seed,2014,2014,t,135,E,Estimated value,
QCL,Crops and livestock products,143,Morocco,5510,Production,329,Cotton seed,2015,2015,t,138.92,I,Imputed value,
QCL,Crops and livestock products,143,Morocco,5510,Production,329,Cotton seed,2016,2016,t,135,E,Estimated value,
QCL,Crops and livestock products,143,Morocco,5510,Production,329,Cotton seed,2017,2017,t,136,E,Estimated value,
QCL,Crops and livestock products,143,Morocco,5510,Production,329,Cotton seed,2018,2018,t,138,E,Estimated value,
QCL,Crops and livestock products,143,Morocco,5510,Production,329,Cotton seed,2019,2019,t,139.07,I,Imputed value,
QCL,Crops and livestock products,143,Morocco,5510,Production,329,Cotton seed,2020,2020,t,138.68,I,Imputed value,
QCL,Crops and livestock products,143,Morocco,5510,Production,329,Cotton seed,2021,2021,t,139.05,I,Imputed value,
QCL,Crops and livestock products,143,Morocco,5510,Production,331,Cottonseed oil,1961,1961,t,289.28,I,Imputed value,
QCL,Crops and livestock products,143,Morocco,5510,Production,331,Cottonseed oil,1962,1962,t,493.88,I,Imputed value,
QCL,Crops and livestock products,143,Morocco,5510,Production,331,Cottonseed oil,1963,1963,t,1407.46,I,Imputed value,
QCL,Crops and livestock products,143,Morocco,5510,Production,331,Cottonseed oil,1964,1964,t,1263.06,I,Imputed value,
QCL,Crops and livestock products,143,Morocco,5510,Production,331,Cottonseed oil,1965,1965,t,1742.4,I,Imputed value,
QCL,Crops and livestock products,143,Morocco,5510,Production,331,Cottonseed oil,1966,1966,t,2844.9,I,Imputed value,
QCL,Crops and livestock products,143,Morocco,5510,Production,331,Cottonseed oil,1967,1967,t,1317.06,I,Imputed value,
QCL,Crops and livestock products,143,Morocco,5510,Production,331,Cottonseed oil,1968,1968,t,1471.72,I,Imputed value,
QCL,Crops and livestock products,143,Morocco,5510,Production,331,Cottonseed oil,1969,1969,t,2052,I,Imputed value,
QCL,Crops and livestock products,143,Morocco,5510,Production,331,Cottonseed oil,1970,1970,t,1152.29,I,Imputed value,
QCL,Crops and livestock products,143,Morocco,5510,Production,331,Cottonseed oil,1971,1971,t,2501.46,I,Imputed value,
QCL,Crops and livestock products,143,Morocco,5510,Production,331,Cottonseed oil,1972,1972,t,2678.83,I,Imputed value,
QCL,Crops and livestock products,143,Morocco,5510,Production,331,Cottonseed oil,1973,1973,t,1631.58,I,Imputed value,
QCL,Crops and livestock products,143,Morocco,5510,Production,331,Cottonseed oil,1974,1974,t,1702.08,I,Imputed value,
QCL,Crops and livestock products,143,Morocco,5510,Production,331,Cottonseed oil,1975,1975,t,1319.76,I,Imputed value,
QCL,Crops and livestock products,143,Morocco,5510,Production,331,Cottonseed oil,1976,1976,t,2207.52,I,Imputed value,
QCL,Crops and livestock products,143,Morocco,5510,Production,331,Cottonseed oil,1977,1977,t,2149.56,I,Imputed value,
QCL,Crops and livestock products,143,Morocco,5510,Production,331,Cottonseed oil,1978,1978,t,1103.46,I,Imputed value,
QCL,Crops and livestock products,143,Morocco,5510,Production,331,Cottonseed oil,1979,1979,t,1392.79,I,Imputed value,
QCL,Crops and livestock products,143,Morocco,5510,Production,331,Cottonseed oil,1980,1980,t,1656.72,I,Imputed value,
QCL,Crops and livestock products,143,Morocco,5510,Production,331,Cottonseed oil,1981,1981,t,1882.44,I,Imputed value,
QCL,Crops and livestock products,143,Morocco,5510,Production,331,Cottonseed oil,1982,1982,t,2067.44,I,Imputed value,
QCL,Crops and livestock products,143,Morocco,5510,Production,331,Cottonseed oil,1983,1983,t,2764.8,I,Imputed value,
QCL,Crops and livestock products,143,Morocco,5510,Production,331,Cottonseed oil,1984,1984,t,1385.21,I,Imputed value,
QCL,Crops and livestock products,143,Morocco,5510,Production,331,Cottonseed oil,1985,1985,t,2288.52,I,Imputed value,
QCL,Crops and livestock products,143,Morocco,5510,Production,331,Cottonseed oil,1986,1986,t,2863.3,I,Imputed value,
QCL,Crops and livestock products,143,Morocco,5510,Production,331,Cottonseed oil,1987,1987,t,2512.08,I,Imputed value,
QCL,Crops and livestock products,143,Morocco,5510,Production,331,Cottonseed oil,1988,1988,t,2594.81,I,Imputed value,
QCL,Crops and livestock products,143,Morocco,5510,Production,331,Cottonseed oil,1989,1989,t,2732.57,I,Imputed value,
QCL,Crops and livestock products,143,Morocco,5510,Production,331,Cottonseed oil,1990,1990,t,2786.4,I,Imputed value,
QCL,Crops and livestock products,143,Morocco,5510,Production,331,Cottonseed oil,1991,1991,t,2341.44,I,Imputed value,
QCL,Crops and livestock products,143,Morocco,5510,Production,331,Cottonseed oil,1992,1992,t,1006.56,I,Imputed value,
QCL,Crops and livestock products,143,Morocco,5510,Production,331,Cottonseed oil,1993,1993,t,1080.86,I,Imputed value,
QCL,Crops and livestock products,143,Morocco,5510,Production,331,Cottonseed oil,1994,1994,t,1390.18,I,Imputed value,
QCL,Crops and livestock products,143,Morocco,5510,Production,331,Cottonseed oil,1995,1995,t,55.3,I,Imputed value,
QCL,Crops and livestock products,143,Morocco,5510,Production,331,Cottonseed oil,1996,1996,t,295.92,I,Imputed value,
QCL,Crops and livestock products,143,Morocco,5510,Production,331,Cottonseed oil,1997,1997,t,475.2,I,Imputed value,
QCL,Crops and livestock products,143,Morocco,5510,Production,331,Cottonseed oil,1998,1998,t,230.04,I,Imputed value,
QCL,Crops and livestock products,143,Morocco,5510,Production,331,Cottonseed oil,1999,1999,t,47.52,I,Imputed value,
QCL,Crops and livestock products,143,Morocco,5510,Production,331,Cottonseed oil,2000,2000,t,48.21,I,Imputed value,
QCL,Crops and livestock products,143,Morocco,5510,Production,331,Cottonseed oil,2001,2001,t,36.98,I,Imputed value,
QCL,Crops and livestock products,143,Morocco,5510,Production,331,Cottonseed oil,2002,2002,t,72.71,I,Imputed value,
QCL,Crops and livestock products,143,Morocco,5510,Production,331,Cottonseed oil,2003,2003,t,13.09,I,Imputed value,
QCL,Crops and livestock products,143,Morocco,5510,Production,331,Cottonseed oil,2004,2004,t,20,I,Imputed value,
QCL,Crops and livestock products,143,Morocco,5510,Production,331,Cottonseed oil,2005,2005,t,28.66,I,Imputed value,
QCL,Crops and livestock products,143,Morocco,5510,Production,331,Cottonseed oil,2006,2006,t,22.62,I,Imputed value,
QCL,Crops and livestock products,143,Morocco,5510,Production,331,Cottonseed oil,2007,2007,t,22.62,I,Imputed value,
QCL,Crops and livestock products,143,Morocco,5510,Production,331,Cottonseed oil,2008,2008,t,22.62,I,Imputed value,
QCL,Crops and livestock products,143,Morocco,5510,Production,331,Cottonseed oil,2009,2009,t,22.62,I,Imputed value,
QCL,Crops and livestock products,143,Morocco,5510,Production,331,Cottonseed oil,2010,2010,t,22.62,I,Imputed value,
QCL,Crops and livestock products,143,Morocco,5510,Production,331,Cottonseed oil,2011,2011,t,22.29,I,Imputed value,
QCL,Crops and livestock products,143,Morocco,5510,Production,331,Cottonseed oil,2012,2012,t,19.07,I,Imputed value,
QCL,Crops and livestock products,143,Morocco,5510,Production,331,Cottonseed oil,2013,2013,t,26.85,I,Imputed value,
QCL,Crops and livestock products,143,Morocco,5510,Production,331,Cottonseed oil,2014,2014,t,20.98,I,Imputed value,
QCL,Crops and livestock products,143,Morocco,5510,Production,331,Cottonseed oil,2015,2015,t,55.08,I,Imputed value,
QCL,Crops and livestock products,143,Morocco,5510,Production,331,Cottonseed oil,2016,2016,t,222.97,I,Imputed value,
QCL,Crops and livestock products,143,Morocco,5510,Production,331,Cottonseed oil,2017,2017,t,719.49,I,Imputed value,
QCL,Crops and livestock products,143,Morocco,5510,Production,331,Cottonseed oil,2018,2018,t,978.53,I,Imputed value,
QCL,Crops and livestock products,143,Morocco,5510,Production,331,Cottonseed oil,2019,2019,t,1892.99,I,Imputed value,
QCL,Crops and livestock products,143,Morocco,5510,Production,331,Cottonseed oil,2020,2020,t,1439.71,I,Imputed value,
QCL,Crops and livestock products,143,Morocco,5510,Production,331,Cottonseed oil,2021,2021,t,1958.59,I,Imputed value,
QCL,Crops and livestock products,143,Morocco,5312,Area harvested,397,Cucumbers and gherkins,1961,1961,ha,190,E,Estimated value,
QCL,Crops and livestock products,143,Morocco,5419,Yield,397,Cucumbers and gherkins,1961,1961,100 g/ha,78947,E,Estimated value,
QCL,Crops and livestock products,143,Morocco,5510,Production,397,Cucumbers and gherkins,1961,1961,t,1500,E,Estimated value,
QCL,Crops and livestock products,143,Morocco,5312,Area harvested,397,Cucumbers and gherkins,1962,1962,ha,190,E,Estimated value,
QCL,Crops and livestock products,143,Morocco,5419,Yield,397,Cucumbers and gherkins,1962,1962,100 g/ha,78947,E,Estimated value,
QCL,Crops and livestock products,143,Morocco,5510,Production,397,Cucumbers and gherkins,1962,1962,t,1500,E,Estimated value,
QCL,Crops and livestock products,143,Morocco,5312,Area harvested,397,Cucumbers and gherkins,1963,1963,ha,190,E,Estimated value,
QCL,Crops and livestock products,143,Morocco,5419,Yield,397,Cucumbers and gherkins,1963,1963,100 g/ha,78947,E,Estimated value,
QCL,Crops and livestock products,143,Morocco,5510,Production,397,Cucumbers and gherkins,1963,1963,t,1500,E,Estimated value,
QCL,Crops and livestock products,143,Morocco,5312,Area harvested,397,Cucumbers and gherkins,1964,1964,ha,125,E,Estimated value,
QCL,Crops and livestock products,143,Morocco,5419,Yield,397,Cucumbers and gherkins,1964,1964,100 g/ha,80000,E,Estimated value,
QCL,Crops and livestock products,143,Morocco,5510,Production,397,Cucumbers and gherkins,1964,1964,t,1000,E,Estimated value,
QCL,Crops and livestock products,143,Morocco,5312,Area harvested,397,Cucumbers and gherkins,1965,1965,ha,125,E,Estimated value,
QCL,Crops and livestock products,143,Morocco,5419,Yield,397,Cucumbers and gherkins,1965,1965,100 g/ha,80000,E,Estimated value,
QCL,Crops and livestock products,143,Morocco,5510,Production,397,Cucumbers and gherkins,1965,1965,t,1000,E,Estimated value,
QCL,Crops and livestock products,143,Morocco,5312,Area harvested,397,Cucumbers and gherkins,1966,1966,ha,190,E,Estimated value,
QCL,Crops and livestock products,143,Morocco,5419,Yield,397,Cucumbers and gherkins,1966,1966,100 g/ha,78947,E,Estimated value,
QCL,Crops and livestock products,143,Morocco,5510,Production,397,Cucumbers and gherkins,1966,1966,t,1500,E,Estimated value,
QCL,Crops and livestock products,143,Morocco,5312,Area harvested,397,Cucumbers and gherkins,1967,1967,ha,190,E,Estimated value,
QCL,Crops and livestock products,143,Morocco,5419,Yield,397,Cucumbers and gherkins,1967,1967,100 g/ha,78947,E,Estimated value,
QCL,Crops and livestock products,143,Morocco,5510,Production,397,Cucumbers and gherkins,1967,1967,t,1500,E,Estimated value,
QCL,Crops and livestock products,143,Morocco,5312,Area harvested,397,Cucumbers and gherkins,1968,1968,ha,190,E,Estimated value,
QCL,Crops and livestock products,143,Morocco,5419,Yield,397,Cucumbers and gherkins,1968,1968,100 g/ha,78947,E,Estimated value,
QCL,Crops and livestock products,143,Morocco,5510,Production,397,Cucumbers and gherkins,1968,1968,t,1500,E,Estimated value,
QCL,Crops and livestock products,143,Morocco,5312,Area harvested,397,Cucumbers and gherkins,1969,1969,ha,190,E,Estimated value,
QCL,Crops and livestock products,143,Morocco,5419,Yield,397,Cucumbers and gherkins,1969,1969,100 g/ha,78947,E,Estimated value,
QCL,Crops and livestock products,143,Morocco,5510,Production,397,Cucumbers and gherkins,1969,1969,t,1500,E,Estimated value,
QCL,Crops and livestock products,143,Morocco,5312,Area harvested,397,Cucumbers and gherkins,1970,1970,ha,190,E,Estimated value,
QCL,Crops and livestock products,143,Morocco,5419,Yield,397,Cucumbers and gherkins,1970,1970,100 g/ha,78947,E,Estimated value,
QCL,Crops and livestock products,143,Morocco,5510,Production,397,Cucumbers and gherkins,1970,1970,t,1500,E,Estimated value,
QCL,Crops and livestock products,143,Morocco,5312,Area harvested,397,Cucumbers and gherkins,1971,1971,ha,190,E,Estimated value,
QCL,Crops and livestock products,143,Morocco,5419,Yield,397,Cucumbers and gherkins,1971,1971,100 g/ha,78947,E,Estimated value,
QCL,Crops and livestock products,143,Morocco,5510,Production,397,Cucumbers and gherkins,1971,1971,t,1500,E,Estimated value,
QCL,Crops and livestock products,143,Morocco,5312,Area harvested,397,Cucumbers and gherkins,1972,1972,ha,190,E,Estimated value,
QCL,Crops and livestock products,143,Morocco,5419,Yield,397,Cucumbers and gherkins,1972,1972,100 g/ha,78947,E,Estimated value,
QCL,Crops and livestock products,143,Morocco,5510,Production,397,Cucumbers and gherkins,1972,1972,t,1500,E,Estimated value,
QCL,Crops and livestock products,143,Morocco,5312,Area harvested,397,Cucumbers and gherkins,1973,1973,ha,190,E,Estimated value,
QCL,Crops and livestock products,143,Morocco,5419,Yield,397,Cucumbers and gherkins,1973,1973,100 g/ha,78947,E,Estimated value,
QCL,Crops and livestock products,143,Morocco,5510,Production,397,Cucumbers and gherkins,1973,1973,t,1500,E,Estimated value,
QCL,Crops and livestock products,143,Morocco,5312,Area harvested,397,Cucumbers and gherkins,1974,1974,ha,190,E,Estimated value,
QCL,Crops and livestock products,143,Morocco,5419,Yield,397,Cucumbers and gherkins,1974,1974,100 g/ha,78947,E,Estimated value,
QCL,Crops and livestock products,143,Morocco,5510,Production,397,Cucumbers and gherkins,1974,1974,t,1500,E,Estimated value,
QCL,Crops and livestock products,143,Morocco,5312,Area harvested,397,Cucumbers and gherkins,1975,1975,ha,190,E,Estimated value,
QCL,Crops and livestock products,143,Morocco,5419,Yield,397,Cucumbers and gherkins,1975,1975,100 g/ha,78947,E,Estimated value,
QCL,Crops and livestock products,143,Morocco,5510,Production,397,Cucumbers and gherkins,1975,1975,t,1500,E,Estimated value,
QCL,Crops and livestock products,143,Morocco,5312,Area harvested,397,Cucumbers and gherkins,1976,1976,ha,190,E,Estimated value,
QCL,Crops and livestock products,143,Morocco,5419,Yield,397,Cucumbers and gherkins,1976,1976,100 g/ha,78947,E,Estimated value,
QCL,Crops and livestock products,143,Morocco,5510,Production,397,Cucumbers and gherkins,1976,1976,t,1500,E,Estimated value,
QCL,Crops and livestock products,143,Morocco,5312,Area harvested,397,Cucumbers and gherkins,1977,1977,ha,190,E,Estimated value,
QCL,Crops and livestock products,143,Morocco,5419,Yield,397,Cucumbers and gherkins,1977,1977,100 g/ha,78947,E,Estimated value,
QCL,Crops and livestock products,143,Morocco,5510,Production,397,Cucumbers and gherkins,1977,1977,t,1500,E,Estimated value,
QCL,Crops and livestock products,143,Morocco,5312,Area harvested,397,Cucumbers and gherkins,1978,1978,ha,125,E,Estimated value,
QCL,Crops and livestock products,143,Morocco,5419,Yield,397,Cucumbers and gherkins,1978,1978,100 g/ha,80000,E,Estimated value,
QCL,Crops and livestock products,143,Morocco,5510,Production,397,Cucumbers and gherkins,1978,1978,t,1000,E,Estimated value,
QCL,Crops and livestock products,143,Morocco,5312,Area harvested,397,Cucumbers and gherkins,1979,1979,ha,190,E,Estimated value,
QCL,Crops and livestock products,143,Morocco,5419,Yield,397,Cucumbers and gherkins,1979,1979,100 g/ha,78947,E,Estimated value,
QCL,Crops and livestock products,143,Morocco,5510,Production,397,Cucumbers and gherkins,1979,1979,t,1500,E,Estimated value,
QCL,Crops and livestock products,143,Morocco,5312,Area harvested,397,Cucumbers and gherkins,1980,1980,ha,250,E,Estimated value,
QCL,Crops and livestock products,143,Morocco,5419,Yield,397,Cucumbers and gherkins,1980,1980,100 g/ha,80000,E,Estimated value,
QCL,Crops and livestock products,143,Morocco,5510,Production,397,Cucumbers and gherkins,1980,1980,t,2000,E,Estimated value,
QCL,Crops and livestock products,143,Morocco,5312,Area harvested,397,Cucumbers and gherkins,1981,1981,ha,300,E,Estimated value,
QCL,Crops and livestock products,143,Morocco,5419,Yield,397,Cucumbers and gherkins,1981,1981,100 g/ha,83333,E,Estimated value,
QCL,Crops and livestock products,143,Morocco,5510,Production,397,Cucumbers and gherkins,1981,1981,t,2500,E,Estimated value,
QCL,Crops and livestock products,143,Morocco,5312,Area harvested,397,Cucumbers and gherkins,1982,1982,ha,350,E,Estimated value,
QCL,Crops and livestock products,143,Morocco,5419,Yield,397,Cucumbers and gherkins,1982,1982,100 g/ha,85714,E,Estimated value,
QCL,Crops and livestock products,143,Morocco,5510,Production,397,Cucumbers and gherkins,1982,1982,t,3000,E,Estimated value,
QCL,Crops and livestock products,143,Morocco,5312,Area harvested,397,Cucumbers and gherkins,1983,1983,ha,450,E,Estimated value,
QCL,Crops and livestock products,143,Morocco,5419,Yield,397,Cucumbers and gherkins,1983,1983,100 g/ha,88889,E,Estimated value,
QCL,Crops and livestock products,143,Morocco,5510,Production,397,Cucumbers and gherkins,1983,1983,t,4000,E,Estimated value,
QCL,Crops and livestock products,143,Morocco,5312,Area harvested,397,Cucumbers and gherkins,1984,1984,ha,600,E,Estimated value,
QCL,Crops and livestock products,143,Morocco,5419,Yield,397,Cucumbers and gherkins,1984,1984,100 g/ha,83333,E,Estimated value,
QCL,Crops and livestock products,143,Morocco,5510,Production,397,Cucumbers and gherkins,1984,1984,t,5000,E,Estimated value,
QCL,Crops and livestock products,143,Morocco,5312,Area harvested,397,Cucumbers and gherkins,1985,1985,ha,700,E,Estimated value,
QCL,Crops and livestock products,143,Morocco,5419,Yield,397,Cucumbers and gherkins,1985,1985,100 g/ha,85714,E,Estimated value,
QCL,Crops and livestock products,143,Morocco,5510,Production,397,Cucumbers and gherkins,1985,1985,t,6000,E,Estimated value,
QCL,Crops and livestock products,143,Morocco,5312,Area harvested,397,Cucumbers and gherkins,1986,1986,ha,1000,E,Estimated value,
QCL,Crops and livestock products,143,Morocco,5419,Yield,397,Cucumbers and gherkins,1986,1986,100 g/ha,100000,E,Estimated value,
QCL,Crops and livestock products,143,Morocco,5510,Production,397,Cucumbers and gherkins,1986,1986,t,10000,E,Estimated value,
QCL,Crops and livestock products,143,Morocco,5312,Area harvested,397,Cucumbers and gherkins,1987,1987,ha,1250,E,Estimated value,
QCL,Crops and livestock products,143,Morocco,5419,Yield,397,Cucumbers and gherkins,1987,1987,100 g/ha,120000,E,Estimated value,
QCL,Crops and livestock products,143,Morocco,5510,Production,397,Cucumbers and gherkins,1987,1987,t,15000,A,Official figure,
QCL,Crops and livestock products,143,Morocco,5312,Area harvested,397,Cucumbers and gherkins,1988,1988,ha,1500,E,Estimated value,
QCL,Crops and livestock products,143,Morocco,5419,Yield,397,Cucumbers and gherkins,1988,1988,100 g/ha,116667,E,Estimated value,
QCL,Crops and livestock products,143,Morocco,5510,Production,397,Cucumbers and gherkins,1988,1988,t,17500,A,Official figure,
QCL,Crops and livestock products,143,Morocco,5312,Area harvested,397,Cucumbers and gherkins,1989,1989,ha,1500,E,Estimated value,
QCL,Crops and livestock products,143,Morocco,5419,Yield,397,Cucumbers and gherkins,1989,1989,100 g/ha,145333,E,Estimated value,
QCL,Crops and livestock products,143,Morocco,5510,Production,397,Cucumbers and gherkins,1989,1989,t,21800,A,Official figure,
QCL,Crops and livestock products,143,Morocco,5312,Area harvested,397,Cucumbers and gherkins,1990,1990,ha,2500,E,Estimated value,
QCL,Crops and livestock products,143,Morocco,5419,Yield,397,Cucumbers and gherkins,1990,1990,100 g/ha,149684,E,Estimated value,
QCL,Crops and livestock products,143,Morocco,5510,Production,397,Cucumbers and gherkins,1990,1990,t,37421,A,Official figure,
QCL,Crops and livestock products,143,Morocco,5312,Area harvested,397,Cucumbers and gherkins,1991,1991,ha,2000,E,Estimated value,
QCL,Crops and livestock products,143,Morocco,5419,Yield,397,Cucumbers and gherkins,1991,1991,100 g/ha,151050,E,Estimated value,
QCL,Crops and livestock products,143,Morocco,5510,Production,397,Cucumbers and gherkins,1991,1991,t,30210,A,Official figure,
QCL,Crops and livestock products,143,Morocco,5312,Area harvested,397,Cucumbers and gherkins,1992,1992,ha,1000,E,Estimated value,
QCL,Crops and livestock products,143,Morocco,5419,Yield,397,Cucumbers and gherkins,1992,1992,100 g/ha,161650,E,Estimated value,
QCL,Crops and livestock products,143,Morocco,5510,Production,397,Cucumbers and gherkins,1992,1992,t,16165,A,Official figure,
QCL,Crops and livestock products,143,Morocco,5312,Area harvested,397,Cucumbers and gherkins,1993,1993,ha,1100,E,Estimated value,
QCL,Crops and livestock products,143,Morocco,5419,Yield,397,Cucumbers and gherkins,1993,1993,100 g/ha,174545,E,Estimated value,
QCL,Crops and livestock products,143,Morocco,5510,Production,397,Cucumbers and gherkins,1993,1993,t,19200,A,Official figure,
QCL,Crops and livestock products,143,Morocco,5312,Area harvested,397,Cucumbers and gherkins,1994,1994,ha,1300,E,Estimated value,
QCL,Crops and livestock products,143,Morocco,5419,Yield,397,Cucumbers and gherkins,1994,1994,100 g/ha,200962,E,Estimated value,
QCL,Crops and livestock products,143,Morocco,5510,Production,397,Cucumbers and gherkins,1994,1994,t,26125,A,Official figure,
QCL,Crops and livestock products,143,Morocco,5312,Area harvested,397,Cucumbers and gherkins,1995,1995,ha,622,A,Official figure,
QCL,Crops and livestock products,143,Morocco,5419,Yield,397,Cucumbers and gherkins,1995,1995,100 g/ha,375241,A,Official figure,
QCL,Crops and livestock products,143,Morocco,5510,Production,397,Cucumbers and gherkins,1995,1995,t,23340,A,Official figure,
QCL,Crops and livestock products,143,Morocco,5312,Area harvested,397,Cucumbers and gherkins,1996,1996,ha,1082,A,Official figure,
QCL,Crops and livestock products,143,Morocco,5419,Yield,397,Cucumbers and gherkins,1996,1996,100 g/ha,318022,A,Official figure,
QCL,Crops and livestock products,143,Morocco,5510,Production,397,Cucumbers and gherkins,1996,1996,t,34410,A,Official figure,
QCL,Crops and livestock products,143,Morocco,5312,Area harvested,397,Cucumbers and gherkins,1997,1997,ha,1100,A,Official figure,
QCL,Crops and livestock products,143,Morocco,5419,Yield,397,Cucumbers and gherkins,1997,1997,100 g/ha,266364,A,Official figure,
QCL,Crops and livestock products,143,Morocco,5510,Production,397,Cucumbers and gherkins,1997,1997,t,29300,A,Official figure,
QCL,Crops and livestock products,143,Morocco,5312,Area harvested,397,Cucumbers and gherkins,1998,1998,ha,1161,A,Official figure,
QCL,Crops and livestock products,143,Morocco,5419,Yield,397,Cucumbers and gherkins,1998,1998,100 g/ha,311929,A,Official figure,
QCL,Crops and livestock products,143,Morocco,5510,Production,397,Cucumbers and gherkins,1998,1998,t,36215,A,Official figure,
QCL,Crops and livestock products,143,Morocco,5312,Area harvested,397,Cucumbers and gherkins,1999,1999,ha,745,A,Official figure,
QCL,Crops and livestock products,143,Morocco,5419,Yield,397,Cucumbers and gherkins,1999,1999,100 g/ha,349262,A,Official figure,
QCL,Crops and livestock products,143,Morocco,5510,Production,397,Cucumbers and gherkins,1999,1999,t,26020,A,Official figure,
QCL,Crops and livestock products,143,Morocco,5312,Area harvested,397,Cucumbers and gherkins,2000,2000,ha,825,A,Official figure,
QCL,Crops and livestock products,143,Morocco,5419,Yield,397,Cucumbers and gherkins,2000,2000,100 g/ha,290667,A,Official figure,
QCL,Crops and livestock products,143,Morocco,5510,Production,397,Cucumbers and gherkins,2000,2000,t,23980,A,Official figure,
QCL,Crops and livestock products,143,Morocco,5312,Area harvested,397,Cucumbers and gherkins,2001,2001,ha,652,A,Official figure,
QCL,Crops and livestock products,143,Morocco,5419,Yield,397,Cucumbers and gherkins,2001,2001,100 g/ha,557055,A,Official figure,
QCL,Crops and livestock products,143,Morocco,5510,Production,397,Cucumbers and gherkins,2001,2001,t,36320,A,Official figure,
QCL,Crops and livestock products,143,Morocco,5312,Area harvested,397,Cucumbers and gherkins,2002,2002,ha,724,A,Official figure,
QCL,Crops and livestock products,143,Morocco,5419,Yield,397,Cucumbers and gherkins,2002,2002,100 g/ha,624309,A,Official figure,
QCL,Crops and livestock products,143,Morocco,5510,Production,397,Cucumbers and gherkins,2002,2002,t,45200,A,Official figure,
QCL,Crops and livestock products,143,Morocco,5312,Area harvested,397,Cucumbers and gherkins,2003,2003,ha,1285,A,Official figure,
QCL,Crops and livestock products,143,Morocco,5419,Yield,397,Cucumbers and gherkins,2003,2003,100 g/ha,360311,A,Official figure,
QCL,Crops and livestock products,143,Morocco,5510,Production,397,Cucumbers and gherkins,2003,2003,t,46300,A,Official figure,
QCL,Crops and livestock products,143,Morocco,5312,Area harvested,397,Cucumbers and gherkins,2004,2004,ha,1014,A,Official figure,
QCL,Crops and livestock products,143,Morocco,5419,Yield,397,Cucumbers and gherkins,2004,2004,100 g/ha,403797,A,Official figure,
QCL,Crops and livestock products,143,Morocco,5510,Production,397,Cucumbers and gherkins,2004,2004,t,40945,A,Official figure,
QCL,Crops and livestock products,143,Morocco,5312,Area harvested,397,Cucumbers and gherkins,2005,2005,ha,1095,A,Official figure,
QCL,Crops and livestock products,143,Morocco,5419,Yield,397,Cucumbers and gherkins,2005,2005,100 g/ha,495543,A,Official figure,
QCL,Crops and livestock products,143,Morocco,5510,Production,397,Cucumbers and gherkins,2005,2005,t,54262,A,Official figure,
QCL,Crops and livestock products,143,Morocco,5312,Area harvested,397,Cucumbers and gherkins,2006,2006,ha,1130,A,Official figure,
QCL,Crops and livestock products,143,Morocco,5419,Yield,397,Cucumbers and gherkins,2006,2006,100 g/ha,618584,A,Official figure,
QCL,Crops and livestock products,143,Morocco,5510,Production,397,Cucumbers and gherkins,2006,2006,t,69900,A,Official figure,
QCL,Crops and livestock products,143,Morocco,5312,Area harvested,397,Cucumbers and gherkins,2007,2007,ha,1260,A,Official figure,
QCL,Crops and livestock products,143,Morocco,5419,Yield,397,Cucumbers and gherkins,2007,2007,100 g/ha,597857,A,Official figure,
QCL,Crops and livestock products,143,Morocco,5510,Production,397,Cucumbers and gherkins,2007,2007,t,75330,A,Official figure,
QCL,Crops and livestock products,143,Morocco,5312,Area harvested,397,Cucumbers and gherkins,2008,2008,ha,1615,A,Official figure,
QCL,Crops and livestock products,143,Morocco,5419,Yield,397,Cucumbers and gherkins,2008,2008,100 g/ha,549319,A,Official figure,
QCL,Crops and livestock products,143,Morocco,5510,Production,397,Cucumbers and gherkins,2008,2008,t,88715,A,Official figure,
QCL,Crops and livestock products,143,Morocco,5312,Area harvested,397,Cucumbers and gherkins,2009,2009,ha,1329,A,Official figure,
QCL,Crops and livestock products,143,Morocco,5419,Yield,397,Cucumbers and gherkins,2009,2009,100 g/ha,260045,A,Official figure,
QCL,Crops and livestock products,143,Morocco,5510,Production,397,Cucumbers and gherkins,2009,2009,t,34560,A,Official figure,
QCL,Crops and livestock products,143,Morocco,5312,Area harvested,397,Cucumbers and gherkins,2010,2010,ha,3251,A,Official figure,
QCL,Crops and livestock products,143,Morocco,5419,Yield,397,Cucumbers and gherkins,2010,2010,100 g/ha,352593,A,Official figure,
QCL,Crops and livestock products,143,Morocco,5510,Production,397,Cucumbers and gherkins,2010,2010,t,114628,A,Official figure,
QCL,Crops and livestock products,143,Morocco,5312,Area harvested,397,Cucumbers and gherkins,2011,2011,ha,1040,A,Official figure,
QCL,Crops and livestock products,143,Morocco,5419,Yield,397,Cucumbers and gherkins,2011,2011,100 g/ha,492538,A,Official figure,
QCL,Crops and livestock products,143,Morocco,5510,Production,397,Cucumbers and gherkins,2011,2011,t,51224,A,Official figure,
QCL,Crops and livestock products,143,Morocco,5312,Area harvested,397,Cucumbers and gherkins,2012,2012,ha,1461,A,Official figure,
QCL,Crops and livestock products,143,Morocco,5419,Yield,397,Cucumbers and gherkins,2012,2012,100 g/ha,378747,A,Official figure,
QCL,Crops and livestock products,143,Morocco,5510,Production,397,Cucumbers and gherkins,2012,2012,t,55335,A,Official figure,
QCL,Crops and livestock products,143,Morocco,5312,Area harvested,397,Cucumbers and gherkins,2013,2013,ha,1289,A,Official figure,
QCL,Crops and livestock products,143,Morocco,5419,Yield,397,Cucumbers and gherkins,2013,2013,100 g/ha,374161,A,Official figure,
QCL,Crops and livestock products,143,Morocco,5510,Production,397,Cucumbers and gherkins,2013,2013,t,48246.2,A,Official figure,
QCL,Crops and livestock products,143,Morocco,5312,Area harvested,397,Cucumbers and gherkins,2014,2014,ha,1560,A,Official figure,
QCL,Crops and livestock products,143,Morocco,5419,Yield,397,Cucumbers and gherkins,2014,2014,100 g/ha,355277,A,Official figure,
QCL,Crops and livestock products,143,Morocco,5510,Production,397,Cucumbers and gherkins,2014,2014,t,55439.25,A,Official figure,
QCL,Crops and livestock products,143,Morocco,5312,Area harvested,397,Cucumbers and gherkins,2015,2015,ha,1302,A,Official figure,
QCL,Crops and livestock products,143,Morocco,5419,Yield,397,Cucumbers and gherkins,2015,2015,100 g/ha,426086,A,Official figure,
QCL,Crops and livestock products,143,Morocco,5510,Production,397,Cucumbers and gherkins,2015,2015,t,55478.5,A,Official figure,
QCL,Crops and livestock products,143,Morocco,5312,Area harvested,397,Cucumbers and gherkins,2016,2016,ha,1025,A,Official figure,
QCL,Crops and livestock products,143,Morocco,5419,Yield,397,Cucumbers and gherkins,2016,2016,100 g/ha,413493,A,Official figure,
QCL,Crops and livestock products,143,Morocco,5510,Production,397,Cucumbers and gherkins,2016,2016,t,42383,A,Official figure,
QCL,Crops and livestock products,143,Morocco,5312,Area harvested,397,Cucumbers and gherkins,2017,2017,ha,1176,A,Official figure,
QCL,Crops and livestock products,143,Morocco,5419,Yield,397,Cucumbers and gherkins,2017,2017,100 g/ha,414343,A,Official figure,
QCL,Crops and livestock products,143,Morocco,5510,Production,397,Cucumbers and gherkins,2017,2017,t,48735,A,Official figure,
QCL,Crops and livestock products,143,Morocco,5312,Area harvested,397,Cucumbers and gherkins,2018,2018,ha,1205,A,Official figure,
QCL,Crops and livestock products,143,Morocco,5419,Yield,397,Cucumbers and gherkins,2018,2018,100 g/ha,396737,A,Official figure,
QCL,Crops and livestock products,143,Morocco,5510,Production,397,Cucumbers and gherkins,2018,2018,t,47787,A,Official figure,
QCL,Crops and livestock products,143,Morocco,5312,Area harvested,397,Cucumbers and gherkins,2019,2019,ha,1185,A,Official figure,
QCL,Crops and livestock products,143,Morocco,5419,Yield,397,Cucumbers and gherkins,2019,2019,100 g/ha,484982,A,Official figure,
QCL,Crops and livestock products,143,Morocco,5510,Production,397,Cucumbers and gherkins,2019,2019,t,57448,A,Official figure,
QCL,Crops and livestock products,143,Morocco,5312,Area harvested,397,Cucumbers and gherkins,2020,2020,ha,1311,A,Official figure,
QCL,Crops and livestock products,143,Morocco,5419,Yield,397,Cucumbers and gherkins,2020,2020,100 g/ha,354047,A,Official figure,
QCL,Crops and livestock products,143,Morocco,5510,Production,397,Cucumbers and gherkins,2020,2020,t,46415.6,A,Official figure,
QCL,Crops and livestock products,143,Morocco,5312,Area harvested,397,Cucumbers and gherkins,2021,2021,ha,1325,A,Official figure,
QCL,Crops and livestock products,143,Morocco,5419,Yield,397,Cucumbers and gherkins,2021,2021,100 g/ha,451706,A,Official figure,
QCL,Crops and livestock products,143,Morocco,5510,Production,397,Cucumbers and gherkins,2021,2021,t,59851,A,Official figure,
QCL,Crops and livestock products,143,Morocco,5312,Area harvested,397,Cucumbers and gherkins,2022,2022,ha,1317,A,Official figure,
QCL,Crops and livestock products,143,Morocco,5419,Yield,397,Cucumbers and gherkins,2022,2022,100 g/ha,479537,A,Official figure,
QCL,Crops and livestock products,143,Morocco,5510,Production,397,Cucumbers and gherkins,2022,2022,t,63155,A,Official figure,
QCL,Crops and livestock products,143,Morocco,5312,Area harvested,577,Dates,1961,1961,ha,18000,E,Estimated value,
QCL,Crops and livestock products,143,Morocco,5419,Yield,577,Dates,1961,1961,100 g/ha,47778,E,Estimated value,
QCL,Crops and livestock products,143,Morocco,5510,Production,577,Dates,1961,1961,t,86000,A,Official figure,
QCL,Crops and livestock products,143,Morocco,5312,Area harvested,577,Dates,1962,1962,ha,18000,E,Estimated value,
QCL,Crops and livestock products,143,Morocco,5419,Yield,577,Dates,1962,1962,100 g/ha,31111,E,Estimated value,
QCL,Crops and livestock products,143,Morocco,5510,Production,577,Dates,1962,1962,t,56000,A,Official figure,
QCL,Crops and livestock products,143,Morocco,5312,Area harvested,577,Dates,1963,1963,ha,18000,E,Estimated value,
QCL,Crops and livestock products,143,Morocco,5419,Yield,577,Dates,1963,1963,100 g/ha,44444,E,Estimated value,
QCL,Crops and livestock products,143,Morocco,5510,Production,577,Dates,1963,1963,t,80000,A,Official figure,
QCL,Crops and livestock products,143,Morocco,5312,Area harvested,577,Dates,1964,1964,ha,18000,E,Estimated value,
QCL,Crops and livestock products,143,Morocco,5419,Yield,577,Dates,1964,1964,100 g/ha,47222,E,Estimated value,
QCL,Crops and livestock products,143,Morocco,5510,Production,577,Dates,1964,1964,t,85000,A,Official figure,
QCL,Crops and livestock products,143,Morocco,5312,Area harvested,577,Dates,1965,1965,ha,18000,E,Estimated value,
QCL,Crops and livestock products,143,Morocco,5419,Yield,577,Dates,1965,1965,100 g/ha,47778,E,Estimated value,
QCL,Crops and livestock products,143,Morocco,5510,Production,577,Dates,1965,1965,t,86000,A,Official figure,
QCL,Crops and livestock products,143,Morocco,5312,Area harvested,577,Dates,1966,1966,ha,20000,E,Estimated value,
QCL,Crops and livestock products,143,Morocco,5419,Yield,577,Dates,1966,1966,100 g/ha,45000,E,Estimated value,
QCL,Crops and livestock products,143,Morocco,5510,Production,577,Dates,1966,1966,t,90000,A,Official figure,
QCL,Crops and livestock products,143,Morocco,5312,Area harvested,577,Dates,1967,1967,ha,20000,E,Estimated value,
QCL,Crops and livestock products,143,Morocco,5419,Yield,577,Dates,1967,1967,100 g/ha,45000,E,Estimated value,
QCL,Crops and livestock products,143,Morocco,5510,Production,577,Dates,1967,1967,t,90000,A,Official figure,
QCL,Crops and livestock products,143,Morocco,5312,Area harvested,577,Dates,1968,1968,ha,20000,E,Estimated value,
QCL,Crops and livestock products,143,Morocco,5419,Yield,577,Dates,1968,1968,100 g/ha,45000,E,Estimated value,
QCL,Crops and livestock products,143,Morocco,5510,Production,577,Dates,1968,1968,t,90000,A,Official figure,
QCL,Crops and livestock products,143,Morocco,5312,Area harvested,577,Dates,1969,1969,ha,20000,E,Estimated value,
QCL,Crops and livestock products,143,Morocco,5419,Yield,577,Dates,1969,1969,100 g/ha,45000,E,Estimated value,
QCL,Crops and livestock products,143,Morocco,5510,Production,577,Dates,1969,1969,t,90000,A,Official figure,
QCL,Crops and livestock products,143,Morocco,5312,Area harvested,577,Dates,1970,1970,ha,20000,E,Estimated value,
QCL,Crops and livestock products,143,Morocco,5419,Yield,577,Dates,1970,1970,100 g/ha,45000,E,Estimated value,
QCL,Crops and livestock products,143,Morocco,5510,Production,577,Dates,1970,1970,t,90000,A,Official figure,
QCL,Crops and livestock products,143,Morocco,5312,Area harvested,577,Dates,1971,1971,ha,20000,E,Estimated value,
QCL,Crops and livestock products,143,Morocco,5419,Yield,577,Dates,1971,1971,100 g/ha,45000,E,Estimated value,
QCL,Crops and livestock products,143,Morocco,5510,Production,577,Dates,1971,1971,t,90000,A,Official figure,
QCL,Crops and livestock products,143,Morocco,5312,Area harvested,577,Dates,1972,1972,ha,23000,E,Estimated value,
QCL,Crops and livestock products,143,Morocco,5419,Yield,577,Dates,1972,1972,100 g/ha,40000,E,Estimated value,
QCL,Crops and livestock products,143,Morocco,5510,Production,577,Dates,1972,1972,t,92000,A,Official figure,
QCL,Crops and livestock products,143,Morocco,5312,Area harvested,577,Dates,1973,1973,ha,23000,E,Estimated value,
QCL,Crops and livestock products,143,Morocco,5419,Yield,577,Dates,1973,1973,100 g/ha,40000,E,Estimated value,
QCL,Crops and livestock products,143,Morocco,5510,Production,577,Dates,1973,1973,t,92000,A,Official figure,
QCL,Crops and livestock products,143,Morocco,5312,Area harvested,577,Dates,1974,1974,ha,23000,E,Estimated value,
QCL,Crops and livestock products,143,Morocco,5419,Yield,577,Dates,1974,1974,100 g/ha,40696,E,Estimated value,
QCL,Crops and livestock products,143,Morocco,5510,Production,577,Dates,1974,1974,t,93600,A,Official figure,
QCL,Crops and livestock products,143,Morocco,5312,Area harvested,577,Dates,1975,1975,ha,23000,E,Estimated value,
QCL,Crops and livestock products,143,Morocco,5419,Yield,577,Dates,1975,1975,100 g/ha,41652,E,Estimated value,
QCL,Crops and livestock products,143,Morocco,5510,Production,577,Dates,1975,1975,t,95800,A,Official figure,
QCL,Crops and livestock products,143,Morocco,5312,Area harvested,577,Dates,1976,1976,ha,23000,E,Estimated value,
QCL,Crops and livestock products,143,Morocco,5419,Yield,577,Dates,1976,1976,100 g/ha,42696,E,Estimated value,
QCL,Crops and livestock products,143,Morocco,5510,Production,577,Dates,1976,1976,t,98200,A,Official figure,
QCL,Crops and livestock products,143,Morocco,5312,Area harvested,577,Dates,1977,1977,ha,23000,E,Estimated value,
QCL,Crops and livestock products,143,Morocco,5419,Yield,577,Dates,1977,1977,100 g/ha,42348,E,Estimated value,
QCL,Crops and livestock products,143,Morocco,5510,Production,577,Dates,1977,1977,t,97400,A,Official figure,
QCL,Crops and livestock products,143,Morocco,5312,Area harvested,577,Dates,1978,1978,ha,20000,E,Estimated value,
QCL,Crops and livestock products,143,Morocco,5419,Yield,577,Dates,1978,1978,100 g/ha,45000,E,Estimated value,
QCL,Crops and livestock products,143,Morocco,5510,Production,577,Dates,1978,1978,t,90000,X,Figure from international organizations,Unofficial figure
QCL,Crops and livestock products,143,Morocco,5312,Area harvested,577,Dates,1979,1979,ha,23000,E,Estimated value,
QCL,Crops and livestock products,143,Morocco,5419,Yield,577,Dates,1979,1979,100 g/ha,42174,E,Estimated value,
QCL,Crops and livestock products,143,Morocco,5510,Production,577,Dates,1979,1979,t,97000,X,Figure from international organizations,Unofficial figure
QCL,Crops and livestock products,143,Morocco,5312,Area harvested,577,Dates,1980,1980,ha,17700,A,Official figure,
QCL,Crops and livestock products,143,Morocco,5419,Yield,577,Dates,1980,1980,100 g/ha,42373,E,Estimated value,
QCL,Crops and livestock products,143,Morocco,5510,Production,577,Dates,1980,1980,t,75000,X,Figure from international organizations,Unofficial figure
QCL,Crops and livestock products,143,Morocco,5312,Area harvested,577,Dates,1981,1981,ha,20200,A,Official figure,
QCL,Crops and livestock products,143,Morocco,5419,Yield,577,Dates,1981,1981,100 g/ha,32178,E,Estimated value,
QCL,Crops and livestock products,143,Morocco,5510,Production,577,Dates,1981,1981,t,65000,X,Figure from international organizations,Unofficial figure
QCL,Crops and livestock products,143,Morocco,5312,Area harvested,577,Dates,1982,1982,ha,21900,A,Official figure,
QCL,Crops and livestock products,143,Morocco,5419,Yield,577,Dates,1982,1982,100 g/ha,30137,A,Official figure,
QCL,Crops and livestock products,143,Morocco,5510,Production,577,Dates,1982,1982,t,66000,A,Official figure,
QCL,Crops and livestock products,143,Morocco,5312,Area harvested,577,Dates,1983,1983,ha,21500,A,Official figure,
QCL,Crops and livestock products,143,Morocco,5419,Yield,577,Dates,1983,1983,100 g/ha,26070,A,Official figure,
QCL,Crops and livestock products,143,Morocco,5510,Production,577,Dates,1983,1983,t,56050,A,Official figure,
QCL,Crops and livestock products,143,Morocco,5312,Area harvested,577,Dates,1984,1984,ha,21700,A,Official figure,
QCL,Crops and livestock products,143,Morocco,5419,Yield,577,Dates,1984,1984,100 g/ha,11714,A,Official figure,
QCL,Crops and livestock products,143,Morocco,5510,Production,577,Dates,1984,1984,t,25420,A,Official figure,
QCL,Crops and livestock products,143,Morocco,5312,Area harvested,577,Dates,1985,1985,ha,21400,A,Official figure,
QCL,Crops and livestock products,143,Morocco,5419,Yield,577,Dates,1985,1985,100 g/ha,6514,A,Official figure,
QCL,Crops and livestock products,143,Morocco,5510,Production,577,Dates,1985,1985,t,13940,A,Official figure,
QCL,Crops and livestock products,143,Morocco,5312,Area harvested,577,Dates,1986,1986,ha,21400,A,Official figure,
QCL,Crops and livestock products,143,Morocco,5419,Yield,577,Dates,1986,1986,100 g/ha,9346,E,Estimated value,
QCL,Crops and livestock products,143,Morocco,5510,Production,577,Dates,1986,1986,t,20000,E,Estimated value,
QCL,Crops and livestock products,143,Morocco,5312,Area harvested,577,Dates,1987,1987,ha,22100,A,Official figure,
QCL,Crops and livestock products,143,Morocco,5419,Yield,577,Dates,1987,1987,100 g/ha,16742,A,Official figure,
QCL,Crops and livestock products,143,Morocco,5510,Production,577,Dates,1987,1987,t,37000,A,Official figure,
QCL,Crops and livestock products,143,Morocco,5312,Area harvested,577,Dates,1988,1988,ha,19500,A,Official figure,
QCL,Crops and livestock products,143,Morocco,5419,Yield,577,Dates,1988,1988,100 g/ha,25836,A,Official figure,
QCL,Crops and livestock products,143,Morocco,5510,Production,577,Dates,1988,1988,t,50380,A,Official figure,
QCL,Crops and livestock products,143,Morocco,5312,Area harvested,577,Dates,1989,1989,ha,20900,A,Official figure,
QCL,Crops and livestock products,143,Morocco,5419,Yield,577,Dates,1989,1989,100 g/ha,50574,A,Official figure,
QCL,Crops and livestock products,143,Morocco,5510,Production,577,Dates,1989,1989,t,105700,A,Official figure,
QCL,Crops and livestock products,143,Morocco,5312,Area harvested,577,Dates,1990,1990,ha,22000,A,Official figure,
QCL,Crops and livestock products,143,Morocco,5419,Yield,577,Dates,1990,1990,100 g/ha,54545,A,Official figure,
QCL,Crops and livestock products,143,Morocco,5510,Production,577,Dates,1990,1990,t,120000,A,Official figure,
QCL,Crops and livestock products,143,Morocco,5312,Area harvested,577,Dates,1991,1991,ha,23700,A,Official figure,
QCL,Crops and livestock products,143,Morocco,5419,Yield,577,Dates,1991,1991,100 g/ha,45148,A,Official figure,
QCL,Crops and livestock products,143,Morocco,5510,Production,577,Dates,1991,1991,t,107000,A,Official figure,
QCL,Crops and livestock products,143,Morocco,5312,Area harvested,577,Dates,1992,1992,ha,23500,A,Official figure,
QCL,Crops and livestock products,143,Morocco,5419,Yield,577,Dates,1992,1992,100 g/ha,34894,A,Official figure,
QCL,Crops and livestock products,143,Morocco,5510,Production,577,Dates,1992,1992,t,82000,A,Official figure,
QCL,Crops and livestock products,143,Morocco,5312,Area harvested,577,Dates,1993,1993,ha,23400,A,Official figure,
QCL,Crops and livestock products,143,Morocco,5419,Yield,577,Dates,1993,1993,100 g/ha,47479,A,Official figure,
QCL,Crops and livestock products,143,Morocco,5510,Production,577,Dates,1993,1993,t,111100,A,Official figure,
QCL,Crops and livestock products,143,Morocco,5312,Area harvested,577,Dates,1994,1994,ha,23300,A,Official figure,
QCL,Crops and livestock products,143,Morocco,5419,Yield,577,Dates,1994,1994,100 g/ha,26618,A,Official figure,
QCL,Crops and livestock products,143,Morocco,5510,Production,577,Dates,1994,1994,t,62020,A,Official figure,
QCL,Crops and livestock products,143,Morocco,5312,Area harvested,577,Dates,1995,1995,ha,44200,A,Official figure,
QCL,Crops and livestock products,143,Morocco,5419,Yield,577,Dates,1995,1995,100 g/ha,22081,A,Official figure,
QCL,Crops and livestock products,143,Morocco,5510,Production,577,Dates,1995,1995,t,97600,A,Official figure,
QCL,Crops and livestock products,143,Morocco,5312,Area harvested,577,Dates,1996,1996,ha,44400,A,Official figure,
QCL,Crops and livestock products,143,Morocco,5419,Yield,577,Dates,1996,1996,100 g/ha,18018,A,Official figure,
QCL,Crops and livestock products,143,Morocco,5510,Production,577,Dates,1996,1996,t,80000,A,Official figure,
QCL,Crops and livestock products,143,Morocco,5312,Area harvested,577,Dates,1997,1997,ha,42000,A,Official figure,
QCL,Crops and livestock products,143,Morocco,5419,Yield,577,Dates,1997,1997,100 g/ha,26302,A,Official figure,
QCL,Crops and livestock products,143,Morocco,5510,Production,577,Dates,1997,1997,t,110470,A,Official figure,
QCL,Crops and livestock products,143,Morocco,5312,Area harvested,577,Dates,1998,1998,ha,44200,A,Official figure,
QCL,Crops and livestock products,143,Morocco,5419,Yield,577,Dates,1998,1998,100 g/ha,19231,A,Official figure,
QCL,Crops and livestock products,143,Morocco,5510,Production,577,Dates,1998,1998,t,85000,A,Official figure,
QCL,Crops and livestock products,143,Morocco,5312,Area harvested,577,Dates,1999,1999,ha,44200,A,Official figure,
QCL,Crops and livestock products,143,Morocco,5419,Yield,577,Dates,1999,1999,100 g/ha,16417,A,Official figure,
QCL,Crops and livestock products,143,Morocco,5510,Production,577,Dates,1999,1999,t,72561,A,Official figure,
QCL,Crops and livestock products,143,Morocco,5312,Area harvested,577,Dates,2000,2000,ha,30400,A,Official figure,
QCL,Crops and livestock products,143,Morocco,5419,Yield,577,Dates,2000,2000,100 g/ha,24342,A,Official figure,
QCL,Crops and livestock products,143,Morocco,5510,Production,577,Dates,2000,2000,t,74000,A,Official figure,
QCL,Crops and livestock products,143,Morocco,5312,Area harvested,577,Dates,2001,2001,ha,33600,A,Official figure,
QCL,Crops and livestock products,143,Morocco,5419,Yield,577,Dates,2001,2001,100 g/ha,9643,A,Official figure,
QCL,Crops and livestock products,143,Morocco,5510,Production,577,Dates,2001,2001,t,32400,A,Official figure,
QCL,Crops and livestock products,143,Morocco,5312,Area harvested,577,Dates,2002,2002,ha,33000,A,Official figure,
QCL,Crops and livestock products,143,Morocco,5419,Yield,577,Dates,2002,2002,100 g/ha,10061,A,Official figure,
QCL,Crops and livestock products,143,Morocco,5510,Production,577,Dates,2002,2002,t,33200,A,Official figure,
QCL,Crops and livestock products,143,Morocco,5312,Area harvested,577,Dates,2003,2003,ha,33000,A,Official figure,
QCL,Crops and livestock products,143,Morocco,5419,Yield,577,Dates,2003,2003,100 g/ha,16397,A,Official figure,
QCL,Crops and livestock products,143,Morocco,5510,Production,577,Dates,2003,2003,t,54110,A,Official figure,
QCL,Crops and livestock products,143,Morocco,5312,Area harvested,577,Dates,2004,2004,ha,32900,A,Official figure,
QCL,Crops and livestock products,143,Morocco,5419,Yield,577,Dates,2004,2004,100 g/ha,21094,A,Official figure,
QCL,Crops and livestock products,143,Morocco,5510,Production,577,Dates,2004,2004,t,69400,A,Official figure,
QCL,Crops and livestock products,143,Morocco,5312,Area harvested,577,Dates,2005,2005,ha,34700,A,Official figure,
QCL,Crops and livestock products,143,Morocco,5419,Yield,577,Dates,2005,2005,100 g/ha,13689,A,Official figure,
QCL,Crops and livestock products,143,Morocco,5510,Production,577,Dates,2005,2005,t,47500,A,Official figure,
QCL,Crops and livestock products,143,Morocco,5312,Area harvested,577,Dates,2006,2006,ha,35500,A,Official figure,
QCL,Crops and livestock products,143,Morocco,5419,Yield,577,Dates,2006,2006,100 g/ha,12808,A,Official figure,
QCL,Crops and livestock products,143,Morocco,5510,Production,577,Dates,2006,2006,t,45470,A,Official figure,
QCL,Crops and livestock products,143,Morocco,5312,Area harvested,577,Dates,2007,2007,ha,36100,A,Official figure,
QCL,Crops and livestock products,143,Morocco,5419,Yield,577,Dates,2007,2007,100 g/ha,20582,A,Official figure,
QCL,Crops and livestock products,143,Morocco,5510,Production,577,Dates,2007,2007,t,74300,A,Official figure,
QCL,Crops and livestock products,143,Morocco,5312,Area harvested,577,Dates,2008,2008,ha,37300,A,Official figure,
QCL,Crops and livestock products,143,Morocco,5419,Yield,577,Dates,2008,2008,100 g/ha,19491,A,Official figure,
QCL,Crops and livestock products,143,Morocco,5510,Production,577,Dates,2008,2008,t,72700,A,Official figure,
QCL,Crops and livestock products,143,Morocco,5312,Area harvested,577,Dates,2009,2009,ha,39000,A,Official figure,
QCL,Crops and livestock products,143,Morocco,5419,Yield,577,Dates,2009,2009,100 g/ha,21687,A,Official figure,
QCL,Crops and livestock products,143,Morocco,5510,Production,577,Dates,2009,2009,t,84580,A,Official figure,
QCL,Crops and livestock products,143,Morocco,5312,Area harvested,577,Dates,2010,2010,ha,68176,A,Official figure,
QCL,Crops and livestock products,143,Morocco,5419,Yield,577,Dates,2010,2010,100 g/ha,14866,A,Official figure,
QCL,Crops and livestock products,143,Morocco,5510,Production,577,Dates,2010,2010,t,101351,A,Official figure,
QCL,Crops and livestock products,143,Morocco,5312,Area harvested,577,Dates,2011,2011,ha,54476,A,Official figure,
QCL,Crops and livestock products,143,Morocco,5419,Yield,577,Dates,2011,2011,100 g/ha,18900,A,Official figure,
QCL,Crops and livestock products,143,Morocco,5510,Production,577,Dates,2011,2011,t,102961,A,Official figure,
QCL,Crops and livestock products,143,Morocco,5312,Area harvested,577,Dates,2012,2012,ha,57035,A,Official figure,
QCL,Crops and livestock products,143,Morocco,5419,Yield,577,Dates,2012,2012,100 g/ha,17860,A,Official figure,
QCL,Crops and livestock products,143,Morocco,5510,Production,577,Dates,2012,2012,t,101862,A,Official figure,
QCL,Crops and livestock products,143,Morocco,5312,Area harvested,577,Dates,2013,2013,ha,57384,A,Official figure,
QCL,Crops and livestock products,143,Morocco,5419,Yield,577,Dates,2013,2013,100 g/ha,19504,A,Official figure,
QCL,Crops and livestock products,143,Morocco,5510,Production,577,Dates,2013,2013,t,111924,A,Official figure,
QCL,Crops and livestock products,143,Morocco,5312,Area harvested,577,Dates,2014,2014,ha,57744,A,Official figure,
QCL,Crops and livestock products,143,Morocco,5419,Yield,577,Dates,2014,2014,100 g/ha,17699,A,Official figure,
QCL,Crops and livestock products,143,Morocco,5510,Production,577,Dates,2014,2014,t,102201,A,Official figure,
QCL,Crops and livestock products,143,Morocco,5312,Area harvested,577,Dates,2015,2015,ha,57859,A,Official figure,
QCL,Crops and livestock products,143,Morocco,5419,Yield,577,Dates,2015,2015,100 g/ha,17348,A,Official figure,
QCL,Crops and livestock products,143,Morocco,5510,Production,577,Dates,2015,2015,t,100376.33,A,Official figure,
QCL,Crops and livestock products,143,Morocco,5312,Area harvested,577,Dates,2016,2016,ha,58122,A,Official figure,
QCL,Crops and livestock products,143,Morocco,5419,Yield,577,Dates,2016,2016,100 g/ha,21563,A,Official figure,
QCL,Crops and livestock products,143,Morocco,5510,Production,577,Dates,2016,2016,t,125328.95,A,Official figure,
QCL,Crops and livestock products,143,Morocco,5312,Area harvested,577,Dates,2017,2017,ha,58316,A,Official figure,
QCL,Crops and livestock products,143,Morocco,5419,Yield,577,Dates,2017,2017,100 g/ha,22217,A,Official figure,
QCL,Crops and livestock products,143,Morocco,5510,Production,577,Dates,2017,2017,t,129561.68,A,Official figure,
QCL,Crops and livestock products,143,Morocco,5312,Area harvested,577,Dates,2018,2018,ha,59127,A,Official figure,
QCL,Crops and livestock products,143,Morocco,5419,Yield,577,Dates,2018,2018,100 g/ha,18892,A,Official figure,
QCL,Crops and livestock products,143,Morocco,5510,Production,577,Dates,2018,2018,t,111701,A,Official figure,
QCL,Crops and livestock products,143,Morocco,5312,Area harvested,577,Dates,2019,2019,ha,59613,A,Official figure,
QCL,Crops and livestock products,143,Morocco,5419,Yield,577,Dates,2019,2019,100 g/ha,17033,A,Official figure,
QCL,Crops and livestock products,143,Morocco,5510,Production,577,Dates,2019,2019,t,101536.95,A,Official figure,
QCL,Crops and livestock products,143,Morocco,5312,Area harvested,577,Dates,2020,2020,ha,61332,A,Official figure,
QCL,Crops and livestock products,143,Morocco,5419,Yield,577,Dates,2020,2020,100 g/ha,23342,A,Official figure,
QCL,Crops and livestock products,143,Morocco,5510,Production,577,Dates,2020,2020,t,143159.8,A,Official figure,
QCL,Crops and livestock products,143,Morocco,5312,Area harvested,577,Dates,2021,2021,ha,63215,A,Official figure,
QCL,Crops and livestock products,143,Morocco,5419,Yield,577,Dates,2021,2021,100 g/ha,23776,A,Official figure,
QCL,Crops and livestock products,143,Morocco,5510,Production,577,Dates,2021,2021,t,150301,A,Official figure,
QCL,Crops and livestock products,143,Morocco,5312,Area harvested,577,Dates,2022,2022,ha,65432,A,Official figure,
QCL,Crops and livestock products,143,Morocco,5419,Yield,577,Dates,2022,2022,100 g/ha,20998,A,Official figure,
QCL,Crops and livestock products,143,Morocco,5510,Production,577,Dates,2022,2022,t,137393.77,A,Official figure,
QCL,Crops and livestock products,143,Morocco,5510,Production,868,"Edible offal of cattle, fresh, chilled or frozen",1961,1961,t,12656.6,I,Imputed value,
QCL,Crops and livestock products,143,Morocco,5320,Producing Animals/Slaughtered,868,"Edible offal of cattle, fresh, chilled or frozen",1961,1961,An,588400,E,Estimated value,
QCL,Crops and livestock products,143,Morocco,5510,Production,868,"Edible offal of cattle, fresh, chilled or frozen",1962,1962,t,12779.25,I,Imputed value,
QCL,Crops and livestock products,143,Morocco,5320,Producing Animals/Slaughtered,868,"Edible offal of cattle, fresh, chilled or frozen",1962,1962,An,615800,E,Estimated value,
QCL,Crops and livestock products,143,Morocco,5510,Production,868,"Edible offal of cattle, fresh, chilled or frozen",1963,1963,t,12792.45,I,Imputed value,
QCL,Crops and livestock products,143,Morocco,5320,Producing Animals/Slaughtered,868,"Edible offal of cattle, fresh, chilled or frozen",1963,1963,An,564900,E,Estimated value,
QCL,Crops and livestock products,143,Morocco,5510,Production,868,"Edible offal of cattle, fresh, chilled or frozen",1964,1964,t,12011.32,I,Imputed value,
QCL,Crops and livestock products,143,Morocco,5320,Producing Animals/Slaughtered,868,"Edible offal of cattle, fresh, chilled or frozen",1964,1964,An,517580,E,Estimated value,
QCL,Crops and livestock products,143,Morocco,5510,Production,868,"Edible offal of cattle, fresh, chilled or frozen",1965,1965,t,13641.51,I,Imputed value,
QCL,Crops and livestock products,143,Morocco,5320,Producing Animals/Slaughtered,868,"Edible offal of cattle, fresh, chilled or frozen",1965,1965,An,578490,E,Estimated value,
QCL,Crops and livestock products,143,Morocco,5510,Production,868,"Edible offal of cattle, fresh, chilled or frozen",1966,1966,t,14924.53,I,Imputed value,
QCL,Crops and livestock products,143,Morocco,5320,Producing Animals/Slaughtered,868,"Edible offal of cattle, fresh, chilled or frozen",1966,1966,An,623000,A,Official figure,
QCL,Crops and livestock products,143,Morocco,5510,Production,868,"Edible offal of cattle, fresh, chilled or frozen",1967,1967,t,15301.89,I,Imputed value,
QCL,Crops and livestock products,143,Morocco,5320,Producing Animals/Slaughtered,868,"Edible offal of cattle, fresh, chilled or frozen",1967,1967,An,676000,A,Official figure,
QCL,Crops and livestock products,143,Morocco,5510,Production,868,"Edible offal of cattle, fresh, chilled or frozen",1968,1968,t,16415.09,I,Imputed value,
QCL,Crops and livestock products,143,Morocco,5320,Producing Animals/Slaughtered,868,"Edible offal of cattle, fresh, chilled or frozen",1968,1968,An,729000,A,Official figure,
QCL,Crops and livestock products,143,Morocco,5510,Production,868,"Edible offal of cattle, fresh, chilled or frozen",1969,1969,t,17358.49,I,Imputed value,
QCL,Crops and livestock products,143,Morocco,5320,Producing Animals/Slaughtered,868,"Edible offal of cattle, fresh, chilled or frozen",1969,1969,An,780000,A,Official figure,
QCL,Crops and livestock products,143,Morocco,5510,Production,868,"Edible offal of cattle, fresh, chilled or frozen",1970,1970,t,17358.49,I,Imputed value,
QCL,Crops and livestock products,143,Morocco,5320,Producing Animals/Slaughtered,868,"Edible offal of cattle, fresh, chilled or frozen",1970,1970,An,790000,E,Estimated value,
QCL,Crops and livestock products,143,Morocco,5510,Production,868,"Edible offal of cattle, fresh, chilled or frozen",1971,1971,t,15000,A,Official figure,
QCL,Crops and livestock products,143,Morocco,5320,Producing Animals/Slaughtered,868,"Edible offal of cattle, fresh, chilled or frozen",1971,1971,An,801000,E,Estimated value,
QCL,Crops and livestock products,143,Morocco,5510,Production,868,"Edible offal of cattle, fresh, chilled or frozen",1972,1972,t,16000,A,Official figure,
QCL,Crops and livestock products,143,Morocco,5320,Producing Animals/Slaughtered,868,"Edible offal of cattle, fresh, chilled or frozen",1972,1972,An,837827,A,Official figure,
QCL,Crops and livestock products,143,Morocco,5510,Production,868,"Edible offal of cattle, fresh, chilled or frozen",1973,1973,t,16000,A,Official figure,
QCL,Crops and livestock products,143,Morocco,5320,Producing Animals/Slaughtered,868,"Edible offal of cattle, fresh, chilled or frozen",1973,1973,An,876190,A,Official figure,
QCL,Crops and livestock products,143,Morocco,5510,Production,868,"Edible offal of cattle, fresh, chilled or frozen",1974,1974,t,15000,A,Official figure,
QCL,Crops and livestock products,143,Morocco,5320,Producing Animals/Slaughtered,868,"Edible offal of cattle, fresh, chilled or frozen",1974,1974,An,818181,A,Official figure,
QCL,Crops and livestock products,143,Morocco,5510,Production,868,"Edible offal of cattle, fresh, chilled or frozen",1975,1975,t,15358.49,I,Imputed value,
QCL,Crops and livestock products,143,Morocco,5320,Producing Animals/Slaughtered,868,"Edible offal of cattle, fresh, chilled or frozen",1975,1975,An,775000,E,Estimated value,
QCL,Crops and livestock products,143,Morocco,5510,Production,868,"Edible offal of cattle, fresh, chilled or frozen",1976,1976,t,14981.13,I,Imputed value,
QCL,Crops and livestock products,143,Morocco,5320,Producing Animals/Slaughtered,868,"Edible offal of cattle, fresh, chilled or frozen",1976,1976,An,683000,X,Figure from international organizations,Unofficial figure
QCL,Crops and livestock products,143,Morocco,5510,Production,868,"Edible offal of cattle, fresh, chilled or frozen",1977,1977,t,16981.13,I,Imputed value,
QCL,Crops and livestock products,143,Morocco,5320,Producing Animals/Slaughtered,868,"Edible offal of cattle, fresh, chilled or frozen",1977,1977,An,660000,X,Figure from international organizations,Unofficial figure
QCL,Crops and livestock products,143,Morocco,5510,Production,868,"Edible offal of cattle, fresh, chilled or frozen",1978,1978,t,17924.53,I,Imputed value,
QCL,Crops and livestock products,143,Morocco,5320,Producing Animals/Slaughtered,868,"Edible offal of cattle, fresh, chilled or frozen",1978,1978,An,650000,X,Figure from international organizations,Unofficial figure
QCL,Crops and livestock products,143,Morocco,5510,Production,868,"Edible offal of cattle, fresh, chilled or frozen",1979,1979,t,18867.92,I,Imputed value,
QCL,Crops and livestock products,143,Morocco,5320,Producing Animals/Slaughtered,868,"Edible offal of cattle, fresh, chilled or frozen",1979,1979,An,670000,X,Figure from international organizations,Unofficial figure
QCL,Crops and livestock products,143,Morocco,5510,Production,868,"Edible offal of cattle, fresh, chilled or frozen",1980,1980,t,20188.68,I,Imputed value,
QCL,Crops and livestock products,143,Morocco,5320,Producing Animals/Slaughtered,868,"Edible offal of cattle, fresh, chilled or frozen",1980,1980,An,784100,A,Official figure,
QCL,Crops and livestock products,143,Morocco,5510,Production,868,"Edible offal of cattle, fresh, chilled or frozen",1981,1981,t,24716.98,I,Imputed value,
QCL,Crops and livestock products,143,Morocco,5320,Producing Animals/Slaughtered,868,"Edible offal of cattle, fresh, chilled or frozen",1981,1981,An,890800,A,Official figure,
QCL,Crops and livestock products,143,Morocco,5510,Production,868,"Edible offal of cattle, fresh, chilled or frozen",1982,1982,t,28301.89,I,Imputed value,
QCL,Crops and livestock products,143,Morocco,5320,Producing Animals/Slaughtered,868,"Edible offal of cattle, fresh, chilled or frozen",1982,1982,An,950665,A,Official figure,
QCL,Crops and livestock products,143,Morocco,5510,Production,868,"Edible offal of cattle, fresh, chilled or frozen",1983,1983,t,23396.23,I,Imputed value,
QCL,Crops and livestock products,143,Morocco,5320,Producing Animals/Slaughtered,868,"Edible offal of cattle, fresh, chilled or frozen",1983,1983,An,700400,A,Official figure,
QCL,Crops and livestock products,143,Morocco,5510,Production,868,"Edible offal of cattle, fresh, chilled or frozen",1984,1984,t,21679.25,I,Imputed value,
QCL,Crops and livestock products,143,Morocco,5320,Producing Animals/Slaughtered,868,"Edible offal of cattle, fresh, chilled or frozen",1984,1984,An,675000,E,Estimated value,
QCL,Crops and livestock products,143,Morocco,5510,Production,868,"Edible offal of cattle, fresh, chilled or frozen",1985,1985,t,16037.74,I,Imputed value,
QCL,Crops and livestock products,143,Morocco,5320,Producing Animals/Slaughtered,868,"Edible offal of cattle, fresh, chilled or frozen",1985,1985,An,500000,E,Estimated value,
QCL,Crops and livestock products,143,Morocco,5510,Production,868,"Edible offal of cattle, fresh, chilled or frozen",1986,1986,t,19433.96,I,Imputed value,
QCL,Crops and livestock products,143,Morocco,5320,Producing Animals/Slaughtered,868,"Edible offal of cattle, fresh, chilled or frozen",1986,1986,An,615000,E,Estimated value,
QCL,Crops and livestock products,143,Morocco,5510,Production,868,"Edible offal of cattle, fresh, chilled or frozen",1987,1987,t,18278,A,Official figure,
QCL,Crops and livestock products,143,Morocco,5320,Producing Animals/Slaughtered,868,"Edible offal of cattle, fresh, chilled or frozen",1987,1987,An,705000,E,Estimated value,
QCL,Crops and livestock products,143,Morocco,5510,Production,868,"Edible offal of cattle, fresh, chilled or frozen",1988,1988,t,19425,A,Official figure,
QCL,Crops and livestock products,143,Morocco,5320,Producing Animals/Slaughtered,868,"Edible offal of cattle, fresh, chilled or frozen",1988,1988,An,726845,A,Official figure,
QCL,Crops and livestock products,143,Morocco,5510,Production,868,"Edible offal of cattle, fresh, chilled or frozen",1989,1989,t,21275,A,Official figure,
QCL,Crops and livestock products,143,Morocco,5320,Producing Animals/Slaughtered,868,"Edible offal of cattle, fresh, chilled or frozen",1989,1989,An,804195,A,Official figure,
QCL,Crops and livestock products,143,Morocco,5510,Production,868,"Edible offal of cattle, fresh, chilled or frozen",1990,1990,t,27337.74,I,Imputed value,
QCL,Crops and livestock products,143,Morocco,5320,Producing Animals/Slaughtered,868,"Edible offal of cattle, fresh, chilled or frozen",1990,1990,An,891851,A,Official figure,
QCL,Crops and livestock products,143,Morocco,5510,Production,868,"Edible offal of cattle, fresh, chilled or frozen",1991,1991,t,28113.21,I,Imputed value,
QCL,Crops and livestock products,143,Morocco,5320,Producing Animals/Slaughtered,868,"Edible offal of cattle, fresh, chilled or frozen",1991,1991,An,909688,A,Official figure,
QCL,Crops and livestock products,143,Morocco,5510,Production,868,"Edible offal of cattle, fresh, chilled or frozen",1992,1992,t,27358.49,I,Imputed value,
QCL,Crops and livestock products,143,Morocco,5320,Producing Animals/Slaughtered,868,"Edible offal of cattle, fresh, chilled or frozen",1992,1992,An,1080000,A,Official figure,
QCL,Crops and livestock products,143,Morocco,5510,Production,868,"Edible offal of cattle, fresh, chilled or frozen",1993,1993,t,28301.89,I,Imputed value,
QCL,Crops and livestock products,143,Morocco,5320,Producing Animals/Slaughtered,868,"Edible offal of cattle, fresh, chilled or frozen",1993,1993,An,1141000,A,Official figure,
QCL,Crops and livestock products,143,Morocco,5510,Production,868,"Edible offal of cattle, fresh, chilled or frozen",1994,1994,t,23584.91,I,Imputed value,
QCL,Crops and livestock products,143,Morocco,5320,Producing Animals/Slaughtered,868,"Edible offal of cattle, fresh, chilled or frozen",1994,1994,An,820000,X,Figure from international organizations,Unofficial figure
QCL,Crops and livestock products,143,Morocco,5510,Production,868,"Edible offal of cattle, fresh, chilled or frozen",1995,1995,t,23037.74,I,Imputed value,
QCL,Crops and livestock products,143,Morocco,5320,Producing Animals/Slaughtered,868,"Edible offal of cattle, fresh, chilled or frozen",1995,1995,An,790000,A,Official figure,
QCL,Crops and livestock products,143,Morocco,5510,Production,868,"Edible offal of cattle, fresh, chilled or frozen",1996,1996,t,19433.96,I,Imputed value,
QCL,Crops and livestock products,143,Morocco,5320,Producing Animals/Slaughtered,868,"Edible offal of cattle, fresh, chilled or frozen",1996,1996,An,643000,A,Official figure,
QCL,Crops and livestock products,143,Morocco,5510,Production,868,"Edible offal of cattle, fresh, chilled or frozen",1997,1997,t,23584.91,I,Imputed value,
QCL,Crops and livestock products,143,Morocco,5320,Producing Animals/Slaughtered,868,"Edible offal of cattle, fresh, chilled or frozen",1997,1997,An,710000,A,Official figure,
QCL,Crops and livestock products,143,Morocco,5510,Production,868,"Edible offal of cattle, fresh, chilled or frozen",1998,1998,t,22641.51,I,Imputed value,
QCL,Crops and livestock products,143,Morocco,5320,Producing Animals/Slaughtered,868,"Edible offal of cattle, fresh, chilled or frozen",1998,1998,An,671000,A,Official figure,
QCL,Crops and livestock products,143,Morocco,5510,Production,868,"Edible offal of cattle, fresh, chilled or frozen",1999,1999,t,25471.7,I,Imputed value,
QCL,Crops and livestock products,143,Morocco,5320,Producing Animals/Slaughtered,868,"Edible offal of cattle, fresh, chilled or frozen",1999,1999,An,700000,A,Official figure,
QCL,Crops and livestock products,143,Morocco,5510,Production,868,"Edible offal of cattle, fresh, chilled or frozen",2000,2000,t,26415.09,I,Imputed value,
QCL,Crops and livestock products,143,Morocco,5320,Producing Animals/Slaughtered,868,"Edible offal of cattle, fresh, chilled or frozen",2000,2000,An,800000,A,Official figure,
QCL,Crops and livestock products,143,Morocco,5510,Production,868,"Edible offal of cattle, fresh, chilled or frozen",2001,2001,t,27358.49,I,Imputed value,
QCL,Crops and livestock products,143,Morocco,5320,Producing Animals/Slaughtered,868,"Edible offal of cattle, fresh, chilled or frozen",2001,2001,An,805000,A,Official figure,
QCL,Crops and livestock products,143,Morocco,5510,Production,868,"Edible offal of cattle, fresh, chilled or frozen",2002,2002,t,32075.47,I,Imputed value,
QCL,Crops and livestock products,143,Morocco,5320,Producing Animals/Slaughtered,868,"Edible offal of cattle, fresh, chilled or frozen",2002,2002,An,850000,E,Estimated value,
QCL,Crops and livestock products,143,Morocco,5510,Production,868,"Edible offal of cattle, fresh, chilled or frozen",2003,2003,t,28301.89,I,Imputed value,
QCL,Crops and livestock products,143,Morocco,5320,Producing Animals/Slaughtered,868,"Edible offal of cattle, fresh, chilled or frozen",2003,2003,An,830000,E,Estimated value,
QCL,Crops and livestock products,143,Morocco,5510,Production,868,"Edible offal of cattle, fresh, chilled or frozen",2004,2004,t,26415.09,I,Imputed value,
QCL,Crops and livestock products,143,Morocco,5320,Producing Animals/Slaughtered,868,"Edible offal of cattle, fresh, chilled or frozen",2004,2004,An,810000,E,Estimated value,
QCL,Crops and livestock products,143,Morocco,5510,Production,868,"Edible offal of cattle, fresh, chilled or frozen",2005,2005,t,29622.64,I,Imputed value,
QCL,Crops and livestock products,143,Morocco,5320,Producing Animals/Slaughtered,868,"Edible offal of cattle, fresh, chilled or frozen",2005,2005,An,840000,E,Estimated value,
QCL,Crops and livestock products,143,Morocco,5510,Production,868,"Edible offal of cattle, fresh, chilled or frozen",2006,2006,t,30188.68,I,Imputed value,
QCL,Crops and livestock products,143,Morocco,5320,Producing Animals/Slaughtered,868,"Edible offal of cattle, fresh, chilled or frozen",2006,2006,An,770000,A,Official figure,
QCL,Crops and livestock products,143,Morocco,5510,Production,868,"Edible offal of cattle, fresh, chilled or frozen",2007,2007,t,30188.68,I,Imputed value,
QCL,Crops and livestock products,143,Morocco,5320,Producing Animals/Slaughtered,868,"Edible offal of cattle, fresh, chilled or frozen",2007,2007,An,845000,A,Official figure,
QCL,Crops and livestock products,143,Morocco,5510,Production,868,"Edible offal of cattle, fresh, chilled or frozen",2008,2008,t,33962.26,I,Imputed value,
QCL,Crops and livestock products,143,Morocco,5320,Producing Animals/Slaughtered,868,"Edible offal of cattle, fresh, chilled or frozen",2008,2008,An,955000,A,Official figure,
QCL,Crops and livestock products,143,Morocco,5510,Production,868,"Edible offal of cattle, fresh, chilled or frozen",2009,2009,t,35849.06,I,Imputed value,
QCL,Crops and livestock products,143,Morocco,5320,Producing Animals/Slaughtered,868,"Edible offal of cattle, fresh, chilled or frozen",2009,2009,An,981000,A,Official figure,
QCL,Crops and livestock products,143,Morocco,5510,Production,868,"Edible offal of cattle, fresh, chilled or frozen",2010,2010,t,36226.42,I,Imputed value,
QCL,Crops and livestock products,143,Morocco,5320,Producing Animals/Slaughtered,868,"Edible offal of cattle, fresh, chilled or frozen",2010,2010,An,950000,X,Figure from international organizations,Unofficial figure
QCL,Crops and livestock products,143,Morocco,5510,Production,868,"Edible offal of cattle, fresh, chilled or frozen",2011,2011,t,37482.45,I,Imputed value,
QCL,Crops and livestock products,143,Morocco,5320,Producing Animals/Slaughtered,868,"Edible offal of cattle, fresh, chilled or frozen",2011,2011,An,1025000,E,Estimated value,
QCL,Crops and livestock products,143,Morocco,5510,Production,868,"Edible offal of cattle, fresh, chilled or frozen",2012,2012,t,38570.19,I,Imputed value,
QCL,Crops and livestock products,143,Morocco,5320,Producing Animals/Slaughtered,868,"Edible offal of cattle, fresh, chilled or frozen",2012,2012,An,1048000,E,Estimated value,
QCL,Crops and livestock products,143,Morocco,5510,Production,868,"Edible offal of cattle, fresh, chilled or frozen",2013,2013,t,47924.53,I,Imputed value,
QCL,Crops and livestock products,143,Morocco,5320,Producing Animals/Slaughtered,868,"Edible offal of cattle, fresh, chilled or frozen",2013,2013,An,1296000,E,Estimated value,
QCL,Crops and livestock products,143,Morocco,5510,Production,868,"Edible offal of cattle, fresh, chilled or frozen",2014,2014,t,48882.64,I,Imputed value,
QCL,Crops and livestock products,143,Morocco,5320,Producing Animals/Slaughtered,868,"Edible offal of cattle, fresh, chilled or frozen",2014,2014,An,1209626.59,I,Imputed value,
QCL,Crops and livestock products,143,Morocco,5510,Production,868,"Edible offal of cattle, fresh, chilled or frozen",2015,2015,t,46323.4,I,Imputed value,
QCL,Crops and livestock products,143,Morocco,5320,Producing Animals/Slaughtered,868,"Edible offal of cattle, fresh, chilled or frozen",2015,2015,An,1200000,E,Estimated value,
QCL,Crops and livestock products,143,Morocco,5510,Production,868,"Edible offal of cattle, fresh, chilled or frozen",2016,2016,t,48641.32,I,Imputed value,
QCL,Crops and livestock products,143,Morocco,5320,Producing Animals/Slaughtered,868,"Edible offal of cattle, fresh, chilled or frozen",2016,2016,An,1200000,E,Estimated value,
QCL,Crops and livestock products,143,Morocco,5510,Production,868,"Edible offal of cattle, fresh, chilled or frozen",2017,2017,t,52178.87,I,Imputed value,
QCL,Crops and livestock products,143,Morocco,5320,Producing Animals/Slaughtered,868,"Edible offal of cattle, fresh, chilled or frozen",2017,2017,An,1200000,E,Estimated value,
QCL,Crops and livestock products,143,Morocco,5510,Production,868,"Edible offal of cattle, fresh, chilled or frozen",2018,2018,t,53132.08,I,Imputed value,
QCL,Crops and livestock products,143,Morocco,5320,Producing Animals/Slaughtered,868,"Edible offal of cattle, fresh, chilled or frozen",2018,2018,An,1029805.18,I,Imputed value,
QCL,Crops and livestock products,143,Morocco,5510,Production,868,"Edible offal of cattle, fresh, chilled or frozen",2019,2019,t,53396.6,I,Imputed value,
QCL,Crops and livestock products,143,Morocco,5320,Producing Animals/Slaughtered,868,"Edible offal of cattle, fresh, chilled or frozen",2019,2019,An,1306395.88,E,Estimated value,
QCL,Crops and livestock products,143,Morocco,5510,Production,868,"Edible offal of cattle, fresh, chilled or frozen",2020,2020,t,53207.55,I,Imputed value,
QCL,Crops and livestock products,143,Morocco,5320,Producing Animals/Slaughtered,868,"Edible offal of cattle, fresh, chilled or frozen",2020,2020,An,1301770.44,E,Estimated value,
QCL,Crops and livestock products,143,Morocco,5510,Production,868,"Edible offal of cattle, fresh, chilled or frozen",2021,2021,t,53207.55,I,Imputed value,
QCL,Crops and livestock products,143,Morocco,5320,Producing Animals/Slaughtered,868,"Edible offal of cattle, fresh, chilled or frozen",2021,2021,An,1301770.44,E,Estimated value,
QCL,Crops and livestock products,143,Morocco,5510,Production,868,"Edible offal of cattle, fresh, chilled or frozen",2022,2022,t,48446.98,I,Imputed value,
QCL,Crops and livestock products,143,Morocco,5320,Producing Animals/Slaughtered,868,"Edible offal of cattle, fresh, chilled or frozen",2022,2022,An,923358.28,I,Imputed value,
QCL,Crops and livestock products,143,Morocco,5510,Production,1018,"Edible offal of goat, fresh, chilled or frozen",1961,1961,t,6064.52,I,Imputed value,
QCL,Crops and livestock products,143,Morocco,5320,Producing Animals/Slaughtered,1018,"Edible offal of goat, fresh, chilled or frozen",1961,1961,An,2030000,E,Estimated value,
QCL,Crops and livestock products,143,Morocco,5510,Production,1018,"Edible offal of goat, fresh, chilled or frozen",1962,1962,t,5427.74,I,Imputed value,
QCL,Crops and livestock products,143,Morocco,5320,Producing Animals/Slaughtered,1018,"Edible offal of goat, fresh, chilled or frozen",1962,1962,An,1800000,E,Estimated value,
QCL,Crops and livestock products,143,Morocco,5510,Production,1018,"Edible offal of goat, fresh, chilled or frozen",1963,1963,t,5458.06,I,Imputed value,
QCL,Crops and livestock products,143,Morocco,5320,Producing Animals/Slaughtered,1018,"Edible offal of goat, fresh, chilled or frozen",1963,1963,An,1885000,E,Estimated value,
QCL,Crops and livestock products,143,Morocco,5510,Production,1018,"Edible offal of goat, fresh, chilled or frozen",1964,1964,t,5458.06,I,Imputed value,
QCL,Crops and livestock products,143,Morocco,5320,Producing Animals/Slaughtered,1018,"Edible offal of goat, fresh, chilled or frozen",1964,1964,An,1856000,E,Estimated value,
QCL,Crops and livestock products,143,Morocco,5510,Production,1018,"Edible offal of goat, fresh, chilled or frozen",1965,1965,t,5761.29,I,Imputed value,
QCL,Crops and livestock products,143,Morocco,5320,Producing Animals/Slaughtered,1018,"Edible offal of goat, fresh, chilled or frozen",1965,1965,An,1962000,A,Official figure,
QCL,Crops and livestock products,143,Morocco,5510,Production,1018,"Edible offal of goat, fresh, chilled or frozen",1966,1966,t,6064.52,I,Imputed value,
QCL,Crops and livestock products,143,Morocco,5320,Producing Animals/Slaughtered,1018,"Edible offal of goat, fresh, chilled or frozen",1966,1966,An,2024200,A,Official figure,
QCL,Crops and livestock products,143,Morocco,5510,Production,1018,"Edible offal of goat, fresh, chilled or frozen",1967,1967,t,6670.97,I,Imputed value,
QCL,Crops and livestock products,143,Morocco,5320,Producing Animals/Slaughtered,1018,"Edible offal of goat, fresh, chilled or frozen",1967,1967,An,2212700,A,Official figure,
QCL,Crops and livestock products,143,Morocco,5510,Production,1018,"Edible offal of goat, fresh, chilled or frozen",1968,1968,t,7277.42,I,Imputed value,
QCL,Crops and livestock products,143,Morocco,5320,Producing Animals/Slaughtered,1018,"Edible offal of goat, fresh, chilled or frozen",1968,1968,An,2371040,A,Official figure,
QCL,Crops and livestock products,143,Morocco,5510,Production,1018,"Edible offal of goat, fresh, chilled or frozen",1969,1969,t,7277.42,I,Imputed value,
QCL,Crops and livestock products,143,Morocco,5320,Producing Animals/Slaughtered,1018,"Edible offal of goat, fresh, chilled or frozen",1969,1969,An,2500000,A,Official figure,
QCL,Crops and livestock products,143,Morocco,5510,Production,1018,"Edible offal of goat, fresh, chilled or frozen",1970,1970,t,7429.03,I,Imputed value,
QCL,Crops and livestock products,143,Morocco,5320,Producing Animals/Slaughtered,1018,"Edible offal of goat, fresh, chilled or frozen",1970,1970,An,2500000,E,Estimated value,
QCL,Crops and livestock products,143,Morocco,5510,Production,1018,"Edible offal of goat, fresh, chilled or frozen",1971,1971,t,4000,A,Official figure,
QCL,Crops and livestock products,143,Morocco,5320,Producing Animals/Slaughtered,1018,"Edible offal of goat, fresh, chilled or frozen",1971,1971,An,2500000,A,Official figure,
QCL,Crops and livestock products,143,Morocco,5510,Production,1018,"Edible offal of goat, fresh, chilled or frozen",1972,1972,t,4000,A,Official figure,
QCL,Crops and livestock products,143,Morocco,5320,Producing Animals/Slaughtered,1018,"Edible offal of goat, fresh, chilled or frozen",1972,1972,An,2363636,A,Official figure,
QCL,Crops and livestock products,143,Morocco,5510,Production,1018,"Edible offal of goat, fresh, chilled or frozen",1973,1973,t,4000,A,Official figure,
QCL,Crops and livestock products,143,Morocco,5320,Producing Animals/Slaughtered,1018,"Edible offal of goat, fresh, chilled or frozen",1973,1973,An,2600000,A,Official figure,
QCL,Crops and livestock products,143,Morocco,5510,Production,1018,"Edible offal of goat, fresh, chilled or frozen",1974,1974,t,4000,A,Official figure,
QCL,Crops and livestock products,143,Morocco,5320,Producing Animals/Slaughtered,1018,"Edible offal of goat, fresh, chilled or frozen",1974,1974,An,2380952,A,Official figure,
QCL,Crops and livestock products,143,Morocco,5510,Production,1018,"Edible offal of goat, fresh, chilled or frozen",1975,1975,t,6974.19,I,Imputed value,
QCL,Crops and livestock products,143,Morocco,5320,Producing Animals/Slaughtered,1018,"Edible offal of goat, fresh, chilled or frozen",1975,1975,An,2210000,X,Figure from international organizations,Unofficial figure
QCL,Crops and livestock products,143,Morocco,5510,Production,1018,"Edible offal of goat, fresh, chilled or frozen",1976,1976,t,3932.84,I,Imputed value,
QCL,Crops and livestock products,143,Morocco,5320,Producing Animals/Slaughtered,1018,"Edible offal of goat, fresh, chilled or frozen",1976,1976,An,1130000,X,Figure from international organizations,Unofficial figure
QCL,Crops and livestock products,143,Morocco,5510,Production,1018,"Edible offal of goat, fresh, chilled or frozen",1977,1977,t,4290.65,I,Imputed value,
QCL,Crops and livestock products,143,Morocco,5320,Producing Animals/Slaughtered,1018,"Edible offal of goat, fresh, chilled or frozen",1977,1977,An,1387000,X,Figure from international organizations,Unofficial figure
QCL,Crops and livestock products,143,Morocco,5510,Production,1018,"Edible offal of goat, fresh, chilled or frozen",1978,1978,t,5458.06,I,Imputed value,
QCL,Crops and livestock products,143,Morocco,5320,Producing Animals/Slaughtered,1018,"Edible offal of goat, fresh, chilled or frozen",1978,1978,An,1600000,X,Figure from international organizations,Unofficial figure
QCL,Crops and livestock products,143,Morocco,5510,Production,1018,"Edible offal of goat, fresh, chilled or frozen",1979,1979,t,5761.29,I,Imputed value,
QCL,Crops and livestock products,143,Morocco,5320,Producing Animals/Slaughtered,1018,"Edible offal of goat, fresh, chilled or frozen",1979,1979,An,1900000,X,Figure from international organizations,Unofficial figure
QCL,Crops and livestock products,143,Morocco,5510,Production,1018,"Edible offal of goat, fresh, chilled or frozen",1980,1980,t,5761.29,I,Imputed value,
QCL,Crops and livestock products,143,Morocco,5320,Producing Animals/Slaughtered,1018,"Edible offal of goat, fresh, chilled or frozen",1980,1980,An,1850000,X,Figure from international organizations,Unofficial figure
QCL,Crops and livestock products,143,Morocco,5510,Production,1018,"Edible offal of goat, fresh, chilled or frozen",1981,1981,t,4548.39,I,Imputed value,
QCL,Crops and livestock products,143,Morocco,5320,Producing Animals/Slaughtered,1018,"Edible offal of goat, fresh, chilled or frozen",1981,1981,An,1575400,A,Official figure,
QCL,Crops and livestock products,143,Morocco,5510,Production,1018,"Edible offal of goat, fresh, chilled or frozen",1982,1982,t,3941.94,I,Imputed value,
QCL,Crops and livestock products,143,Morocco,5320,Producing Animals/Slaughtered,1018,"Edible offal of goat, fresh, chilled or frozen",1982,1982,An,1504900,A,Official figure,
QCL,Crops and livestock products,143,Morocco,5510,Production,1018,"Edible offal of goat, fresh, chilled or frozen",1983,1983,t,3423.42,I,Imputed value,
QCL,Crops and livestock products,143,Morocco,5320,Producing Animals/Slaughtered,1018,"Edible offal of goat, fresh, chilled or frozen",1983,1983,An,1298500,A,Official figure,
QCL,Crops and livestock products,143,Morocco,5510,Production,1018,"Edible offal of goat, fresh, chilled or frozen",1984,1984,t,3353.68,I,Imputed value,
QCL,Crops and livestock products,143,Morocco,5320,Producing Animals/Slaughtered,1018,"Edible offal of goat, fresh, chilled or frozen",1984,1984,An,1123640,A,Official figure,
QCL,Crops and livestock products,143,Morocco,5510,Production,1018,"Edible offal of goat, fresh, chilled or frozen",1985,1985,t,3669.03,I,Imputed value,
QCL,Crops and livestock products,143,Morocco,5320,Producing Animals/Slaughtered,1018,"Edible offal of goat, fresh, chilled or frozen",1985,1985,An,1200000,E,Estimated value,
QCL,Crops and livestock products,143,Morocco,5510,Production,1018,"Edible offal of goat, fresh, chilled or frozen",1986,1986,t,4851.61,I,Imputed value,
QCL,Crops and livestock products,143,Morocco,5320,Producing Animals/Slaughtered,1018,"Edible offal of goat, fresh, chilled or frozen",1986,1986,An,1200000,E,Estimated value,
QCL,Crops and livestock products,143,Morocco,5510,Production,1018,"Edible offal of goat, fresh, chilled or frozen",1987,1987,t,6064.52,I,Imputed value,
QCL,Crops and livestock products,143,Morocco,5320,Producing Animals/Slaughtered,1018,"Edible offal of goat, fresh, chilled or frozen",1987,1987,An,1500000,E,Estimated value,
QCL,Crops and livestock products,143,Morocco,5510,Production,1018,"Edible offal of goat, fresh, chilled or frozen",1988,1988,t,6064.52,I,Imputed value,
QCL,Crops and livestock products,143,Morocco,5320,Producing Animals/Slaughtered,1018,"Edible offal of goat, fresh, chilled or frozen",1988,1988,An,1430000,E,Estimated value,
QCL,Crops and livestock products,143,Morocco,5510,Production,1018,"Edible offal of goat, fresh, chilled or frozen",1989,1989,t,7095.48,I,Imputed value,
QCL,Crops and livestock products,143,Morocco,5320,Producing Animals/Slaughtered,1018,"Edible offal of goat, fresh, chilled or frozen",1989,1989,An,1650000,E,Estimated value,
QCL,Crops and livestock products,143,Morocco,5510,Production,1018,"Edible offal of goat, fresh, chilled or frozen",1990,1990,t,6519.35,I,Imputed value,
QCL,Crops and livestock products,143,Morocco,5320,Producing Animals/Slaughtered,1018,"Edible offal of goat, fresh, chilled or frozen",1990,1990,An,1550000,E,Estimated value,
QCL,Crops and livestock products,143,Morocco,5510,Production,1018,"Edible offal of goat, fresh, chilled or frozen",1991,1991,t,6307.1,I,Imputed value,
QCL,Crops and livestock products,143,Morocco,5320,Producing Animals/Slaughtered,1018,"Edible offal of goat, fresh, chilled or frozen",1991,1991,An,1450000,E,Estimated value,
QCL,Crops and livestock products,143,Morocco,5510,Production,1018,"Edible offal of goat, fresh, chilled or frozen",1992,1992,t,5912.9,I,Imputed value,
QCL,Crops and livestock products,143,Morocco,5320,Producing Animals/Slaughtered,1018,"Edible offal of goat, fresh, chilled or frozen",1992,1992,An,1400000,E,Estimated value,
QCL,Crops and livestock products,143,Morocco,5510,Production,1018,"Edible offal of goat, fresh, chilled or frozen",1993,1993,t,6064.52,I,Imputed value,
QCL,Crops and livestock products,143,Morocco,5320,Producing Animals/Slaughtered,1018,"Edible offal of goat, fresh, chilled or frozen",1993,1993,An,1406000,A,Official figure,
QCL,Crops and livestock products,143,Morocco,5510,Production,1018,"Edible offal of goat, fresh, chilled or frozen",1994,1994,t,6064.52,I,Imputed value,
QCL,Crops and livestock products,143,Morocco,5320,Producing Animals/Slaughtered,1018,"Edible offal of goat, fresh, chilled or frozen",1994,1994,An,1420000,X,Figure from international organizations,Unofficial figure
QCL,Crops and livestock products,143,Morocco,5510,Production,1018,"Edible offal of goat, fresh, chilled or frozen",1995,1995,t,6064.52,I,Imputed value,
QCL,Crops and livestock products,143,Morocco,5320,Producing Animals/Slaughtered,1018,"Edible offal of goat, fresh, chilled or frozen",1995,1995,An,1430000,X,Figure from international organizations,Unofficial figure
QCL,Crops and livestock products,143,Morocco,5510,Production,1018,"Edible offal of goat, fresh, chilled or frozen",1996,1996,t,6670.97,I,Imputed value,
QCL,Crops and livestock products,143,Morocco,5320,Producing Animals/Slaughtered,1018,"Edible offal of goat, fresh, chilled or frozen",1996,1996,An,1430000,X,Figure from international organizations,Unofficial figure
QCL,Crops and livestock products,143,Morocco,5510,Production,1018,"Edible offal of goat, fresh, chilled or frozen",1997,1997,t,6670.97,I,Imputed value,
QCL,Crops and livestock products,143,Morocco,5320,Producing Animals/Slaughtered,1018,"Edible offal of goat, fresh, chilled or frozen",1997,1997,An,1480000,E,Estimated value,
QCL,Crops and livestock products,143,Morocco,5510,Production,1018,"Edible offal of goat, fresh, chilled or frozen",1998,1998,t,6670.97,I,Imputed value,
QCL,Crops and livestock products,143,Morocco,5320,Producing Animals/Slaughtered,1018,"Edible offal of goat, fresh, chilled or frozen",1998,1998,An,1500000,A,Official figure,
QCL,Crops and livestock products,143,Morocco,5510,Production,1018,"Edible offal of goat, fresh, chilled or frozen",1999,1999,t,6064.52,I,Imputed value,
QCL,Crops and livestock products,143,Morocco,5320,Producing Animals/Slaughtered,1018,"Edible offal of goat, fresh, chilled or frozen",1999,1999,An,1450000,E,Estimated value,
QCL,Crops and livestock products,143,Morocco,5510,Production,1018,"Edible offal of goat, fresh, chilled or frozen",2000,2000,t,6670.97,I,Imputed value,
QCL,Crops and livestock products,143,Morocco,5320,Producing Animals/Slaughtered,1018,"Edible offal of goat, fresh, chilled or frozen",2000,2000,An,1550000,E,Estimated value,
QCL,Crops and livestock products,143,Morocco,5510,Production,1018,"Edible offal of goat, fresh, chilled or frozen",2001,2001,t,6216.13,I,Imputed value,
QCL,Crops and livestock products,143,Morocco,5320,Producing Animals/Slaughtered,1018,"Edible offal of goat, fresh, chilled or frozen",2001,2001,An,1600000,E,Estimated value,
QCL,Crops and livestock products,143,Morocco,5510,Production,1018,"Edible offal of goat, fresh, chilled or frozen",2002,2002,t,6670.97,I,Imputed value,
QCL,Crops and livestock products,143,Morocco,5320,Producing Animals/Slaughtered,1018,"Edible offal of goat, fresh, chilled or frozen",2002,2002,An,1550000,E,Estimated value,
QCL,Crops and livestock products,143,Morocco,5510,Production,1018,"Edible offal of goat, fresh, chilled or frozen",2003,2003,t,6670.97,I,Imputed value,
QCL,Crops and livestock products,143,Morocco,5320,Producing Animals/Slaughtered,1018,"Edible offal of goat, fresh, chilled or frozen",2003,2003,An,1600000,E,Estimated value,
QCL,Crops and livestock products,143,Morocco,5510,Production,1018,"Edible offal of goat, fresh, chilled or frozen",2004,2004,t,6974.19,I,Imputed value,
QCL,Crops and livestock products,143,Morocco,5320,Producing Animals/Slaughtered,1018,"Edible offal of goat, fresh, chilled or frozen",2004,2004,An,1982768,A,Official figure,
QCL,Crops and livestock products,143,Morocco,5510,Production,1018,"Edible offal of goat, fresh, chilled or frozen",2005,2005,t,6670.97,I,Imputed value,
QCL,Crops and livestock products,143,Morocco,5320,Producing Animals/Slaughtered,1018,"Edible offal of goat, fresh, chilled or frozen",2005,2005,An,1962740,A,Official figure,
QCL,Crops and livestock products,143,Morocco,5510,Production,1018,"Edible offal of goat, fresh, chilled or frozen",2006,2006,t,6822.58,I,Imputed value,
QCL,Crops and livestock products,143,Morocco,5320,Producing Animals/Slaughtered,1018,"Edible offal of goat, fresh, chilled or frozen",2006,2006,An,1980000,E,Estimated value,
QCL,Crops and livestock products,143,Morocco,5510,Production,1018,"Edible offal of goat, fresh, chilled or frozen",2007,2007,t,6670.97,I,Imputed value,
QCL,Crops and livestock products,143,Morocco,5320,Producing Animals/Slaughtered,1018,"Edible offal of goat, fresh, chilled or frozen",2007,2007,An,1970000,A,Official figure,
QCL,Crops and livestock products,143,Morocco,5510,Production,1018,"Edible offal of goat, fresh, chilled or frozen",2008,2008,t,6670.97,I,Imputed value,
QCL,Crops and livestock products,143,Morocco,5320,Producing Animals/Slaughtered,1018,"Edible offal of goat, fresh, chilled or frozen",2008,2008,An,1980000,E,Estimated value,
QCL,Crops and livestock products,143,Morocco,5510,Production,1018,"Edible offal of goat, fresh, chilled or frozen",2009,2009,t,6570.9,I,Imputed value,
QCL,Crops and livestock products,143,Morocco,5320,Producing Animals/Slaughtered,1018,"Edible offal of goat, fresh, chilled or frozen",2009,2009,An,1952000,E,Estimated value,
QCL,Crops and livestock products,143,Morocco,5510,Production,1018,"Edible offal of goat, fresh, chilled or frozen",2010,2010,t,6974.19,I,Imputed value,
QCL,Crops and livestock products,143,Morocco,5320,Producing Animals/Slaughtered,1018,"Edible offal of goat, fresh, chilled or frozen",2010,2010,An,2050000,E,Estimated value,
QCL,Crops and livestock products,143,Morocco,5510,Production,1018,"Edible offal of goat, fresh, chilled or frozen",2011,2011,t,7153.4,I,Imputed value,
QCL,Crops and livestock products,143,Morocco,5320,Producing Animals/Slaughtered,1018,"Edible offal of goat, fresh, chilled or frozen",2011,2011,An,2150000,E,Estimated value,
QCL,Crops and livestock products,143,Morocco,5510,Production,1018,"Edible offal of goat, fresh, chilled or frozen",2012,2012,t,7361.11,I,Imputed value,
QCL,Crops and livestock products,143,Morocco,5320,Producing Animals/Slaughtered,1018,"Edible offal of goat, fresh, chilled or frozen",2012,2012,An,2200000,E,Estimated value,
QCL,Crops and livestock products,143,Morocco,5510,Production,1018,"Edible offal of goat, fresh, chilled or frozen",2013,2013,t,7883.87,I,Imputed value,
QCL,Crops and livestock products,143,Morocco,5320,Producing Animals/Slaughtered,1018,"Edible offal of goat, fresh, chilled or frozen",2013,2013,An,2363000,E,Estimated value,
QCL,Crops and livestock products,143,Morocco,5510,Production,1018,"Edible offal of goat, fresh, chilled or frozen",2014,2014,t,8041.55,I,Imputed value,
QCL,Crops and livestock products,143,Morocco,5320,Producing Animals/Slaughtered,1018,"Edible offal of goat, fresh, chilled or frozen",2014,2014,An,2374679.72,I,Imputed value,
QCL,Crops and livestock products,143,Morocco,5510,Production,1018,"Edible offal of goat, fresh, chilled or frozen",2015,2015,t,8622.83,I,Imputed value,
QCL,Crops and livestock products,143,Morocco,5320,Producing Animals/Slaughtered,1018,"Edible offal of goat, fresh, chilled or frozen",2015,2015,An,2372366.32,I,Imputed value,
QCL,Crops and livestock products,143,Morocco,5510,Production,1018,"Edible offal of goat, fresh, chilled or frozen",2016,2016,t,9041.28,I,Imputed value,
QCL,Crops and livestock products,143,Morocco,5320,Producing Animals/Slaughtered,1018,"Edible offal of goat, fresh, chilled or frozen",2016,2016,An,2132658.19,I,Imputed value,
QCL,Crops and livestock products,143,Morocco,5510,Production,1018,"Edible offal of goat, fresh, chilled or frozen",2017,2017,t,9698.98,I,Imputed value,
QCL,Crops and livestock products,143,Morocco,5320,Producing Animals/Slaughtered,1018,"Edible offal of goat, fresh, chilled or frozen",2017,2017,An,1990093.5,I,Imputed value,
QCL,Crops and livestock products,143,Morocco,5510,Production,1018,"Edible offal of goat, fresh, chilled or frozen",2018,2018,t,9690.79,I,Imputed value,
QCL,Crops and livestock products,143,Morocco,5320,Producing Animals/Slaughtered,1018,"Edible offal of goat, fresh, chilled or frozen",2018,2018,An,2201208.72,I,Imputed value,
QCL,Crops and livestock products,143,Morocco,5510,Production,1018,"Edible offal of goat, fresh, chilled or frozen",2019,2019,t,9739.01,I,Imputed value,
QCL,Crops and livestock products,143,Morocco,5320,Producing Animals/Slaughtered,1018,"Edible offal of goat, fresh, chilled or frozen",2019,2019,An,2313884.14,I,Imputed value,
QCL,Crops and livestock products,143,Morocco,5510,Production,1018,"Edible offal of goat, fresh, chilled or frozen",2020,2020,t,9400,I,Imputed value,
QCL,Crops and livestock products,143,Morocco,5320,Producing Animals/Slaughtered,1018,"Edible offal of goat, fresh, chilled or frozen",2020,2020,An,2313353.79,I,Imputed value,
QCL,Crops and livestock products,143,Morocco,5510,Production,1018,"Edible offal of goat, fresh, chilled or frozen",2021,2021,t,9400,I,Imputed value,
QCL,Crops and livestock products,143,Morocco,5320,Producing Animals/Slaughtered,1018,"Edible offal of goat, fresh, chilled or frozen",2021,2021,An,2421610.45,I,Imputed value,
QCL,Crops and livestock products,143,Morocco,5510,Production,1018,"Edible offal of goat, fresh, chilled or frozen",2022,2022,t,9172.58,I,Imputed value,
QCL,Crops and livestock products,143,Morocco,5320,Producing Animals/Slaughtered,1018,"Edible offal of goat, fresh, chilled or frozen",2022,2022,An,2370486.19,I,Imputed value,
QCL,Crops and livestock products,143,Morocco,5510,Production,1036,"Edible offal of pigs, fresh, chilled or frozen",1961,1961,t,157.14,I,Imputed value,
QCL,Crops and livestock products,143,Morocco,5320,Producing Animals/Slaughtered,1036,"Edible offal of pigs, fresh, chilled or frozen",1961,1961,An,44800,E,Estimated value,
QCL,Crops and livestock products,143,Morocco,5510,Production,1036,"Edible offal of pigs, fresh, chilled or frozen",1962,1962,t,132.14,I,Imputed value,
QCL,Crops and livestock products,143,Morocco,5320,Producing Animals/Slaughtered,1036,"Edible offal of pigs, fresh, chilled or frozen",1962,1962,An,36900,E,Estimated value,
QCL,Crops and livestock products,143,Morocco,5510,Production,1036,"Edible offal of pigs, fresh, chilled or frozen",1963,1963,t,73.93,I,Imputed value,
QCL,Crops and livestock products,143,Morocco,5320,Producing Animals/Slaughtered,1036,"Edible offal of pigs, fresh, chilled or frozen",1963,1963,An,20700,E,Estimated value,
QCL,Crops and livestock products,143,Morocco,5510,Production,1036,"Edible offal of pigs, fresh, chilled or frozen",1964,1964,t,71.43,I,Imputed value,
QCL,Crops and livestock products,143,Morocco,5320,Producing Animals/Slaughtered,1036,"Edible offal of pigs, fresh, chilled or frozen",1964,1964,An,21500,E,Estimated value,
QCL,Crops and livestock products,143,Morocco,5510,Production,1036,"Edible offal of pigs, fresh, chilled or frozen",1965,1965,t,71.07,I,Imputed value,
QCL,Crops and livestock products,143,Morocco,5320,Producing Animals/Slaughtered,1036,"Edible offal of pigs, fresh, chilled or frozen",1965,1965,An,19100,E,Estimated value,
QCL,Crops and livestock products,143,Morocco,5510,Production,1036,"Edible offal of pigs, fresh, chilled or frozen",1966,1966,t,50,I,Imputed value,
QCL,Crops and livestock products,143,Morocco,5320,Producing Animals/Slaughtered,1036,"Edible offal of pigs, fresh, chilled or frozen",1966,1966,An,12000,A,Official figure,
QCL,Crops and livestock products,143,Morocco,5510,Production,1036,"Edible offal of pigs, fresh, chilled or frozen",1967,1967,t,57.14,I,Imputed value,
QCL,Crops and livestock products,143,Morocco,5320,Producing Animals/Slaughtered,1036,"Edible offal of pigs, fresh, chilled or frozen",1967,1967,An,14000,A,Official figure,
QCL,Crops and livestock products,143,Morocco,5510,Production,1036,"Edible offal of pigs, fresh, chilled or frozen",1968,1968,t,85.71,I,Imputed value,
QCL,Crops and livestock products,143,Morocco,5320,Producing Animals/Slaughtered,1036,"Edible offal of pigs, fresh, chilled or frozen",1968,1968,An,22000,A,Official figure,
QCL,Crops and livestock products,143,Morocco,5510,Production,1036,"Edible offal of pigs, fresh, chilled or frozen",1969,1969,t,128.57,I,Imputed value,
QCL,Crops and livestock products,143,Morocco,5320,Producing Animals/Slaughtered,1036,"Edible offal of pigs, fresh, chilled or frozen",1969,1969,An,30000,E,Estimated value,
QCL,Crops and livestock products,143,Morocco,5510,Production,1036,"Edible offal of pigs, fresh, chilled or frozen",1970,1970,t,117.86,I,Imputed value,
QCL,Crops and livestock products,143,Morocco,5320,Producing Animals/Slaughtered,1036,"Edible offal of pigs, fresh, chilled or frozen",1970,1970,An,28000,E,Estimated value,
QCL,Crops and livestock products,143,Morocco,5510,Production,1036,"Edible offal of pigs, fresh, chilled or frozen",1971,1971,t,156.07,I,Imputed value,
QCL,Crops and livestock products,143,Morocco,5320,Producing Animals/Slaughtered,1036,"Edible offal of pigs, fresh, chilled or frozen",1971,1971,An,37000,E,Estimated value,
QCL,Crops and livestock products,143,Morocco,5510,Production,1036,"Edible offal of pigs, fresh, chilled or frozen",1972,1972,t,169.57,I,Imputed value,
QCL,Crops and livestock products,143,Morocco,5320,Producing Animals/Slaughtered,1036,"Edible offal of pigs, fresh, chilled or frozen",1972,1972,An,40000,E,Estimated value,
QCL,Crops and livestock products,143,Morocco,5510,Production,1036,"Edible offal of pigs, fresh, chilled or frozen",1973,1973,t,134.57,I,Imputed value,
QCL,Crops and livestock products,143,Morocco,5320,Producing Animals/Slaughtered,1036,"Edible offal of pigs, fresh, chilled or frozen",1973,1973,An,31000,E,Estimated value,
QCL,Crops and livestock products,143,Morocco,5510,Production,1036,"Edible offal of pigs, fresh, chilled or frozen",1974,1974,t,78.79,I,Imputed value,
QCL,Crops and livestock products,143,Morocco,5320,Producing Animals/Slaughtered,1036,"Edible offal of pigs, fresh, chilled or frozen",1974,1974,An,18000,E,Estimated value,
QCL,Crops and livestock products,143,Morocco,5510,Production,1036,"Edible offal of pigs, fresh, chilled or frozen",1975,1975,t,42.86,I,Imputed value,
QCL,Crops and livestock products,143,Morocco,5320,Producing Animals/Slaughtered,1036,"Edible offal of pigs, fresh, chilled or frozen",1975,1975,An,10000,E,Estimated value,
QCL,Crops and livestock products,143,Morocco,5510,Production,1036,"Edible offal of pigs, fresh, chilled or frozen",1976,1976,t,38.57,I,Imputed value,
QCL,Crops and livestock products,143,Morocco,5320,Producing Animals/Slaughtered,1036,"Edible offal of pigs, fresh, chilled or frozen",1976,1976,An,9000,E,Estimated value,
QCL,Crops and livestock products,143,Morocco,5510,Production,1036,"Edible offal of pigs, fresh, chilled or frozen",1977,1977,t,53.57,I,Imputed value,
QCL,Crops and livestock products,143,Morocco,5320,Producing Animals/Slaughtered,1036,"Edible offal of pigs, fresh, chilled or frozen",1977,1977,An,12500,E,Estimated value,
QCL,Crops and livestock products,143,Morocco,5510,Production,1036,"Edible offal of pigs, fresh, chilled or frozen",1978,1978,t,45.57,I,Imputed value,
QCL,Crops and livestock products,143,Morocco,5320,Producing Animals/Slaughtered,1036,"Edible offal of pigs, fresh, chilled or frozen",1978,1978,An,10500,E,Estimated value,
QCL,Crops and livestock products,143,Morocco,5510,Production,1036,"Edible offal of pigs, fresh, chilled or frozen",1979,1979,t,41.14,I,Imputed value,
QCL,Crops and livestock products,143,Morocco,5320,Producing Animals/Slaughtered,1036,"Edible offal of pigs, fresh, chilled or frozen",1979,1979,An,9600,E,Estimated value,
QCL,Crops and livestock products,143,Morocco,5510,Production,1036,"Edible offal of pigs, fresh, chilled or frozen",1980,1980,t,41.43,I,Imputed value,
QCL,Crops and livestock products,143,Morocco,5320,Producing Animals/Slaughtered,1036,"Edible offal of pigs, fresh, chilled or frozen",1980,1980,An,9940,A,Official figure,
QCL,Crops and livestock products,143,Morocco,5510,Production,1036,"Edible offal of pigs, fresh, chilled or frozen",1981,1981,t,42.86,I,Imputed value,
QCL,Crops and livestock products,143,Morocco,5320,Producing Animals/Slaughtered,1036,"Edible offal of pigs, fresh, chilled or frozen",1981,1981,An,7073,A,Official figure,
QCL,Crops and livestock products,143,Morocco,5510,Production,1036,"Edible offal of pigs, fresh, chilled or frozen",1982,1982,t,46.43,I,Imputed value,
QCL,Crops and livestock products,143,Morocco,5320,Producing Animals/Slaughtered,1036,"Edible offal of pigs, fresh, chilled or frozen",1982,1982,An,9500,A,Official figure,
QCL,Crops and livestock products,143,Morocco,5510,Production,1036,"Edible offal of pigs, fresh, chilled or frozen",1983,1983,t,47.14,I,Imputed value,
QCL,Crops and livestock products,143,Morocco,5320,Producing Animals/Slaughtered,1036,"Edible offal of pigs, fresh, chilled or frozen",1983,1983,An,8900,A,Official figure,
QCL,Crops and livestock products,143,Morocco,5510,Production,1036,"Edible offal of pigs, fresh, chilled or frozen",1984,1984,t,47.14,I,Imputed value,
QCL,Crops and livestock products,143,Morocco,5320,Producing Animals/Slaughtered,1036,"Edible offal of pigs, fresh, chilled or frozen",1984,1984,An,10900,A,Official figure,
QCL,Crops and livestock products,143,Morocco,5510,Production,1036,"Edible offal of pigs, fresh, chilled or frozen",1985,1985,t,29.29,I,Imputed value,
QCL,Crops and livestock products,143,Morocco,5320,Producing Animals/Slaughtered,1036,"Edible offal of pigs, fresh, chilled or frozen",1985,1985,An,11000,E,Estimated value,
QCL,Crops and livestock products,143,Morocco,5510,Production,1036,"Edible offal of pigs, fresh, chilled or frozen",1986,1986,t,32.5,I,Imputed value,
QCL,Crops and livestock products,143,Morocco,5320,Producing Animals/Slaughtered,1036,"Edible offal of pigs, fresh, chilled or frozen",1986,1986,An,11600,E,Estimated value,
QCL,Crops and livestock products,143,Morocco,5510,Production,1036,"Edible offal of pigs, fresh, chilled or frozen",1987,1987,t,42.86,I,Imputed value,
QCL,Crops and livestock products,143,Morocco,5320,Producing Animals/Slaughtered,1036,"Edible offal of pigs, fresh, chilled or frozen",1987,1987,An,12000,E,Estimated value,
QCL,Crops and livestock products,143,Morocco,5510,Production,1036,"Edible offal of pigs, fresh, chilled or frozen",1988,1988,t,42.86,I,Imputed value,
QCL,Crops and livestock products,143,Morocco,5320,Producing Animals/Slaughtered,1036,"Edible offal of pigs, fresh, chilled or frozen",1988,1988,An,12300,E,Estimated value,
QCL,Crops and livestock products,143,Morocco,5510,Production,1036,"Edible offal of pigs, fresh, chilled or frozen",1989,1989,t,45.71,I,Imputed value,
QCL,Crops and livestock products,143,Morocco,5320,Producing Animals/Slaughtered,1036,"Edible offal of pigs, fresh, chilled or frozen",1989,1989,An,12400,E,Estimated value,
QCL,Crops and livestock products,143,Morocco,5510,Production,1036,"Edible offal of pigs, fresh, chilled or frozen",1990,1990,t,50,I,Imputed value,
QCL,Crops and livestock products,143,Morocco,5320,Producing Animals/Slaughtered,1036,"Edible offal of pigs, fresh, chilled or frozen",1990,1990,An,12700,E,Estimated value,
QCL,Crops and livestock products,143,Morocco,5510,Production,1036,"Edible offal of pigs, fresh, chilled or frozen",1991,1991,t,50,I,Imputed value,
QCL,Crops and livestock products,143,Morocco,5320,Producing Animals/Slaughtered,1036,"Edible offal of pigs, fresh, chilled or frozen",1991,1991,An,13700,E,Estimated value,
QCL,Crops and livestock products,143,Morocco,5510,Production,1036,"Edible offal of pigs, fresh, chilled or frozen",1992,1992,t,51.36,I,Imputed value,
QCL,Crops and livestock products,143,Morocco,5320,Producing Animals/Slaughtered,1036,"Edible offal of pigs, fresh, chilled or frozen",1992,1992,An,14100,E,Estimated value,
QCL,Crops and livestock products,143,Morocco,5510,Production,1036,"Edible offal of pigs, fresh, chilled or frozen",1993,1993,t,50.71,I,Imputed value,
QCL,Crops and livestock products,143,Morocco,5320,Producing Animals/Slaughtered,1036,"Edible offal of pigs, fresh, chilled or frozen",1993,1993,An,14500,E,Estimated value,
QCL,Crops and livestock products,143,Morocco,5510,Production,1036,"Edible offal of pigs, fresh, chilled or frozen",1994,1994,t,52.14,I,Imputed value,
QCL,Crops and livestock products,143,Morocco,5320,Producing Animals/Slaughtered,1036,"Edible offal of pigs, fresh, chilled or frozen",1994,1994,An,14500,E,Estimated value,
QCL,Crops and livestock products,143,Morocco,5510,Production,1036,"Edible offal of pigs, fresh, chilled or frozen",1995,1995,t,52.14,I,Imputed value,
QCL,Crops and livestock products,143,Morocco,5320,Producing Animals/Slaughtered,1036,"Edible offal of pigs, fresh, chilled or frozen",1995,1995,An,14500,E,Estimated value,
QCL,Crops and livestock products,143,Morocco,5510,Production,1036,"Edible offal of pigs, fresh, chilled or frozen",1996,1996,t,52.14,I,Imputed value,
QCL,Crops and livestock products,143,Morocco,5320,Producing Animals/Slaughtered,1036,"Edible offal of pigs, fresh, chilled or frozen",1996,1996,An,14500,E,Estimated value,
QCL,Crops and livestock products,143,Morocco,5510,Production,1036,"Edible offal of pigs, fresh, chilled or frozen",1997,1997,t,53.57,I,Imputed value,
QCL,Crops and livestock products,143,Morocco,5320,Producing Animals/Slaughtered,1036,"Edible offal of pigs, fresh, chilled or frozen",1997,1997,An,14500,E,Estimated value,
QCL,Crops and livestock products,143,Morocco,5510,Production,1036,"Edible offal of pigs, fresh, chilled or frozen",1998,1998,t,40,I,Imputed value,
QCL,Crops and livestock products,143,Morocco,5320,Producing Animals/Slaughtered,1036,"Edible offal of pigs, fresh, chilled or frozen",1998,1998,An,12000,A,Official figure,
QCL,Crops and livestock products,143,Morocco,5510,Production,1036,"Edible offal of pigs, fresh, chilled or frozen",1999,1999,t,42.86,I,Imputed value,
QCL,Crops and livestock products,143,Morocco,5320,Producing Animals/Slaughtered,1036,"Edible offal of pigs, fresh, chilled or frozen",1999,1999,An,12000,E,Estimated value,
QCL,Crops and livestock products,143,Morocco,5510,Production,1036,"Edible offal of pigs, fresh, chilled or frozen",2000,2000,t,42.86,I,Imputed value,
QCL,Crops and livestock products,143,Morocco,5320,Producing Animals/Slaughtered,1036,"Edible offal of pigs, fresh, chilled or frozen",2000,2000,An,12000,E,Estimated value,
QCL,Crops and livestock products,143,Morocco,5510,Production,1036,"Edible offal of pigs, fresh, chilled or frozen",2001,2001,t,42.86,I,Imputed value,
QCL,Crops and livestock products,143,Morocco,5320,Producing Animals/Slaughtered,1036,"Edible offal of pigs, fresh, chilled or frozen",2001,2001,An,12000,E,Estimated value,
QCL,Crops and livestock products,143,Morocco,5510,Production,1036,"Edible offal of pigs, fresh, chilled or frozen",2002,2002,t,42.86,I,Imputed value,
QCL,Crops and livestock products,143,Morocco,5320,Producing Animals/Slaughtered,1036,"Edible offal of pigs, fresh, chilled or frozen",2002,2002,An,12000,E,Estimated value,
QCL,Crops and livestock products,143,Morocco,5510,Production,1036,"Edible offal of pigs, fresh, chilled or frozen",2003,2003,t,42.86,I,Imputed value,
QCL,Crops and livestock products,143,Morocco,5320,Producing Animals/Slaughtered,1036,"Edible offal of pigs, fresh, chilled or frozen",2003,2003,An,12000,E,Estimated value,
QCL,Crops and livestock products,143,Morocco,5510,Production,1036,"Edible offal of pigs, fresh, chilled or frozen",2004,2004,t,42.86,I,Imputed value,
QCL,Crops and livestock products,143,Morocco,5320,Producing Animals/Slaughtered,1036,"Edible offal of pigs, fresh, chilled or frozen",2004,2004,An,12000,E,Estimated value,
QCL,Crops and livestock products,143,Morocco,5510,Production,1036,"Edible offal of pigs, fresh, chilled or frozen",2005,2005,t,42.86,I,Imputed value,
QCL,Crops and livestock products,143,Morocco,5320,Producing Animals/Slaughtered,1036,"Edible offal of pigs, fresh, chilled or frozen",2005,2005,An,12000,E,Estimated value,
QCL,Crops and livestock products,143,Morocco,5510,Production,1036,"Edible offal of pigs, fresh, chilled or frozen",2006,2006,t,42.86,I,Imputed value,
QCL,Crops and livestock products,143,Morocco,5320,Producing Animals/Slaughtered,1036,"Edible offal of pigs, fresh, chilled or frozen",2006,2006,An,12000,E,Estimated value,
QCL,Crops and livestock products,143,Morocco,5510,Production,1036,"Edible offal of pigs, fresh, chilled or frozen",2007,2007,t,42.86,I,Imputed value,
QCL,Crops and livestock products,143,Morocco,5320,Producing Animals/Slaughtered,1036,"Edible offal of pigs, fresh, chilled or frozen",2007,2007,An,12000,E,Estimated value,
QCL,Crops and livestock products,143,Morocco,5510,Production,1036,"Edible offal of pigs, fresh, chilled or frozen",2008,2008,t,42.86,I,Imputed value,
QCL,Crops and livestock products,143,Morocco,5320,Producing Animals/Slaughtered,1036,"Edible offal of pigs, fresh, chilled or frozen",2008,2008,An,12000,E,Estimated value,
QCL,Crops and livestock products,143,Morocco,5510,Production,1036,"Edible offal of pigs, fresh, chilled or frozen",2009,2009,t,42.86,I,Imputed value,
QCL,Crops and livestock products,143,Morocco,5320,Producing Animals/Slaughtered,1036,"Edible offal of pigs, fresh, chilled or frozen",2009,2009,An,12000,E,Estimated value,
QCL,Crops and livestock products,143,Morocco,5510,Production,1036,"Edible offal of pigs, fresh, chilled or frozen",2010,2010,t,46.43,I,Imputed value,
QCL,Crops and livestock products,143,Morocco,5320,Producing Animals/Slaughtered,1036,"Edible offal of pigs, fresh, chilled or frozen",2010,2010,An,13000,E,Estimated value,
QCL,Crops and livestock products,143,Morocco,5510,Production,1036,"Edible offal of pigs, fresh, chilled or frozen",2011,2011,t,44.64,I,Imputed value,
QCL,Crops and livestock products,143,Morocco,5320,Producing Animals/Slaughtered,1036,"Edible offal of pigs, fresh, chilled or frozen",2011,2011,An,12500,E,Estimated value,
QCL,Crops and livestock products,143,Morocco,5510,Production,1036,"Edible offal of pigs, fresh, chilled or frozen",2012,2012,t,45,I,Imputed value,
QCL,Crops and livestock products,143,Morocco,5320,Producing Animals/Slaughtered,1036,"Edible offal of pigs, fresh, chilled or frozen",2012,2012,An,13000,E,Estimated value,
QCL,Crops and livestock products,143,Morocco,5510,Production,1036,"Edible offal of pigs, fresh, chilled or frozen",2013,2013,t,46.43,I,Imputed value,
QCL,Crops and livestock products,143,Morocco,5320,Producing Animals/Slaughtered,1036,"Edible offal of pigs, fresh, chilled or frozen",2013,2013,An,13000,E,Estimated value,
QCL,Crops and livestock products,143,Morocco,5510,Production,1036,"Edible offal of pigs, fresh, chilled or frozen",2014,2014,t,44.97,I,Imputed value,
QCL,Crops and livestock products,143,Morocco,5320,Producing Animals/Slaughtered,1036,"Edible offal of pigs, fresh, chilled or frozen",2014,2014,An,12644.82,I,Imputed value,
QCL,Crops and livestock products,143,Morocco,5510,Production,1036,"Edible offal of pigs, fresh, chilled or frozen",2015,2015,t,44.15,I,Imputed value,
QCL,Crops and livestock products,143,Morocco,5320,Producing Animals/Slaughtered,1036,"Edible offal of pigs, fresh, chilled or frozen",2015,2015,An,12446.05,I,Imputed value,
QCL,Crops and livestock products,143,Morocco,5510,Production,1036,"Edible offal of pigs, fresh, chilled or frozen",2016,2016,t,44.08,I,Imputed value,
QCL,Crops and livestock products,143,Morocco,5320,Producing Animals/Slaughtered,1036,"Edible offal of pigs, fresh, chilled or frozen",2016,2016,An,12442.45,I,Imputed value,
QCL,Crops and livestock products,143,Morocco,5510,Production,1036,"Edible offal of pigs, fresh, chilled or frozen",2017,2017,t,43.93,I,Imputed value,
QCL,Crops and livestock products,143,Morocco,5320,Producing Animals/Slaughtered,1036,"Edible offal of pigs, fresh, chilled or frozen",2017,2017,An,12397.64,I,Imputed value,
QCL,Crops and livestock products,143,Morocco,5510,Production,1036,"Edible offal of pigs, fresh, chilled or frozen",2018,2018,t,43.43,I,Imputed value,
QCL,Crops and livestock products,143,Morocco,5320,Producing Animals/Slaughtered,1036,"Edible offal of pigs, fresh, chilled or frozen",2018,2018,An,12259.23,I,Imputed value,
QCL,Crops and livestock products,143,Morocco,5510,Production,1036,"Edible offal of pigs, fresh, chilled or frozen",2019,2019,t,43.6,I,Imputed value,
QCL,Crops and livestock products,143,Morocco,5320,Producing Animals/Slaughtered,1036,"Edible offal of pigs, fresh, chilled or frozen",2019,2019,An,12287.9,I,Imputed value,
QCL,Crops and livestock products,143,Morocco,5510,Production,1036,"Edible offal of pigs, fresh, chilled or frozen",2020,2020,t,44.03,I,Imputed value,
QCL,Crops and livestock products,143,Morocco,5320,Producing Animals/Slaughtered,1036,"Edible offal of pigs, fresh, chilled or frozen",2020,2020,An,12376.67,I,Imputed value,
QCL,Crops and livestock products,143,Morocco,5510,Production,1036,"Edible offal of pigs, fresh, chilled or frozen",2021,2021,t,44.09,I,Imputed value,
QCL,Crops and livestock products,143,Morocco,5320,Producing Animals/Slaughtered,1036,"Edible offal of pigs, fresh, chilled or frozen",2021,2021,An,12393.07,I,Imputed value,
QCL,Crops and livestock products,143,Morocco,5510,Production,1036,"Edible offal of pigs, fresh, chilled or frozen",2022,2022,t,44.15,I,Imputed value,
QCL,Crops and livestock products,143,Morocco,5320,Producing Animals/Slaughtered,1036,"Edible offal of pigs, fresh, chilled or frozen",2022,2022,An,12410.53,I,Imputed value,
QCL,Crops and livestock products,143,Morocco,5510,Production,978,"Edible offal of sheep, fresh, chilled or frozen",1961,1961,t,11540.43,I,Imputed value,
QCL,Crops and livestock products,143,Morocco,5320,Producing Animals/Slaughtered,978,"Edible offal of sheep, fresh, chilled or frozen",1961,1961,An,3830310,E,Estimated value,
QCL,Crops and livestock products,143,Morocco,5510,Production,978,"Edible offal of sheep, fresh, chilled or frozen",1962,1962,t,9421.28,I,Imputed value,
QCL,Crops and livestock products,143,Morocco,5320,Producing Animals/Slaughtered,978,"Edible offal of sheep, fresh, chilled or frozen",1962,1962,An,3024530,E,Estimated value,
QCL,Crops and livestock products,143,Morocco,5510,Production,978,"Edible offal of sheep, fresh, chilled or frozen",1963,1963,t,7863.83,I,Imputed value,
QCL,Crops and livestock products,143,Morocco,5320,Producing Animals/Slaughtered,978,"Edible offal of sheep, fresh, chilled or frozen",1963,1963,An,2369710,E,Estimated value,
QCL,Crops and livestock products,143,Morocco,5510,Production,978,"Edible offal of sheep, fresh, chilled or frozen",1964,1964,t,8466.38,I,Imputed value,
QCL,Crops and livestock products,143,Morocco,5320,Producing Animals/Slaughtered,978,"Edible offal of sheep, fresh, chilled or frozen",1964,1964,An,2695940,E,Estimated value,
QCL,Crops and livestock products,143,Morocco,5510,Production,978,"Edible offal of sheep, fresh, chilled or frozen",1965,1965,t,9870.64,I,Imputed value,
QCL,Crops and livestock products,143,Morocco,5320,Producing Animals/Slaughtered,978,"Edible offal of sheep, fresh, chilled or frozen",1965,1965,An,3117478,E,Estimated value,
QCL,Crops and livestock products,143,Morocco,5510,Production,978,"Edible offal of sheep, fresh, chilled or frozen",1966,1966,t,10212.77,I,Imputed value,
QCL,Crops and livestock products,143,Morocco,5320,Producing Animals/Slaughtered,978,"Edible offal of sheep, fresh, chilled or frozen",1966,1966,An,3280000,A,Official figure,
QCL,Crops and livestock products,143,Morocco,5510,Production,978,"Edible offal of sheep, fresh, chilled or frozen",1967,1967,t,10902.13,I,Imputed value,
QCL,Crops and livestock products,143,Morocco,5320,Producing Animals/Slaughtered,978,"Edible offal of sheep, fresh, chilled or frozen",1967,1967,An,3500000,A,Official figure,
QCL,Crops and livestock products,143,Morocco,5510,Production,978,"Edible offal of sheep, fresh, chilled or frozen",1968,1968,t,12000,I,Imputed value,
QCL,Crops and livestock products,143,Morocco,5320,Producing Animals/Slaughtered,978,"Edible offal of sheep, fresh, chilled or frozen",1968,1968,An,3835000,A,Official figure,
QCL,Crops and livestock products,143,Morocco,5510,Production,978,"Edible offal of sheep, fresh, chilled or frozen",1969,1969,t,11489.36,I,Imputed value,
QCL,Crops and livestock products,143,Morocco,5320,Producing Animals/Slaughtered,978,"Edible offal of sheep, fresh, chilled or frozen",1969,1969,An,3950000,A,Official figure,
QCL,Crops and livestock products,143,Morocco,5510,Production,978,"Edible offal of sheep, fresh, chilled or frozen",1970,1970,t,11821.28,I,Imputed value,
QCL,Crops and livestock products,143,Morocco,5320,Producing Animals/Slaughtered,978,"Edible offal of sheep, fresh, chilled or frozen",1970,1970,An,4100000,E,Estimated value,
QCL,Crops and livestock products,143,Morocco,5510,Production,978,"Edible offal of sheep, fresh, chilled or frozen",1971,1971,t,8000,A,Official figure,
QCL,Crops and livestock products,143,Morocco,5320,Producing Animals/Slaughtered,978,"Edible offal of sheep, fresh, chilled or frozen",1971,1971,An,4524760,A,Official figure,
QCL,Crops and livestock products,143,Morocco,5510,Production,978,"Edible offal of sheep, fresh, chilled or frozen",1972,1972,t,8200,A,Official figure,
QCL,Crops and livestock products,143,Morocco,5320,Producing Animals/Slaughtered,978,"Edible offal of sheep, fresh, chilled or frozen",1972,1972,An,4310344,A,Official figure,
QCL,Crops and livestock products,143,Morocco,5510,Production,978,"Edible offal of sheep, fresh, chilled or frozen",1973,1973,t,8200,A,Official figure,
QCL,Crops and livestock products,143,Morocco,5320,Producing Animals/Slaughtered,978,"Edible offal of sheep, fresh, chilled or frozen",1973,1973,An,4807692,A,Official figure,
QCL,Crops and livestock products,143,Morocco,5510,Production,978,"Edible offal of sheep, fresh, chilled or frozen",1974,1974,t,8000,A,Official figure,
QCL,Crops and livestock products,143,Morocco,5320,Producing Animals/Slaughtered,978,"Edible offal of sheep, fresh, chilled or frozen",1974,1974,An,4807692,A,Official figure,
QCL,Crops and livestock products,143,Morocco,5510,Production,978,"Edible offal of sheep, fresh, chilled or frozen",1975,1975,t,11055.32,I,Imputed value,
QCL,Crops and livestock products,143,Morocco,5320,Producing Animals/Slaughtered,978,"Edible offal of sheep, fresh, chilled or frozen",1975,1975,An,4160000,X,Figure from international organizations,Unofficial figure
QCL,Crops and livestock products,143,Morocco,5510,Production,978,"Edible offal of sheep, fresh, chilled or frozen",1976,1976,t,10365.96,I,Imputed value,
QCL,Crops and livestock products,143,Morocco,5320,Producing Animals/Slaughtered,978,"Edible offal of sheep, fresh, chilled or frozen",1976,1976,An,3590000,X,Figure from international organizations,Unofficial figure
QCL,Crops and livestock products,143,Morocco,5510,Production,978,"Edible offal of sheep, fresh, chilled or frozen",1977,1977,t,12000,I,Imputed value,
QCL,Crops and livestock products,143,Morocco,5320,Producing Animals/Slaughtered,978,"Edible offal of sheep, fresh, chilled or frozen",1977,1977,An,3653000,X,Figure from international organizations,Unofficial figure
QCL,Crops and livestock products,143,Morocco,5510,Production,978,"Edible offal of sheep, fresh, chilled or frozen",1978,1978,t,12765.96,I,Imputed value,
QCL,Crops and livestock products,143,Morocco,5320,Producing Animals/Slaughtered,978,"Edible offal of sheep, fresh, chilled or frozen",1978,1978,An,3870000,X,Figure from international organizations,Unofficial figure
QCL,Crops and livestock products,143,Morocco,5510,Production,978,"Edible offal of sheep, fresh, chilled or frozen",1979,1979,t,12765.96,I,Imputed value,
QCL,Crops and livestock products,143,Morocco,5320,Producing Animals/Slaughtered,978,"Edible offal of sheep, fresh, chilled or frozen",1979,1979,An,3650000,X,Figure from international organizations,Unofficial figure
QCL,Crops and livestock products,143,Morocco,5510,Production,978,"Edible offal of sheep, fresh, chilled or frozen",1980,1980,t,13276.6,I,Imputed value,
QCL,Crops and livestock products,143,Morocco,5320,Producing Animals/Slaughtered,978,"Edible offal of sheep, fresh, chilled or frozen",1980,1980,An,4365000,X,Figure from international organizations,Unofficial figure
QCL,Crops and livestock products,143,Morocco,5510,Production,978,"Edible offal of sheep, fresh, chilled or frozen",1981,1981,t,16595.74,I,Imputed value,
QCL,Crops and livestock products,143,Morocco,5320,Producing Animals/Slaughtered,978,"Edible offal of sheep, fresh, chilled or frozen",1981,1981,An,4900000,X,Figure from international organizations,Unofficial figure
QCL,Crops and livestock products,143,Morocco,5510,Production,978,"Edible offal of sheep, fresh, chilled or frozen",1982,1982,t,11744.68,I,Imputed value,
QCL,Crops and livestock products,143,Morocco,5320,Producing Animals/Slaughtered,978,"Edible offal of sheep, fresh, chilled or frozen",1982,1982,An,3784750,A,Official figure,
QCL,Crops and livestock products,143,Morocco,5510,Production,978,"Edible offal of sheep, fresh, chilled or frozen",1983,1983,t,12102.13,I,Imputed value,
QCL,Crops and livestock products,143,Morocco,5320,Producing Animals/Slaughtered,978,"Edible offal of sheep, fresh, chilled or frozen",1983,1983,An,4080428,A,Official figure,
QCL,Crops and livestock products,143,Morocco,5510,Production,978,"Edible offal of sheep, fresh, chilled or frozen",1984,1984,t,12758.3,I,Imputed value,
QCL,Crops and livestock products,143,Morocco,5320,Producing Animals/Slaughtered,978,"Edible offal of sheep, fresh, chilled or frozen",1984,1984,An,3930500,A,Official figure,
QCL,Crops and livestock products,143,Morocco,5510,Production,978,"Edible offal of sheep, fresh, chilled or frozen",1985,1985,t,13899.57,I,Imputed value,
QCL,Crops and livestock products,143,Morocco,5320,Producing Animals/Slaughtered,978,"Edible offal of sheep, fresh, chilled or frozen",1985,1985,An,4000000,E,Estimated value,
QCL,Crops and livestock products,143,Morocco,5510,Production,978,"Edible offal of sheep, fresh, chilled or frozen",1986,1986,t,13028.94,I,Imputed value,
QCL,Crops and livestock products,143,Morocco,5320,Producing Animals/Slaughtered,978,"Edible offal of sheep, fresh, chilled or frozen",1986,1986,An,4300000,E,Estimated value,
QCL,Crops and livestock products,143,Morocco,5510,Production,978,"Edible offal of sheep, fresh, chilled or frozen",1987,1987,t,11877,A,Official figure,
QCL,Crops and livestock products,143,Morocco,5320,Producing Animals/Slaughtered,978,"Edible offal of sheep, fresh, chilled or frozen",1987,1987,An,4450000,A,Official figure,
QCL,Crops and livestock products,143,Morocco,5510,Production,978,"Edible offal of sheep, fresh, chilled or frozen",1988,1988,t,13875,A,Official figure,
QCL,Crops and livestock products,143,Morocco,5320,Producing Animals/Slaughtered,978,"Edible offal of sheep, fresh, chilled or frozen",1988,1988,An,5000000,E,Estimated value,
QCL,Crops and livestock products,143,Morocco,5510,Production,978,"Edible offal of sheep, fresh, chilled or frozen",1989,1989,t,14800,A,Official figure,
QCL,Crops and livestock products,143,Morocco,5320,Producing Animals/Slaughtered,978,"Edible offal of sheep, fresh, chilled or frozen",1989,1989,An,5800000,E,Estimated value,
QCL,Crops and livestock products,143,Morocco,5510,Production,978,"Edible offal of sheep, fresh, chilled or frozen",1990,1990,t,25617.45,I,Imputed value,
QCL,Crops and livestock products,143,Morocco,5320,Producing Animals/Slaughtered,978,"Edible offal of sheep, fresh, chilled or frozen",1990,1990,An,5600000,E,Estimated value,
QCL,Crops and livestock products,143,Morocco,5510,Production,978,"Edible offal of sheep, fresh, chilled or frozen",1991,1991,t,25331.23,I,Imputed value,
QCL,Crops and livestock products,143,Morocco,5320,Producing Animals/Slaughtered,978,"Edible offal of sheep, fresh, chilled or frozen",1991,1991,An,5300000,E,Estimated value,
QCL,Crops and livestock products,143,Morocco,5510,Production,978,"Edible offal of sheep, fresh, chilled or frozen",1992,1992,t,27780,I,Imputed value,
QCL,Crops and livestock products,143,Morocco,5320,Producing Animals/Slaughtered,978,"Edible offal of sheep, fresh, chilled or frozen",1992,1992,An,6020000,E,Estimated value,
QCL,Crops and livestock products,143,Morocco,5510,Production,978,"Edible offal of sheep, fresh, chilled or frozen",1993,1993,t,26159.74,I,Imputed value,
QCL,Crops and livestock products,143,Morocco,5320,Producing Animals/Slaughtered,978,"Edible offal of sheep, fresh, chilled or frozen",1993,1993,An,5077000,A,Official figure,
QCL,Crops and livestock products,143,Morocco,5510,Production,978,"Edible offal of sheep, fresh, chilled or frozen",1994,1994,t,26698.72,I,Imputed value,
QCL,Crops and livestock products,143,Morocco,5320,Producing Animals/Slaughtered,978,"Edible offal of sheep, fresh, chilled or frozen",1994,1994,An,5800000,X,Figure from international organizations,Unofficial figure
QCL,Crops and livestock products,143,Morocco,5510,Production,978,"Edible offal of sheep, fresh, chilled or frozen",1995,1995,t,28595.74,I,Imputed value,
QCL,Crops and livestock products,143,Morocco,5320,Producing Animals/Slaughtered,978,"Edible offal of sheep, fresh, chilled or frozen",1995,1995,An,6100000,X,Figure from international organizations,Unofficial figure
QCL,Crops and livestock products,143,Morocco,5510,Production,978,"Edible offal of sheep, fresh, chilled or frozen",1996,1996,t,22978.72,I,Imputed value,
QCL,Crops and livestock products,143,Morocco,5320,Producing Animals/Slaughtered,978,"Edible offal of sheep, fresh, chilled or frozen",1996,1996,An,6000000,X,Figure from international organizations,Unofficial figure
QCL,Crops and livestock products,143,Morocco,5510,Production,978,"Edible offal of sheep, fresh, chilled or frozen",1997,1997,t,30638.3,I,Imputed value,
QCL,Crops and livestock products,143,Morocco,5320,Producing Animals/Slaughtered,978,"Edible offal of sheep, fresh, chilled or frozen",1997,1997,An,6500000,E,Estimated value,
QCL,Crops and livestock products,143,Morocco,5510,Production,978,"Edible offal of sheep, fresh, chilled or frozen",1998,1998,t,29361.7,I,Imputed value,
QCL,Crops and livestock products,143,Morocco,5320,Producing Animals/Slaughtered,978,"Edible offal of sheep, fresh, chilled or frozen",1998,1998,An,6200000,A,Official figure,
QCL,Crops and livestock products,143,Morocco,5510,Production,978,"Edible offal of sheep, fresh, chilled or frozen",1999,1999,t,32170.21,I,Imputed value,
QCL,Crops and livestock products,143,Morocco,5320,Producing Animals/Slaughtered,978,"Edible offal of sheep, fresh, chilled or frozen",1999,1999,An,6800000,E,Estimated value,
QCL,Crops and livestock products,143,Morocco,5510,Production,978,"Edible offal of sheep, fresh, chilled or frozen",2000,2000,t,31914.89,I,Imputed value,
QCL,Crops and livestock products,143,Morocco,5320,Producing Animals/Slaughtered,978,"Edible offal of sheep, fresh, chilled or frozen",2000,2000,An,7200000,E,Estimated value,
QCL,Crops and livestock products,143,Morocco,5510,Production,978,"Edible offal of sheep, fresh, chilled or frozen",2001,2001,t,31914.89,I,Imputed value,
QCL,Crops and livestock products,143,Morocco,5320,Producing Animals/Slaughtered,978,"Edible offal of sheep, fresh, chilled or frozen",2001,2001,An,7200000,E,Estimated value,
QCL,Crops and livestock products,143,Morocco,5510,Production,978,"Edible offal of sheep, fresh, chilled or frozen",2002,2002,t,28085.11,I,Imputed value,
QCL,Crops and livestock products,143,Morocco,5320,Producing Animals/Slaughtered,978,"Edible offal of sheep, fresh, chilled or frozen",2002,2002,An,6900000,E,Estimated value,
QCL,Crops and livestock products,143,Morocco,5510,Production,978,"Edible offal of sheep, fresh, chilled or frozen",2003,2003,t,26808.51,I,Imputed value,
QCL,Crops and livestock products,143,Morocco,5320,Producing Animals/Slaughtered,978,"Edible offal of sheep, fresh, chilled or frozen",2003,2003,An,7000000,E,Estimated value,
QCL,Crops and livestock products,143,Morocco,5510,Production,978,"Edible offal of sheep, fresh, chilled or frozen",2004,2004,t,26808.51,I,Imputed value,
QCL,Crops and livestock products,143,Morocco,5320,Producing Animals/Slaughtered,978,"Edible offal of sheep, fresh, chilled or frozen",2004,2004,An,7200000,E,Estimated value,
QCL,Crops and livestock products,143,Morocco,5510,Production,978,"Edible offal of sheep, fresh, chilled or frozen",2005,2005,t,29361.7,I,Imputed value,
QCL,Crops and livestock products,143,Morocco,5320,Producing Animals/Slaughtered,978,"Edible offal of sheep, fresh, chilled or frozen",2005,2005,An,7100000,E,Estimated value,
QCL,Crops and livestock products,143,Morocco,5510,Production,978,"Edible offal of sheep, fresh, chilled or frozen",2006,2006,t,30638.3,I,Imputed value,
QCL,Crops and livestock products,143,Morocco,5320,Producing Animals/Slaughtered,978,"Edible offal of sheep, fresh, chilled or frozen",2006,2006,An,8480000,A,Official figure,
QCL,Crops and livestock products,143,Morocco,5510,Production,978,"Edible offal of sheep, fresh, chilled or frozen",2007,2007,t,30638.3,I,Imputed value,
QCL,Crops and livestock products,143,Morocco,5320,Producing Animals/Slaughtered,978,"Edible offal of sheep, fresh, chilled or frozen",2007,2007,An,8420000,A,Official figure,
QCL,Crops and livestock products,143,Morocco,5510,Production,978,"Edible offal of sheep, fresh, chilled or frozen",2008,2008,t,30893.62,I,Imputed value,
QCL,Crops and livestock products,143,Morocco,5320,Producing Animals/Slaughtered,978,"Edible offal of sheep, fresh, chilled or frozen",2008,2008,An,8520000,E,Estimated value,
QCL,Crops and livestock products,143,Morocco,5510,Production,978,"Edible offal of sheep, fresh, chilled or frozen",2009,2009,t,34212.77,I,Imputed value,
QCL,Crops and livestock products,143,Morocco,5320,Producing Animals/Slaughtered,978,"Edible offal of sheep, fresh, chilled or frozen",2009,2009,An,9370000,E,Estimated value,
QCL,Crops and livestock products,143,Morocco,5510,Production,978,"Edible offal of sheep, fresh, chilled or frozen",2010,2010,t,35489.36,I,Imputed value,
QCL,Crops and livestock products,143,Morocco,5320,Producing Animals/Slaughtered,978,"Edible offal of sheep, fresh, chilled or frozen",2010,2010,An,9720000,E,Estimated value,
QCL,Crops and livestock products,143,Morocco,5510,Production,978,"Edible offal of sheep, fresh, chilled or frozen",2011,2011,t,36620.43,I,Imputed value,
QCL,Crops and livestock products,143,Morocco,5320,Producing Animals/Slaughtered,978,"Edible offal of sheep, fresh, chilled or frozen",2011,2011,An,10050000,E,Estimated value,
QCL,Crops and livestock products,143,Morocco,5510,Production,978,"Edible offal of sheep, fresh, chilled or frozen",2012,2012,t,37683.06,I,Imputed value,
QCL,Crops and livestock products,143,Morocco,5320,Producing Animals/Slaughtered,978,"Edible offal of sheep, fresh, chilled or frozen",2012,2012,An,10350000,E,Estimated value,
QCL,Crops and livestock products,143,Morocco,5510,Production,978,"Edible offal of sheep, fresh, chilled or frozen",2013,2013,t,30127.66,I,Imputed value,
QCL,Crops and livestock products,143,Morocco,5320,Producing Animals/Slaughtered,978,"Edible offal of sheep, fresh, chilled or frozen",2013,2013,An,10500000,E,Estimated value,
QCL,Crops and livestock products,143,Morocco,5510,Production,978,"Edible offal of sheep, fresh, chilled or frozen",2014,2014,t,30729.96,I,Imputed value,
QCL,Crops and livestock products,143,Morocco,5320,Producing Animals/Slaughtered,978,"Edible offal of sheep, fresh, chilled or frozen",2014,2014,An,10517565.38,I,Imputed value,
QCL,Crops and livestock products,143,Morocco,5510,Production,978,"Edible offal of sheep, fresh, chilled or frozen",2015,2015,t,40083.32,I,Imputed value,
QCL,Crops and livestock products,143,Morocco,5320,Producing Animals/Slaughtered,978,"Edible offal of sheep, fresh, chilled or frozen",2015,2015,An,10133607.31,I,Imputed value,
QCL,Crops and livestock products,143,Morocco,5510,Production,978,"Edible offal of sheep, fresh, chilled or frozen",2016,2016,t,41092.34,I,Imputed value,
QCL,Crops and livestock products,143,Morocco,5320,Producing Animals/Slaughtered,978,"Edible offal of sheep, fresh, chilled or frozen",2016,2016,An,11042651.02,I,Imputed value,
QCL,Crops and livestock products,143,Morocco,5510,Production,978,"Edible offal of sheep, fresh, chilled or frozen",2017,2017,t,44080.85,I,Imputed value,
QCL,Crops and livestock products,143,Morocco,5320,Producing Animals/Slaughtered,978,"Edible offal of sheep, fresh, chilled or frozen",2017,2017,An,11121792.82,I,Imputed value,
QCL,Crops and livestock products,143,Morocco,5510,Production,978,"Edible offal of sheep, fresh, chilled or frozen",2018,2018,t,45417.45,I,Imputed value,
QCL,Crops and livestock products,143,Morocco,5320,Producing Animals/Slaughtered,978,"Edible offal of sheep, fresh, chilled or frozen",2018,2018,An,11226277.25,I,Imputed value,
QCL,Crops and livestock products,143,Morocco,5510,Production,978,"Edible offal of sheep, fresh, chilled or frozen",2019,2019,t,45643.4,I,Imputed value,
QCL,Crops and livestock products,143,Morocco,5320,Producing Animals/Slaughtered,978,"Edible offal of sheep, fresh, chilled or frozen",2019,2019,An,12320795.82,I,Imputed value,
QCL,Crops and livestock products,143,Morocco,5510,Production,978,"Edible offal of sheep, fresh, chilled or frozen",2020,2020,t,45702.13,I,Imputed value,
QCL,Crops and livestock products,143,Morocco,5320,Producing Animals/Slaughtered,978,"Edible offal of sheep, fresh, chilled or frozen",2020,2020,An,12736134.58,I,Imputed value,
QCL,Crops and livestock products,143,Morocco,5510,Production,978,"Edible offal of sheep, fresh, chilled or frozen",2021,2021,t,45702.13,I,Imputed value,
QCL,Crops and livestock products,143,Morocco,5320,Producing Animals/Slaughtered,978,"Edible offal of sheep, fresh, chilled or frozen",2021,2021,An,13238875.1,I,Imputed value,
QCL,Crops and livestock products,143,Morocco,5510,Production,978,"Edible offal of sheep, fresh, chilled or frozen",2022,2022,t,41867.49,I,Imputed value,
QCL,Crops and livestock products,143,Morocco,5320,Producing Animals/Slaughtered,978,"Edible offal of sheep, fresh, chilled or frozen",2022,2022,An,12829053.96,I,Imputed value,
QCL,Crops and livestock products,143,Morocco,5510,Production,1128,"Edible offals of camels and other camelids, fresh, chilled or frozen",1961,1961,t,422.7,I,Imputed value,
QCL,Crops and livestock products,143,Morocco,5320,Producing Animals/Slaughtered,1128,"Edible offals of camels and other camelids, fresh, chilled or frozen",1961,1961,An,23500,E,Estimated value,
QCL,Crops and livestock products,143,Morocco,5510,Production,1128,"Edible offals of camels and other camelids, fresh, chilled or frozen",1962,1962,t,410.27,I,Imputed value,
QCL,Crops and livestock products,143,Morocco,5320,Producing Animals/Slaughtered,1128,"Edible offals of camels and other camelids, fresh, chilled or frozen",1962,1962,An,21500,E,Estimated value,
QCL,Crops and livestock products,143,Morocco,5510,Production,1128,"Edible offals of camels and other camelids, fresh, chilled or frozen",1963,1963,t,410.27,I,Imputed value,
QCL,Crops and livestock products,143,Morocco,5320,Producing Animals/Slaughtered,1128,"Edible offals of camels and other camelids, fresh, chilled or frozen",1963,1963,An,21400,E,Estimated value,
QCL,Crops and livestock products,143,Morocco,5510,Production,1128,"Edible offals of camels and other camelids, fresh, chilled or frozen",1964,1964,t,422.7,I,Imputed value,
QCL,Crops and livestock products,143,Morocco,5320,Producing Animals/Slaughtered,1128,"Edible offals of camels and other camelids, fresh, chilled or frozen",1964,1964,An,22500,E,Estimated value,
QCL,Crops and livestock products,143,Morocco,5510,Production,1128,"Edible offals of camels and other camelids, fresh, chilled or frozen",1965,1965,t,422.7,I,Imputed value,
QCL,Crops and livestock products,143,Morocco,5320,Producing Animals/Slaughtered,1128,"Edible offals of camels and other camelids, fresh, chilled or frozen",1965,1965,An,21500,E,Estimated value,
QCL,Crops and livestock products,143,Morocco,5510,Production,1128,"Edible offals of camels and other camelids, fresh, chilled or frozen",1966,1966,t,335.68,I,Imputed value,
QCL,Crops and livestock products,143,Morocco,5320,Producing Animals/Slaughtered,1128,"Edible offals of camels and other camelids, fresh, chilled or frozen",1966,1966,An,17000,A,Official figure,
QCL,Crops and livestock products,143,Morocco,5510,Production,1128,"Edible offals of camels and other camelids, fresh, chilled or frozen",1967,1967,t,335.68,I,Imputed value,
QCL,Crops and livestock products,143,Morocco,5320,Producing Animals/Slaughtered,1128,"Edible offals of camels and other camelids, fresh, chilled or frozen",1967,1967,An,17000,A,Official figure,
QCL,Crops and livestock products,143,Morocco,5510,Production,1128,"Edible offals of camels and other camelids, fresh, chilled or frozen",1968,1968,t,422.7,I,Imputed value,
QCL,Crops and livestock products,143,Morocco,5320,Producing Animals/Slaughtered,1128,"Edible offals of camels and other camelids, fresh, chilled or frozen",1968,1968,An,21000,A,Official figure,
QCL,Crops and livestock products,143,Morocco,5510,Production,1128,"Edible offals of camels and other camelids, fresh, chilled or frozen",1969,1969,t,422.7,I,Imputed value,
QCL,Crops and livestock products,143,Morocco,5320,Producing Animals/Slaughtered,1128,"Edible offals of camels and other camelids, fresh, chilled or frozen",1969,1969,An,22000,A,Official figure,
QCL,Crops and livestock products,143,Morocco,5510,Production,1128,"Edible offals of camels and other camelids, fresh, chilled or frozen",1970,1970,t,460,I,Imputed value,
QCL,Crops and livestock products,143,Morocco,5320,Producing Animals/Slaughtered,1128,"Edible offals of camels and other camelids, fresh, chilled or frozen",1970,1970,An,27000,E,Estimated value,
QCL,Crops and livestock products,143,Morocco,5510,Production,1128,"Edible offals of camels and other camelids, fresh, chilled or frozen",1971,1971,t,485.11,I,Imputed value,
QCL,Crops and livestock products,143,Morocco,5320,Producing Animals/Slaughtered,1128,"Edible offals of camels and other camelids, fresh, chilled or frozen",1971,1971,An,31554,A,Official figure,
QCL,Crops and livestock products,143,Morocco,5510,Production,1128,"Edible offals of camels and other camelids, fresh, chilled or frozen",1972,1972,t,497.3,I,Imputed value,
QCL,Crops and livestock products,143,Morocco,5320,Producing Animals/Slaughtered,1128,"Edible offals of camels and other camelids, fresh, chilled or frozen",1972,1972,An,26666,A,Official figure,
QCL,Crops and livestock products,143,Morocco,5510,Production,1128,"Edible offals of camels and other camelids, fresh, chilled or frozen",1973,1973,t,448.69,I,Imputed value,
QCL,Crops and livestock products,143,Morocco,5320,Producing Animals/Slaughtered,1128,"Edible offals of camels and other camelids, fresh, chilled or frozen",1973,1973,An,21875,A,Official figure,
QCL,Crops and livestock products,143,Morocco,5510,Production,1128,"Edible offals of camels and other camelids, fresh, chilled or frozen",1974,1974,t,555.48,I,Imputed value,
QCL,Crops and livestock products,143,Morocco,5320,Producing Animals/Slaughtered,1128,"Edible offals of camels and other camelids, fresh, chilled or frozen",1974,1974,An,26666,A,Official figure,
QCL,Crops and livestock products,143,Morocco,5510,Production,1128,"Edible offals of camels and other camelids, fresh, chilled or frozen",1975,1975,t,484.86,I,Imputed value,
QCL,Crops and livestock products,143,Morocco,5320,Producing Animals/Slaughtered,1128,"Edible offals of camels and other camelids, fresh, chilled or frozen",1975,1975,An,27000,E,Estimated value,
QCL,Crops and livestock products,143,Morocco,5510,Production,1128,"Edible offals of camels and other camelids, fresh, chilled or frozen",1976,1976,t,397.84,I,Imputed value,
QCL,Crops and livestock products,143,Morocco,5320,Producing Animals/Slaughtered,1128,"Edible offals of camels and other camelids, fresh, chilled or frozen",1976,1976,An,24000,X,Figure from international organizations,Unofficial figure
QCL,Crops and livestock products,143,Morocco,5510,Production,1128,"Edible offals of camels and other camelids, fresh, chilled or frozen",1977,1977,t,268.17,I,Imputed value,
QCL,Crops and livestock products,143,Morocco,5320,Producing Animals/Slaughtered,1128,"Edible offals of camels and other camelids, fresh, chilled or frozen",1977,1977,An,15734,A,Official figure,
QCL,Crops and livestock products,143,Morocco,5510,Production,1128,"Edible offals of camels and other camelids, fresh, chilled or frozen",1978,1978,t,281.72,I,Imputed value,
QCL,Crops and livestock products,143,Morocco,5320,Producing Animals/Slaughtered,1128,"Edible offals of camels and other camelids, fresh, chilled or frozen",1978,1978,An,16528,A,Official figure,
QCL,Crops and livestock products,143,Morocco,5510,Production,1128,"Edible offals of camels and other camelids, fresh, chilled or frozen",1979,1979,t,221.3,I,Imputed value,
QCL,Crops and livestock products,143,Morocco,5320,Producing Animals/Slaughtered,1128,"Edible offals of camels and other camelids, fresh, chilled or frozen",1979,1979,An,13000,E,Estimated value,
QCL,Crops and livestock products,143,Morocco,5510,Production,1128,"Edible offals of camels and other camelids, fresh, chilled or frozen",1980,1980,t,223.78,I,Imputed value,
QCL,Crops and livestock products,143,Morocco,5320,Producing Animals/Slaughtered,1128,"Edible offals of camels and other camelids, fresh, chilled or frozen",1980,1980,An,13000,A,Official figure,
QCL,Crops and livestock products,143,Morocco,5510,Production,1128,"Edible offals of camels and other camelids, fresh, chilled or frozen",1981,1981,t,211.35,I,Imputed value,
QCL,Crops and livestock products,143,Morocco,5320,Producing Animals/Slaughtered,1128,"Edible offals of camels and other camelids, fresh, chilled or frozen",1981,1981,An,10954,A,Official figure,
QCL,Crops and livestock products,143,Morocco,5510,Production,1128,"Edible offals of camels and other camelids, fresh, chilled or frozen",1982,1982,t,469.95,I,Imputed value,
QCL,Crops and livestock products,143,Morocco,5320,Producing Animals/Slaughtered,1128,"Edible offals of camels and other camelids, fresh, chilled or frozen",1982,1982,An,25900,A,Official figure,
QCL,Crops and livestock products,143,Morocco,5510,Production,1128,"Edible offals of camels and other camelids, fresh, chilled or frozen",1983,1983,t,339.78,I,Imputed value,
QCL,Crops and livestock products,143,Morocco,5320,Producing Animals/Slaughtered,1128,"Edible offals of camels and other camelids, fresh, chilled or frozen",1983,1983,An,15230,A,Official figure,
QCL,Crops and livestock products,143,Morocco,5510,Production,1128,"Edible offals of camels and other camelids, fresh, chilled or frozen",1984,1984,t,273.14,I,Imputed value,
QCL,Crops and livestock products,143,Morocco,5320,Producing Animals/Slaughtered,1128,"Edible offals of camels and other camelids, fresh, chilled or frozen",1984,1984,An,14060,A,Official figure,
QCL,Crops and livestock products,143,Morocco,5510,Production,1128,"Edible offals of camels and other camelids, fresh, chilled or frozen",1985,1985,t,206.01,I,Imputed value,
QCL,Crops and livestock products,143,Morocco,5320,Producing Animals/Slaughtered,1128,"Edible offals of camels and other camelids, fresh, chilled or frozen",1985,1985,An,11000,E,Estimated value,
QCL,Crops and livestock products,143,Morocco,5510,Production,1128,"Edible offals of camels and other camelids, fresh, chilled or frozen",1986,1986,t,211.35,I,Imputed value,
QCL,Crops and livestock products,143,Morocco,5320,Producing Animals/Slaughtered,1128,"Edible offals of camels and other camelids, fresh, chilled or frozen",1986,1986,An,11000,E,Estimated value,
QCL,Crops and livestock products,143,Morocco,5510,Production,1128,"Edible offals of camels and other camelids, fresh, chilled or frozen",1987,1987,t,248.65,I,Imputed value,
QCL,Crops and livestock products,143,Morocco,5320,Producing Animals/Slaughtered,1128,"Edible offals of camels and other camelids, fresh, chilled or frozen",1987,1987,An,14000,E,Estimated value,
QCL,Crops and livestock products,143,Morocco,5510,Production,1128,"Edible offals of camels and other camelids, fresh, chilled or frozen",1988,1988,t,217.57,I,Imputed value,
QCL,Crops and livestock products,143,Morocco,5320,Producing Animals/Slaughtered,1128,"Edible offals of camels and other camelids, fresh, chilled or frozen",1988,1988,An,12240,E,Estimated value,
QCL,Crops and livestock products,143,Morocco,5510,Production,1128,"Edible offals of camels and other camelids, fresh, chilled or frozen",1989,1989,t,223.78,I,Imputed value,
QCL,Crops and livestock products,143,Morocco,5320,Producing Animals/Slaughtered,1128,"Edible offals of camels and other camelids, fresh, chilled or frozen",1989,1989,An,12000,E,Estimated value,
QCL,Crops and livestock products,143,Morocco,5510,Production,1128,"Edible offals of camels and other camelids, fresh, chilled or frozen",1990,1990,t,273.51,I,Imputed value,
QCL,Crops and livestock products,143,Morocco,5320,Producing Animals/Slaughtered,1128,"Edible offals of camels and other camelids, fresh, chilled or frozen",1990,1990,An,13500,E,Estimated value,
QCL,Crops and livestock products,143,Morocco,5510,Production,1128,"Edible offals of camels and other camelids, fresh, chilled or frozen",1991,1991,t,248.65,I,Imputed value,
QCL,Crops and livestock products,143,Morocco,5320,Producing Animals/Slaughtered,1128,"Edible offals of camels and other camelids, fresh, chilled or frozen",1991,1991,An,12000,E,Estimated value,
QCL,Crops and livestock products,143,Morocco,5510,Production,1128,"Edible offals of camels and other camelids, fresh, chilled or frozen",1992,1992,t,273.51,I,Imputed value,
QCL,Crops and livestock products,143,Morocco,5320,Producing Animals/Slaughtered,1128,"Edible offals of camels and other camelids, fresh, chilled or frozen",1992,1992,An,13000,E,Estimated value,
QCL,Crops and livestock products,143,Morocco,5510,Production,1128,"Edible offals of camels and other camelids, fresh, chilled or frozen",1993,1993,t,267.3,I,Imputed value,
QCL,Crops and livestock products,143,Morocco,5320,Producing Animals/Slaughtered,1128,"Edible offals of camels and other camelids, fresh, chilled or frozen",1993,1993,An,12410,A,Official figure,
QCL,Crops and livestock products,143,Morocco,5510,Production,1128,"Edible offals of camels and other camelids, fresh, chilled or frozen",1994,1994,t,279.73,I,Imputed value,
QCL,Crops and livestock products,143,Morocco,5320,Producing Animals/Slaughtered,1128,"Edible offals of camels and other camelids, fresh, chilled or frozen",1994,1994,An,13500,E,Estimated value,
QCL,Crops and livestock products,143,Morocco,5510,Production,1128,"Edible offals of camels and other camelids, fresh, chilled or frozen",1995,1995,t,254.86,I,Imputed value,
QCL,Crops and livestock products,143,Morocco,5320,Producing Animals/Slaughtered,1128,"Edible offals of camels and other camelids, fresh, chilled or frozen",1995,1995,An,14000,E,Estimated value,
QCL,Crops and livestock products,143,Morocco,5510,Production,1128,"Edible offals of camels and other camelids, fresh, chilled or frozen",1996,1996,t,248.65,I,Imputed value,
QCL,Crops and livestock products,143,Morocco,5320,Producing Animals/Slaughtered,1128,"Edible offals of camels and other camelids, fresh, chilled or frozen",1996,1996,An,11800,E,Estimated value,
QCL,Crops and livestock products,143,Morocco,5510,Production,1128,"Edible offals of camels and other camelids, fresh, chilled or frozen",1997,1997,t,308.82,I,Imputed value,
QCL,Crops and livestock products,143,Morocco,5320,Producing Animals/Slaughtered,1128,"Edible offals of camels and other camelids, fresh, chilled or frozen",1997,1997,An,14600,E,Estimated value,
QCL,Crops and livestock products,143,Morocco,5510,Production,1128,"Edible offals of camels and other camelids, fresh, chilled or frozen",1998,1998,t,263.57,I,Imputed value,
QCL,Crops and livestock products,143,Morocco,5320,Producing Animals/Slaughtered,1128,"Edible offals of camels and other camelids, fresh, chilled or frozen",1998,1998,An,12500,E,Estimated value,
QCL,Crops and livestock products,143,Morocco,5510,Production,1128,"Edible offals of camels and other camelids, fresh, chilled or frozen",1999,1999,t,248.65,I,Imputed value,
QCL,Crops and livestock products,143,Morocco,5320,Producing Animals/Slaughtered,1128,"Edible offals of camels and other camelids, fresh, chilled or frozen",1999,1999,An,11800,E,Estimated value,
QCL,Crops and livestock products,143,Morocco,5510,Production,1128,"Edible offals of camels and other camelids, fresh, chilled or frozen",2000,2000,t,248.65,I,Imputed value,
QCL,Crops and livestock products,143,Morocco,5320,Producing Animals/Slaughtered,1128,"Edible offals of camels and other camelids, fresh, chilled or frozen",2000,2000,An,11800,E,Estimated value,
QCL,Crops and livestock products,143,Morocco,5510,Production,1128,"Edible offals of camels and other camelids, fresh, chilled or frozen",2001,2001,t,267.3,I,Imputed value,
QCL,Crops and livestock products,143,Morocco,5320,Producing Animals/Slaughtered,1128,"Edible offals of camels and other camelids, fresh, chilled or frozen",2001,2001,An,12500,E,Estimated value,
QCL,Crops and livestock products,143,Morocco,5510,Production,1128,"Edible offals of camels and other camelids, fresh, chilled or frozen",2002,2002,t,279.73,I,Imputed value,
QCL,Crops and livestock products,143,Morocco,5320,Producing Animals/Slaughtered,1128,"Edible offals of camels and other camelids, fresh, chilled or frozen",2002,2002,An,13300,E,Estimated value,
QCL,Crops and livestock products,143,Morocco,5510,Production,1128,"Edible offals of camels and other camelids, fresh, chilled or frozen",2003,2003,t,285.95,I,Imputed value,
QCL,Crops and livestock products,143,Morocco,5320,Producing Animals/Slaughtered,1128,"Edible offals of camels and other camelids, fresh, chilled or frozen",2003,2003,An,14000,E,Estimated value,
QCL,Crops and livestock products,143,Morocco,5510,Production,1128,"Edible offals of camels and other camelids, fresh, chilled or frozen",2004,2004,t,292.16,I,Imputed value,
QCL,Crops and livestock products,143,Morocco,5320,Producing Animals/Slaughtered,1128,"Edible offals of camels and other camelids, fresh, chilled or frozen",2004,2004,An,14000,E,Estimated value,
QCL,Crops and livestock products,143,Morocco,5510,Production,1128,"Edible offals of camels and other camelids, fresh, chilled or frozen",2005,2005,t,307.33,I,Imputed value,
QCL,Crops and livestock products,143,Morocco,5320,Producing Animals/Slaughtered,1128,"Edible offals of camels and other camelids, fresh, chilled or frozen",2005,2005,An,14800,E,Estimated value,
QCL,Crops and livestock products,143,Morocco,5510,Production,1128,"Edible offals of camels and other camelids, fresh, chilled or frozen",2006,2006,t,298.38,I,Imputed value,
QCL,Crops and livestock products,143,Morocco,5320,Producing Animals/Slaughtered,1128,"Edible offals of camels and other camelids, fresh, chilled or frozen",2006,2006,An,17291,A,Official figure,
QCL,Crops and livestock products,143,Morocco,5510,Production,1128,"Edible offals of camels and other camelids, fresh, chilled or frozen",2007,2007,t,259.46,I,Imputed value,
QCL,Crops and livestock products,143,Morocco,5320,Producing Animals/Slaughtered,1128,"Edible offals of camels and other camelids, fresh, chilled or frozen",2007,2007,An,14600,A,Official figure,
QCL,Crops and livestock products,143,Morocco,5510,Production,1128,"Edible offals of camels and other camelids, fresh, chilled or frozen",2008,2008,t,313.3,I,Imputed value,
QCL,Crops and livestock products,143,Morocco,5320,Producing Animals/Slaughtered,1128,"Edible offals of camels and other camelids, fresh, chilled or frozen",2008,2008,An,16000,E,Estimated value,
QCL,Crops and livestock products,143,Morocco,5510,Production,1128,"Edible offals of camels and other camelids, fresh, chilled or frozen",2009,2009,t,322,I,Imputed value,
QCL,Crops and livestock products,143,Morocco,5320,Producing Animals/Slaughtered,1128,"Edible offals of camels and other camelids, fresh, chilled or frozen",2009,2009,An,17500,E,Estimated value,
QCL,Crops and livestock products,143,Morocco,5510,Production,1128,"Edible offals of camels and other camelids, fresh, chilled or frozen",2010,2010,t,314.54,I,Imputed value,
QCL,Crops and livestock products,143,Morocco,5320,Producing Animals/Slaughtered,1128,"Edible offals of camels and other camelids, fresh, chilled or frozen",2010,2010,An,16900,E,Estimated value,
QCL,Crops and livestock products,143,Morocco,5510,Production,1128,"Edible offals of camels and other camelids, fresh, chilled or frozen",2011,2011,t,534.1,I,Imputed value,
QCL,Crops and livestock products,143,Morocco,5320,Producing Animals/Slaughtered,1128,"Edible offals of camels and other camelids, fresh, chilled or frozen",2011,2011,An,17300,E,Estimated value,
QCL,Crops and livestock products,143,Morocco,5510,Production,1128,"Edible offals of camels and other camelids, fresh, chilled or frozen",2012,2012,t,640.02,I,Imputed value,
QCL,Crops and livestock products,143,Morocco,5320,Producing Animals/Slaughtered,1128,"Edible offals of camels and other camelids, fresh, chilled or frozen",2012,2012,An,17600,E,Estimated value,
QCL,Crops and livestock products,143,Morocco,5510,Production,1128,"Edible offals of camels and other camelids, fresh, chilled or frozen",2013,2013,t,539.57,I,Imputed value,
QCL,Crops and livestock products,143,Morocco,5320,Producing Animals/Slaughtered,1128,"Edible offals of camels and other camelids, fresh, chilled or frozen",2013,2013,An,17900,E,Estimated value,
QCL,Crops and livestock products,143,Morocco,5510,Production,1128,"Edible offals of camels and other camelids, fresh, chilled or frozen",2014,2014,t,533.6,I,Imputed value,
QCL,Crops and livestock products,143,Morocco,5320,Producing Animals/Slaughtered,1128,"Edible offals of camels and other camelids, fresh, chilled or frozen",2014,2014,An,16746.66,I,Imputed value,
QCL,Crops and livestock products,143,Morocco,5510,Production,1128,"Edible offals of camels and other camelids, fresh, chilled or frozen",2015,2015,t,534.59,I,Imputed value,
QCL,Crops and livestock products,143,Morocco,5320,Producing Animals/Slaughtered,1128,"Edible offals of camels and other camelids, fresh, chilled or frozen",2015,2015,An,15912.75,I,Imputed value,
QCL,Crops and livestock products,143,Morocco,5510,Production,1128,"Edible offals of camels and other camelids, fresh, chilled or frozen",2016,2016,t,376.33,I,Imputed value,
QCL,Crops and livestock products,143,Morocco,5320,Producing Animals/Slaughtered,1128,"Edible offals of camels and other camelids, fresh, chilled or frozen",2016,2016,An,13300,E,Estimated value,
QCL,Crops and livestock products,143,Morocco,5510,Production,1128,"Edible offals of camels and other camelids, fresh, chilled or frozen",2017,2017,t,372.97,I,Imputed value,
QCL,Crops and livestock products,143,Morocco,5320,Producing Animals/Slaughtered,1128,"Edible offals of camels and other camelids, fresh, chilled or frozen",2017,2017,An,13150,E,Estimated value,
QCL,Crops and livestock products,143,Morocco,5510,Production,1128,"Edible offals of camels and other camelids, fresh, chilled or frozen",2018,2018,t,410.27,I,Imputed value,
QCL,Crops and livestock products,143,Morocco,5320,Producing Animals/Slaughtered,1128,"Edible offals of camels and other camelids, fresh, chilled or frozen",2018,2018,An,15247.26,I,Imputed value,
QCL,Crops and livestock products,143,Morocco,5510,Production,1128,"Edible offals of camels and other camelids, fresh, chilled or frozen",2019,2019,t,447.57,I,Imputed value,
QCL,Crops and livestock products,143,Morocco,5320,Producing Animals/Slaughtered,1128,"Edible offals of camels and other camelids, fresh, chilled or frozen",2019,2019,An,16260.78,I,Imputed value,
QCL,Crops and livestock products,143,Morocco,5510,Production,1128,"Edible offals of camels and other camelids, fresh, chilled or frozen",2020,2020,t,422.7,I,Imputed value,
QCL,Crops and livestock products,143,Morocco,5320,Producing Animals/Slaughtered,1128,"Edible offals of camels and other camelids, fresh, chilled or frozen",2020,2020,An,16062.03,I,Imputed value,
QCL,Crops and livestock products,143,Morocco,5510,Production,1128,"Edible offals of camels and other camelids, fresh, chilled or frozen",2021,2021,t,422.7,I,Imputed value,
QCL,Crops and livestock products,143,Morocco,5320,Producing Animals/Slaughtered,1128,"Edible offals of camels and other camelids, fresh, chilled or frozen",2021,2021,An,16040.08,I,Imputed value,
QCL,Crops and livestock products,143,Morocco,5510,Production,1128,"Edible offals of camels and other camelids, fresh, chilled or frozen",2022,2022,t,343.88,I,Imputed value,
QCL,Crops and livestock products,143,Morocco,5320,Producing Animals/Slaughtered,1128,"Edible offals of camels and other camelids, fresh, chilled or frozen",2022,2022,An,16010.23,I,Imputed value,
QCL,Crops and livestock products,143,Morocco,5510,Production,1098,"Edible offals of horses and other equines,  fresh, chilled or frozen",1961,1961,t,100.33,I,Imputed value,
QCL,Crops and livestock products,143,Morocco,5320,Producing Animals/Slaughtered,1098,"Edible offals of horses and other equines,  fresh, chilled or frozen",1961,1961,An,9500,E,Estimated value,
QCL,Crops and livestock products,143,Morocco,5510,Production,1098,"Edible offals of horses and other equines,  fresh, chilled or frozen",1962,1962,t,137.43,I,Imputed value,
QCL,Crops and livestock products,143,Morocco,5320,Producing Animals/Slaughtered,1098,"Edible offals of horses and other equines,  fresh, chilled or frozen",1962,1962,An,13000,E,Estimated value,
QCL,Crops and livestock products,143,Morocco,5510,Production,1098,"Edible offals of horses and other equines,  fresh, chilled or frozen",1963,1963,t,109.61,I,Imputed value,
QCL,Crops and livestock products,143,Morocco,5320,Producing Animals/Slaughtered,1098,"Edible offals of horses and other equines,  fresh, chilled or frozen",1963,1963,An,10500,E,Estimated value,
QCL,Crops and livestock products,143,Morocco,5510,Production,1098,"Edible offals of horses and other equines,  fresh, chilled or frozen",1964,1964,t,121.41,I,Imputed value,
QCL,Crops and livestock products,143,Morocco,5320,Producing Animals/Slaughtered,1098,"Edible offals of horses and other equines,  fresh, chilled or frozen",1964,1964,An,11500,E,Estimated value,
QCL,Crops and livestock products,143,Morocco,5510,Production,1098,"Edible offals of horses and other equines,  fresh, chilled or frozen",1965,1965,t,138.27,I,Imputed value,
QCL,Crops and livestock products,143,Morocco,5320,Producing Animals/Slaughtered,1098,"Edible offals of horses and other equines,  fresh, chilled or frozen",1965,1965,An,13200,E,Estimated value,
QCL,Crops and livestock products,143,Morocco,5510,Production,1098,"Edible offals of horses and other equines,  fresh, chilled or frozen",1966,1966,t,118.04,I,Imputed value,
QCL,Crops and livestock products,143,Morocco,5320,Producing Animals/Slaughtered,1098,"Edible offals of horses and other equines,  fresh, chilled or frozen",1966,1966,An,11000,A,Official figure,
QCL,Crops and livestock products,143,Morocco,5510,Production,1098,"Edible offals of horses and other equines,  fresh, chilled or frozen",1967,1967,t,118.04,I,Imputed value,
QCL,Crops and livestock products,143,Morocco,5320,Producing Animals/Slaughtered,1098,"Edible offals of horses and other equines,  fresh, chilled or frozen",1967,1967,An,11000,A,Official figure,
QCL,Crops and livestock products,143,Morocco,5510,Production,1098,"Edible offals of horses and other equines,  fresh, chilled or frozen",1968,1968,t,151.76,I,Imputed value,
QCL,Crops and livestock products,143,Morocco,5320,Producing Animals/Slaughtered,1098,"Edible offals of horses and other equines,  fresh, chilled or frozen",1968,1968,An,14000,A,Official figure,
QCL,Crops and livestock products,143,Morocco,5510,Production,1098,"Edible offals of horses and other equines,  fresh, chilled or frozen",1969,1969,t,160.2,I,Imputed value,
QCL,Crops and livestock products,143,Morocco,5320,Producing Animals/Slaughtered,1098,"Edible offals of horses and other equines,  fresh, chilled or frozen",1969,1969,An,15000,A,Official figure,
QCL,Crops and livestock products,143,Morocco,5510,Production,1098,"Edible offals of horses and other equines,  fresh, chilled or frozen",1970,1970,t,250.41,I,Imputed value,
QCL,Crops and livestock products,143,Morocco,5320,Producing Animals/Slaughtered,1098,"Edible offals of horses and other equines,  fresh, chilled or frozen",1970,1970,An,23400,E,Estimated value,
QCL,Crops and livestock products,143,Morocco,5510,Production,1098,"Edible offals of horses and other equines,  fresh, chilled or frozen",1971,1971,t,345.69,I,Imputed value,
QCL,Crops and livestock products,143,Morocco,5320,Producing Animals/Slaughtered,1098,"Edible offals of horses and other equines,  fresh, chilled or frozen",1971,1971,An,31669,A,Official figure,
QCL,Crops and livestock products,143,Morocco,5510,Production,1098,"Edible offals of horses and other equines,  fresh, chilled or frozen",1972,1972,t,354.96,I,Imputed value,
QCL,Crops and livestock products,143,Morocco,5320,Producing Animals/Slaughtered,1098,"Edible offals of horses and other equines,  fresh, chilled or frozen",1972,1972,An,35587,A,Official figure,
QCL,Crops and livestock products,143,Morocco,5510,Production,1098,"Edible offals of horses and other equines,  fresh, chilled or frozen",1973,1973,t,410.02,I,Imputed value,
QCL,Crops and livestock products,143,Morocco,5320,Producing Animals/Slaughtered,1098,"Edible offals of horses and other equines,  fresh, chilled or frozen",1973,1973,An,39700,A,Official figure,
QCL,Crops and livestock products,143,Morocco,5510,Production,1098,"Edible offals of horses and other equines,  fresh, chilled or frozen",1974,1974,t,319.89,I,Imputed value,
QCL,Crops and livestock products,143,Morocco,5320,Producing Animals/Slaughtered,1098,"Edible offals of horses and other equines,  fresh, chilled or frozen",1974,1974,An,32000,X,Figure from international organizations,Unofficial figure
QCL,Crops and livestock products,143,Morocco,5510,Production,1098,"Edible offals of horses and other equines,  fresh, chilled or frozen",1975,1975,t,261.37,I,Imputed value,
QCL,Crops and livestock products,143,Morocco,5320,Producing Animals/Slaughtered,1098,"Edible offals of horses and other equines,  fresh, chilled or frozen",1975,1975,An,30000,X,Figure from international organizations,Unofficial figure
QCL,Crops and livestock products,143,Morocco,5510,Production,1098,"Edible offals of horses and other equines,  fresh, chilled or frozen",1976,1976,t,295.1,I,Imputed value,
QCL,Crops and livestock products,143,Morocco,5320,Producing Animals/Slaughtered,1098,"Edible offals of horses and other equines,  fresh, chilled or frozen",1976,1976,An,29000,X,Figure from international organizations,Unofficial figure
QCL,Crops and livestock products,143,Morocco,5510,Production,1098,"Edible offals of horses and other equines,  fresh, chilled or frozen",1977,1977,t,337.25,I,Imputed value,
QCL,Crops and livestock products,143,Morocco,5320,Producing Animals/Slaughtered,1098,"Edible offals of horses and other equines,  fresh, chilled or frozen",1977,1977,An,33000,X,Figure from international organizations,Unofficial figure
QCL,Crops and livestock products,143,Morocco,5510,Production,1098,"Edible offals of horses and other equines,  fresh, chilled or frozen",1978,1978,t,222.59,I,Imputed value,
QCL,Crops and livestock products,143,Morocco,5320,Producing Animals/Slaughtered,1098,"Edible offals of horses and other equines,  fresh, chilled or frozen",1978,1978,An,22000,X,Figure from international organizations,Unofficial figure
QCL,Crops and livestock products,143,Morocco,5510,Production,1098,"Edible offals of horses and other equines,  fresh, chilled or frozen",1979,1979,t,303.53,I,Imputed value,
QCL,Crops and livestock products,143,Morocco,5320,Producing Animals/Slaughtered,1098,"Edible offals of horses and other equines,  fresh, chilled or frozen",1979,1979,An,30000,X,Figure from international organizations,Unofficial figure
QCL,Crops and livestock products,143,Morocco,5510,Production,1098,"Edible offals of horses and other equines,  fresh, chilled or frozen",1980,1980,t,370.98,I,Imputed value,
QCL,Crops and livestock products,143,Morocco,5320,Producing Animals/Slaughtered,1098,"Edible offals of horses and other equines,  fresh, chilled or frozen",1980,1980,An,36500,A,Official figure,
QCL,Crops and livestock products,143,Morocco,5510,Production,1098,"Edible offals of horses and other equines,  fresh, chilled or frozen",1981,1981,t,505.88,I,Imputed value,
QCL,Crops and livestock products,143,Morocco,5320,Producing Animals/Slaughtered,1098,"Edible offals of horses and other equines,  fresh, chilled or frozen",1981,1981,An,47050,A,Official figure,
QCL,Crops and livestock products,143,Morocco,5510,Production,1098,"Edible offals of horses and other equines,  fresh, chilled or frozen",1982,1982,t,362.55,I,Imputed value,
QCL,Crops and livestock products,143,Morocco,5320,Producing Animals/Slaughtered,1098,"Edible offals of horses and other equines,  fresh, chilled or frozen",1982,1982,An,31700,A,Official figure,
QCL,Crops and livestock products,143,Morocco,5510,Production,1098,"Edible offals of horses and other equines,  fresh, chilled or frozen",1983,1983,t,283.29,I,Imputed value,
QCL,Crops and livestock products,143,Morocco,5320,Producing Animals/Slaughtered,1098,"Edible offals of horses and other equines,  fresh, chilled or frozen",1983,1983,An,30800,A,Official figure,
QCL,Crops and livestock products,143,Morocco,5510,Production,1098,"Edible offals of horses and other equines,  fresh, chilled or frozen",1984,1984,t,177.06,I,Imputed value,
QCL,Crops and livestock products,143,Morocco,5320,Producing Animals/Slaughtered,1098,"Edible offals of horses and other equines,  fresh, chilled or frozen",1984,1984,An,16780,A,Official figure,
QCL,Crops and livestock products,143,Morocco,5510,Production,1098,"Edible offals of horses and other equines,  fresh, chilled or frozen",1985,1985,t,143.33,I,Imputed value,
QCL,Crops and livestock products,143,Morocco,5320,Producing Animals/Slaughtered,1098,"Edible offals of horses and other equines,  fresh, chilled or frozen",1985,1985,An,14200,E,Estimated value,
QCL,Crops and livestock products,143,Morocco,5510,Production,1098,"Edible offals of horses and other equines,  fresh, chilled or frozen",1986,1986,t,151.76,I,Imputed value,
QCL,Crops and livestock products,143,Morocco,5320,Producing Animals/Slaughtered,1098,"Edible offals of horses and other equines,  fresh, chilled or frozen",1986,1986,An,15000,E,Estimated value,
QCL,Crops and livestock products,143,Morocco,5510,Production,1098,"Edible offals of horses and other equines,  fresh, chilled or frozen",1987,1987,t,168.63,I,Imputed value,
QCL,Crops and livestock products,143,Morocco,5320,Producing Animals/Slaughtered,1098,"Edible offals of horses and other equines,  fresh, chilled or frozen",1987,1987,An,17000,E,Estimated value,
QCL,Crops and livestock products,143,Morocco,5510,Production,1098,"Edible offals of horses and other equines,  fresh, chilled or frozen",1988,1988,t,202.35,I,Imputed value,
QCL,Crops and livestock products,143,Morocco,5320,Producing Animals/Slaughtered,1098,"Edible offals of horses and other equines,  fresh, chilled or frozen",1988,1988,An,20000,E,Estimated value,
QCL,Crops and livestock products,143,Morocco,5510,Production,1098,"Edible offals of horses and other equines,  fresh, chilled or frozen",1989,1989,t,202.35,I,Imputed value,
QCL,Crops and livestock products,143,Morocco,5320,Producing Animals/Slaughtered,1098,"Edible offals of horses and other equines,  fresh, chilled or frozen",1989,1989,An,20000,E,Estimated value,
QCL,Crops and livestock products,143,Morocco,5510,Production,1098,"Edible offals of horses and other equines,  fresh, chilled or frozen",1990,1990,t,210.78,I,Imputed value,
QCL,Crops and livestock products,143,Morocco,5320,Producing Animals/Slaughtered,1098,"Edible offals of horses and other equines,  fresh, chilled or frozen",1990,1990,An,20800,E,Estimated value,
QCL,Crops and livestock products,143,Morocco,5510,Production,1098,"Edible offals of horses and other equines,  fresh, chilled or frozen",1991,1991,t,210.78,I,Imputed value,
QCL,Crops and livestock products,143,Morocco,5320,Producing Animals/Slaughtered,1098,"Edible offals of horses and other equines,  fresh, chilled or frozen",1991,1991,An,20800,E,Estimated value,
QCL,Crops and livestock products,143,Morocco,5510,Production,1098,"Edible offals of horses and other equines,  fresh, chilled or frozen",1992,1992,t,202.35,I,Imputed value,
QCL,Crops and livestock products,143,Morocco,5320,Producing Animals/Slaughtered,1098,"Edible offals of horses and other equines,  fresh, chilled or frozen",1992,1992,An,20000,E,Estimated value,
QCL,Crops and livestock products,143,Morocco,5510,Production,1098,"Edible offals of horses and other equines,  fresh, chilled or frozen",1993,1993,t,193.92,I,Imputed value,
QCL,Crops and livestock products,143,Morocco,5320,Producing Animals/Slaughtered,1098,"Edible offals of horses and other equines,  fresh, chilled or frozen",1993,1993,An,19000,E,Estimated value,
QCL,Crops and livestock products,143,Morocco,5510,Production,1098,"Edible offals of horses and other equines,  fresh, chilled or frozen",1994,1994,t,185.49,I,Imputed value,
QCL,Crops and livestock products,143,Morocco,5320,Producing Animals/Slaughtered,1098,"Edible offals of horses and other equines,  fresh, chilled or frozen",1994,1994,An,18000,E,Estimated value,
QCL,Crops and livestock products,143,Morocco,5510,Production,1098,"Edible offals of horses and other equines,  fresh, chilled or frozen",1995,1995,t,177.06,I,Imputed value,
QCL,Crops and livestock products,143,Morocco,5320,Producing Animals/Slaughtered,1098,"Edible offals of horses and other equines,  fresh, chilled or frozen",1995,1995,An,17500,E,Estimated value,
QCL,Crops and livestock products,143,Morocco,5510,Production,1098,"Edible offals of horses and other equines,  fresh, chilled or frozen",1996,1996,t,172,I,Imputed value,
QCL,Crops and livestock products,143,Morocco,5320,Producing Animals/Slaughtered,1098,"Edible offals of horses and other equines,  fresh, chilled or frozen",1996,1996,An,17000,E,Estimated value,
QCL,Crops and livestock products,143,Morocco,5510,Production,1098,"Edible offals of horses and other equines,  fresh, chilled or frozen",1997,1997,t,168.63,I,Imputed value,
QCL,Crops and livestock products,143,Morocco,5320,Producing Animals/Slaughtered,1098,"Edible offals of horses and other equines,  fresh, chilled or frozen",1997,1997,An,16500,E,Estimated value,
QCL,Crops and livestock products,143,Morocco,5510,Production,1098,"Edible offals of horses and other equines,  fresh, chilled or frozen",1998,1998,t,168.63,I,Imputed value,
QCL,Crops and livestock products,143,Morocco,5320,Producing Animals/Slaughtered,1098,"Edible offals of horses and other equines,  fresh, chilled or frozen",1998,1998,An,16500,E,Estimated value,
QCL,Crops and livestock products,143,Morocco,5510,Production,1098,"Edible offals of horses and other equines,  fresh, chilled or frozen",1999,1999,t,168.63,I,Imputed value,
QCL,Crops and livestock products,143,Morocco,5320,Producing Animals/Slaughtered,1098,"Edible offals of horses and other equines,  fresh, chilled or frozen",1999,1999,An,16500,E,Estimated value,
QCL,Crops and livestock products,143,Morocco,5510,Production,1098,"Edible offals of horses and other equines,  fresh, chilled or frozen",2000,2000,t,172.17,I,Imputed value,
QCL,Crops and livestock products,143,Morocco,5320,Producing Animals/Slaughtered,1098,"Edible offals of horses and other equines,  fresh, chilled or frozen",2000,2000,An,16500,E,Estimated value,
QCL,Crops and livestock products,143,Morocco,5510,Production,1098,"Edible offals of horses and other equines,  fresh, chilled or frozen",2001,2001,t,174.28,I,Imputed value,
QCL,Crops and livestock products,143,Morocco,5320,Producing Animals/Slaughtered,1098,"Edible offals of horses and other equines,  fresh, chilled or frozen",2001,2001,An,16500,E,Estimated value,
QCL,Crops and livestock products,143,Morocco,5510,Production,1098,"Edible offals of horses and other equines,  fresh, chilled or frozen",2002,2002,t,160.2,I,Imputed value,
QCL,Crops and livestock products,143,Morocco,5320,Producing Animals/Slaughtered,1098,"Edible offals of horses and other equines,  fresh, chilled or frozen",2002,2002,An,15500,E,Estimated value,
QCL,Crops and livestock products,143,Morocco,5510,Production,1098,"Edible offals of horses and other equines,  fresh, chilled or frozen",2003,2003,t,168.63,I,Imputed value,
QCL,Crops and livestock products,143,Morocco,5320,Producing Animals/Slaughtered,1098,"Edible offals of horses and other equines,  fresh, chilled or frozen",2003,2003,An,16500,E,Estimated value,
QCL,Crops and livestock products,143,Morocco,5510,Production,1098,"Edible offals of horses and other equines,  fresh, chilled or frozen",2004,2004,t,163.15,I,Imputed value,
QCL,Crops and livestock products,143,Morocco,5320,Producing Animals/Slaughtered,1098,"Edible offals of horses and other equines,  fresh, chilled or frozen",2004,2004,An,16500,E,Estimated value,
QCL,Crops and livestock products,143,Morocco,5510,Production,1098,"Edible offals of horses and other equines,  fresh, chilled or frozen",2005,2005,t,177.06,I,Imputed value,
QCL,Crops and livestock products,143,Morocco,5320,Producing Animals/Slaughtered,1098,"Edible offals of horses and other equines,  fresh, chilled or frozen",2005,2005,An,17000,E,Estimated value,
QCL,Crops and livestock products,143,Morocco,5510,Production,1098,"Edible offals of horses and other equines,  fresh, chilled or frozen",2006,2006,t,181.27,I,Imputed value,
QCL,Crops and livestock products,143,Morocco,5320,Producing Animals/Slaughtered,1098,"Edible offals of horses and other equines,  fresh, chilled or frozen",2006,2006,An,17500,E,Estimated value,
QCL,Crops and livestock products,143,Morocco,5510,Production,1098,"Edible offals of horses and other equines,  fresh, chilled or frozen",2007,2007,t,168.63,I,Imputed value,
QCL,Crops and livestock products,143,Morocco,5320,Producing Animals/Slaughtered,1098,"Edible offals of horses and other equines,  fresh, chilled or frozen",2007,2007,An,16000,E,Estimated value,
QCL,Crops and livestock products,143,Morocco,5510,Production,1098,"Edible offals of horses and other equines,  fresh, chilled or frozen",2008,2008,t,174.45,I,Imputed value,
QCL,Crops and livestock products,143,Morocco,5320,Producing Animals/Slaughtered,1098,"Edible offals of horses and other equines,  fresh, chilled or frozen",2008,2008,An,16000,E,Estimated value,
QCL,Crops and livestock products,143,Morocco,5510,Production,1098,"Edible offals of horses and other equines,  fresh, chilled or frozen",2009,2009,t,146.71,I,Imputed value,
QCL,Crops and livestock products,143,Morocco,5320,Producing Animals/Slaughtered,1098,"Edible offals of horses and other equines,  fresh, chilled or frozen",2009,2009,An,13500,E,Estimated value,
QCL,Crops and livestock products,143,Morocco,5510,Production,1098,"Edible offals of horses and other equines,  fresh, chilled or frozen",2010,2010,t,163.57,I,Imputed value,
QCL,Crops and livestock products,143,Morocco,5320,Producing Animals/Slaughtered,1098,"Edible offals of horses and other equines,  fresh, chilled or frozen",2010,2010,An,15000,E,Estimated value,
QCL,Crops and livestock products,143,Morocco,5510,Production,1098,"Edible offals of horses and other equines,  fresh, chilled or frozen",2011,2011,t,151.76,I,Imputed value,
QCL,Crops and livestock products,143,Morocco,5320,Producing Animals/Slaughtered,1098,"Edible offals of horses and other equines,  fresh, chilled or frozen",2011,2011,An,14500,E,Estimated value,
QCL,Crops and livestock products,143,Morocco,5510,Production,1098,"Edible offals of horses and other equines,  fresh, chilled or frozen",2012,2012,t,151.76,I,Imputed value,
QCL,Crops and livestock products,143,Morocco,5320,Producing Animals/Slaughtered,1098,"Edible offals of horses and other equines,  fresh, chilled or frozen",2012,2012,An,14200,E,Estimated value,
QCL,Crops and livestock products,143,Morocco,5510,Production,1098,"Edible offals of horses and other equines,  fresh, chilled or frozen",2013,2013,t,151.76,I,Imputed value,
QCL,Crops and livestock products,143,Morocco,5320,Producing Animals/Slaughtered,1098,"Edible offals of horses and other equines,  fresh, chilled or frozen",2013,2013,An,14500,E,Estimated value,
QCL,Crops and livestock products,143,Morocco,5510,Production,1098,"Edible offals of horses and other equines,  fresh, chilled or frozen",2014,2014,t,147.21,I,Imputed value,
QCL,Crops and livestock products,143,Morocco,5320,Producing Animals/Slaughtered,1098,"Edible offals of horses and other equines,  fresh, chilled or frozen",2014,2014,An,13952.19,I,Imputed value,
QCL,Crops and livestock products,143,Morocco,5510,Production,1098,"Edible offals of horses and other equines,  fresh, chilled or frozen",2015,2015,t,167.83,I,Imputed value,
QCL,Crops and livestock products,143,Morocco,5320,Producing Animals/Slaughtered,1098,"Edible offals of horses and other equines,  fresh, chilled or frozen",2015,2015,An,15730.53,I,Imputed value,
QCL,Crops and livestock products,143,Morocco,5510,Production,1098,"Edible offals of horses and other equines,  fresh, chilled or frozen",2016,2016,t,183.64,I,Imputed value,
QCL,Crops and livestock products,143,Morocco,5320,Producing Animals/Slaughtered,1098,"Edible offals of horses and other equines,  fresh, chilled or frozen",2016,2016,An,17189.76,I,Imputed value,
QCL,Crops and livestock products,143,Morocco,5510,Production,1098,"Edible offals of horses and other equines,  fresh, chilled or frozen",2017,2017,t,190.03,I,Imputed value,
QCL,Crops and livestock products,143,Morocco,5320,Producing Animals/Slaughtered,1098,"Edible offals of horses and other equines,  fresh, chilled or frozen",2017,2017,An,17804.49,I,Imputed value,
QCL,Crops and livestock products,143,Morocco,5510,Production,1098,"Edible offals of horses and other equines,  fresh, chilled or frozen",2018,2018,t,187.61,I,Imputed value,
QCL,Crops and livestock products,143,Morocco,5320,Producing Animals/Slaughtered,1098,"Edible offals of horses and other equines,  fresh, chilled or frozen",2018,2018,An,17580.54,I,Imputed value,
QCL,Crops and livestock products,143,Morocco,5510,Production,1098,"Edible offals of horses and other equines,  fresh, chilled or frozen",2019,2019,t,187.26,I,Imputed value,
QCL,Crops and livestock products,143,Morocco,5320,Producing Animals/Slaughtered,1098,"Edible offals of horses and other equines,  fresh, chilled or frozen",2019,2019,An,17545.13,I,Imputed value,
QCL,Crops and livestock products,143,Morocco,5510,Production,1098,"Edible offals of horses and other equines,  fresh, chilled or frozen",2020,2020,t,184.53,I,Imputed value,
QCL,Crops and livestock products,143,Morocco,5320,Producing Animals/Slaughtered,1098,"Edible offals of horses and other equines,  fresh, chilled or frozen",2020,2020,An,17326.01,I,Imputed value,
QCL,Crops and livestock products,143,Morocco,5510,Production,1098,"Edible offals of horses and other equines,  fresh, chilled or frozen",2021,2021,t,167.07,I,Imputed value,
QCL,Crops and livestock products,143,Morocco,5320,Producing Animals/Slaughtered,1098,"Edible offals of horses and other equines,  fresh, chilled or frozen",2021,2021,An,15687.07,I,Imputed value,
QCL,Crops and livestock products,143,Morocco,5510,Production,1098,"Edible offals of horses and other equines,  fresh, chilled or frozen",2022,2022,t,165.83,I,Imputed value,
QCL,Crops and livestock products,143,Morocco,5320,Producing Animals/Slaughtered,1098,"Edible offals of horses and other equines,  fresh, chilled or frozen",2022,2022,An,15570.99,I,Imputed value,
QCL,Crops and livestock products,143,Morocco,5312,Area harvested,149,"Edible roots and tubers with high starch or inulin content, n.e.c., fresh",1961,1961,ha,23,E,Estimated value,
QCL,Crops and livestock products,143,Morocco,5419,Yield,149,"Edible roots and tubers with high starch or inulin content, n.e.c., fresh",1961,1961,100 g/ha,65217,E,Estimated value,
QCL,Crops and livestock products,143,Morocco,5510,Production,149,"Edible roots and tubers with high starch or inulin content, n.e.c., fresh",1961,1961,t,150,E,Estimated value,
QCL,Crops and livestock products,143,Morocco,5312,Area harvested,149,"Edible roots and tubers with high starch or inulin content, n.e.c., fresh",1962,1962,ha,30,E,Estimated value,
QCL,Crops and livestock products,143,Morocco,5419,Yield,149,"Edible roots and tubers with high starch or inulin content, n.e.c., fresh",1962,1962,100 g/ha,66667,E,Estimated value,
QCL,Crops and livestock products,143,Morocco,5510,Production,149,"Edible roots and tubers with high starch or inulin content, n.e.c., fresh",1962,1962,t,200,E,Estimated value,
QCL,Crops and livestock products,143,Morocco,5312,Area harvested,149,"Edible roots and tubers with high starch or inulin content, n.e.c., fresh",1963,1963,ha,23,E,Estimated value,
QCL,Crops and livestock products,143,Morocco,5419,Yield,149,"Edible roots and tubers with high starch or inulin content, n.e.c., fresh",1963,1963,100 g/ha,65217,E,Estimated value,
QCL,Crops and livestock products,143,Morocco,5510,Production,149,"Edible roots and tubers with high starch or inulin content, n.e.c., fresh",1963,1963,t,150,E,Estimated value,
QCL,Crops and livestock products,143,Morocco,5312,Area harvested,149,"Edible roots and tubers with high starch or inulin content, n.e.c., fresh",1964,1964,ha,15,E,Estimated value,
QCL,Crops and livestock products,143,Morocco,5419,Yield,149,"Edible roots and tubers with high starch or inulin content, n.e.c., fresh",1964,1964,100 g/ha,66667,E,Estimated value,
QCL,Crops and livestock products,143,Morocco,5510,Production,149,"Edible roots and tubers with high starch or inulin content, n.e.c., fresh",1964,1964,t,100,E,Estimated value,
QCL,Crops and livestock products,143,Morocco,5312,Area harvested,149,"Edible roots and tubers with high starch or inulin content, n.e.c., fresh",1965,1965,ha,15,E,Estimated value,
QCL,Crops and livestock products,143,Morocco,5419,Yield,149,"Edible roots and tubers with high starch or inulin content, n.e.c., fresh",1965,1965,100 g/ha,66667,E,Estimated value,
QCL,Crops and livestock products,143,Morocco,5510,Production,149,"Edible roots and tubers with high starch or inulin content, n.e.c., fresh",1965,1965,t,100,E,Estimated value,
QCL,Crops and livestock products,143,Morocco,5312,Area harvested,149,"Edible roots and tubers with high starch or inulin content, n.e.c., fresh",1966,1966,ha,15,E,Estimated value,
QCL,Crops and livestock products,143,Morocco,5419,Yield,149,"Edible roots and tubers with high starch or inulin content, n.e.c., fresh",1966,1966,100 g/ha,66667,E,Estimated value,
QCL,Crops and livestock products,143,Morocco,5510,Production,149,"Edible roots and tubers with high starch or inulin content, n.e.c., fresh",1966,1966,t,100,E,Estimated value,
QCL,Crops and livestock products,143,Morocco,5312,Area harvested,149,"Edible roots and tubers with high starch or inulin content, n.e.c., fresh",1967,1967,ha,15,E,Estimated value,
QCL,Crops and livestock products,143,Morocco,5419,Yield,149,"Edible roots and tubers with high starch or inulin content, n.e.c., fresh",1967,1967,100 g/ha,66667,E,Estimated value,
QCL,Crops and livestock products,143,Morocco,5510,Production,149,"Edible roots and tubers with high starch or inulin content, n.e.c., fresh",1967,1967,t,100,E,Estimated value,
QCL,Crops and livestock products,143,Morocco,5312,Area harvested,149,"Edible roots and tubers with high starch or inulin content, n.e.c., fresh",1968,1968,ha,15,E,Estimated value,
QCL,Crops and livestock products,143,Morocco,5419,Yield,149,"Edible roots and tubers with high starch or inulin content, n.e.c., fresh",1968,1968,100 g/ha,66667,E,Estimated value,
QCL,Crops and livestock products,143,Morocco,5510,Production,149,"Edible roots and tubers with high starch or inulin content, n.e.c., fresh",1968,1968,t,100,E,Estimated value,
QCL,Crops and livestock products,143,Morocco,5312,Area harvested,149,"Edible roots and tubers with high starch or inulin content, n.e.c., fresh",1969,1969,ha,15,E,Estimated value,
QCL,Crops and livestock products,143,Morocco,5419,Yield,149,"Edible roots and tubers with high starch or inulin content, n.e.c., fresh",1969,1969,100 g/ha,66667,E,Estimated value,
QCL,Crops and livestock products,143,Morocco,5510,Production,149,"Edible roots and tubers with high starch or inulin content, n.e.c., fresh",1969,1969,t,100,E,Estimated value,
QCL,Crops and livestock products,143,Morocco,5312,Area harvested,149,"Edible roots and tubers with high starch or inulin content, n.e.c., fresh",1970,1970,ha,23,E,Estimated value,
QCL,Crops and livestock products,143,Morocco,5419,Yield,149,"Edible roots and tubers with high starch or inulin content, n.e.c., fresh",1970,1970,100 g/ha,65217,E,Estimated value,
QCL,Crops and livestock products,143,Morocco,5510,Production,149,"Edible roots and tubers with high starch or inulin content, n.e.c., fresh",1970,1970,t,150,E,Estimated value,
QCL,Crops and livestock products,143,Morocco,5312,Area harvested,149,"Edible roots and tubers with high starch or inulin content, n.e.c., fresh",1971,1971,ha,15,E,Estimated value,
QCL,Crops and livestock products,143,Morocco,5419,Yield,149,"Edible roots and tubers with high starch or inulin content, n.e.c., fresh",1971,1971,100 g/ha,66667,E,Estimated value,
QCL,Crops and livestock products,143,Morocco,5510,Production,149,"Edible roots and tubers with high starch or inulin content, n.e.c., fresh",1971,1971,t,100,E,Estimated value,
QCL,Crops and livestock products,143,Morocco,5312,Area harvested,149,"Edible roots and tubers with high starch or inulin content, n.e.c., fresh",1972,1972,ha,15,E,Estimated value,
QCL,Crops and livestock products,143,Morocco,5419,Yield,149,"Edible roots and tubers with high starch or inulin content, n.e.c., fresh",1972,1972,100 g/ha,66667,E,Estimated value,
QCL,Crops and livestock products,143,Morocco,5510,Production,149,"Edible roots and tubers with high starch or inulin content, n.e.c., fresh",1972,1972,t,100,E,Estimated value,
QCL,Crops and livestock products,143,Morocco,5312,Area harvested,149,"Edible roots and tubers with high starch or inulin content, n.e.c., fresh",1973,1973,ha,15,E,Estimated value,
QCL,Crops and livestock products,143,Morocco,5419,Yield,149,"Edible roots and tubers with high starch or inulin content, n.e.c., fresh",1973,1973,100 g/ha,66667,E,Estimated value,
QCL,Crops and livestock products,143,Morocco,5510,Production,149,"Edible roots and tubers with high starch or inulin content, n.e.c., fresh",1973,1973,t,100,E,Estimated value,
QCL,Crops and livestock products,143,Morocco,5312,Area harvested,149,"Edible roots and tubers with high starch or inulin content, n.e.c., fresh",1974,1974,ha,12,E,Estimated value,
QCL,Crops and livestock products,143,Morocco,5419,Yield,149,"Edible roots and tubers with high starch or inulin content, n.e.c., fresh",1974,1974,100 g/ha,66667,E,Estimated value,
QCL,Crops and livestock products,143,Morocco,5510,Production,149,"Edible roots and tubers with high starch or inulin content, n.e.c., fresh",1974,1974,t,80,E,Estimated value,
QCL,Crops and livestock products,143,Morocco,5312,Area harvested,149,"Edible roots and tubers with high starch or inulin content, n.e.c., fresh",1975,1975,ha,12,E,Estimated value,
QCL,Crops and livestock products,143,Morocco,5419,Yield,149,"Edible roots and tubers with high starch or inulin content, n.e.c., fresh",1975,1975,100 g/ha,66667,E,Estimated value,
QCL,Crops and livestock products,143,Morocco,5510,Production,149,"Edible roots and tubers with high starch or inulin content, n.e.c., fresh",1975,1975,t,80,E,Estimated value,
QCL,Crops and livestock products,143,Morocco,5312,Area harvested,149,"Edible roots and tubers with high starch or inulin content, n.e.c., fresh",1976,1976,ha,12,E,Estimated value,
QCL,Crops and livestock products,143,Morocco,5419,Yield,149,"Edible roots and tubers with high starch or inulin content, n.e.c., fresh",1976,1976,100 g/ha,66667,E,Estimated value,
QCL,Crops and livestock products,143,Morocco,5510,Production,149,"Edible roots and tubers with high starch or inulin content, n.e.c., fresh",1976,1976,t,80,E,Estimated value,
QCL,Crops and livestock products,143,Morocco,5312,Area harvested,149,"Edible roots and tubers with high starch or inulin content, n.e.c., fresh",1977,1977,ha,12,E,Estimated value,
QCL,Crops and livestock products,143,Morocco,5419,Yield,149,"Edible roots and tubers with high starch or inulin content, n.e.c., fresh",1977,1977,100 g/ha,66667,E,Estimated value,
QCL,Crops and livestock products,143,Morocco,5510,Production,149,"Edible roots and tubers with high starch or inulin content, n.e.c., fresh",1977,1977,t,80,E,Estimated value,
QCL,Crops and livestock products,143,Morocco,5312,Area harvested,149,"Edible roots and tubers with high starch or inulin content, n.e.c., fresh",1978,1978,ha,12,E,Estimated value,
QCL,Crops and livestock products,143,Morocco,5419,Yield,149,"Edible roots and tubers with high starch or inulin content, n.e.c., fresh",1978,1978,100 g/ha,66667,E,Estimated value,
QCL,Crops and livestock products,143,Morocco,5510,Production,149,"Edible roots and tubers with high starch or inulin content, n.e.c., fresh",1978,1978,t,80,E,Estimated value,
QCL,Crops and livestock products,143,Morocco,5312,Area harvested,149,"Edible roots and tubers with high starch or inulin content, n.e.c., fresh",1979,1979,ha,12,E,Estimated value,
QCL,Crops and livestock products,143,Morocco,5419,Yield,149,"Edible roots and tubers with high starch or inulin content, n.e.c., fresh",1979,1979,100 g/ha,66667,E,Estimated value,
QCL,Crops and livestock products,143,Morocco,5510,Production,149,"Edible roots and tubers with high starch or inulin content, n.e.c., fresh",1979,1979,t,80,E,Estimated value,
QCL,Crops and livestock products,143,Morocco,5312,Area harvested,149,"Edible roots and tubers with high starch or inulin content, n.e.c., fresh",1980,1980,ha,12,E,Estimated value,
QCL,Crops and livestock products,143,Morocco,5419,Yield,149,"Edible roots and tubers with high starch or inulin content, n.e.c., fresh",1980,1980,100 g/ha,66667,E,Estimated value,
QCL,Crops and livestock products,143,Morocco,5510,Production,149,"Edible roots and tubers with high starch or inulin content, n.e.c., fresh",1980,1980,t,80,E,Estimated value,
QCL,Crops and livestock products,143,Morocco,5312,Area harvested,149,"Edible roots and tubers with high starch or inulin content, n.e.c., fresh",1981,1981,ha,12,E,Estimated value,
QCL,Crops and livestock products,143,Morocco,5419,Yield,149,"Edible roots and tubers with high starch or inulin content, n.e.c., fresh",1981,1981,100 g/ha,66667,E,Estimated value,
QCL,Crops and livestock products,143,Morocco,5510,Production,149,"Edible roots and tubers with high starch or inulin content, n.e.c., fresh",1981,1981,t,80,E,Estimated value,
QCL,Crops and livestock products,143,Morocco,5312,Area harvested,149,"Edible roots and tubers with high starch or inulin content, n.e.c., fresh",1982,1982,ha,12,E,Estimated value,
QCL,Crops and livestock products,143,Morocco,5419,Yield,149,"Edible roots and tubers with high starch or inulin content, n.e.c., fresh",1982,1982,100 g/ha,66667,E,Estimated value,
QCL,Crops and livestock products,143,Morocco,5510,Production,149,"Edible roots and tubers with high starch or inulin content, n.e.c., fresh",1982,1982,t,80,E,Estimated value,
QCL,Crops and livestock products,143,Morocco,5312,Area harvested,149,"Edible roots and tubers with high starch or inulin content, n.e.c., fresh",1983,1983,ha,12,E,Estimated value,
QCL,Crops and livestock products,143,Morocco,5419,Yield,149,"Edible roots and tubers with high starch or inulin content, n.e.c., fresh",1983,1983,100 g/ha,66667,E,Estimated value,
QCL,Crops and livestock products,143,Morocco,5510,Production,149,"Edible roots and tubers with high starch or inulin content, n.e.c., fresh",1983,1983,t,80,E,Estimated value,
QCL,Crops and livestock products,143,Morocco,5312,Area harvested,149,"Edible roots and tubers with high starch or inulin content, n.e.c., fresh",1984,1984,ha,12,E,Estimated value,
QCL,Crops and livestock products,143,Morocco,5419,Yield,149,"Edible roots and tubers with high starch or inulin content, n.e.c., fresh",1984,1984,100 g/ha,66667,E,Estimated value,
QCL,Crops and livestock products,143,Morocco,5510,Production,149,"Edible roots and tubers with high starch or inulin content, n.e.c., fresh",1984,1984,t,80,E,Estimated value,
QCL,Crops and livestock products,143,Morocco,5312,Area harvested,149,"Edible roots and tubers with high starch or inulin content, n.e.c., fresh",1985,1985,ha,12,E,Estimated value,
QCL,Crops and livestock products,143,Morocco,5419,Yield,149,"Edible roots and tubers with high starch or inulin content, n.e.c., fresh",1985,1985,100 g/ha,66667,E,Estimated value,
QCL,Crops and livestock products,143,Morocco,5510,Production,149,"Edible roots and tubers with high starch or inulin content, n.e.c., fresh",1985,1985,t,80,E,Estimated value,
QCL,Crops and livestock products,143,Morocco,5312,Area harvested,149,"Edible roots and tubers with high starch or inulin content, n.e.c., fresh",1986,1986,ha,12,E,Estimated value,
QCL,Crops and livestock products,143,Morocco,5419,Yield,149,"Edible roots and tubers with high starch or inulin content, n.e.c., fresh",1986,1986,100 g/ha,66667,E,Estimated value,
QCL,Crops and livestock products,143,Morocco,5510,Production,149,"Edible roots and tubers with high starch or inulin content, n.e.c., fresh",1986,1986,t,80,E,Estimated value,
QCL,Crops and livestock products,143,Morocco,5312,Area harvested,149,"Edible roots and tubers with high starch or inulin content, n.e.c., fresh",1987,1987,ha,12,E,Estimated value,
QCL,Crops and livestock products,143,Morocco,5419,Yield,149,"Edible roots and tubers with high starch or inulin content, n.e.c., fresh",1987,1987,100 g/ha,68333,E,Estimated value,
QCL,Crops and livestock products,143,Morocco,5510,Production,149,"Edible roots and tubers with high starch or inulin content, n.e.c., fresh",1987,1987,t,82,E,Estimated value,
QCL,Crops and livestock products,143,Morocco,5312,Area harvested,149,"Edible roots and tubers with high starch or inulin content, n.e.c., fresh",1988,1988,ha,12,E,Estimated value,
QCL,Crops and livestock products,143,Morocco,5419,Yield,149,"Edible roots and tubers with high starch or inulin content, n.e.c., fresh",1988,1988,100 g/ha,68333,E,Estimated value,
QCL,Crops and livestock products,143,Morocco,5510,Production,149,"Edible roots and tubers with high starch or inulin content, n.e.c., fresh",1988,1988,t,82,E,Estimated value,
QCL,Crops and livestock products,143,Morocco,5312,Area harvested,149,"Edible roots and tubers with high starch or inulin content, n.e.c., fresh",1989,1989,ha,12,E,Estimated value,
QCL,Crops and livestock products,143,Morocco,5419,Yield,149,"Edible roots and tubers with high starch or inulin content, n.e.c., fresh",1989,1989,100 g/ha,68333,E,Estimated value,
QCL,Crops and livestock products,143,Morocco,5510,Production,149,"Edible roots and tubers with high starch or inulin content, n.e.c., fresh",1989,1989,t,82,E,Estimated value,
QCL,Crops and livestock products,143,Morocco,5312,Area harvested,149,"Edible roots and tubers with high starch or inulin content, n.e.c., fresh",1990,1990,ha,11,E,Estimated value,
QCL,Crops and livestock products,143,Morocco,5419,Yield,149,"Edible roots and tubers with high starch or inulin content, n.e.c., fresh",1990,1990,100 g/ha,72727,E,Estimated value,
QCL,Crops and livestock products,143,Morocco,5510,Production,149,"Edible roots and tubers with high starch or inulin content, n.e.c., fresh",1990,1990,t,80,E,Estimated value,
QCL,Crops and livestock products,143,Morocco,5312,Area harvested,149,"Edible roots and tubers with high starch or inulin content, n.e.c., fresh",1991,1991,ha,9,I,Imputed value,
QCL,Crops and livestock products,143,Morocco,5419,Yield,149,"Edible roots and tubers with high starch or inulin content, n.e.c., fresh",1991,1991,100 g/ha,69277,E,Estimated value,
QCL,Crops and livestock products,143,Morocco,5510,Production,149,"Edible roots and tubers with high starch or inulin content, n.e.c., fresh",1991,1991,t,64.22,I,Imputed value,
QCL,Crops and livestock products,143,Morocco,5312,Area harvested,149,"Edible roots and tubers with high starch or inulin content, n.e.c., fresh",1992,1992,ha,10,I,Imputed value,
QCL,Crops and livestock products,143,Morocco,5419,Yield,149,"Edible roots and tubers with high starch or inulin content, n.e.c., fresh",1992,1992,100 g/ha,69148,E,Estimated value,
QCL,Crops and livestock products,143,Morocco,5510,Production,149,"Edible roots and tubers with high starch or inulin content, n.e.c., fresh",1992,1992,t,67.18,I,Imputed value,
QCL,Crops and livestock products,143,Morocco,5312,Area harvested,149,"Edible roots and tubers with high starch or inulin content, n.e.c., fresh",1993,1993,ha,10,I,Imputed value,
QCL,Crops and livestock products,143,Morocco,5419,Yield,149,"Edible roots and tubers with high starch or inulin content, n.e.c., fresh",1993,1993,100 g/ha,69019,E,Estimated value,
QCL,Crops and livestock products,143,Morocco,5510,Production,149,"Edible roots and tubers with high starch or inulin content, n.e.c., fresh",1993,1993,t,70.13,I,Imputed value,
QCL,Crops and livestock products,143,Morocco,5312,Area harvested,149,"Edible roots and tubers with high starch or inulin content, n.e.c., fresh",1994,1994,ha,11,I,Imputed value,
QCL,Crops and livestock products,143,Morocco,5419,Yield,149,"Edible roots and tubers with high starch or inulin content, n.e.c., fresh",1994,1994,100 g/ha,68890,E,Estimated value,
QCL,Crops and livestock products,143,Morocco,5510,Production,149,"Edible roots and tubers with high starch or inulin content, n.e.c., fresh",1994,1994,t,73.32,I,Imputed value,
QCL,Crops and livestock products,143,Morocco,5312,Area harvested,149,"Edible roots and tubers with high starch or inulin content, n.e.c., fresh",1995,1995,ha,11,I,Imputed value,
QCL,Crops and livestock products,143,Morocco,5419,Yield,149,"Edible roots and tubers with high starch or inulin content, n.e.c., fresh",1995,1995,100 g/ha,68761,E,Estimated value,
QCL,Crops and livestock products,143,Morocco,5510,Production,149,"Edible roots and tubers with high starch or inulin content, n.e.c., fresh",1995,1995,t,76.2,I,Imputed value,
QCL,Crops and livestock products,143,Morocco,5312,Area harvested,149,"Edible roots and tubers with high starch or inulin content, n.e.c., fresh",1996,1996,ha,12,I,Imputed value,
QCL,Crops and livestock products,143,Morocco,5419,Yield,149,"Edible roots and tubers with high starch or inulin content, n.e.c., fresh",1996,1996,100 g/ha,68632,E,Estimated value,
QCL,Crops and livestock products,143,Morocco,5510,Production,149,"Edible roots and tubers with high starch or inulin content, n.e.c., fresh",1996,1996,t,80,E,Estimated value,
QCL,Crops and livestock products,143,Morocco,5312,Area harvested,149,"Edible roots and tubers with high starch or inulin content, n.e.c., fresh",1997,1997,ha,12,I,Imputed value,
QCL,Crops and livestock products,143,Morocco,5419,Yield,149,"Edible roots and tubers with high starch or inulin content, n.e.c., fresh",1997,1997,100 g/ha,68503,E,Estimated value,
QCL,Crops and livestock products,143,Morocco,5510,Production,149,"Edible roots and tubers with high starch or inulin content, n.e.c., fresh",1997,1997,t,81.97,I,Imputed value,
QCL,Crops and livestock products,143,Morocco,5312,Area harvested,149,"Edible roots and tubers with high starch or inulin content, n.e.c., fresh",1998,1998,ha,12,I,Imputed value,
QCL,Crops and livestock products,143,Morocco,5419,Yield,149,"Edible roots and tubers with high starch or inulin content, n.e.c., fresh",1998,1998,100 g/ha,68374,E,Estimated value,
QCL,Crops and livestock products,143,Morocco,5510,Production,149,"Edible roots and tubers with high starch or inulin content, n.e.c., fresh",1998,1998,t,84.87,I,Imputed value,
QCL,Crops and livestock products,143,Morocco,5312,Area harvested,149,"Edible roots and tubers with high starch or inulin content, n.e.c., fresh",1999,1999,ha,13,I,Imputed value,
QCL,Crops and livestock products,143,Morocco,5419,Yield,149,"Edible roots and tubers with high starch or inulin content, n.e.c., fresh",1999,1999,100 g/ha,68245,E,Estimated value,
QCL,Crops and livestock products,143,Morocco,5510,Production,149,"Edible roots and tubers with high starch or inulin content, n.e.c., fresh",1999,1999,t,87.77,I,Imputed value,
QCL,Crops and livestock products,143,Morocco,5312,Area harvested,149,"Edible roots and tubers with high starch or inulin content, n.e.c., fresh",2000,2000,ha,13,I,Imputed value,
QCL,Crops and livestock products,143,Morocco,5419,Yield,149,"Edible roots and tubers with high starch or inulin content, n.e.c., fresh",2000,2000,100 g/ha,68116,E,Estimated value,
QCL,Crops and livestock products,143,Morocco,5510,Production,149,"Edible roots and tubers with high starch or inulin content, n.e.c., fresh",2000,2000,t,90.68,I,Imputed value,
QCL,Crops and livestock products,143,Morocco,5312,Area harvested,149,"Edible roots and tubers with high starch or inulin content, n.e.c., fresh",2001,2001,ha,14,I,Imputed value,
QCL,Crops and livestock products,143,Morocco,5419,Yield,149,"Edible roots and tubers with high starch or inulin content, n.e.c., fresh",2001,2001,100 g/ha,67987,E,Estimated value,
QCL,Crops and livestock products,143,Morocco,5510,Production,149,"Edible roots and tubers with high starch or inulin content, n.e.c., fresh",2001,2001,t,93.59,I,Imputed value,
QCL,Crops and livestock products,143,Morocco,5312,Area harvested,149,"Edible roots and tubers with high starch or inulin content, n.e.c., fresh",2002,2002,ha,14,I,Imputed value,
QCL,Crops and livestock products,143,Morocco,5419,Yield,149,"Edible roots and tubers with high starch or inulin content, n.e.c., fresh",2002,2002,100 g/ha,67858,E,Estimated value,
QCL,Crops and livestock products,143,Morocco,5510,Production,149,"Edible roots and tubers with high starch or inulin content, n.e.c., fresh",2002,2002,t,96.52,I,Imputed value,
QCL,Crops and livestock products,143,Morocco,5312,Area harvested,149,"Edible roots and tubers with high starch or inulin content, n.e.c., fresh",2003,2003,ha,15,I,Imputed value,
QCL,Crops and livestock products,143,Morocco,5419,Yield,149,"Edible roots and tubers with high starch or inulin content, n.e.c., fresh",2003,2003,100 g/ha,67729,E,Estimated value,
QCL,Crops and livestock products,143,Morocco,5510,Production,149,"Edible roots and tubers with high starch or inulin content, n.e.c., fresh",2003,2003,t,99.44,I,Imputed value,
QCL,Crops and livestock products,143,Morocco,5312,Area harvested,149,"Edible roots and tubers with high starch or inulin content, n.e.c., fresh",2004,2004,ha,15,I,Imputed value,
QCL,Crops and livestock products,143,Morocco,5419,Yield,149,"Edible roots and tubers with high starch or inulin content, n.e.c., fresh",2004,2004,100 g/ha,67528,E,Estimated value,
QCL,Crops and livestock products,143,Morocco,5510,Production,149,"Edible roots and tubers with high starch or inulin content, n.e.c., fresh",2004,2004,t,102.38,I,Imputed value,
QCL,Crops and livestock products,143,Morocco,5312,Area harvested,149,"Edible roots and tubers with high starch or inulin content, n.e.c., fresh",2005,2005,ha,16,I,Imputed value,
QCL,Crops and livestock products,143,Morocco,5419,Yield,149,"Edible roots and tubers with high starch or inulin content, n.e.c., fresh",2005,2005,100 g/ha,67254,E,Estimated value,
QCL,Crops and livestock products,143,Morocco,5510,Production,149,"Edible roots and tubers with high starch or inulin content, n.e.c., fresh",2005,2005,t,105.33,I,Imputed value,
QCL,Crops and livestock products,143,Morocco,5312,Area harvested,149,"Edible roots and tubers with high starch or inulin content, n.e.c., fresh",2006,2006,ha,16,I,Imputed value,
QCL,Crops and livestock products,143,Morocco,5419,Yield,149,"Edible roots and tubers with high starch or inulin content, n.e.c., fresh",2006,2006,100 g/ha,66979,E,Estimated value,
QCL,Crops and livestock products,143,Morocco,5510,Production,149,"Edible roots and tubers with high starch or inulin content, n.e.c., fresh",2006,2006,t,108.28,I,Imputed value,
QCL,Crops and livestock products,143,Morocco,5312,Area harvested,149,"Edible roots and tubers with high starch or inulin content, n.e.c., fresh",2007,2007,ha,17,I,Imputed value,
QCL,Crops and livestock products,143,Morocco,5419,Yield,149,"Edible roots and tubers with high starch or inulin content, n.e.c., fresh",2007,2007,100 g/ha,66705,E,Estimated value,
QCL,Crops and livestock products,143,Morocco,5510,Production,149,"Edible roots and tubers with high starch or inulin content, n.e.c., fresh",2007,2007,t,111.24,I,Imputed value,
QCL,Crops and livestock products,143,Morocco,5312,Area harvested,149,"Edible roots and tubers with high starch or inulin content, n.e.c., fresh",2008,2008,ha,17,I,Imputed value,
QCL,Crops and livestock products,143,Morocco,5419,Yield,149,"Edible roots and tubers with high starch or inulin content, n.e.c., fresh",2008,2008,100 g/ha,66431,E,Estimated value,
QCL,Crops and livestock products,143,Morocco,5510,Production,149,"Edible roots and tubers with high starch or inulin content, n.e.c., fresh",2008,2008,t,114.21,I,Imputed value,
QCL,Crops and livestock products,143,Morocco,5312,Area harvested,149,"Edible roots and tubers with high starch or inulin content, n.e.c., fresh",2009,2009,ha,18,I,Imputed value,
QCL,Crops and livestock products,143,Morocco,5419,Yield,149,"Edible roots and tubers with high starch or inulin content, n.e.c., fresh",2009,2009,100 g/ha,66157,E,Estimated value,
QCL,Crops and livestock products,143,Morocco,5510,Production,149,"Edible roots and tubers with high starch or inulin content, n.e.c., fresh",2009,2009,t,117.19,I,Imputed value,
QCL,Crops and livestock products,143,Morocco,5312,Area harvested,149,"Edible roots and tubers with high starch or inulin content, n.e.c., fresh",2010,2010,ha,18,I,Imputed value,
QCL,Crops and livestock products,143,Morocco,5419,Yield,149,"Edible roots and tubers with high starch or inulin content, n.e.c., fresh",2010,2010,100 g/ha,66283,E,Estimated value,
QCL,Crops and livestock products,143,Morocco,5510,Production,149,"Edible roots and tubers with high starch or inulin content, n.e.c., fresh",2010,2010,t,120.18,I,Imputed value,
QCL,Crops and livestock products,143,Morocco,5312,Area harvested,149,"Edible roots and tubers with high starch or inulin content, n.e.c., fresh",2011,2011,ha,19,I,Imputed value,
QCL,Crops and livestock products,143,Morocco,5419,Yield,149,"Edible roots and tubers with high starch or inulin content, n.e.c., fresh",2011,2011,100 g/ha,65978,E,Estimated value,
QCL,Crops and livestock products,143,Morocco,5510,Production,149,"Edible roots and tubers with high starch or inulin content, n.e.c., fresh",2011,2011,t,123.18,I,Imputed value,
QCL,Crops and livestock products,143,Morocco,5312,Area harvested,149,"Edible roots and tubers with high starch or inulin content, n.e.c., fresh",2012,2012,ha,19,E,Estimated value,
QCL,Crops and livestock products,143,Morocco,5419,Yield,149,"Edible roots and tubers with high starch or inulin content, n.e.c., fresh",2012,2012,100 g/ha,65789,E,Estimated value,
QCL,Crops and livestock products,143,Morocco,5510,Production,149,"Edible roots and tubers with high starch or inulin content, n.e.c., fresh",2012,2012,t,125,E,Estimated value,
QCL,Crops and livestock products,143,Morocco,5312,Area harvested,149,"Edible roots and tubers with high starch or inulin content, n.e.c., fresh",2013,2013,ha,20,E,Estimated value,
QCL,Crops and livestock products,143,Morocco,5419,Yield,149,"Edible roots and tubers with high starch or inulin content, n.e.c., fresh",2013,2013,100 g/ha,65000,E,Estimated value,
QCL,Crops and livestock products,143,Morocco,5510,Production,149,"Edible roots and tubers with high starch or inulin content, n.e.c., fresh",2013,2013,t,130,E,Estimated value,
QCL,Crops and livestock products,143,Morocco,5312,Area harvested,149,"Edible roots and tubers with high starch or inulin content, n.e.c., fresh",2014,2014,ha,20,I,Imputed value,
QCL,Crops and livestock products,143,Morocco,5419,Yield,149,"Edible roots and tubers with high starch or inulin content, n.e.c., fresh",2014,2014,100 g/ha,64792,E,Estimated value,
QCL,Crops and livestock products,143,Morocco,5510,Production,149,"Edible roots and tubers with high starch or inulin content, n.e.c., fresh",2014,2014,t,132.2,I,Imputed value,
QCL,Crops and livestock products,143,Morocco,5312,Area harvested,149,"Edible roots and tubers with high starch or inulin content, n.e.c., fresh",2015,2015,ha,21,I,Imputed value,
QCL,Crops and livestock products,143,Morocco,5419,Yield,149,"Edible roots and tubers with high starch or inulin content, n.e.c., fresh",2015,2015,100 g/ha,65142,E,Estimated value,
QCL,Crops and livestock products,143,Morocco,5510,Production,149,"Edible roots and tubers with high starch or inulin content, n.e.c., fresh",2015,2015,t,134.88,I,Imputed value,
QCL,Crops and livestock products,143,Morocco,5312,Area harvested,149,"Edible roots and tubers with high starch or inulin content, n.e.c., fresh",2016,2016,ha,21,I,Imputed value,
QCL,Crops and livestock products,143,Morocco,5419,Yield,149,"Edible roots and tubers with high starch or inulin content, n.e.c., fresh",2016,2016,100 g/ha,64931,E,Estimated value,
QCL,Crops and livestock products,143,Morocco,5510,Production,149,"Edible roots and tubers with high starch or inulin content, n.e.c., fresh",2016,2016,t,137.73,I,Imputed value,
QCL,Crops and livestock products,143,Morocco,5312,Area harvested,149,"Edible roots and tubers with high starch or inulin content, n.e.c., fresh",2017,2017,ha,22,I,Imputed value,
QCL,Crops and livestock products,143,Morocco,5419,Yield,149,"Edible roots and tubers with high starch or inulin content, n.e.c., fresh",2017,2017,100 g/ha,64534,E,Estimated value,
QCL,Crops and livestock products,143,Morocco,5510,Production,149,"Edible roots and tubers with high starch or inulin content, n.e.c., fresh",2017,2017,t,140.68,I,Imputed value,
QCL,Crops and livestock products,143,Morocco,5312,Area harvested,149,"Edible roots and tubers with high starch or inulin content, n.e.c., fresh",2018,2018,ha,21,E,Estimated value,
QCL,Crops and livestock products,143,Morocco,5419,Yield,149,"Edible roots and tubers with high starch or inulin content, n.e.c., fresh",2018,2018,100 g/ha,67623,E,Estimated value,
QCL,Crops and livestock products,143,Morocco,5510,Production,149,"Edible roots and tubers with high starch or inulin content, n.e.c., fresh",2018,2018,t,143.62,I,Imputed value,
QCL,Crops and livestock products,143,Morocco,5312,Area harvested,149,"Edible roots and tubers with high starch or inulin content, n.e.c., fresh",2019,2019,ha,21,E,Estimated value,
QCL,Crops and livestock products,143,Morocco,5419,Yield,149,"Edible roots and tubers with high starch or inulin content, n.e.c., fresh",2019,2019,100 g/ha,65686,E,Estimated value,
QCL,Crops and livestock products,143,Morocco,5510,Production,149,"Edible roots and tubers with high starch or inulin content, n.e.c., fresh",2019,2019,t,140.67,E,Estimated value,
QCL,Crops and livestock products,143,Morocco,5312,Area harvested,149,"Edible roots and tubers with high starch or inulin content, n.e.c., fresh",2020,2020,ha,21,E,Estimated value,
QCL,Crops and livestock products,143,Morocco,5419,Yield,149,"Edible roots and tubers with high starch or inulin content, n.e.c., fresh",2020,2020,100 g/ha,65934,E,Estimated value,
QCL,Crops and livestock products,143,Morocco,5510,Production,149,"Edible roots and tubers with high starch or inulin content, n.e.c., fresh",2020,2020,t,141.66,E,Estimated value,
QCL,Crops and livestock products,143,Morocco,5312,Area harvested,149,"Edible roots and tubers with high starch or inulin content, n.e.c., fresh",2021,2021,ha,21,E,Estimated value,
QCL,Crops and livestock products,143,Morocco,5419,Yield,149,"Edible roots and tubers with high starch or inulin content, n.e.c., fresh",2021,2021,100 g/ha,66410,E,Estimated value,
QCL,Crops and livestock products,143,Morocco,5510,Production,149,"Edible roots and tubers with high starch or inulin content, n.e.c., fresh",2021,2021,t,141.98,E,Estimated value,
QCL,Crops and livestock products,143,Morocco,5312,Area harvested,149,"Edible roots and tubers with high starch or inulin content, n.e.c., fresh",2022,2022,ha,21,E,Estimated value,
QCL,Crops and livestock products,143,Morocco,5419,Yield,149,"Edible roots and tubers with high starch or inulin content, n.e.c., fresh",2022,2022,100 g/ha,66010,E,Estimated value,
QCL,Crops and livestock products,143,Morocco,5510,Production,149,"Edible roots and tubers with high starch or inulin content, n.e.c., fresh",2022,2022,t,141.44,E,Estimated value,
QCL,Crops and livestock products,143,Morocco,5312,Area harvested,399,Eggplants (aubergines),1961,1961,ha,150,E,Estimated value,
QCL,Crops and livestock products,143,Morocco,5419,Yield,399,Eggplants (aubergines),1961,1961,100 g/ha,140000,E,Estimated value,
QCL,Crops and livestock products,143,Morocco,5510,Production,399,Eggplants (aubergines),1961,1961,t,2100,E,Estimated value,
QCL,Crops and livestock products,143,Morocco,5312,Area harvested,399,Eggplants (aubergines),1962,1962,ha,170,E,Estimated value,
QCL,Crops and livestock products,143,Morocco,5419,Yield,399,Eggplants (aubergines),1962,1962,100 g/ha,147059,E,Estimated value,
QCL,Crops and livestock products,143,Morocco,5510,Production,399,Eggplants (aubergines),1962,1962,t,2500,E,Estimated value,
QCL,Crops and livestock products,143,Morocco,5312,Area harvested,399,Eggplants (aubergines),1963,1963,ha,170,E,Estimated value,
QCL,Crops and livestock products,143,Morocco,5419,Yield,399,Eggplants (aubergines),1963,1963,100 g/ha,147059,E,Estimated value,
QCL,Crops and livestock products,143,Morocco,5510,Production,399,Eggplants (aubergines),1963,1963,t,2500,E,Estimated value,
QCL,Crops and livestock products,143,Morocco,5312,Area harvested,399,Eggplants (aubergines),1964,1964,ha,170,E,Estimated value,
QCL,Crops and livestock products,143,Morocco,5419,Yield,399,Eggplants (aubergines),1964,1964,100 g/ha,147059,E,Estimated value,
QCL,Crops and livestock products,143,Morocco,5510,Production,399,Eggplants (aubergines),1964,1964,t,2500,E,Estimated value,
QCL,Crops and livestock products,143,Morocco,5312,Area harvested,399,Eggplants (aubergines),1965,1965,ha,240,E,Estimated value,
QCL,Crops and livestock products,143,Morocco,5419,Yield,399,Eggplants (aubergines),1965,1965,100 g/ha,145833,E,Estimated value,
QCL,Crops and livestock products,143,Morocco,5510,Production,399,Eggplants (aubergines),1965,1965,t,3500,E,Estimated value,
QCL,Crops and livestock products,143,Morocco,5312,Area harvested,399,Eggplants (aubergines),1966,1966,ha,280,E,Estimated value,
QCL,Crops and livestock products,143,Morocco,5419,Yield,399,Eggplants (aubergines),1966,1966,100 g/ha,142857,E,Estimated value,
QCL,Crops and livestock products,143,Morocco,5510,Production,399,Eggplants (aubergines),1966,1966,t,4000,E,Estimated value,
QCL,Crops and livestock products,143,Morocco,5312,Area harvested,399,Eggplants (aubergines),1967,1967,ha,280,E,Estimated value,
QCL,Crops and livestock products,143,Morocco,5419,Yield,399,Eggplants (aubergines),1967,1967,100 g/ha,142857,E,Estimated value,
QCL,Crops and livestock products,143,Morocco,5510,Production,399,Eggplants (aubergines),1967,1967,t,4000,E,Estimated value,
QCL,Crops and livestock products,143,Morocco,5312,Area harvested,399,Eggplants (aubergines),1968,1968,ha,280,E,Estimated value,
QCL,Crops and livestock products,143,Morocco,5419,Yield,399,Eggplants (aubergines),1968,1968,100 g/ha,142857,E,Estimated value,
QCL,Crops and livestock products,143,Morocco,5510,Production,399,Eggplants (aubergines),1968,1968,t,4000,E,Estimated value,
QCL,Crops and livestock products,143,Morocco,5312,Area harvested,399,Eggplants (aubergines),1969,1969,ha,280,E,Estimated value,
QCL,Crops and livestock products,143,Morocco,5419,Yield,399,Eggplants (aubergines),1969,1969,100 g/ha,142857,E,Estimated value,
QCL,Crops and livestock products,143,Morocco,5510,Production,399,Eggplants (aubergines),1969,1969,t,4000,E,Estimated value,
QCL,Crops and livestock products,143,Morocco,5312,Area harvested,399,Eggplants (aubergines),1970,1970,ha,280,E,Estimated value,
QCL,Crops and livestock products,143,Morocco,5419,Yield,399,Eggplants (aubergines),1970,1970,100 g/ha,142857,E,Estimated value,
QCL,Crops and livestock products,143,Morocco,5510,Production,399,Eggplants (aubergines),1970,1970,t,4000,E,Estimated value,
QCL,Crops and livestock products,143,Morocco,5312,Area harvested,399,Eggplants (aubergines),1971,1971,ha,280,E,Estimated value,
QCL,Crops and livestock products,143,Morocco,5419,Yield,399,Eggplants (aubergines),1971,1971,100 g/ha,142857,E,Estimated value,
QCL,Crops and livestock products,143,Morocco,5510,Production,399,Eggplants (aubergines),1971,1971,t,4000,E,Estimated value,
QCL,Crops and livestock products,143,Morocco,5312,Area harvested,399,Eggplants (aubergines),1972,1972,ha,280,E,Estimated value,
QCL,Crops and livestock products,143,Morocco,5419,Yield,399,Eggplants (aubergines),1972,1972,100 g/ha,142857,E,Estimated value,
QCL,Crops and livestock products,143,Morocco,5510,Production,399,Eggplants (aubergines),1972,1972,t,4000,E,Estimated value,
QCL,Crops and livestock products,143,Morocco,5312,Area harvested,399,Eggplants (aubergines),1973,1973,ha,280,E,Estimated value,
QCL,Crops and livestock products,143,Morocco,5419,Yield,399,Eggplants (aubergines),1973,1973,100 g/ha,142857,E,Estimated value,
QCL,Crops and livestock products,143,Morocco,5510,Production,399,Eggplants (aubergines),1973,1973,t,4000,E,Estimated value,
QCL,Crops and livestock products,143,Morocco,5312,Area harvested,399,Eggplants (aubergines),1974,1974,ha,280,E,Estimated value,
QCL,Crops and livestock products,143,Morocco,5419,Yield,399,Eggplants (aubergines),1974,1974,100 g/ha,142857,E,Estimated value,
QCL,Crops and livestock products,143,Morocco,5510,Production,399,Eggplants (aubergines),1974,1974,t,4000,E,Estimated value,
QCL,Crops and livestock products,143,Morocco,5312,Area harvested,399,Eggplants (aubergines),1975,1975,ha,350,E,Estimated value,
QCL,Crops and livestock products,143,Morocco,5419,Yield,399,Eggplants (aubergines),1975,1975,100 g/ha,142857,E,Estimated value,
QCL,Crops and livestock products,143,Morocco,5510,Production,399,Eggplants (aubergines),1975,1975,t,5000,E,Estimated value,
QCL,Crops and livestock products,143,Morocco,5312,Area harvested,399,Eggplants (aubergines),1976,1976,ha,400,E,Estimated value,
QCL,Crops and livestock products,143,Morocco,5419,Yield,399,Eggplants (aubergines),1976,1976,100 g/ha,150000,E,Estimated value,
QCL,Crops and livestock products,143,Morocco,5510,Production,399,Eggplants (aubergines),1976,1976,t,6000,E,Estimated value,
QCL,Crops and livestock products,143,Morocco,5312,Area harvested,399,Eggplants (aubergines),1977,1977,ha,500,E,Estimated value,
QCL,Crops and livestock products,143,Morocco,5419,Yield,399,Eggplants (aubergines),1977,1977,100 g/ha,140000,E,Estimated value,
QCL,Crops and livestock products,143,Morocco,5510,Production,399,Eggplants (aubergines),1977,1977,t,7000,E,Estimated value,
QCL,Crops and livestock products,143,Morocco,5312,Area harvested,399,Eggplants (aubergines),1978,1978,ha,550,E,Estimated value,
QCL,Crops and livestock products,143,Morocco,5419,Yield,399,Eggplants (aubergines),1978,1978,100 g/ha,145455,E,Estimated value,
QCL,Crops and livestock products,143,Morocco,5510,Production,399,Eggplants (aubergines),1978,1978,t,8000,E,Estimated value,
QCL,Crops and livestock products,143,Morocco,5312,Area harvested,399,Eggplants (aubergines),1979,1979,ha,620,E,Estimated value,
QCL,Crops and livestock products,143,Morocco,5419,Yield,399,Eggplants (aubergines),1979,1979,100 g/ha,145161,E,Estimated value,
QCL,Crops and livestock products,143,Morocco,5510,Production,399,Eggplants (aubergines),1979,1979,t,9000,E,Estimated value,
QCL,Crops and livestock products,143,Morocco,5312,Area harvested,399,Eggplants (aubergines),1980,1980,ha,700,E,Estimated value,
QCL,Crops and livestock products,143,Morocco,5419,Yield,399,Eggplants (aubergines),1980,1980,100 g/ha,142857,E,Estimated value,
QCL,Crops and livestock products,143,Morocco,5510,Production,399,Eggplants (aubergines),1980,1980,t,10000,E,Estimated value,
QCL,Crops and livestock products,143,Morocco,5312,Area harvested,399,Eggplants (aubergines),1981,1981,ha,760,E,Estimated value,
QCL,Crops and livestock products,143,Morocco,5419,Yield,399,Eggplants (aubergines),1981,1981,100 g/ha,144737,E,Estimated value,
QCL,Crops and livestock products,143,Morocco,5510,Production,399,Eggplants (aubergines),1981,1981,t,11000,E,Estimated value,
QCL,Crops and livestock products,143,Morocco,5312,Area harvested,399,Eggplants (aubergines),1982,1982,ha,830,E,Estimated value,
QCL,Crops and livestock products,143,Morocco,5419,Yield,399,Eggplants (aubergines),1982,1982,100 g/ha,144578,E,Estimated value,
QCL,Crops and livestock products,143,Morocco,5510,Production,399,Eggplants (aubergines),1982,1982,t,12000,E,Estimated value,
QCL,Crops and livestock products,143,Morocco,5312,Area harvested,399,Eggplants (aubergines),1983,1983,ha,970,E,Estimated value,
QCL,Crops and livestock products,143,Morocco,5419,Yield,399,Eggplants (aubergines),1983,1983,100 g/ha,144330,E,Estimated value,
QCL,Crops and livestock products,143,Morocco,5510,Production,399,Eggplants (aubergines),1983,1983,t,14000,E,Estimated value,
QCL,Crops and livestock products,143,Morocco,5312,Area harvested,399,Eggplants (aubergines),1984,1984,ha,970,E,Estimated value,
QCL,Crops and livestock products,143,Morocco,5419,Yield,399,Eggplants (aubergines),1984,1984,100 g/ha,144330,E,Estimated value,
QCL,Crops and livestock products,143,Morocco,5510,Production,399,Eggplants (aubergines),1984,1984,t,14000,E,Estimated value,
QCL,Crops and livestock products,143,Morocco,5312,Area harvested,399,Eggplants (aubergines),1985,1985,ha,1100,E,Estimated value,
QCL,Crops and livestock products,143,Morocco,5419,Yield,399,Eggplants (aubergines),1985,1985,100 g/ha,145455,E,Estimated value,
QCL,Crops and livestock products,143,Morocco,5510,Production,399,Eggplants (aubergines),1985,1985,t,16000,E,Estimated value,
QCL,Crops and livestock products,143,Morocco,5312,Area harvested,399,Eggplants (aubergines),1986,1986,ha,1250,E,Estimated value,
QCL,Crops and livestock products,143,Morocco,5419,Yield,399,Eggplants (aubergines),1986,1986,100 g/ha,144000,E,Estimated value,
QCL,Crops and livestock products,143,Morocco,5510,Production,399,Eggplants (aubergines),1986,1986,t,18000,E,Estimated value,
QCL,Crops and livestock products,143,Morocco,5312,Area harvested,399,Eggplants (aubergines),1987,1987,ha,1450,E,Estimated value,
QCL,Crops and livestock products,143,Morocco,5419,Yield,399,Eggplants (aubergines),1987,1987,100 g/ha,144828,E,Estimated value,
QCL,Crops and livestock products,143,Morocco,5510,Production,399,Eggplants (aubergines),1987,1987,t,21000,A,Official figure,
QCL,Crops and livestock products,143,Morocco,5312,Area harvested,399,Eggplants (aubergines),1988,1988,ha,1400,E,Estimated value,
QCL,Crops and livestock products,143,Morocco,5419,Yield,399,Eggplants (aubergines),1988,1988,100 g/ha,144286,E,Estimated value,
QCL,Crops and livestock products,143,Morocco,5510,Production,399,Eggplants (aubergines),1988,1988,t,20200,A,Official figure,
QCL,Crops and livestock products,143,Morocco,5312,Area harvested,399,Eggplants (aubergines),1989,1989,ha,2200,E,Estimated value,
QCL,Crops and livestock products,143,Morocco,5419,Yield,399,Eggplants (aubergines),1989,1989,100 g/ha,144091,E,Estimated value,
QCL,Crops and livestock products,143,Morocco,5510,Production,399,Eggplants (aubergines),1989,1989,t,31700,A,Official figure,
QCL,Crops and livestock products,143,Morocco,5312,Area harvested,399,Eggplants (aubergines),1990,1990,ha,2900,E,Estimated value,
QCL,Crops and livestock products,143,Morocco,5419,Yield,399,Eggplants (aubergines),1990,1990,100 g/ha,145376,E,Estimated value,
QCL,Crops and livestock products,143,Morocco,5510,Production,399,Eggplants (aubergines),1990,1990,t,42159,A,Official figure,
QCL,Crops and livestock products,143,Morocco,5312,Area harvested,399,Eggplants (aubergines),1991,1991,ha,2200,E,Estimated value,
QCL,Crops and livestock products,143,Morocco,5419,Yield,399,Eggplants (aubergines),1991,1991,100 g/ha,144868,E,Estimated value,
QCL,Crops and livestock products,143,Morocco,5510,Production,399,Eggplants (aubergines),1991,1991,t,31871,A,Official figure,
QCL,Crops and livestock products,143,Morocco,5312,Area harvested,399,Eggplants (aubergines),1992,1992,ha,2000,E,Estimated value,
QCL,Crops and livestock products,143,Morocco,5419,Yield,399,Eggplants (aubergines),1992,1992,100 g/ha,147405,E,Estimated value,
QCL,Crops and livestock products,143,Morocco,5510,Production,399,Eggplants (aubergines),1992,1992,t,29481,A,Official figure,
QCL,Crops and livestock products,143,Morocco,5312,Area harvested,399,Eggplants (aubergines),1993,1993,ha,1950,E,Estimated value,
QCL,Crops and livestock products,143,Morocco,5419,Yield,399,Eggplants (aubergines),1993,1993,100 g/ha,143462,E,Estimated value,
QCL,Crops and livestock products,143,Morocco,5510,Production,399,Eggplants (aubergines),1993,1993,t,27975,A,Official figure,
QCL,Crops and livestock products,143,Morocco,5312,Area harvested,399,Eggplants (aubergines),1994,1994,ha,1700,A,Official figure,
QCL,Crops and livestock products,143,Morocco,5419,Yield,399,Eggplants (aubergines),1994,1994,100 g/ha,152941,A,Official figure,
QCL,Crops and livestock products,143,Morocco,5510,Production,399,Eggplants (aubergines),1994,1994,t,26000,A,Official figure,
QCL,Crops and livestock products,143,Morocco,5312,Area harvested,399,Eggplants (aubergines),1995,1995,ha,1600,A,Official figure,
QCL,Crops and livestock products,143,Morocco,5419,Yield,399,Eggplants (aubergines),1995,1995,100 g/ha,150063,A,Official figure,
QCL,Crops and livestock products,143,Morocco,5510,Production,399,Eggplants (aubergines),1995,1995,t,24010,A,Official figure,
QCL,Crops and livestock products,143,Morocco,5312,Area harvested,399,Eggplants (aubergines),1996,1996,ha,2039,A,Official figure,
QCL,Crops and livestock products,143,Morocco,5419,Yield,399,Eggplants (aubergines),1996,1996,100 g/ha,162580,A,Official figure,
QCL,Crops and livestock products,143,Morocco,5510,Production,399,Eggplants (aubergines),1996,1996,t,33150,A,Official figure,
QCL,Crops and livestock products,143,Morocco,5312,Area harvested,399,Eggplants (aubergines),1997,1997,ha,2150,A,Official figure,
QCL,Crops and livestock products,143,Morocco,5419,Yield,399,Eggplants (aubergines),1997,1997,100 g/ha,199535,A,Official figure,
QCL,Crops and livestock products,143,Morocco,5510,Production,399,Eggplants (aubergines),1997,1997,t,42900,A,Official figure,
QCL,Crops and livestock products,143,Morocco,5312,Area harvested,399,Eggplants (aubergines),1998,1998,ha,2456,A,Official figure,
QCL,Crops and livestock products,143,Morocco,5419,Yield,399,Eggplants (aubergines),1998,1998,100 g/ha,180904,A,Official figure,
QCL,Crops and livestock products,143,Morocco,5510,Production,399,Eggplants (aubergines),1998,1998,t,44430,A,Official figure,
QCL,Crops and livestock products,143,Morocco,5312,Area harvested,399,Eggplants (aubergines),1999,1999,ha,2520,A,Official figure,
QCL,Crops and livestock products,143,Morocco,5419,Yield,399,Eggplants (aubergines),1999,1999,100 g/ha,150556,A,Official figure,
QCL,Crops and livestock products,143,Morocco,5510,Production,399,Eggplants (aubergines),1999,1999,t,37940,A,Official figure,
QCL,Crops and livestock products,143,Morocco,5312,Area harvested,399,Eggplants (aubergines),2000,2000,ha,2175,A,Official figure,
QCL,Crops and livestock products,143,Morocco,5419,Yield,399,Eggplants (aubergines),2000,2000,100 g/ha,157195,A,Official figure,
QCL,Crops and livestock products,143,Morocco,5510,Production,399,Eggplants (aubergines),2000,2000,t,34190,A,Official figure,
QCL,Crops and livestock products,143,Morocco,5312,Area harvested,399,Eggplants (aubergines),2001,2001,ha,1660,A,Official figure,
QCL,Crops and livestock products,143,Morocco,5419,Yield,399,Eggplants (aubergines),2001,2001,100 g/ha,178735,A,Official figure,
QCL,Crops and livestock products,143,Morocco,5510,Production,399,Eggplants (aubergines),2001,2001,t,29670,A,Official figure,
QCL,Crops and livestock products,143,Morocco,5312,Area harvested,399,Eggplants (aubergines),2002,2002,ha,1515,A,Official figure,
QCL,Crops and livestock products,143,Morocco,5419,Yield,399,Eggplants (aubergines),2002,2002,100 g/ha,202310,A,Official figure,
QCL,Crops and livestock products,143,Morocco,5510,Production,399,Eggplants (aubergines),2002,2002,t,30650,A,Official figure,
QCL,Crops and livestock products,143,Morocco,5312,Area harvested,399,Eggplants (aubergines),2003,2003,ha,1905,A,Official figure,
QCL,Crops and livestock products,143,Morocco,5419,Yield,399,Eggplants (aubergines),2003,2003,100 g/ha,201785,A,Official figure,
QCL,Crops and livestock products,143,Morocco,5510,Production,399,Eggplants (aubergines),2003,2003,t,38440,A,Official figure,
QCL,Crops and livestock products,143,Morocco,5312,Area harvested,399,Eggplants (aubergines),2004,2004,ha,2350,A,Official figure,
QCL,Crops and livestock products,143,Morocco,5419,Yield,399,Eggplants (aubergines),2004,2004,100 g/ha,165830,A,Official figure,
QCL,Crops and livestock products,143,Morocco,5510,Production,399,Eggplants (aubergines),2004,2004,t,38970,A,Official figure,
QCL,Crops and livestock products,143,Morocco,5312,Area harvested,399,Eggplants (aubergines),2005,2005,ha,2552,A,Official figure,
QCL,Crops and livestock products,143,Morocco,5419,Yield,399,Eggplants (aubergines),2005,2005,100 g/ha,195819,A,Official figure,
QCL,Crops and livestock products,143,Morocco,5510,Production,399,Eggplants (aubergines),2005,2005,t,49973,A,Official figure,
QCL,Crops and livestock products,143,Morocco,5312,Area harvested,399,Eggplants (aubergines),2006,2006,ha,2405,A,Official figure,
QCL,Crops and livestock products,143,Morocco,5419,Yield,399,Eggplants (aubergines),2006,2006,100 g/ha,235426,A,Official figure,
QCL,Crops and livestock products,143,Morocco,5510,Production,399,Eggplants (aubergines),2006,2006,t,56620,A,Official figure,
QCL,Crops and livestock products,143,Morocco,5312,Area harvested,399,Eggplants (aubergines),2007,2007,ha,1760,A,Official figure,
QCL,Crops and livestock products,143,Morocco,5419,Yield,399,Eggplants (aubergines),2007,2007,100 g/ha,191563,A,Official figure,
QCL,Crops and livestock products,143,Morocco,5510,Production,399,Eggplants (aubergines),2007,2007,t,33715,A,Official figure,
QCL,Crops and livestock products,143,Morocco,5312,Area harvested,399,Eggplants (aubergines),2008,2008,ha,1745,A,Official figure,
QCL,Crops and livestock products,143,Morocco,5419,Yield,399,Eggplants (aubergines),2008,2008,100 g/ha,199456,A,Official figure,
QCL,Crops and livestock products,143,Morocco,5510,Production,399,Eggplants (aubergines),2008,2008,t,34805,A,Official figure,
QCL,Crops and livestock products,143,Morocco,5312,Area harvested,399,Eggplants (aubergines),2009,2009,ha,1755,A,Official figure,
QCL,Crops and livestock products,143,Morocco,5419,Yield,399,Eggplants (aubergines),2009,2009,100 g/ha,173738,A,Official figure,
QCL,Crops and livestock products,143,Morocco,5510,Production,399,Eggplants (aubergines),2009,2009,t,30491,A,Official figure,
QCL,Crops and livestock products,143,Morocco,5312,Area harvested,399,Eggplants (aubergines),2010,2010,ha,2295,A,Official figure,
QCL,Crops and livestock products,143,Morocco,5419,Yield,399,Eggplants (aubergines),2010,2010,100 g/ha,165582,A,Official figure,
QCL,Crops and livestock products,143,Morocco,5510,Production,399,Eggplants (aubergines),2010,2010,t,38001,A,Official figure,
QCL,Crops and livestock products,143,Morocco,5312,Area harvested,399,Eggplants (aubergines),2011,2011,ha,1775,A,Official figure,
QCL,Crops and livestock products,143,Morocco,5419,Yield,399,Eggplants (aubergines),2011,2011,100 g/ha,196186,A,Official figure,
QCL,Crops and livestock products,143,Morocco,5510,Production,399,Eggplants (aubergines),2011,2011,t,34823,A,Official figure,
QCL,Crops and livestock products,143,Morocco,5312,Area harvested,399,Eggplants (aubergines),2012,2012,ha,2046,A,Official figure,
QCL,Crops and livestock products,143,Morocco,5419,Yield,399,Eggplants (aubergines),2012,2012,100 g/ha,245098,A,Official figure,
QCL,Crops and livestock products,143,Morocco,5510,Production,399,Eggplants (aubergines),2012,2012,t,50147,A,Official figure,
QCL,Crops and livestock products,143,Morocco,5312,Area harvested,399,Eggplants (aubergines),2013,2013,ha,2783,A,Official figure,
QCL,Crops and livestock products,143,Morocco,5419,Yield,399,Eggplants (aubergines),2013,2013,100 g/ha,258653,A,Official figure,
QCL,Crops and livestock products,143,Morocco,5510,Production,399,Eggplants (aubergines),2013,2013,t,71976.6,A,Official figure,
QCL,Crops and livestock products,143,Morocco,5312,Area harvested,399,Eggplants (aubergines),2014,2014,ha,2425,A,Official figure,
QCL,Crops and livestock products,143,Morocco,5419,Yield,399,Eggplants (aubergines),2014,2014,100 g/ha,289890,A,Official figure,
QCL,Crops and livestock products,143,Morocco,5510,Production,399,Eggplants (aubergines),2014,2014,t,70291,A,Official figure,
QCL,Crops and livestock products,143,Morocco,5312,Area harvested,399,Eggplants (aubergines),2015,2015,ha,2056,A,Official figure,
QCL,Crops and livestock products,143,Morocco,5419,Yield,399,Eggplants (aubergines),2015,2015,100 g/ha,276639,A,Official figure,
QCL,Crops and livestock products,143,Morocco,5510,Production,399,Eggplants (aubergines),2015,2015,t,56877,A,Official figure,
QCL,Crops and livestock products,143,Morocco,5312,Area harvested,399,Eggplants (aubergines),2016,2016,ha,1536,A,Official figure,
QCL,Crops and livestock products,143,Morocco,5419,Yield,399,Eggplants (aubergines),2016,2016,100 g/ha,147920,A,Official figure,
QCL,Crops and livestock products,143,Morocco,5510,Production,399,Eggplants (aubergines),2016,2016,t,22720.5,A,Official figure,
QCL,Crops and livestock products,143,Morocco,5312,Area harvested,399,Eggplants (aubergines),2017,2017,ha,1885,A,Official figure,
QCL,Crops and livestock products,143,Morocco,5419,Yield,399,Eggplants (aubergines),2017,2017,100 g/ha,281061,A,Official figure,
QCL,Crops and livestock products,143,Morocco,5510,Production,399,Eggplants (aubergines),2017,2017,t,52966,A,Official figure,
QCL,Crops and livestock products,143,Morocco,5312,Area harvested,399,Eggplants (aubergines),2018,2018,ha,1962,A,Official figure,
QCL,Crops and livestock products,143,Morocco,5419,Yield,399,Eggplants (aubergines),2018,2018,100 g/ha,268947,A,Official figure,
QCL,Crops and livestock products,143,Morocco,5510,Production,399,Eggplants (aubergines),2018,2018,t,52754,A,Official figure,
QCL,Crops and livestock products,143,Morocco,5312,Area harvested,399,Eggplants (aubergines),2019,2019,ha,2409,A,Official figure,
QCL,Crops and livestock products,143,Morocco,5419,Yield,399,Eggplants (aubergines),2019,2019,100 g/ha,283438,A,Official figure,
QCL,Crops and livestock products,143,Morocco,5510,Production,399,Eggplants (aubergines),2019,2019,t,68266,A,Official figure,
QCL,Crops and livestock products,143,Morocco,5312,Area harvested,399,Eggplants (aubergines),2020,2020,ha,2466,A,Official figure,
QCL,Crops and livestock products,143,Morocco,5419,Yield,399,Eggplants (aubergines),2020,2020,100 g/ha,247010,A,Official figure,
QCL,Crops and livestock products,143,Morocco,5510,Production,399,Eggplants (aubergines),2020,2020,t,60912.6,A,Official figure,
QCL,Crops and livestock products,143,Morocco,5312,Area harvested,399,Eggplants (aubergines),2021,2021,ha,2910,A,Official figure,
QCL,Crops and livestock products,143,Morocco,5419,Yield,399,Eggplants (aubergines),2021,2021,100 g/ha,278502,A,Official figure,
QCL,Crops and livestock products,143,Morocco,5510,Production,399,Eggplants (aubergines),2021,2021,t,81044,A,Official figure,
QCL,Crops and livestock products,143,Morocco,5312,Area harvested,399,Eggplants (aubergines),2022,2022,ha,2690,A,Official figure,
QCL,Crops and livestock products,143,Morocco,5419,Yield,399,Eggplants (aubergines),2022,2022,100 g/ha,226758,A,Official figure,
QCL,Crops and livestock products,143,Morocco,5510,Production,399,Eggplants (aubergines),2022,2022,t,60998,A,Official figure,
QCL,Crops and livestock products,143,Morocco,5510,Production,1129,Fat of camels,1961,1961,t,284.86,I,Imputed value,
QCL,Crops and livestock products,143,Morocco,5320,Producing Animals/Slaughtered,1129,Fat of camels,1961,1961,An,23500,E,Estimated value,
QCL,Crops and livestock products,143,Morocco,5510,Production,1129,Fat of camels,1962,1962,t,276.49,I,Imputed value,
QCL,Crops and livestock products,143,Morocco,5320,Producing Animals/Slaughtered,1129,Fat of camels,1962,1962,An,21500,E,Estimated value,
QCL,Crops and livestock products,143,Morocco,5510,Production,1129,Fat of camels,1963,1963,t,276.49,I,Imputed value,
QCL,Crops and livestock products,143,Morocco,5320,Producing Animals/Slaughtered,1129,Fat of camels,1963,1963,An,21400,E,Estimated value,
QCL,Crops and livestock products,143,Morocco,5510,Production,1129,Fat of camels,1964,1964,t,284.86,I,Imputed value,
QCL,Crops and livestock products,143,Morocco,5320,Producing Animals/Slaughtered,1129,Fat of camels,1964,1964,An,22500,E,Estimated value,
QCL,Crops and livestock products,143,Morocco,5510,Production,1129,Fat of camels,1965,1965,t,284.86,I,Imputed value,
QCL,Crops and livestock products,143,Morocco,5320,Producing Animals/Slaughtered,1129,Fat of camels,1965,1965,An,21500,E,Estimated value,
QCL,Crops and livestock products,143,Morocco,5510,Production,1129,Fat of camels,1966,1966,t,226.22,I,Imputed value,
QCL,Crops and livestock products,143,Morocco,5320,Producing Animals/Slaughtered,1129,Fat of camels,1966,1966,An,17000,A,Official figure,
QCL,Crops and livestock products,143,Morocco,5510,Production,1129,Fat of camels,1967,1967,t,226.22,I,Imputed value,
QCL,Crops and livestock products,143,Morocco,5320,Producing Animals/Slaughtered,1129,Fat of camels,1967,1967,An,17000,A,Official figure,
QCL,Crops and livestock products,143,Morocco,5510,Production,1129,Fat of camels,1968,1968,t,284.86,I,Imputed value,
QCL,Crops and livestock products,143,Morocco,5320,Producing Animals/Slaughtered,1129,Fat of camels,1968,1968,An,21000,A,Official figure,
QCL,Crops and livestock products,143,Morocco,5510,Production,1129,Fat of camels,1969,1969,t,284.86,I,Imputed value,
QCL,Crops and livestock products,143,Morocco,5320,Producing Animals/Slaughtered,1129,Fat of camels,1969,1969,An,22000,A,Official figure,
QCL,Crops and livestock products,143,Morocco,5510,Production,1129,Fat of camels,1970,1970,t,310,I,Imputed value,
QCL,Crops and livestock products,143,Morocco,5320,Producing Animals/Slaughtered,1129,Fat of camels,1970,1970,An,27000,E,Estimated value,
QCL,Crops and livestock products,143,Morocco,5510,Production,1129,Fat of camels,1971,1971,t,326.92,I,Imputed value,
QCL,Crops and livestock products,143,Morocco,5320,Producing Animals/Slaughtered,1129,Fat of camels,1971,1971,An,31554,A,Official figure,
QCL,Crops and livestock products,143,Morocco,5510,Production,1129,Fat of camels,1972,1972,t,335.14,I,Imputed value,
QCL,Crops and livestock products,143,Morocco,5320,Producing Animals/Slaughtered,1129,Fat of camels,1972,1972,An,26666,A,Official figure,
QCL,Crops and livestock products,143,Morocco,5510,Production,1129,Fat of camels,1973,1973,t,302.38,I,Imputed value,
QCL,Crops and livestock products,143,Morocco,5320,Producing Animals/Slaughtered,1129,Fat of camels,1973,1973,An,21875,A,Official figure,
QCL,Crops and livestock products,143,Morocco,5510,Production,1129,Fat of camels,1974,1974,t,374.35,I,Imputed value,
QCL,Crops and livestock products,143,Morocco,5320,Producing Animals/Slaughtered,1129,Fat of camels,1974,1974,An,26666,A,Official figure,
QCL,Crops and livestock products,143,Morocco,5510,Production,1129,Fat of camels,1975,1975,t,326.76,I,Imputed value,
QCL,Crops and livestock products,143,Morocco,5320,Producing Animals/Slaughtered,1129,Fat of camels,1975,1975,An,27000,E,Estimated value,
QCL,Crops and livestock products,143,Morocco,5510,Production,1129,Fat of camels,1976,1976,t,268.11,I,Imputed value,
QCL,Crops and livestock products,143,Morocco,5320,Producing Animals/Slaughtered,1129,Fat of camels,1976,1976,An,24000,X,Figure from international organizations,Unofficial figure
QCL,Crops and livestock products,143,Morocco,5510,Production,1129,Fat of camels,1977,1977,t,180.72,I,Imputed value,
QCL,Crops and livestock products,143,Morocco,5320,Producing Animals/Slaughtered,1129,Fat of camels,1977,1977,An,15734,A,Official figure,
QCL,Crops and livestock products,143,Morocco,5510,Production,1129,Fat of camels,1978,1978,t,189.85,I,Imputed value,
QCL,Crops and livestock products,143,Morocco,5320,Producing Animals/Slaughtered,1129,Fat of camels,1978,1978,An,16528,A,Official figure,
QCL,Crops and livestock products,143,Morocco,5510,Production,1129,Fat of camels,1979,1979,t,149.14,I,Imputed value,
QCL,Crops and livestock products,143,Morocco,5320,Producing Animals/Slaughtered,1129,Fat of camels,1979,1979,An,13000,E,Estimated value,
QCL,Crops and livestock products,143,Morocco,5510,Production,1129,Fat of camels,1980,1980,t,150.81,I,Imputed value,
QCL,Crops and livestock products,143,Morocco,5320,Producing Animals/Slaughtered,1129,Fat of camels,1980,1980,An,13000,A,Official figure,
QCL,Crops and livestock products,143,Morocco,5510,Production,1129,Fat of camels,1981,1981,t,142.43,I,Imputed value,
QCL,Crops and livestock products,143,Morocco,5320,Producing Animals/Slaughtered,1129,Fat of camels,1981,1981,An,10954,A,Official figure,
QCL,Crops and livestock products,143,Morocco,5510,Production,1129,Fat of camels,1982,1982,t,316.7,I,Imputed value,
QCL,Crops and livestock products,143,Morocco,5320,Producing Animals/Slaughtered,1129,Fat of camels,1982,1982,An,25900,A,Official figure,
QCL,Crops and livestock products,143,Morocco,5510,Production,1129,Fat of camels,1983,1983,t,228.98,I,Imputed value,
QCL,Crops and livestock products,143,Morocco,5320,Producing Animals/Slaughtered,1129,Fat of camels,1983,1983,An,15230,A,Official figure,
QCL,Crops and livestock products,143,Morocco,5510,Production,1129,Fat of camels,1984,1984,t,184.07,I,Imputed value,
QCL,Crops and livestock products,143,Morocco,5320,Producing Animals/Slaughtered,1129,Fat of camels,1984,1984,An,14060,A,Official figure,
QCL,Crops and livestock products,143,Morocco,5510,Production,1129,Fat of camels,1985,1985,t,138.83,I,Imputed value,
QCL,Crops and livestock products,143,Morocco,5320,Producing Animals/Slaughtered,1129,Fat of camels,1985,1985,An,11000,E,Estimated value,
QCL,Crops and livestock products,143,Morocco,5510,Production,1129,Fat of camels,1986,1986,t,142.43,I,Imputed value,
QCL,Crops and livestock products,143,Morocco,5320,Producing Animals/Slaughtered,1129,Fat of camels,1986,1986,An,11000,E,Estimated value,
QCL,Crops and livestock products,143,Morocco,5510,Production,1129,Fat of camels,1987,1987,t,167.57,I,Imputed value,
QCL,Crops and livestock products,143,Morocco,5320,Producing Animals/Slaughtered,1129,Fat of camels,1987,1987,An,14000,E,Estimated value,
QCL,Crops and livestock products,143,Morocco,5510,Production,1129,Fat of camels,1988,1988,t,146.62,I,Imputed value,
QCL,Crops and livestock products,143,Morocco,5320,Producing Animals/Slaughtered,1129,Fat of camels,1988,1988,An,12240,E,Estimated value,
QCL,Crops and livestock products,143,Morocco,5510,Production,1129,Fat of camels,1989,1989,t,150.81,I,Imputed value,
QCL,Crops and livestock products,143,Morocco,5320,Producing Animals/Slaughtered,1129,Fat of camels,1989,1989,An,12000,E,Estimated value,
QCL,Crops and livestock products,143,Morocco,5510,Production,1129,Fat of camels,1990,1990,t,184.32,I,Imputed value,
QCL,Crops and livestock products,143,Morocco,5320,Producing Animals/Slaughtered,1129,Fat of camels,1990,1990,An,13500,E,Estimated value,
QCL,Crops and livestock products,143,Morocco,5510,Production,1129,Fat of camels,1991,1991,t,167.57,I,Imputed value,
QCL,Crops and livestock products,143,Morocco,5320,Producing Animals/Slaughtered,1129,Fat of camels,1991,1991,An,12000,E,Estimated value,
QCL,Crops and livestock products,143,Morocco,5510,Production,1129,Fat of camels,1992,1992,t,184.32,I,Imputed value,
QCL,Crops and livestock products,143,Morocco,5320,Producing Animals/Slaughtered,1129,Fat of camels,1992,1992,An,13000,E,Estimated value,
QCL,Crops and livestock products,143,Morocco,5510,Production,1129,Fat of camels,1993,1993,t,180.14,I,Imputed value,
QCL,Crops and livestock products,143,Morocco,5320,Producing Animals/Slaughtered,1129,Fat of camels,1993,1993,An,12410,A,Official figure,
QCL,Crops and livestock products,143,Morocco,5510,Production,1129,Fat of camels,1994,1994,t,188.51,I,Imputed value,
QCL,Crops and livestock products,143,Morocco,5320,Producing Animals/Slaughtered,1129,Fat of camels,1994,1994,An,13500,E,Estimated value,
QCL,Crops and livestock products,143,Morocco,5510,Production,1129,Fat of camels,1995,1995,t,171.76,I,Imputed value,
QCL,Crops and livestock products,143,Morocco,5320,Producing Animals/Slaughtered,1129,Fat of camels,1995,1995,An,14000,E,Estimated value,
QCL,Crops and livestock products,143,Morocco,5510,Production,1129,Fat of camels,1996,1996,t,167.57,I,Imputed value,
QCL,Crops and livestock products,143,Morocco,5320,Producing Animals/Slaughtered,1129,Fat of camels,1996,1996,An,11800,E,Estimated value,
QCL,Crops and livestock products,143,Morocco,5510,Production,1129,Fat of camels,1997,1997,t,208.12,I,Imputed value,
QCL,Crops and livestock products,143,Morocco,5320,Producing Animals/Slaughtered,1129,Fat of camels,1997,1997,An,14600,E,Estimated value,
QCL,Crops and livestock products,143,Morocco,5510,Production,1129,Fat of camels,1998,1998,t,177.62,I,Imputed value,
QCL,Crops and livestock products,143,Morocco,5320,Producing Animals/Slaughtered,1129,Fat of camels,1998,1998,An,12500,E,Estimated value,
QCL,Crops and livestock products,143,Morocco,5510,Production,1129,Fat of camels,1999,1999,t,167.57,I,Imputed value,
QCL,Crops and livestock products,143,Morocco,5320,Producing Animals/Slaughtered,1129,Fat of camels,1999,1999,An,11800,E,Estimated value,
QCL,Crops and livestock products,143,Morocco,5510,Production,1129,Fat of camels,2000,2000,t,167.57,I,Imputed value,
QCL,Crops and livestock products,143,Morocco,5320,Producing Animals/Slaughtered,1129,Fat of camels,2000,2000,An,11800,E,Estimated value,
QCL,Crops and livestock products,143,Morocco,5510,Production,1129,Fat of camels,2001,2001,t,180.14,I,Imputed value,
QCL,Crops and livestock products,143,Morocco,5320,Producing Animals/Slaughtered,1129,Fat of camels,2001,2001,An,12500,E,Estimated value,
QCL,Crops and livestock products,143,Morocco,5510,Production,1129,Fat of camels,2002,2002,t,188.51,I,Imputed value,
QCL,Crops and livestock products,143,Morocco,5320,Producing Animals/Slaughtered,1129,Fat of camels,2002,2002,An,13300,E,Estimated value,
QCL,Crops and livestock products,143,Morocco,5510,Production,1129,Fat of camels,2003,2003,t,192.7,I,Imputed value,
QCL,Crops and livestock products,143,Morocco,5320,Producing Animals/Slaughtered,1129,Fat of camels,2003,2003,An,14000,E,Estimated value,
QCL,Crops and livestock products,143,Morocco,5510,Production,1129,Fat of camels,2004,2004,t,196.89,I,Imputed value,
QCL,Crops and livestock products,143,Morocco,5320,Producing Animals/Slaughtered,1129,Fat of camels,2004,2004,An,14000,E,Estimated value,
QCL,Crops and livestock products,143,Morocco,5510,Production,1129,Fat of camels,2005,2005,t,207.11,I,Imputed value,
QCL,Crops and livestock products,143,Morocco,5320,Producing Animals/Slaughtered,1129,Fat of camels,2005,2005,An,14800,E,Estimated value,
QCL,Crops and livestock products,143,Morocco,5510,Production,1129,Fat of camels,2006,2006,t,201.08,I,Imputed value,
QCL,Crops and livestock products,143,Morocco,5320,Producing Animals/Slaughtered,1129,Fat of camels,2006,2006,An,17291,A,Official figure,
QCL,Crops and livestock products,143,Morocco,5510,Production,1129,Fat of camels,2007,2007,t,174.86,I,Imputed value,
QCL,Crops and livestock products,143,Morocco,5320,Producing Animals/Slaughtered,1129,Fat of camels,2007,2007,An,14600,A,Official figure,
QCL,Crops and livestock products,143,Morocco,5510,Production,1129,Fat of camels,2008,2008,t,211.14,I,Imputed value,
QCL,Crops and livestock products,143,Morocco,5320,Producing Animals/Slaughtered,1129,Fat of camels,2008,2008,An,16000,E,Estimated value,
QCL,Crops and livestock products,143,Morocco,5510,Production,1129,Fat of camels,2009,2009,t,217,I,Imputed value,
QCL,Crops and livestock products,143,Morocco,5320,Producing Animals/Slaughtered,1129,Fat of camels,2009,2009,An,17500,E,Estimated value,
QCL,Crops and livestock products,143,Morocco,5510,Production,1129,Fat of camels,2010,2010,t,211.97,I,Imputed value,
QCL,Crops and livestock products,143,Morocco,5320,Producing Animals/Slaughtered,1129,Fat of camels,2010,2010,An,16900,E,Estimated value,
QCL,Crops and livestock products,143,Morocco,5510,Production,1129,Fat of camels,2011,2011,t,359.94,I,Imputed value,
QCL,Crops and livestock products,143,Morocco,5320,Producing Animals/Slaughtered,1129,Fat of camels,2011,2011,An,17300,E,Estimated value,
QCL,Crops and livestock products,143,Morocco,5510,Production,1129,Fat of camels,2012,2012,t,431.32,I,Imputed value,
QCL,Crops and livestock products,143,Morocco,5320,Producing Animals/Slaughtered,1129,Fat of camels,2012,2012,An,17600,E,Estimated value,
QCL,Crops and livestock products,143,Morocco,5510,Production,1129,Fat of camels,2013,2013,t,363.62,I,Imputed value,
QCL,Crops and livestock products,143,Morocco,5320,Producing Animals/Slaughtered,1129,Fat of camels,2013,2013,An,17900,E,Estimated value,
QCL,Crops and livestock products,143,Morocco,5510,Production,1129,Fat of camels,2014,2014,t,359.6,I,Imputed value,
QCL,Crops and livestock products,143,Morocco,5320,Producing Animals/Slaughtered,1129,Fat of camels,2014,2014,An,16746.66,I,Imputed value,
QCL,Crops and livestock products,143,Morocco,5510,Production,1129,Fat of camels,2015,2015,t,360.27,I,Imputed value,
QCL,Crops and livestock products,143,Morocco,5320,Producing Animals/Slaughtered,1129,Fat of camels,2015,2015,An,15912.75,I,Imputed value,
QCL,Crops and livestock products,143,Morocco,5510,Production,1129,Fat of camels,2016,2016,t,253.61,I,Imputed value,
QCL,Crops and livestock products,143,Morocco,5320,Producing Animals/Slaughtered,1129,Fat of camels,2016,2016,An,13300,E,Estimated value,
QCL,Crops and livestock products,143,Morocco,5510,Production,1129,Fat of camels,2017,2017,t,251.35,I,Imputed value,
QCL,Crops and livestock products,143,Morocco,5320,Producing Animals/Slaughtered,1129,Fat of camels,2017,2017,An,13150,E,Estimated value,
QCL,Crops and livestock products,143,Morocco,5510,Production,1129,Fat of camels,2018,2018,t,276.49,I,Imputed value,
QCL,Crops and livestock products,143,Morocco,5320,Producing Animals/Slaughtered,1129,Fat of camels,2018,2018,An,15247.26,I,Imputed value,
QCL,Crops and livestock products,143,Morocco,5510,Production,1129,Fat of camels,2019,2019,t,301.62,I,Imputed value,
QCL,Crops and livestock products,143,Morocco,5320,Producing Animals/Slaughtered,1129,Fat of camels,2019,2019,An,16260.78,I,Imputed value,
QCL,Crops and livestock products,143,Morocco,5510,Production,1129,Fat of camels,2020,2020,t,284.86,I,Imputed value,
QCL,Crops and livestock products,143,Morocco,5320,Producing Animals/Slaughtered,1129,Fat of camels,2020,2020,An,16062.03,I,Imputed value,
QCL,Crops and livestock products,143,Morocco,5510,Production,1129,Fat of camels,2021,2021,t,284.86,I,Imputed value,
QCL,Crops and livestock products,143,Morocco,5320,Producing Animals/Slaughtered,1129,Fat of camels,2021,2021,An,16040.08,I,Imputed value,
QCL,Crops and livestock products,143,Morocco,5510,Production,1129,Fat of camels,2022,2022,t,231.75,I,Imputed value,
QCL,Crops and livestock products,143,Morocco,5320,Producing Animals/Slaughtered,1129,Fat of camels,2022,2022,An,16010.23,I,Imputed value,
QCL,Crops and livestock products,143,Morocco,5510,Production,1037,Fat of pigs,1961,1961,t,131.43,I,Imputed value,
QCL,Crops and livestock products,143,Morocco,5320,Producing Animals/Slaughtered,1037,Fat of pigs,1961,1961,An,44800,E,Estimated value,
QCL,Crops and livestock products,143,Morocco,5510,Production,1037,Fat of pigs,1962,1962,t,110.52,I,Imputed value,
QCL,Crops and livestock products,143,Morocco,5320,Producing Animals/Slaughtered,1037,Fat of pigs,1962,1962,An,36900,E,Estimated value,
QCL,Crops and livestock products,143,Morocco,5510,Production,1037,Fat of pigs,1963,1963,t,61.83,I,Imputed value,
QCL,Crops and livestock products,143,Morocco,5320,Producing Animals/Slaughtered,1037,Fat of pigs,1963,1963,An,20700,E,Estimated value,
QCL,Crops and livestock products,143,Morocco,5510,Production,1037,Fat of pigs,1964,1964,t,59.74,I,Imputed value,
QCL,Crops and livestock products,143,Morocco,5320,Producing Animals/Slaughtered,1037,Fat of pigs,1964,1964,An,21500,E,Estimated value,
QCL,Crops and livestock products,143,Morocco,5510,Production,1037,Fat of pigs,1965,1965,t,59.44,I,Imputed value,
QCL,Crops and livestock products,143,Morocco,5320,Producing Animals/Slaughtered,1037,Fat of pigs,1965,1965,An,19100,E,Estimated value,
QCL,Crops and livestock products,143,Morocco,5510,Production,1037,Fat of pigs,1966,1966,t,41.82,I,Imputed value,
QCL,Crops and livestock products,143,Morocco,5320,Producing Animals/Slaughtered,1037,Fat of pigs,1966,1966,An,12000,A,Official figure,
QCL,Crops and livestock products,143,Morocco,5510,Production,1037,Fat of pigs,1967,1967,t,47.79,I,Imputed value,
QCL,Crops and livestock products,143,Morocco,5320,Producing Animals/Slaughtered,1037,Fat of pigs,1967,1967,An,14000,A,Official figure,
QCL,Crops and livestock products,143,Morocco,5510,Production,1037,Fat of pigs,1968,1968,t,71.69,I,Imputed value,
QCL,Crops and livestock products,143,Morocco,5320,Producing Animals/Slaughtered,1037,Fat of pigs,1968,1968,An,22000,A,Official figure,
QCL,Crops and livestock products,143,Morocco,5510,Production,1037,Fat of pigs,1969,1969,t,107.53,I,Imputed value,
QCL,Crops and livestock products,143,Morocco,5320,Producing Animals/Slaughtered,1037,Fat of pigs,1969,1969,An,30000,E,Estimated value,
QCL,Crops and livestock products,143,Morocco,5510,Production,1037,Fat of pigs,1970,1970,t,98.57,I,Imputed value,
QCL,Crops and livestock products,143,Morocco,5320,Producing Animals/Slaughtered,1037,Fat of pigs,1970,1970,An,28000,E,Estimated value,
QCL,Crops and livestock products,143,Morocco,5510,Production,1037,Fat of pigs,1971,1971,t,130.53,I,Imputed value,
QCL,Crops and livestock products,143,Morocco,5320,Producing Animals/Slaughtered,1037,Fat of pigs,1971,1971,An,37000,E,Estimated value,
QCL,Crops and livestock products,143,Morocco,5510,Production,1037,Fat of pigs,1972,1972,t,141.82,I,Imputed value,
QCL,Crops and livestock products,143,Morocco,5320,Producing Animals/Slaughtered,1037,Fat of pigs,1972,1972,An,40000,E,Estimated value,
QCL,Crops and livestock products,143,Morocco,5510,Production,1037,Fat of pigs,1973,1973,t,112.55,I,Imputed value,
QCL,Crops and livestock products,143,Morocco,5320,Producing Animals/Slaughtered,1037,Fat of pigs,1973,1973,An,31000,E,Estimated value,
QCL,Crops and livestock products,143,Morocco,5510,Production,1037,Fat of pigs,1974,1974,t,65.89,I,Imputed value,
QCL,Crops and livestock products,143,Morocco,5320,Producing Animals/Slaughtered,1037,Fat of pigs,1974,1974,An,18000,E,Estimated value,
QCL,Crops and livestock products,143,Morocco,5510,Production,1037,Fat of pigs,1975,1975,t,35.84,I,Imputed value,
QCL,Crops and livestock products,143,Morocco,5320,Producing Animals/Slaughtered,1037,Fat of pigs,1975,1975,An,10000,E,Estimated value,
QCL,Crops and livestock products,143,Morocco,5510,Production,1037,Fat of pigs,1976,1976,t,32.26,I,Imputed value,
QCL,Crops and livestock products,143,Morocco,5320,Producing Animals/Slaughtered,1037,Fat of pigs,1976,1976,An,9000,E,Estimated value,
QCL,Crops and livestock products,143,Morocco,5510,Production,1037,Fat of pigs,1977,1977,t,44.81,I,Imputed value,
QCL,Crops and livestock products,143,Morocco,5320,Producing Animals/Slaughtered,1037,Fat of pigs,1977,1977,An,12500,E,Estimated value,
QCL,Crops and livestock products,143,Morocco,5510,Production,1037,Fat of pigs,1978,1978,t,38.11,I,Imputed value,
QCL,Crops and livestock products,143,Morocco,5320,Producing Animals/Slaughtered,1037,Fat of pigs,1978,1978,An,10500,E,Estimated value,
QCL,Crops and livestock products,143,Morocco,5510,Production,1037,Fat of pigs,1979,1979,t,34.41,I,Imputed value,
QCL,Crops and livestock products,143,Morocco,5320,Producing Animals/Slaughtered,1037,Fat of pigs,1979,1979,An,9600,E,Estimated value,
QCL,Crops and livestock products,143,Morocco,5510,Production,1037,Fat of pigs,1980,1980,t,34.65,I,Imputed value,
QCL,Crops and livestock products,143,Morocco,5320,Producing Animals/Slaughtered,1037,Fat of pigs,1980,1980,An,9940,A,Official figure,
QCL,Crops and livestock products,143,Morocco,5510,Production,1037,Fat of pigs,1981,1981,t,35.84,I,Imputed value,
QCL,Crops and livestock products,143,Morocco,5320,Producing Animals/Slaughtered,1037,Fat of pigs,1981,1981,An,7073,A,Official figure,
QCL,Crops and livestock products,143,Morocco,5510,Production,1037,Fat of pigs,1982,1982,t,38.83,I,Imputed value,
QCL,Crops and livestock products,143,Morocco,5320,Producing Animals/Slaughtered,1037,Fat of pigs,1982,1982,An,9500,A,Official figure,
QCL,Crops and livestock products,143,Morocco,5510,Production,1037,Fat of pigs,1983,1983,t,39.43,I,Imputed value,
QCL,Crops and livestock products,143,Morocco,5320,Producing Animals/Slaughtered,1037,Fat of pigs,1983,1983,An,8900,A,Official figure,
QCL,Crops and livestock products,143,Morocco,5510,Production,1037,Fat of pigs,1984,1984,t,39.43,I,Imputed value,
QCL,Crops and livestock products,143,Morocco,5320,Producing Animals/Slaughtered,1037,Fat of pigs,1984,1984,An,10900,A,Official figure,
QCL,Crops and livestock products,143,Morocco,5510,Production,1037,Fat of pigs,1985,1985,t,24.49,I,Imputed value,
QCL,Crops and livestock products,143,Morocco,5320,Producing Animals/Slaughtered,1037,Fat of pigs,1985,1985,An,11000,E,Estimated value,
QCL,Crops and livestock products,143,Morocco,5510,Production,1037,Fat of pigs,1986,1986,t,27.18,I,Imputed value,
QCL,Crops and livestock products,143,Morocco,5320,Producing Animals/Slaughtered,1037,Fat of pigs,1986,1986,An,11600,E,Estimated value,
QCL,Crops and livestock products,143,Morocco,5510,Production,1037,Fat of pigs,1987,1987,t,35.84,I,Imputed value,
QCL,Crops and livestock products,143,Morocco,5320,Producing Animals/Slaughtered,1037,Fat of pigs,1987,1987,An,12000,E,Estimated value,
QCL,Crops and livestock products,143,Morocco,5510,Production,1037,Fat of pigs,1988,1988,t,35.84,I,Imputed value,
QCL,Crops and livestock products,143,Morocco,5320,Producing Animals/Slaughtered,1037,Fat of pigs,1988,1988,An,12300,E,Estimated value,
QCL,Crops and livestock products,143,Morocco,5510,Production,1037,Fat of pigs,1989,1989,t,38.23,I,Imputed value,
QCL,Crops and livestock products,143,Morocco,5320,Producing Animals/Slaughtered,1037,Fat of pigs,1989,1989,An,12400,E,Estimated value,
QCL,Crops and livestock products,143,Morocco,5510,Production,1037,Fat of pigs,1990,1990,t,41.82,I,Imputed value,
QCL,Crops and livestock products,143,Morocco,5320,Producing Animals/Slaughtered,1037,Fat of pigs,1990,1990,An,12700,E,Estimated value,
QCL,Crops and livestock products,143,Morocco,5510,Production,1037,Fat of pigs,1991,1991,t,41.82,I,Imputed value,
QCL,Crops and livestock products,143,Morocco,5320,Producing Animals/Slaughtered,1037,Fat of pigs,1991,1991,An,13700,E,Estimated value,
QCL,Crops and livestock products,143,Morocco,5510,Production,1037,Fat of pigs,1992,1992,t,42.95,I,Imputed value,
QCL,Crops and livestock products,143,Morocco,5320,Producing Animals/Slaughtered,1037,Fat of pigs,1992,1992,An,14100,E,Estimated value,
QCL,Crops and livestock products,143,Morocco,5510,Production,1037,Fat of pigs,1993,1993,t,42.42,I,Imputed value,
QCL,Crops and livestock products,143,Morocco,5320,Producing Animals/Slaughtered,1037,Fat of pigs,1993,1993,An,14500,E,Estimated value,
QCL,Crops and livestock products,143,Morocco,5510,Production,1037,Fat of pigs,1994,1994,t,43.61,I,Imputed value,
QCL,Crops and livestock products,143,Morocco,5320,Producing Animals/Slaughtered,1037,Fat of pigs,1994,1994,An,14500,E,Estimated value,
QCL,Crops and livestock products,143,Morocco,5510,Production,1037,Fat of pigs,1995,1995,t,43.61,I,Imputed value,
QCL,Crops and livestock products,143,Morocco,5320,Producing Animals/Slaughtered,1037,Fat of pigs,1995,1995,An,14500,E,Estimated value,
QCL,Crops and livestock products,143,Morocco,5510,Production,1037,Fat of pigs,1996,1996,t,43.61,I,Imputed value,
QCL,Crops and livestock products,143,Morocco,5320,Producing Animals/Slaughtered,1037,Fat of pigs,1996,1996,An,14500,E,Estimated value,
QCL,Crops and livestock products,143,Morocco,5510,Production,1037,Fat of pigs,1997,1997,t,44.81,I,Imputed value,
QCL,Crops and livestock products,143,Morocco,5320,Producing Animals/Slaughtered,1037,Fat of pigs,1997,1997,An,14500,E,Estimated value,
QCL,Crops and livestock products,143,Morocco,5510,Production,1037,Fat of pigs,1998,1998,t,33.45,I,Imputed value,
QCL,Crops and livestock products,143,Morocco,5320,Producing Animals/Slaughtered,1037,Fat of pigs,1998,1998,An,12000,A,Official figure,
QCL,Crops and livestock products,143,Morocco,5510,Production,1037,Fat of pigs,1999,1999,t,35.84,I,Imputed value,
QCL,Crops and livestock products,143,Morocco,5320,Producing Animals/Slaughtered,1037,Fat of pigs,1999,1999,An,12000,E,Estimated value,
QCL,Crops and livestock products,143,Morocco,5510,Production,1037,Fat of pigs,2000,2000,t,35.84,I,Imputed value,
QCL,Crops and livestock products,143,Morocco,5320,Producing Animals/Slaughtered,1037,Fat of pigs,2000,2000,An,12000,E,Estimated value,
QCL,Crops and livestock products,143,Morocco,5510,Production,1037,Fat of pigs,2001,2001,t,35.84,I,Imputed value,
QCL,Crops and livestock products,143,Morocco,5320,Producing Animals/Slaughtered,1037,Fat of pigs,2001,2001,An,12000,E,Estimated value,
QCL,Crops and livestock products,143,Morocco,5510,Production,1037,Fat of pigs,2002,2002,t,35.84,I,Imputed value,
QCL,Crops and livestock products,143,Morocco,5320,Producing Animals/Slaughtered,1037,Fat of pigs,2002,2002,An,12000,E,Estimated value,
QCL,Crops and livestock products,143,Morocco,5510,Production,1037,Fat of pigs,2003,2003,t,35.84,I,Imputed value,
QCL,Crops and livestock products,143,Morocco,5320,Producing Animals/Slaughtered,1037,Fat of pigs,2003,2003,An,12000,E,Estimated value,
QCL,Crops and livestock products,143,Morocco,5510,Production,1037,Fat of pigs,2004,2004,t,35.84,I,Imputed value,
QCL,Crops and livestock products,143,Morocco,5320,Producing Animals/Slaughtered,1037,Fat of pigs,2004,2004,An,12000,E,Estimated value,
QCL,Crops and livestock products,143,Morocco,5510,Production,1037,Fat of pigs,2005,2005,t,35.84,I,Imputed value,
QCL,Crops and livestock products,143,Morocco,5320,Producing Animals/Slaughtered,1037,Fat of pigs,2005,2005,An,12000,E,Estimated value,
QCL,Crops and livestock products,143,Morocco,5510,Production,1037,Fat of pigs,2006,2006,t,35.84,I,Imputed value,
QCL,Crops and livestock products,143,Morocco,5320,Producing Animals/Slaughtered,1037,Fat of pigs,2006,2006,An,12000,E,Estimated value,
QCL,Crops and livestock products,143,Morocco,5510,Production,1037,Fat of pigs,2007,2007,t,35.84,I,Imputed value,
QCL,Crops and livestock products,143,Morocco,5320,Producing Animals/Slaughtered,1037,Fat of pigs,2007,2007,An,12000,E,Estimated value,
QCL,Crops and livestock products,143,Morocco,5510,Production,1037,Fat of pigs,2008,2008,t,35.84,I,Imputed value,
QCL,Crops and livestock products,143,Morocco,5320,Producing Animals/Slaughtered,1037,Fat of pigs,2008,2008,An,12000,E,Estimated value,
QCL,Crops and livestock products,143,Morocco,5510,Production,1037,Fat of pigs,2009,2009,t,35.84,I,Imputed value,
QCL,Crops and livestock products,143,Morocco,5320,Producing Animals/Slaughtered,1037,Fat of pigs,2009,2009,An,12000,E,Estimated value,
QCL,Crops and livestock products,143,Morocco,5510,Production,1037,Fat of pigs,2010,2010,t,38.83,I,Imputed value,
QCL,Crops and livestock products,143,Morocco,5320,Producing Animals/Slaughtered,1037,Fat of pigs,2010,2010,An,13000,E,Estimated value,
QCL,Crops and livestock products,143,Morocco,5510,Production,1037,Fat of pigs,2011,2011,t,37.34,I,Imputed value,
QCL,Crops and livestock products,143,Morocco,5320,Producing Animals/Slaughtered,1037,Fat of pigs,2011,2011,An,12500,E,Estimated value,
QCL,Crops and livestock products,143,Morocco,5510,Production,1037,Fat of pigs,2012,2012,t,37.64,I,Imputed value,
QCL,Crops and livestock products,143,Morocco,5320,Producing Animals/Slaughtered,1037,Fat of pigs,2012,2012,An,13000,E,Estimated value,
QCL,Crops and livestock products,143,Morocco,5510,Production,1037,Fat of pigs,2013,2013,t,38.83,I,Imputed value,
QCL,Crops and livestock products,143,Morocco,5320,Producing Animals/Slaughtered,1037,Fat of pigs,2013,2013,An,13000,E,Estimated value,
QCL,Crops and livestock products,143,Morocco,5510,Production,1037,Fat of pigs,2014,2014,t,37.61,I,Imputed value,
QCL,Crops and livestock products,143,Morocco,5320,Producing Animals/Slaughtered,1037,Fat of pigs,2014,2014,An,12644.82,I,Imputed value,
QCL,Crops and livestock products,143,Morocco,5510,Production,1037,Fat of pigs,2015,2015,t,36.92,I,Imputed value,
QCL,Crops and livestock products,143,Morocco,5320,Producing Animals/Slaughtered,1037,Fat of pigs,2015,2015,An,12446.05,I,Imputed value,
QCL,Crops and livestock products,143,Morocco,5510,Production,1037,Fat of pigs,2016,2016,t,36.87,I,Imputed value,
QCL,Crops and livestock products,143,Morocco,5320,Producing Animals/Slaughtered,1037,Fat of pigs,2016,2016,An,12442.45,I,Imputed value,
QCL,Crops and livestock products,143,Morocco,5510,Production,1037,Fat of pigs,2017,2017,t,36.74,I,Imputed value,
QCL,Crops and livestock products,143,Morocco,5320,Producing Animals/Slaughtered,1037,Fat of pigs,2017,2017,An,12397.64,I,Imputed value,
QCL,Crops and livestock products,143,Morocco,5510,Production,1037,Fat of pigs,2018,2018,t,36.32,I,Imputed value,
QCL,Crops and livestock products,143,Morocco,5320,Producing Animals/Slaughtered,1037,Fat of pigs,2018,2018,An,12259.23,I,Imputed value,
QCL,Crops and livestock products,143,Morocco,5510,Production,1037,Fat of pigs,2019,2019,t,36.46,I,Imputed value,
QCL,Crops and livestock products,143,Morocco,5320,Producing Animals/Slaughtered,1037,Fat of pigs,2019,2019,An,12287.9,I,Imputed value,
QCL,Crops and livestock products,143,Morocco,5510,Production,1037,Fat of pigs,2020,2020,t,36.82,I,Imputed value,
QCL,Crops and livestock products,143,Morocco,5320,Producing Animals/Slaughtered,1037,Fat of pigs,2020,2020,An,12376.67,I,Imputed value,
QCL,Crops and livestock products,143,Morocco,5510,Production,1037,Fat of pigs,2021,2021,t,36.87,I,Imputed value,
QCL,Crops and livestock products,143,Morocco,5320,Producing Animals/Slaughtered,1037,Fat of pigs,2021,2021,An,12393.07,I,Imputed value,
QCL,Crops and livestock products,143,Morocco,5510,Production,1037,Fat of pigs,2022,2022,t,36.93,I,Imputed value,
QCL,Crops and livestock products,143,Morocco,5320,Producing Animals/Slaughtered,1037,Fat of pigs,2022,2022,An,12410.53,I,Imputed value,
QCL,Crops and livestock products,143,Morocco,5312,Area harvested,569,Figs,1961,1961,ha,0,M,"Missing value (data cannot exist, not applicable)",
QCL,Crops and livestock products,143,Morocco,5510,Production,569,Figs,1961,1961,t,77000,A,Official figure,
QCL,Crops and livestock products,143,Morocco,5312,Area harvested,569,Figs,1962,1962,ha,0,M,"Missing value (data cannot exist, not applicable)",
QCL,Crops and livestock products,143,Morocco,5510,Production,569,Figs,1962,1962,t,66000,A,Official figure,
QCL,Crops and livestock products,143,Morocco,5312,Area harvested,569,Figs,1963,1963,ha,0,M,"Missing value (data cannot exist, not applicable)",
QCL,Crops and livestock products,143,Morocco,5510,Production,569,Figs,1963,1963,t,61000,A,Official figure,
QCL,Crops and livestock products,143,Morocco,5312,Area harvested,569,Figs,1964,1964,ha,0,M,"Missing value (data cannot exist, not applicable)",
QCL,Crops and livestock products,143,Morocco,5510,Production,569,Figs,1964,1964,t,96000,A,Official figure,
QCL,Crops and livestock products,143,Morocco,5312,Area harvested,569,Figs,1965,1965,ha,0,M,"Missing value (data cannot exist, not applicable)",
QCL,Crops and livestock products,143,Morocco,5510,Production,569,Figs,1965,1965,t,79000,A,Official figure,
QCL,Crops and livestock products,143,Morocco,5312,Area harvested,569,Figs,1966,1966,ha,0,M,"Missing value (data cannot exist, not applicable)",
QCL,Crops and livestock products,143,Morocco,5510,Production,569,Figs,1966,1966,t,65000,A,Official figure,
QCL,Crops and livestock products,143,Morocco,5312,Area harvested,569,Figs,1967,1967,ha,0,M,"Missing value (data cannot exist, not applicable)",
QCL,Crops and livestock products,143,Morocco,5510,Production,569,Figs,1967,1967,t,65000,A,Official figure,
QCL,Crops and livestock products,143,Morocco,5312,Area harvested,569,Figs,1968,1968,ha,0,M,"Missing value (data cannot exist, not applicable)",
QCL,Crops and livestock products,143,Morocco,5510,Production,569,Figs,1968,1968,t,65000,A,Official figure,
QCL,Crops and livestock products,143,Morocco,5312,Area harvested,569,Figs,1969,1969,ha,0,M,"Missing value (data cannot exist, not applicable)",
QCL,Crops and livestock products,143,Morocco,5510,Production,569,Figs,1969,1969,t,65000,A,Official figure,
QCL,Crops and livestock products,143,Morocco,5312,Area harvested,569,Figs,1970,1970,ha,0,M,"Missing value (data cannot exist, not applicable)",
QCL,Crops and livestock products,143,Morocco,5510,Production,569,Figs,1970,1970,t,67000,A,Official figure,
QCL,Crops and livestock products,143,Morocco,5312,Area harvested,569,Figs,1971,1971,ha,0,M,"Missing value (data cannot exist, not applicable)",
QCL,Crops and livestock products,143,Morocco,5510,Production,569,Figs,1971,1971,t,67000,A,Official figure,
QCL,Crops and livestock products,143,Morocco,5312,Area harvested,569,Figs,1972,1972,ha,0,M,"Missing value (data cannot exist, not applicable)",
QCL,Crops and livestock products,143,Morocco,5510,Production,569,Figs,1972,1972,t,67000,A,Official figure,
QCL,Crops and livestock products,143,Morocco,5312,Area harvested,569,Figs,1973,1973,ha,0,M,"Missing value (data cannot exist, not applicable)",
QCL,Crops and livestock products,143,Morocco,5510,Production,569,Figs,1973,1973,t,67000,A,Official figure,
QCL,Crops and livestock products,143,Morocco,5312,Area harvested,569,Figs,1974,1974,ha,0,M,"Missing value (data cannot exist, not applicable)",
QCL,Crops and livestock products,143,Morocco,5510,Production,569,Figs,1974,1974,t,67000,A,Official figure,
QCL,Crops and livestock products,143,Morocco,5312,Area harvested,569,Figs,1975,1975,ha,0,M,"Missing value (data cannot exist, not applicable)",
QCL,Crops and livestock products,143,Morocco,5510,Production,569,Figs,1975,1975,t,69000,A,Official figure,
QCL,Crops and livestock products,143,Morocco,5312,Area harvested,569,Figs,1976,1976,ha,0,M,"Missing value (data cannot exist, not applicable)",
QCL,Crops and livestock products,143,Morocco,5510,Production,569,Figs,1976,1976,t,69300,A,Official figure,
QCL,Crops and livestock products,143,Morocco,5312,Area harvested,569,Figs,1977,1977,ha,0,M,"Missing value (data cannot exist, not applicable)",
QCL,Crops and livestock products,143,Morocco,5510,Production,569,Figs,1977,1977,t,68000,X,Figure from international organizations,Unofficial figure
QCL,Crops and livestock products,143,Morocco,5312,Area harvested,569,Figs,1978,1978,ha,0,M,"Missing value (data cannot exist, not applicable)",
QCL,Crops and livestock products,143,Morocco,5510,Production,569,Figs,1978,1978,t,65000,X,Figure from international organizations,Unofficial figure
QCL,Crops and livestock products,143,Morocco,5312,Area harvested,569,Figs,1979,1979,ha,0,M,"Missing value (data cannot exist, not applicable)",
QCL,Crops and livestock products,143,Morocco,5510,Production,569,Figs,1979,1979,t,65000,X,Figure from international organizations,Unofficial figure
QCL,Crops and livestock products,143,Morocco,5312,Area harvested,569,Figs,1980,1980,ha,0,M,"Missing value (data cannot exist, not applicable)",
QCL,Crops and livestock products,143,Morocco,5510,Production,569,Figs,1980,1980,t,65000,E,Estimated value,
QCL,Crops and livestock products,143,Morocco,5312,Area harvested,569,Figs,1981,1981,ha,0,M,"Missing value (data cannot exist, not applicable)",
QCL,Crops and livestock products,143,Morocco,5510,Production,569,Figs,1981,1981,t,66000,X,Figure from international organizations,Unofficial figure
QCL,Crops and livestock products,143,Morocco,5312,Area harvested,569,Figs,1982,1982,ha,0,M,"Missing value (data cannot exist, not applicable)",
QCL,Crops and livestock products,143,Morocco,5510,Production,569,Figs,1982,1982,t,67000,E,Estimated value,
QCL,Crops and livestock products,143,Morocco,5312,Area harvested,569,Figs,1983,1983,ha,0,M,"Missing value (data cannot exist, not applicable)",
QCL,Crops and livestock products,143,Morocco,5510,Production,569,Figs,1983,1983,t,67000,E,Estimated value,
QCL,Crops and livestock products,143,Morocco,5312,Area harvested,569,Figs,1984,1984,ha,0,M,"Missing value (data cannot exist, not applicable)",
QCL,Crops and livestock products,143,Morocco,5510,Production,569,Figs,1984,1984,t,70000,E,Estimated value,
QCL,Crops and livestock products,143,Morocco,5312,Area harvested,569,Figs,1985,1985,ha,32000,E,Estimated value,
QCL,Crops and livestock products,143,Morocco,5419,Yield,569,Figs,1985,1985,100 g/ha,22500,E,Estimated value,
QCL,Crops and livestock products,143,Morocco,5510,Production,569,Figs,1985,1985,t,72000,E,Estimated value,
QCL,Crops and livestock products,143,Morocco,5312,Area harvested,569,Figs,1986,1986,ha,29500,E,Estimated value,
QCL,Crops and livestock products,143,Morocco,5419,Yield,569,Figs,1986,1986,100 g/ha,22373,E,Estimated value,
QCL,Crops and livestock products,143,Morocco,5510,Production,569,Figs,1986,1986,t,66000,E,Estimated value,
QCL,Crops and livestock products,143,Morocco,5312,Area harvested,569,Figs,1987,1987,ha,30000,E,Estimated value,
QCL,Crops and livestock products,143,Morocco,5419,Yield,569,Figs,1987,1987,100 g/ha,18100,E,Estimated value,
QCL,Crops and livestock products,143,Morocco,5510,Production,569,Figs,1987,1987,t,54300,A,Official figure,
QCL,Crops and livestock products,143,Morocco,5312,Area harvested,569,Figs,1988,1988,ha,30000,E,Estimated value,
QCL,Crops and livestock products,143,Morocco,5419,Yield,569,Figs,1988,1988,100 g/ha,18500,E,Estimated value,
QCL,Crops and livestock products,143,Morocco,5510,Production,569,Figs,1988,1988,t,55500,A,Official figure,
QCL,Crops and livestock products,143,Morocco,5312,Area harvested,569,Figs,1989,1989,ha,38000,A,Official figure,
QCL,Crops and livestock products,143,Morocco,5419,Yield,569,Figs,1989,1989,100 g/ha,14974,A,Official figure,
QCL,Crops and livestock products,143,Morocco,5510,Production,569,Figs,1989,1989,t,56900,A,Official figure,
QCL,Crops and livestock products,143,Morocco,5312,Area harvested,569,Figs,1990,1990,ha,39000,A,Official figure,
QCL,Crops and livestock products,143,Morocco,5419,Yield,569,Figs,1990,1990,100 g/ha,14923,A,Official figure,
QCL,Crops and livestock products,143,Morocco,5510,Production,569,Figs,1990,1990,t,58200,A,Official figure,
QCL,Crops and livestock products,143,Morocco,5312,Area harvested,569,Figs,1991,1991,ha,40000,A,Official figure,
QCL,Crops and livestock products,143,Morocco,5419,Yield,569,Figs,1991,1991,100 g/ha,15000,A,Official figure,
QCL,Crops and livestock products,143,Morocco,5510,Production,569,Figs,1991,1991,t,60000,A,Official figure,
QCL,Crops and livestock products,143,Morocco,5312,Area harvested,569,Figs,1992,1992,ha,40000,A,Official figure,
QCL,Crops and livestock products,143,Morocco,5419,Yield,569,Figs,1992,1992,100 g/ha,11250,A,Official figure,
QCL,Crops and livestock products,143,Morocco,5510,Production,569,Figs,1992,1992,t,45000,A,Official figure,
QCL,Crops and livestock products,143,Morocco,5312,Area harvested,569,Figs,1993,1993,ha,40000,A,Official figure,
QCL,Crops and livestock products,143,Morocco,5419,Yield,569,Figs,1993,1993,100 g/ha,12500,A,Official figure,
QCL,Crops and livestock products,143,Morocco,5510,Production,569,Figs,1993,1993,t,50000,A,Official figure,
QCL,Crops and livestock products,143,Morocco,5312,Area harvested,569,Figs,1994,1994,ha,40000,A,Official figure,
QCL,Crops and livestock products,143,Morocco,5419,Yield,569,Figs,1994,1994,100 g/ha,16250,A,Official figure,
QCL,Crops and livestock products,143,Morocco,5510,Production,569,Figs,1994,1994,t,65000,A,Official figure,
QCL,Crops and livestock products,143,Morocco,5312,Area harvested,569,Figs,1995,1995,ha,42000,A,Official figure,
QCL,Crops and livestock products,143,Morocco,5419,Yield,569,Figs,1995,1995,100 g/ha,15952,A,Official figure,
QCL,Crops and livestock products,143,Morocco,5510,Production,569,Figs,1995,1995,t,67000,A,Official figure,
QCL,Crops and livestock products,143,Morocco,5312,Area harvested,569,Figs,1996,1996,ha,44100,A,Official figure,
QCL,Crops and livestock products,143,Morocco,5419,Yield,569,Figs,1996,1996,100 g/ha,9161,A,Official figure,
QCL,Crops and livestock products,143,Morocco,5510,Production,569,Figs,1996,1996,t,40400,A,Official figure,
QCL,Crops and livestock products,143,Morocco,5312,Area harvested,569,Figs,1997,1997,ha,42000,A,Official figure,
QCL,Crops and livestock products,143,Morocco,5419,Yield,569,Figs,1997,1997,100 g/ha,12190,A,Official figure,
QCL,Crops and livestock products,143,Morocco,5510,Production,569,Figs,1997,1997,t,51200,A,Official figure,
QCL,Crops and livestock products,143,Morocco,5312,Area harvested,569,Figs,1998,1998,ha,42000,A,Official figure,
QCL,Crops and livestock products,143,Morocco,5419,Yield,569,Figs,1998,1998,100 g/ha,13262,A,Official figure,
QCL,Crops and livestock products,143,Morocco,5510,Production,569,Figs,1998,1998,t,55700,A,Official figure,
QCL,Crops and livestock products,143,Morocco,5312,Area harvested,569,Figs,1999,1999,ha,44600,A,Official figure,
QCL,Crops and livestock products,143,Morocco,5419,Yield,569,Figs,1999,1999,100 g/ha,18386,A,Official figure,
QCL,Crops and livestock products,143,Morocco,5510,Production,569,Figs,1999,1999,t,82000,A,Official figure,
QCL,Crops and livestock products,143,Morocco,5312,Area harvested,569,Figs,2000,2000,ha,43900,A,Official figure,
QCL,Crops and livestock products,143,Morocco,5419,Yield,569,Figs,2000,2000,100 g/ha,15581,A,Official figure,
QCL,Crops and livestock products,143,Morocco,5510,Production,569,Figs,2000,2000,t,68400,A,Official figure,
QCL,Crops and livestock products,143,Morocco,5312,Area harvested,569,Figs,2001,2001,ha,43400,A,Official figure,
QCL,Crops and livestock products,143,Morocco,5419,Yield,569,Figs,2001,2001,100 g/ha,17419,A,Official figure,
QCL,Crops and livestock products,143,Morocco,5510,Production,569,Figs,2001,2001,t,75600,A,Official figure,
QCL,Crops and livestock products,143,Morocco,5312,Area harvested,569,Figs,2002,2002,ha,43200,A,Official figure,
QCL,Crops and livestock products,143,Morocco,5419,Yield,569,Figs,2002,2002,100 g/ha,22569,A,Official figure,
QCL,Crops and livestock products,143,Morocco,5510,Production,569,Figs,2002,2002,t,97500,A,Official figure,
QCL,Crops and livestock products,143,Morocco,5312,Area harvested,569,Figs,2003,2003,ha,42800,A,Official figure,
QCL,Crops and livestock products,143,Morocco,5419,Yield,569,Figs,2003,2003,100 g/ha,15654,A,Official figure,
QCL,Crops and livestock products,143,Morocco,5510,Production,569,Figs,2003,2003,t,67000,A,Official figure,
QCL,Crops and livestock products,143,Morocco,5312,Area harvested,569,Figs,2004,2004,ha,42700,A,Official figure,
QCL,Crops and livestock products,143,Morocco,5419,Yield,569,Figs,2004,2004,100 g/ha,14052,A,Official figure,
QCL,Crops and livestock products,143,Morocco,5510,Production,569,Figs,2004,2004,t,60000,A,Official figure,
QCL,Crops and livestock products,143,Morocco,5312,Area harvested,569,Figs,2005,2005,ha,43800,A,Official figure,
QCL,Crops and livestock products,143,Morocco,5419,Yield,569,Figs,2005,2005,100 g/ha,18858,A,Official figure,
QCL,Crops and livestock products,143,Morocco,5510,Production,569,Figs,2005,2005,t,82600,A,Official figure,
QCL,Crops and livestock products,143,Morocco,5312,Area harvested,569,Figs,2006,2006,ha,44000,A,Official figure,
QCL,Crops and livestock products,143,Morocco,5419,Yield,569,Figs,2006,2006,100 g/ha,17500,A,Official figure,
QCL,Crops and livestock products,143,Morocco,5510,Production,569,Figs,2006,2006,t,77000,A,Official figure,
QCL,Crops and livestock products,143,Morocco,5312,Area harvested,569,Figs,2007,2007,ha,44441,A,Official figure,
QCL,Crops and livestock products,143,Morocco,5419,Yield,569,Figs,2007,2007,100 g/ha,13862,A,Official figure,
QCL,Crops and livestock products,143,Morocco,5510,Production,569,Figs,2007,2007,t,61606,A,Official figure,
QCL,Crops and livestock products,143,Morocco,5312,Area harvested,569,Figs,2008,2008,ha,42381,A,Official figure,
QCL,Crops and livestock products,143,Morocco,5419,Yield,569,Figs,2008,2008,100 g/ha,16451,A,Official figure,
QCL,Crops and livestock products,143,Morocco,5510,Production,569,Figs,2008,2008,t,69723,A,Official figure,
QCL,Crops and livestock products,143,Morocco,5312,Area harvested,569,Figs,2009,2009,ha,47600,A,Official figure,
QCL,Crops and livestock products,143,Morocco,5419,Yield,569,Figs,2009,2009,100 g/ha,22941,A,Official figure,
QCL,Crops and livestock products,143,Morocco,5510,Production,569,Figs,2009,2009,t,109200,A,Official figure,
QCL,Crops and livestock products,143,Morocco,5312,Area harvested,569,Figs,2010,2010,ha,49682,A,Official figure,
QCL,Crops and livestock products,143,Morocco,5419,Yield,569,Figs,2010,2010,100 g/ha,22087,A,Official figure,
QCL,Crops and livestock products,143,Morocco,5510,Production,569,Figs,2010,2010,t,109735,A,Official figure,
QCL,Crops and livestock products,143,Morocco,5312,Area harvested,569,Figs,2011,2011,ha,51449,A,Official figure,
QCL,Crops and livestock products,143,Morocco,5419,Yield,569,Figs,2011,2011,100 g/ha,22308,A,Official figure,
QCL,Crops and livestock products,143,Morocco,5510,Production,569,Figs,2011,2011,t,114770,A,Official figure,
QCL,Crops and livestock products,143,Morocco,5312,Area harvested,569,Figs,2012,2012,ha,51020,A,Official figure,
QCL,Crops and livestock products,143,Morocco,5419,Yield,569,Figs,2012,2012,100 g/ha,20128,A,Official figure,
QCL,Crops and livestock products,143,Morocco,5510,Production,569,Figs,2012,2012,t,102694,A,Official figure,
QCL,Crops and livestock products,143,Morocco,5312,Area harvested,569,Figs,2013,2013,ha,55020,A,Official figure,
QCL,Crops and livestock products,143,Morocco,5419,Yield,569,Figs,2013,2013,100 g/ha,20454,A,Official figure,
QCL,Crops and livestock products,143,Morocco,5510,Production,569,Figs,2013,2013,t,112537.36,A,Official figure,
QCL,Crops and livestock products,143,Morocco,5312,Area harvested,569,Figs,2014,2014,ha,54771,A,Official figure,
QCL,Crops and livestock products,143,Morocco,5419,Yield,569,Figs,2014,2014,100 g/ha,23106,A,Official figure,
QCL,Crops and livestock products,143,Morocco,5510,Production,569,Figs,2014,2014,t,126553.56,A,Official figure,
QCL,Crops and livestock products,143,Morocco,5312,Area harvested,569,Figs,2015,2015,ha,55260,A,Official figure,
QCL,Crops and livestock products,143,Morocco,5419,Yield,569,Figs,2015,2015,100 g/ha,27165,A,Official figure,
QCL,Crops and livestock products,143,Morocco,5510,Production,569,Figs,2015,2015,t,150110.82,A,Official figure,
QCL,Crops and livestock products,143,Morocco,5312,Area harvested,569,Figs,2016,2016,ha,58306,A,Official figure,
QCL,Crops and livestock products,143,Morocco,5419,Yield,569,Figs,2016,2016,100 g/ha,10270,A,Official figure,
QCL,Crops and livestock products,143,Morocco,5510,Production,569,Figs,2016,2016,t,59881.15,A,Official figure,
QCL,Crops and livestock products,143,Morocco,5312,Area harvested,569,Figs,2017,2017,ha,60533,A,Official figure,
QCL,Crops and livestock products,143,Morocco,5419,Yield,569,Figs,2017,2017,100 g/ha,22786,A,Official figure,
QCL,Crops and livestock products,143,Morocco,5510,Production,569,Figs,2017,2017,t,137933.82,A,Official figure,
QCL,Crops and livestock products,143,Morocco,5312,Area harvested,569,Figs,2018,2018,ha,61498,A,Official figure,
QCL,Crops and livestock products,143,Morocco,5419,Yield,569,Figs,2018,2018,100 g/ha,20876,A,Official figure,
QCL,Crops and livestock products,143,Morocco,5510,Production,569,Figs,2018,2018,t,128380.05,A,Official figure,
QCL,Crops and livestock products,143,Morocco,5312,Area harvested,569,Figs,2019,2019,ha,62969,A,Official figure,
QCL,Crops and livestock products,143,Morocco,5419,Yield,569,Figs,2019,2019,100 g/ha,24373,A,Official figure,
QCL,Crops and livestock products,143,Morocco,5510,Production,569,Figs,2019,2019,t,153471.57,A,Official figure,
QCL,Crops and livestock products,143,Morocco,5312,Area harvested,569,Figs,2020,2020,ha,63131,A,Official figure,
QCL,Crops and livestock products,143,Morocco,5419,Yield,569,Figs,2020,2020,100 g/ha,22849,A,Official figure,
QCL,Crops and livestock products,143,Morocco,5510,Production,569,Figs,2020,2020,t,144246.05,A,Official figure,
QCL,Crops and livestock products,143,Morocco,5312,Area harvested,569,Figs,2021,2021,ha,64431,A,Official figure,
QCL,Crops and livestock products,143,Morocco,5419,Yield,569,Figs,2021,2021,100 g/ha,22373,A,Official figure,
QCL,Crops and livestock products,143,Morocco,5510,Production,569,Figs,2021,2021,t,144153,A,Official figure,
QCL,Crops and livestock products,143,Morocco,5312,Area harvested,569,Figs,2022,2022,ha,66532,A,Official figure,
QCL,Crops and livestock products,143,Morocco,5419,Yield,569,Figs,2022,2022,100 g/ha,16476,A,Official figure,
QCL,Crops and livestock products,143,Morocco,5510,Production,569,Figs,2022,2022,t,109619.8,A,Official figure,
QCL,Crops and livestock products,143,Morocco,5510,Production,1163,"Game meat, fresh, chilled or frozen",1961,1961,t,0,A,Official figure,
QCL,Crops and livestock products,143,Morocco,5510,Production,1163,"Game meat, fresh, chilled or frozen",1962,1962,t,0,A,Official figure,
QCL,Crops and livestock products,143,Morocco,5510,Production,1163,"Game meat, fresh, chilled or frozen",1963,1963,t,0,A,Official figure,
QCL,Crops and livestock products,143,Morocco,5510,Production,1163,"Game meat, fresh, chilled or frozen",1964,1964,t,0,A,Official figure,
QCL,Crops and livestock products,143,Morocco,5510,Production,1163,"Game meat, fresh, chilled or frozen",1965,1965,t,0,A,Official figure,
QCL,Crops and livestock products,143,Morocco,5510,Production,1163,"Game meat, fresh, chilled or frozen",1966,1966,t,0,A,Official figure,
QCL,Crops and livestock products,143,Morocco,5510,Production,1163,"Game meat, fresh, chilled or frozen",1967,1967,t,0,A,Official figure,
QCL,Crops and livestock products,143,Morocco,5510,Production,1163,"Game meat, fresh, chilled or frozen",1968,1968,t,0,A,Official figure,
QCL,Crops and livestock products,143,Morocco,5510,Production,1163,"Game meat, fresh, chilled or frozen",1969,1969,t,0,A,Official figure,
QCL,Crops and livestock products,143,Morocco,5510,Production,1163,"Game meat, fresh, chilled or frozen",1970,1970,t,0,A,Official figure,
QCL,Crops and livestock products,143,Morocco,5510,Production,1163,"Game meat, fresh, chilled or frozen",1971,1971,t,0,A,Official figure,
QCL,Crops and livestock products,143,Morocco,5510,Production,1163,"Game meat, fresh, chilled or frozen",1972,1972,t,0,A,Official figure,
QCL,Crops and livestock products,143,Morocco,5510,Production,1163,"Game meat, fresh, chilled or frozen",1973,1973,t,0,A,Official figure,
QCL,Crops and livestock products,143,Morocco,5510,Production,1163,"Game meat, fresh, chilled or frozen",1974,1974,t,0,A,Official figure,
QCL,Crops and livestock products,143,Morocco,5510,Production,1163,"Game meat, fresh, chilled or frozen",1975,1975,t,0,A,Official figure,
QCL,Crops and livestock products,143,Morocco,5510,Production,1163,"Game meat, fresh, chilled or frozen",1976,1976,t,0,A,Official figure,
QCL,Crops and livestock products,143,Morocco,5510,Production,1163,"Game meat, fresh, chilled or frozen",1977,1977,t,0,A,Official figure,
QCL,Crops and livestock products,143,Morocco,5510,Production,1163,"Game meat, fresh, chilled or frozen",1978,1978,t,0,A,Official figure,
QCL,Crops and livestock products,143,Morocco,5510,Production,1163,"Game meat, fresh, chilled or frozen",1979,1979,t,0,A,Official figure,
QCL,Crops and livestock products,143,Morocco,5510,Production,1163,"Game meat, fresh, chilled or frozen",1980,1980,t,0,A,Official figure,
QCL,Crops and livestock products,143,Morocco,5510,Production,1163,"Game meat, fresh, chilled or frozen",1981,1981,t,0,A,Official figure,
QCL,Crops and livestock products,143,Morocco,5510,Production,1163,"Game meat, fresh, chilled or frozen",1982,1982,t,0,A,Official figure,
QCL,Crops and livestock products,143,Morocco,5510,Production,1163,"Game meat, fresh, chilled or frozen",1983,1983,t,0,A,Official figure,
QCL,Crops and livestock products,143,Morocco,5510,Production,1163,"Game meat, fresh, chilled or frozen",1984,1984,t,4000,E,Estimated value,
QCL,Crops and livestock products,143,Morocco,5510,Production,1163,"Game meat, fresh, chilled or frozen",1985,1985,t,7000,E,Estimated value,
QCL,Crops and livestock products,143,Morocco,5510,Production,1163,"Game meat, fresh, chilled or frozen",1986,1986,t,15000,E,Estimated value,
QCL,Crops and livestock products,143,Morocco,5510,Production,1163,"Game meat, fresh, chilled or frozen",1987,1987,t,20000,E,Estimated value,
QCL,Crops and livestock products,143,Morocco,5510,Production,1163,"Game meat, fresh, chilled or frozen",1988,1988,t,25000,E,Estimated value,
QCL,Crops and livestock products,143,Morocco,5510,Production,1163,"Game meat, fresh, chilled or frozen",1989,1989,t,27800,A,Official figure,
QCL,Crops and livestock products,143,Morocco,5510,Production,1163,"Game meat, fresh, chilled or frozen",1990,1990,t,27300,A,Official figure,
QCL,Crops and livestock products,143,Morocco,5510,Production,1163,"Game meat, fresh, chilled or frozen",1991,1991,t,29350,A,Official figure,
QCL,Crops and livestock products,143,Morocco,5510,Production,1163,"Game meat, fresh, chilled or frozen",1992,1992,t,30000,A,Official figure,
QCL,Crops and livestock products,143,Morocco,5510,Production,1163,"Game meat, fresh, chilled or frozen",1993,1993,t,32000,E,Estimated value,
QCL,Crops and livestock products,143,Morocco,5510,Production,1163,"Game meat, fresh, chilled or frozen",1994,1994,t,33000,E,Estimated value,
QCL,Crops and livestock products,143,Morocco,5510,Production,1163,"Game meat, fresh, chilled or frozen",1995,1995,t,33004.01,I,Imputed value,
QCL,Crops and livestock products,143,Morocco,5510,Production,1163,"Game meat, fresh, chilled or frozen",1996,1996,t,33879.63,I,Imputed value,
QCL,Crops and livestock products,143,Morocco,5510,Production,1163,"Game meat, fresh, chilled or frozen",1997,1997,t,34757.11,I,Imputed value,
QCL,Crops and livestock products,143,Morocco,5510,Production,1163,"Game meat, fresh, chilled or frozen",1998,1998,t,35636.6,I,Imputed value,
QCL,Crops and livestock products,143,Morocco,5510,Production,1163,"Game meat, fresh, chilled or frozen",1999,1999,t,36518.09,I,Imputed value,
QCL,Crops and livestock products,143,Morocco,5510,Production,1163,"Game meat, fresh, chilled or frozen",2000,2000,t,37401.56,I,Imputed value,
QCL,Crops and livestock products,143,Morocco,5510,Production,1163,"Game meat, fresh, chilled or frozen",2001,2001,t,38286.92,I,Imputed value,
QCL,Crops and livestock products,143,Morocco,5510,Production,1163,"Game meat, fresh, chilled or frozen",2002,2002,t,39122.4,I,Imputed value,
QCL,Crops and livestock products,143,Morocco,5510,Production,1163,"Game meat, fresh, chilled or frozen",2003,2003,t,40005.36,I,Imputed value,
QCL,Crops and livestock products,143,Morocco,5510,Production,1163,"Game meat, fresh, chilled or frozen",2004,2004,t,40889.87,I,Imputed value,
QCL,Crops and livestock products,143,Morocco,5510,Production,1163,"Game meat, fresh, chilled or frozen",2005,2005,t,41775.67,I,Imputed value,
QCL,Crops and livestock products,143,Morocco,5510,Production,1163,"Game meat, fresh, chilled or frozen",2006,2006,t,42662.56,I,Imputed value,
QCL,Crops and livestock products,143,Morocco,5510,Production,1163,"Game meat, fresh, chilled or frozen",2007,2007,t,43550.29,I,Imputed value,
QCL,Crops and livestock products,143,Morocco,5510,Production,1163,"Game meat, fresh, chilled or frozen",2008,2008,t,44438.58,I,Imputed value,
QCL,Crops and livestock products,143,Morocco,5510,Production,1163,"Game meat, fresh, chilled or frozen",2009,2009,t,45327.12,I,Imputed value,
QCL,Crops and livestock products,143,Morocco,5510,Production,1163,"Game meat, fresh, chilled or frozen",2010,2010,t,46215.53,I,Imputed value,
QCL,Crops and livestock products,143,Morocco,5510,Production,1163,"Game meat, fresh, chilled or frozen",2011,2011,t,47000,E,Estimated value,
QCL,Crops and livestock products,143,Morocco,5510,Production,1163,"Game meat, fresh, chilled or frozen",2012,2012,t,47992.39,I,Imputed value,
QCL,Crops and livestock products,143,Morocco,5510,Production,1163,"Game meat, fresh, chilled or frozen",2013,2013,t,48886.73,I,Imputed value,
QCL,Crops and livestock products,143,Morocco,5510,Production,1163,"Game meat, fresh, chilled or frozen",2014,2014,t,49717.6,I,Imputed value,
QCL,Crops and livestock products,143,Morocco,5510,Production,1163,"Game meat, fresh, chilled or frozen",2015,2015,t,50569.29,I,Imputed value,
QCL,Crops and livestock products,143,Morocco,5510,Production,1163,"Game meat, fresh, chilled or frozen",2016,2016,t,51436.76,I,Imputed value,
QCL,Crops and livestock products,143,Morocco,5510,Production,1163,"Game meat, fresh, chilled or frozen",2017,2017,t,52304.35,I,Imputed value,
QCL,Crops and livestock products,143,Morocco,5510,Production,1163,"Game meat, fresh, chilled or frozen",2018,2018,t,53175.55,I,Imputed value,
QCL,Crops and livestock products,143,Morocco,5510,Production,1163,"Game meat, fresh, chilled or frozen",2019,2019,t,52308.22,E,Estimated value,
QCL,Crops and livestock products,143,Morocco,5510,Production,1163,"Game meat, fresh, chilled or frozen",2020,2020,t,53176.39,E,Estimated value,
QCL,Crops and livestock products,143,Morocco,5510,Production,1163,"Game meat, fresh, chilled or frozen",2021,2021,t,54045.67,E,Estimated value,
QCL,Crops and livestock products,143,Morocco,5510,Production,1163,"Game meat, fresh, chilled or frozen",2022,2022,t,54916.05,E,Estimated value,
QCL,Crops and livestock products,143,Morocco,5510,Production,1019,"Goat fat, unrendered",1961,1961,t,387.1,I,Imputed value,
QCL,Crops and livestock products,143,Morocco,5320,Producing Animals/Slaughtered,1019,"Goat fat, unrendered",1961,1961,An,2030000,E,Estimated value,
QCL,Crops and livestock products,143,Morocco,5510,Production,1019,"Goat fat, unrendered",1962,1962,t,346.45,I,Imputed value,
QCL,Crops and livestock products,143,Morocco,5320,Producing Animals/Slaughtered,1019,"Goat fat, unrendered",1962,1962,An,1800000,E,Estimated value,
QCL,Crops and livestock products,143,Morocco,5510,Production,1019,"Goat fat, unrendered",1963,1963,t,348.39,I,Imputed value,
QCL,Crops and livestock products,143,Morocco,5320,Producing Animals/Slaughtered,1019,"Goat fat, unrendered",1963,1963,An,1885000,E,Estimated value,
QCL,Crops and livestock products,143,Morocco,5510,Production,1019,"Goat fat, unrendered",1964,1964,t,348.39,I,Imputed value,
QCL,Crops and livestock products,143,Morocco,5320,Producing Animals/Slaughtered,1019,"Goat fat, unrendered",1964,1964,An,1856000,E,Estimated value,
QCL,Crops and livestock products,143,Morocco,5510,Production,1019,"Goat fat, unrendered",1965,1965,t,367.74,I,Imputed value,
QCL,Crops and livestock products,143,Morocco,5320,Producing Animals/Slaughtered,1019,"Goat fat, unrendered",1965,1965,An,1962000,A,Official figure,
QCL,Crops and livestock products,143,Morocco,5510,Production,1019,"Goat fat, unrendered",1966,1966,t,387.1,I,Imputed value,
QCL,Crops and livestock products,143,Morocco,5320,Producing Animals/Slaughtered,1019,"Goat fat, unrendered",1966,1966,An,2024200,A,Official figure,
QCL,Crops and livestock products,143,Morocco,5510,Production,1019,"Goat fat, unrendered",1967,1967,t,425.81,I,Imputed value,
QCL,Crops and livestock products,143,Morocco,5320,Producing Animals/Slaughtered,1019,"Goat fat, unrendered",1967,1967,An,2212700,A,Official figure,
QCL,Crops and livestock products,143,Morocco,5510,Production,1019,"Goat fat, unrendered",1968,1968,t,464.52,I,Imputed value,
QCL,Crops and livestock products,143,Morocco,5320,Producing Animals/Slaughtered,1019,"Goat fat, unrendered",1968,1968,An,2371040,A,Official figure,
QCL,Crops and livestock products,143,Morocco,5510,Production,1019,"Goat fat, unrendered",1969,1969,t,464.52,I,Imputed value,
QCL,Crops and livestock products,143,Morocco,5320,Producing Animals/Slaughtered,1019,"Goat fat, unrendered",1969,1969,An,2500000,A,Official figure,
QCL,Crops and livestock products,143,Morocco,5510,Production,1019,"Goat fat, unrendered",1970,1970,t,474.19,I,Imputed value,
QCL,Crops and livestock products,143,Morocco,5320,Producing Animals/Slaughtered,1019,"Goat fat, unrendered",1970,1970,An,2500000,E,Estimated value,
QCL,Crops and livestock products,143,Morocco,5510,Production,1019,"Goat fat, unrendered",1971,1971,t,483.87,I,Imputed value,
QCL,Crops and livestock products,143,Morocco,5320,Producing Animals/Slaughtered,1019,"Goat fat, unrendered",1971,1971,An,2500000,A,Official figure,
QCL,Crops and livestock products,143,Morocco,5510,Production,1019,"Goat fat, unrendered",1972,1972,t,503.23,I,Imputed value,
QCL,Crops and livestock products,143,Morocco,5320,Producing Animals/Slaughtered,1019,"Goat fat, unrendered",1972,1972,An,2363636,A,Official figure,
QCL,Crops and livestock products,143,Morocco,5510,Production,1019,"Goat fat, unrendered",1973,1973,t,503.23,I,Imputed value,
QCL,Crops and livestock products,143,Morocco,5320,Producing Animals/Slaughtered,1019,"Goat fat, unrendered",1973,1973,An,2600000,A,Official figure,
QCL,Crops and livestock products,143,Morocco,5510,Production,1019,"Goat fat, unrendered",1974,1974,t,483.87,I,Imputed value,
QCL,Crops and livestock products,143,Morocco,5320,Producing Animals/Slaughtered,1019,"Goat fat, unrendered",1974,1974,An,2380952,A,Official figure,
QCL,Crops and livestock products,143,Morocco,5510,Production,1019,"Goat fat, unrendered",1975,1975,t,445.16,I,Imputed value,
QCL,Crops and livestock products,143,Morocco,5320,Producing Animals/Slaughtered,1019,"Goat fat, unrendered",1975,1975,An,2210000,X,Figure from international organizations,Unofficial figure
QCL,Crops and livestock products,143,Morocco,5510,Production,1019,"Goat fat, unrendered",1976,1976,t,251.03,I,Imputed value,
QCL,Crops and livestock products,143,Morocco,5320,Producing Animals/Slaughtered,1019,"Goat fat, unrendered",1976,1976,An,1130000,X,Figure from international organizations,Unofficial figure
QCL,Crops and livestock products,143,Morocco,5510,Production,1019,"Goat fat, unrendered",1977,1977,t,273.87,I,Imputed value,
QCL,Crops and livestock products,143,Morocco,5320,Producing Animals/Slaughtered,1019,"Goat fat, unrendered",1977,1977,An,1387000,X,Figure from international organizations,Unofficial figure
QCL,Crops and livestock products,143,Morocco,5510,Production,1019,"Goat fat, unrendered",1978,1978,t,348.39,I,Imputed value,
QCL,Crops and livestock products,143,Morocco,5320,Producing Animals/Slaughtered,1019,"Goat fat, unrendered",1978,1978,An,1600000,X,Figure from international organizations,Unofficial figure
QCL,Crops and livestock products,143,Morocco,5510,Production,1019,"Goat fat, unrendered",1979,1979,t,367.74,I,Imputed value,
QCL,Crops and livestock products,143,Morocco,5320,Producing Animals/Slaughtered,1019,"Goat fat, unrendered",1979,1979,An,1900000,X,Figure from international organizations,Unofficial figure
QCL,Crops and livestock products,143,Morocco,5510,Production,1019,"Goat fat, unrendered",1980,1980,t,367.74,I,Imputed value,
QCL,Crops and livestock products,143,Morocco,5320,Producing Animals/Slaughtered,1019,"Goat fat, unrendered",1980,1980,An,1850000,X,Figure from international organizations,Unofficial figure
QCL,Crops and livestock products,143,Morocco,5510,Production,1019,"Goat fat, unrendered",1981,1981,t,290.32,I,Imputed value,
QCL,Crops and livestock products,143,Morocco,5320,Producing Animals/Slaughtered,1019,"Goat fat, unrendered",1981,1981,An,1575400,A,Official figure,
QCL,Crops and livestock products,143,Morocco,5510,Production,1019,"Goat fat, unrendered",1982,1982,t,251.61,I,Imputed value,
QCL,Crops and livestock products,143,Morocco,5320,Producing Animals/Slaughtered,1019,"Goat fat, unrendered",1982,1982,An,1504900,A,Official figure,
QCL,Crops and livestock products,143,Morocco,5510,Production,1019,"Goat fat, unrendered",1983,1983,t,218.52,I,Imputed value,
QCL,Crops and livestock products,143,Morocco,5320,Producing Animals/Slaughtered,1019,"Goat fat, unrendered",1983,1983,An,1298500,A,Official figure,
QCL,Crops and livestock products,143,Morocco,5510,Production,1019,"Goat fat, unrendered",1984,1984,t,214.06,I,Imputed value,
QCL,Crops and livestock products,143,Morocco,5320,Producing Animals/Slaughtered,1019,"Goat fat, unrendered",1984,1984,An,1123640,A,Official figure,
QCL,Crops and livestock products,143,Morocco,5510,Production,1019,"Goat fat, unrendered",1985,1985,t,234.19,I,Imputed value,
QCL,Crops and livestock products,143,Morocco,5320,Producing Animals/Slaughtered,1019,"Goat fat, unrendered",1985,1985,An,1200000,E,Estimated value,
QCL,Crops and livestock products,143,Morocco,5510,Production,1019,"Goat fat, unrendered",1986,1986,t,309.68,I,Imputed value,
QCL,Crops and livestock products,143,Morocco,5320,Producing Animals/Slaughtered,1019,"Goat fat, unrendered",1986,1986,An,1200000,E,Estimated value,
QCL,Crops and livestock products,143,Morocco,5510,Production,1019,"Goat fat, unrendered",1987,1987,t,387.1,I,Imputed value,
QCL,Crops and livestock products,143,Morocco,5320,Producing Animals/Slaughtered,1019,"Goat fat, unrendered",1987,1987,An,1500000,E,Estimated value,
QCL,Crops and livestock products,143,Morocco,5510,Production,1019,"Goat fat, unrendered",1988,1988,t,387.1,I,Imputed value,
QCL,Crops and livestock products,143,Morocco,5320,Producing Animals/Slaughtered,1019,"Goat fat, unrendered",1988,1988,An,1430000,E,Estimated value,
QCL,Crops and livestock products,143,Morocco,5510,Production,1019,"Goat fat, unrendered",1989,1989,t,452.9,I,Imputed value,
QCL,Crops and livestock products,143,Morocco,5320,Producing Animals/Slaughtered,1019,"Goat fat, unrendered",1989,1989,An,1650000,E,Estimated value,
QCL,Crops and livestock products,143,Morocco,5510,Production,1019,"Goat fat, unrendered",1990,1990,t,416.13,I,Imputed value,
QCL,Crops and livestock products,143,Morocco,5320,Producing Animals/Slaughtered,1019,"Goat fat, unrendered",1990,1990,An,1550000,E,Estimated value,
QCL,Crops and livestock products,143,Morocco,5510,Production,1019,"Goat fat, unrendered",1991,1991,t,402.58,I,Imputed value,
QCL,Crops and livestock products,143,Morocco,5320,Producing Animals/Slaughtered,1019,"Goat fat, unrendered",1991,1991,An,1450000,E,Estimated value,
QCL,Crops and livestock products,143,Morocco,5510,Production,1019,"Goat fat, unrendered",1992,1992,t,377.42,I,Imputed value,
QCL,Crops and livestock products,143,Morocco,5320,Producing Animals/Slaughtered,1019,"Goat fat, unrendered",1992,1992,An,1400000,E,Estimated value,
QCL,Crops and livestock products,143,Morocco,5510,Production,1019,"Goat fat, unrendered",1993,1993,t,387.1,I,Imputed value,
QCL,Crops and livestock products,143,Morocco,5320,Producing Animals/Slaughtered,1019,"Goat fat, unrendered",1993,1993,An,1406000,A,Official figure,
QCL,Crops and livestock products,143,Morocco,5510,Production,1019,"Goat fat, unrendered",1994,1994,t,387.1,I,Imputed value,
QCL,Crops and livestock products,143,Morocco,5320,Producing Animals/Slaughtered,1019,"Goat fat, unrendered",1994,1994,An,1420000,X,Figure from international organizations,Unofficial figure
QCL,Crops and livestock products,143,Morocco,5510,Production,1019,"Goat fat, unrendered",1995,1995,t,387.1,I,Imputed value,
QCL,Crops and livestock products,143,Morocco,5320,Producing Animals/Slaughtered,1019,"Goat fat, unrendered",1995,1995,An,1430000,X,Figure from international organizations,Unofficial figure
QCL,Crops and livestock products,143,Morocco,5510,Production,1019,"Goat fat, unrendered",1996,1996,t,425.81,I,Imputed value,
QCL,Crops and livestock products,143,Morocco,5320,Producing Animals/Slaughtered,1019,"Goat fat, unrendered",1996,1996,An,1430000,X,Figure from international organizations,Unofficial figure
QCL,Crops and livestock products,143,Morocco,5510,Production,1019,"Goat fat, unrendered",1997,1997,t,425.81,I,Imputed value,
QCL,Crops and livestock products,143,Morocco,5320,Producing Animals/Slaughtered,1019,"Goat fat, unrendered",1997,1997,An,1480000,E,Estimated value,
QCL,Crops and livestock products,143,Morocco,5510,Production,1019,"Goat fat, unrendered",1998,1998,t,425.81,I,Imputed value,
QCL,Crops and livestock products,143,Morocco,5320,Producing Animals/Slaughtered,1019,"Goat fat, unrendered",1998,1998,An,1500000,A,Official figure,
QCL,Crops and livestock products,143,Morocco,5510,Production,1019,"Goat fat, unrendered",1999,1999,t,387.1,I,Imputed value,
QCL,Crops and livestock products,143,Morocco,5320,Producing Animals/Slaughtered,1019,"Goat fat, unrendered",1999,1999,An,1450000,E,Estimated value,
QCL,Crops and livestock products,143,Morocco,5510,Production,1019,"Goat fat, unrendered",2000,2000,t,425.81,I,Imputed value,
QCL,Crops and livestock products,143,Morocco,5320,Producing Animals/Slaughtered,1019,"Goat fat, unrendered",2000,2000,An,1550000,E,Estimated value,
QCL,Crops and livestock products,143,Morocco,5510,Production,1019,"Goat fat, unrendered",2001,2001,t,396.77,I,Imputed value,
QCL,Crops and livestock products,143,Morocco,5320,Producing Animals/Slaughtered,1019,"Goat fat, unrendered",2001,2001,An,1600000,E,Estimated value,
QCL,Crops and livestock products,143,Morocco,5510,Production,1019,"Goat fat, unrendered",2002,2002,t,425.81,I,Imputed value,
QCL,Crops and livestock products,143,Morocco,5320,Producing Animals/Slaughtered,1019,"Goat fat, unrendered",2002,2002,An,1550000,E,Estimated value,
QCL,Crops and livestock products,143,Morocco,5510,Production,1019,"Goat fat, unrendered",2003,2003,t,425.81,I,Imputed value,
QCL,Crops and livestock products,143,Morocco,5320,Producing Animals/Slaughtered,1019,"Goat fat, unrendered",2003,2003,An,1600000,E,Estimated value,
QCL,Crops and livestock products,143,Morocco,5510,Production,1019,"Goat fat, unrendered",2004,2004,t,445.16,I,Imputed value,
QCL,Crops and livestock products,143,Morocco,5320,Producing Animals/Slaughtered,1019,"Goat fat, unrendered",2004,2004,An,1982768,A,Official figure,
QCL,Crops and livestock products,143,Morocco,5510,Production,1019,"Goat fat, unrendered",2005,2005,t,425.81,I,Imputed value,
QCL,Crops and livestock products,143,Morocco,5320,Producing Animals/Slaughtered,1019,"Goat fat, unrendered",2005,2005,An,1962740,A,Official figure,
QCL,Crops and livestock products,143,Morocco,5510,Production,1019,"Goat fat, unrendered",2006,2006,t,435.48,I,Imputed value,
QCL,Crops and livestock products,143,Morocco,5320,Producing Animals/Slaughtered,1019,"Goat fat, unrendered",2006,2006,An,1980000,E,Estimated value,
QCL,Crops and livestock products,143,Morocco,5510,Production,1019,"Goat fat, unrendered",2007,2007,t,425.81,I,Imputed value,
QCL,Crops and livestock products,143,Morocco,5320,Producing Animals/Slaughtered,1019,"Goat fat, unrendered",2007,2007,An,1970000,A,Official figure,
QCL,Crops and livestock products,143,Morocco,5510,Production,1019,"Goat fat, unrendered",2008,2008,t,425.81,I,Imputed value,
QCL,Crops and livestock products,143,Morocco,5320,Producing Animals/Slaughtered,1019,"Goat fat, unrendered",2008,2008,An,1980000,E,Estimated value,
QCL,Crops and livestock products,143,Morocco,5510,Production,1019,"Goat fat, unrendered",2009,2009,t,419.42,I,Imputed value,
QCL,Crops and livestock products,143,Morocco,5320,Producing Animals/Slaughtered,1019,"Goat fat, unrendered",2009,2009,An,1952000,E,Estimated value,
QCL,Crops and livestock products,143,Morocco,5510,Production,1019,"Goat fat, unrendered",2010,2010,t,445.16,I,Imputed value,
QCL,Crops and livestock products,143,Morocco,5320,Producing Animals/Slaughtered,1019,"Goat fat, unrendered",2010,2010,An,2050000,E,Estimated value,
QCL,Crops and livestock products,143,Morocco,5510,Production,1019,"Goat fat, unrendered",2011,2011,t,456.6,I,Imputed value,
QCL,Crops and livestock products,143,Morocco,5320,Producing Animals/Slaughtered,1019,"Goat fat, unrendered",2011,2011,An,2150000,E,Estimated value,
QCL,Crops and livestock products,143,Morocco,5510,Production,1019,"Goat fat, unrendered",2012,2012,t,469.86,I,Imputed value,
QCL,Crops and livestock products,143,Morocco,5320,Producing Animals/Slaughtered,1019,"Goat fat, unrendered",2012,2012,An,2200000,E,Estimated value,
QCL,Crops and livestock products,143,Morocco,5510,Production,1019,"Goat fat, unrendered",2013,2013,t,503.23,I,Imputed value,
QCL,Crops and livestock products,143,Morocco,5320,Producing Animals/Slaughtered,1019,"Goat fat, unrendered",2013,2013,An,2363000,E,Estimated value,
QCL,Crops and livestock products,143,Morocco,5510,Production,1019,"Goat fat, unrendered",2014,2014,t,513.29,I,Imputed value,
QCL,Crops and livestock products,143,Morocco,5320,Producing Animals/Slaughtered,1019,"Goat fat, unrendered",2014,2014,An,2374679.72,I,Imputed value,
QCL,Crops and livestock products,143,Morocco,5510,Production,1019,"Goat fat, unrendered",2015,2015,t,550.39,I,Imputed value,
QCL,Crops and livestock products,143,Morocco,5320,Producing Animals/Slaughtered,1019,"Goat fat, unrendered",2015,2015,An,2372366.32,I,Imputed value,
QCL,Crops and livestock products,143,Morocco,5510,Production,1019,"Goat fat, unrendered",2016,2016,t,577.1,I,Imputed value,
QCL,Crops and livestock products,143,Morocco,5320,Producing Animals/Slaughtered,1019,"Goat fat, unrendered",2016,2016,An,2132658.19,I,Imputed value,
QCL,Crops and livestock products,143,Morocco,5510,Production,1019,"Goat fat, unrendered",2017,2017,t,619.08,I,Imputed value,
QCL,Crops and livestock products,143,Morocco,5320,Producing Animals/Slaughtered,1019,"Goat fat, unrendered",2017,2017,An,1990093.5,I,Imputed value,
QCL,Crops and livestock products,143,Morocco,5510,Production,1019,"Goat fat, unrendered",2018,2018,t,618.56,I,Imputed value,
QCL,Crops and livestock products,143,Morocco,5320,Producing Animals/Slaughtered,1019,"Goat fat, unrendered",2018,2018,An,2201208.72,I,Imputed value,
QCL,Crops and livestock products,143,Morocco,5510,Production,1019,"Goat fat, unrendered",2019,2019,t,621.64,I,Imputed value,
QCL,Crops and livestock products,143,Morocco,5320,Producing Animals/Slaughtered,1019,"Goat fat, unrendered",2019,2019,An,2313884.14,I,Imputed value,
QCL,Crops and livestock products,143,Morocco,5510,Production,1019,"Goat fat, unrendered",2020,2020,t,600,I,Imputed value,
QCL,Crops and livestock products,143,Morocco,5320,Producing Animals/Slaughtered,1019,"Goat fat, unrendered",2020,2020,An,2313353.79,I,Imputed value,
QCL,Crops and livestock products,143,Morocco,5510,Production,1019,"Goat fat, unrendered",2021,2021,t,600,I,Imputed value,
QCL,Crops and livestock products,143,Morocco,5320,Producing Animals/Slaughtered,1019,"Goat fat, unrendered",2021,2021,An,2421610.45,I,Imputed value,
QCL,Crops and livestock products,143,Morocco,5510,Production,1019,"Goat fat, unrendered",2022,2022,t,585.48,I,Imputed value,
QCL,Crops and livestock products,143,Morocco,5320,Producing Animals/Slaughtered,1019,"Goat fat, unrendered",2022,2022,An,2370486.19,I,Imputed value,
QCL,Crops and livestock products,143,Morocco,5111,Stocks,1016,Goats,1961,1961,An,7000000,A,Official figure,
QCL,Crops and livestock products,143,Morocco,5111,Stocks,1016,Goats,1962,1962,An,6000000,A,Official figure,
QCL,Crops and livestock products,143,Morocco,5111,Stocks,1016,Goats,1963,1963,An,6500000,A,Official figure,
QCL,Crops and livestock products,143,Morocco,5111,Stocks,1016,Goats,1964,1964,An,6400000,A,Official figure,
QCL,Crops and livestock products,143,Morocco,5111,Stocks,1016,Goats,1965,1965,An,6540000,A,Official figure,
QCL,Crops and livestock products,143,Morocco,5111,Stocks,1016,Goats,1966,1966,An,6980000,A,Official figure,
QCL,Crops and livestock products,143,Morocco,5111,Stocks,1016,Goats,1967,1967,An,7630000,A,Official figure,
QCL,Crops and livestock products,143,Morocco,5111,Stocks,1016,Goats,1968,1968,An,8176000,A,Official figure,
QCL,Crops and livestock products,143,Morocco,5111,Stocks,1016,Goats,1969,1969,An,8750000,A,Official figure,
QCL,Crops and livestock products,143,Morocco,5111,Stocks,1016,Goats,1970,1970,An,8500000,E,Estimated value,
QCL,Crops and livestock products,143,Morocco,5111,Stocks,1016,Goats,1971,1971,An,8150000,A,Official figure,
QCL,Crops and livestock products,143,Morocco,5111,Stocks,1016,Goats,1972,1972,An,8000000,A,Official figure,
QCL,Crops and livestock products,143,Morocco,5111,Stocks,1016,Goats,1973,1973,An,7500000,A,Official figure,
QCL,Crops and livestock products,143,Morocco,5111,Stocks,1016,Goats,1974,1974,An,7000000,A,Official figure,
QCL,Crops and livestock products,143,Morocco,5111,Stocks,1016,Goats,1975,1975,An,6800000,A,Official figure,
QCL,Crops and livestock products,143,Morocco,5111,Stocks,1016,Goats,1976,1976,An,5750000,X,Figure from international organizations,Unofficial figure
QCL,Crops and livestock products,143,Morocco,5111,Stocks,1016,Goats,1977,1977,An,5600000,X,Figure from international organizations,Unofficial figure
QCL,Crops and livestock products,143,Morocco,5111,Stocks,1016,Goats,1978,1978,An,5972000,A,Official figure,
QCL,Crops and livestock products,143,Morocco,5111,Stocks,1016,Goats,1979,1979,An,5702440,A,Official figure,
QCL,Crops and livestock products,143,Morocco,5111,Stocks,1016,Goats,1980,1980,An,6153500,A,Official figure,
QCL,Crops and livestock products,143,Morocco,5111,Stocks,1016,Goats,1981,1981,An,5462260,A,Official figure,
QCL,Crops and livestock products,143,Morocco,5111,Stocks,1016,Goats,1982,1982,An,4092000,A,Official figure,
QCL,Crops and livestock products,143,Morocco,5111,Stocks,1016,Goats,1983,1983,An,4911000,A,Official figure,
QCL,Crops and livestock products,143,Morocco,5111,Stocks,1016,Goats,1984,1984,An,4222000,A,Official figure,
QCL,Crops and livestock products,143,Morocco,5111,Stocks,1016,Goats,1985,1985,An,4662000,A,Official figure,
QCL,Crops and livestock products,143,Morocco,5111,Stocks,1016,Goats,1986,1986,An,5276260,A,Official figure,
QCL,Crops and livestock products,143,Morocco,5111,Stocks,1016,Goats,1987,1987,An,5806900,A,Official figure,
QCL,Crops and livestock products,143,Morocco,5111,Stocks,1016,Goats,1988,1988,An,5030495,A,Official figure,
QCL,Crops and livestock products,143,Morocco,5111,Stocks,1016,Goats,1989,1989,An,5281310,A,Official figure,
QCL,Crops and livestock products,143,Morocco,5111,Stocks,1016,Goats,1990,1990,An,5335093,A,Official figure,
QCL,Crops and livestock products,143,Morocco,5111,Stocks,1016,Goats,1991,1991,An,4560995,A,Official figure,
QCL,Crops and livestock products,143,Morocco,5111,Stocks,1016,Goats,1992,1992,An,4673676,A,Official figure,
QCL,Crops and livestock products,143,Morocco,5111,Stocks,1016,Goats,1993,1993,An,3867420,A,Official figure,
QCL,Crops and livestock products,143,Morocco,5111,Stocks,1016,Goats,1994,1994,An,3973000,A,Official figure,
QCL,Crops and livestock products,143,Morocco,5111,Stocks,1016,Goats,1995,1995,An,4014400,A,Official figure,
QCL,Crops and livestock products,143,Morocco,5111,Stocks,1016,Goats,1996,1996,An,4594700,A,Official figure,
QCL,Crops and livestock products,143,Morocco,5111,Stocks,1016,Goats,1997,1997,An,4789900,A,Official figure,
QCL,Crops and livestock products,143,Morocco,5111,Stocks,1016,Goats,1998,1998,An,4959200,A,Official figure,
QCL,Crops and livestock products,143,Morocco,5111,Stocks,1016,Goats,1999,1999,An,4704400,A,Official figure,
QCL,Crops and livestock products,143,Morocco,5111,Stocks,1016,Goats,2000,2000,An,4930700,A,Official figure,
QCL,Crops and livestock products,143,Morocco,5111,Stocks,1016,Goats,2001,2001,An,5133300,A,Official figure,
QCL,Crops and livestock products,143,Morocco,5111,Stocks,1016,Goats,2002,2002,An,5090400,A,Official figure,
QCL,Crops and livestock products,143,Morocco,5111,Stocks,1016,Goats,2003,2003,An,5208300,A,Official figure,
QCL,Crops and livestock products,143,Morocco,5111,Stocks,1016,Goats,2004,2004,An,5358600,A,Official figure,
QCL,Crops and livestock products,143,Morocco,5111,Stocks,1016,Goats,2005,2005,An,5331600,A,Official figure,
QCL,Crops and livestock products,143,Morocco,5111,Stocks,1016,Goats,2006,2006,An,5355400,A,Official figure,
QCL,Crops and livestock products,143,Morocco,5111,Stocks,1016,Goats,2007,2007,An,5283800,A,Official figure,
QCL,Crops and livestock products,143,Morocco,5111,Stocks,1016,Goats,2008,2008,An,5177900,A,Official figure,
QCL,Crops and livestock products,143,Morocco,5111,Stocks,1016,Goats,2009,2009,An,5293300,A,Official figure,
QCL,Crops and livestock products,143,Morocco,5111,Stocks,1016,Goats,2010,2010,An,5685700,A,Official figure,
QCL,Crops and livestock products,143,Morocco,5111,Stocks,1016,Goats,2011,2011,An,5991370,A,Official figure,
QCL,Crops and livestock products,143,Morocco,5111,Stocks,1016,Goats,2012,2012,An,5601500,A,Official figure,
QCL,Crops and livestock products,143,Morocco,5111,Stocks,1016,Goats,2013,2013,An,5905394,A,Official figure,
QCL,Crops and livestock products,143,Morocco,5111,Stocks,1016,Goats,2014,2014,An,6147225,A,Official figure,
QCL,Crops and livestock products,143,Morocco,5111,Stocks,1016,Goats,2015,2015,An,6231386,A,Official figure,
QCL,Crops and livestock products,143,Morocco,5111,Stocks,1016,Goats,2016,2016,An,5600000,A,Official figure,
QCL,Crops and livestock products,143,Morocco,5111,Stocks,1016,Goats,2017,2017,An,5205000,A,Official figure,
QCL,Crops and livestock products,143,Morocco,5111,Stocks,1016,Goats,2018,2018,An,5731000,A,Official figure,
QCL,Crops and livestock products,143,Morocco,5111,Stocks,1016,Goats,2019,2019,An,5993000,A,Official figure,
QCL,Crops and livestock products,143,Morocco,5111,Stocks,1016,Goats,2020,2020,An,5960600,A,Official figure,
QCL,Crops and livestock products,143,Morocco,5111,Stocks,1016,Goats,2021,2021,An,6207391,A,Official figure,
QCL,Crops and livestock products,143,Morocco,5111,Stocks,1016,Goats,2022,2022,An,6045200,A,Official figure,
QCL,Crops and livestock products,143,Morocco,5312,Area harvested,560,Grapes,1961,1961,ha,76000,A,Official figure,
QCL,Crops and livestock products,143,Morocco,5419,Yield,560,Grapes,1961,1961,100 g/ha,46974,A,Official figure,
QCL,Crops and livestock products,143,Morocco,5510,Production,560,Grapes,1961,1961,t,357000,A,Official figure,
QCL,Crops and livestock products,143,Morocco,5312,Area harvested,560,Grapes,1962,1962,ha,78000,A,Official figure,
QCL,Crops and livestock products,143,Morocco,5419,Yield,560,Grapes,1962,1962,100 g/ha,38974,A,Official figure,
QCL,Crops and livestock products,143,Morocco,5510,Production,560,Grapes,1962,1962,t,304000,A,Official figure,
QCL,Crops and livestock products,143,Morocco,5312,Area harvested,560,Grapes,1963,1963,ha,78000,A,Official figure,
QCL,Crops and livestock products,143,Morocco,5419,Yield,560,Grapes,1963,1963,100 g/ha,50256,A,Official figure,
QCL,Crops and livestock products,143,Morocco,5510,Production,560,Grapes,1963,1963,t,392000,A,Official figure,
QCL,Crops and livestock products,143,Morocco,5312,Area harvested,560,Grapes,1964,1964,ha,78000,A,Official figure,
QCL,Crops and livestock products,143,Morocco,5419,Yield,560,Grapes,1964,1964,100 g/ha,51410,A,Official figure,
QCL,Crops and livestock products,143,Morocco,5510,Production,560,Grapes,1964,1964,t,401000,A,Official figure,
QCL,Crops and livestock products,143,Morocco,5312,Area harvested,560,Grapes,1965,1965,ha,77000,A,Official figure,
QCL,Crops and livestock products,143,Morocco,5419,Yield,560,Grapes,1965,1965,100 g/ha,65844,A,Official figure,
QCL,Crops and livestock products,143,Morocco,5510,Production,560,Grapes,1965,1965,t,507000,A,Official figure,
QCL,Crops and livestock products,143,Morocco,5312,Area harvested,560,Grapes,1966,1966,ha,75000,A,Official figure,
QCL,Crops and livestock products,143,Morocco,5419,Yield,560,Grapes,1966,1966,100 g/ha,48267,A,Official figure,
QCL,Crops and livestock products,143,Morocco,5510,Production,560,Grapes,1966,1966,t,362000,A,Official figure,
QCL,Crops and livestock products,143,Morocco,5312,Area harvested,560,Grapes,1967,1967,ha,74000,A,Official figure,
QCL,Crops and livestock products,143,Morocco,5419,Yield,560,Grapes,1967,1967,100 g/ha,32162,A,Official figure,
QCL,Crops and livestock products,143,Morocco,5510,Production,560,Grapes,1967,1967,t,238000,A,Official figure,
QCL,Crops and livestock products,143,Morocco,5312,Area harvested,560,Grapes,1968,1968,ha,67000,A,Official figure,
QCL,Crops and livestock products,143,Morocco,5419,Yield,560,Grapes,1968,1968,100 g/ha,46269,A,Official figure,
QCL,Crops and livestock products,143,Morocco,5510,Production,560,Grapes,1968,1968,t,310000,A,Official figure,
QCL,Crops and livestock products,143,Morocco,5312,Area harvested,560,Grapes,1969,1969,ha,61000,A,Official figure,
QCL,Crops and livestock products,143,Morocco,5419,Yield,560,Grapes,1969,1969,100 g/ha,26230,A,Official figure,
QCL,Crops and livestock products,143,Morocco,5510,Production,560,Grapes,1969,1969,t,160000,A,Official figure,
QCL,Crops and livestock products,143,Morocco,5312,Area harvested,560,Grapes,1970,1970,ha,61000,A,Official figure,
QCL,Crops and livestock products,143,Morocco,5419,Yield,560,Grapes,1970,1970,100 g/ha,33213,A,Official figure,
QCL,Crops and livestock products,143,Morocco,5510,Production,560,Grapes,1970,1970,t,202600,A,Official figure,
QCL,Crops and livestock products,143,Morocco,5312,Area harvested,560,Grapes,1971,1971,ha,61000,A,Official figure,
QCL,Crops and livestock products,143,Morocco,5419,Yield,560,Grapes,1971,1971,100 g/ha,45180,A,Official figure,
QCL,Crops and livestock products,143,Morocco,5510,Production,560,Grapes,1971,1971,t,275600,A,Official figure,
QCL,Crops and livestock products,143,Morocco,5312,Area harvested,560,Grapes,1972,1972,ha,59000,A,Official figure,
QCL,Crops and livestock products,143,Morocco,5419,Yield,560,Grapes,1972,1972,100 g/ha,44746,A,Official figure,
QCL,Crops and livestock products,143,Morocco,5510,Production,560,Grapes,1972,1972,t,264000,A,Official figure,
QCL,Crops and livestock products,143,Morocco,5312,Area harvested,560,Grapes,1973,1973,ha,55000,A,Official figure,
QCL,Crops and livestock products,143,Morocco,5419,Yield,560,Grapes,1973,1973,100 g/ha,51345,A,Official figure,
QCL,Crops and livestock products,143,Morocco,5510,Production,560,Grapes,1973,1973,t,282400,A,Official figure,
QCL,Crops and livestock products,143,Morocco,5312,Area harvested,560,Grapes,1974,1974,ha,54000,A,Official figure,
QCL,Crops and livestock products,143,Morocco,5419,Yield,560,Grapes,1974,1974,100 g/ha,53704,A,Official figure,
QCL,Crops and livestock products,143,Morocco,5510,Production,560,Grapes,1974,1974,t,290000,A,Official figure,
QCL,Crops and livestock products,143,Morocco,5312,Area harvested,560,Grapes,1975,1975,ha,52700,A,Official figure,
QCL,Crops and livestock products,143,Morocco,5419,Yield,560,Grapes,1975,1975,100 g/ha,48767,A,Official figure,
QCL,Crops and livestock products,143,Morocco,5510,Production,560,Grapes,1975,1975,t,257000,A,Official figure,
QCL,Crops and livestock products,143,Morocco,5312,Area harvested,560,Grapes,1976,1976,ha,55300,A,Official figure,
QCL,Crops and livestock products,143,Morocco,5419,Yield,560,Grapes,1976,1976,100 g/ha,45118,A,Official figure,
QCL,Crops and livestock products,143,Morocco,5510,Production,560,Grapes,1976,1976,t,249500,A,Official figure,
QCL,Crops and livestock products,143,Morocco,5312,Area harvested,560,Grapes,1977,1977,ha,61100,A,Official figure,
QCL,Crops and livestock products,143,Morocco,5419,Yield,560,Grapes,1977,1977,100 g/ha,39705,A,Official figure,
QCL,Crops and livestock products,143,Morocco,5510,Production,560,Grapes,1977,1977,t,242600,A,Official figure,
QCL,Crops and livestock products,143,Morocco,5312,Area harvested,560,Grapes,1978,1978,ha,62000,E,Estimated value,
QCL,Crops and livestock products,143,Morocco,5419,Yield,560,Grapes,1978,1978,100 g/ha,37097,E,Estimated value,
QCL,Crops and livestock products,143,Morocco,5510,Production,560,Grapes,1978,1978,t,230000,A,Official figure,
QCL,Crops and livestock products,143,Morocco,5312,Area harvested,560,Grapes,1979,1979,ha,50000,X,Figure from international organizations,Unofficial figure
QCL,Crops and livestock products,143,Morocco,5419,Yield,560,Grapes,1979,1979,100 g/ha,47780,X,Figure from international organizations,
QCL,Crops and livestock products,143,Morocco,5510,Production,560,Grapes,1979,1979,t,238900,X,Figure from international organizations,Unofficial figure
QCL,Crops and livestock products,143,Morocco,5312,Area harvested,560,Grapes,1980,1980,ha,52300,A,Official figure,
QCL,Crops and livestock products,143,Morocco,5419,Yield,560,Grapes,1980,1980,100 g/ha,38241,E,Estimated value,
QCL,Crops and livestock products,143,Morocco,5510,Production,560,Grapes,1980,1980,t,200000,E,Estimated value,
QCL,Crops and livestock products,143,Morocco,5312,Area harvested,560,Grapes,1981,1981,ha,54400,A,Official figure,
QCL,Crops and livestock products,143,Morocco,5419,Yield,560,Grapes,1981,1981,100 g/ha,47610,A,Official figure,
QCL,Crops and livestock products,143,Morocco,5510,Production,560,Grapes,1981,1981,t,259000,A,Official figure,
QCL,Crops and livestock products,143,Morocco,5312,Area harvested,560,Grapes,1982,1982,ha,57100,A,Official figure,
QCL,Crops and livestock products,143,Morocco,5419,Yield,560,Grapes,1982,1982,100 g/ha,29772,E,Estimated value,
QCL,Crops and livestock products,143,Morocco,5510,Production,560,Grapes,1982,1982,t,170000,E,Estimated value,
QCL,Crops and livestock products,143,Morocco,5312,Area harvested,560,Grapes,1983,1983,ha,56700,A,Official figure,
QCL,Crops and livestock products,143,Morocco,5419,Yield,560,Grapes,1983,1983,100 g/ha,35132,A,Official figure,
QCL,Crops and livestock products,143,Morocco,5510,Production,560,Grapes,1983,1983,t,199200,A,Official figure,
QCL,Crops and livestock products,143,Morocco,5312,Area harvested,560,Grapes,1984,1984,ha,56800,A,Official figure,
QCL,Crops and livestock products,143,Morocco,5419,Yield,560,Grapes,1984,1984,100 g/ha,40475,A,Official figure,
QCL,Crops and livestock products,143,Morocco,5510,Production,560,Grapes,1984,1984,t,229900,A,Official figure,
QCL,Crops and livestock products,143,Morocco,5312,Area harvested,560,Grapes,1985,1985,ha,59200,A,Official figure,
QCL,Crops and livestock products,143,Morocco,5419,Yield,560,Grapes,1985,1985,100 g/ha,44223,A,Official figure,
QCL,Crops and livestock products,143,Morocco,5510,Production,560,Grapes,1985,1985,t,261800,A,Official figure,
QCL,Crops and livestock products,143,Morocco,5312,Area harvested,560,Grapes,1986,1986,ha,59400,A,Official figure,
QCL,Crops and livestock products,143,Morocco,5419,Yield,560,Grapes,1986,1986,100 g/ha,51852,A,Official figure,
QCL,Crops and livestock products,143,Morocco,5510,Production,560,Grapes,1986,1986,t,308000,A,Official figure,
QCL,Crops and livestock products,143,Morocco,5312,Area harvested,560,Grapes,1987,1987,ha,47500,A,Official figure,
QCL,Crops and livestock products,143,Morocco,5419,Yield,560,Grapes,1987,1987,100 g/ha,48211,A,Official figure,
QCL,Crops and livestock products,143,Morocco,5510,Production,560,Grapes,1987,1987,t,229000,A,Official figure,
QCL,Crops and livestock products,143,Morocco,5312,Area harvested,560,Grapes,1988,1988,ha,46800,A,Official figure,
QCL,Crops and livestock products,143,Morocco,5419,Yield,560,Grapes,1988,1988,100 g/ha,42094,A,Official figure,
QCL,Crops and livestock products,143,Morocco,5510,Production,560,Grapes,1988,1988,t,197000,A,Official figure,
QCL,Crops and livestock products,143,Morocco,5312,Area harvested,560,Grapes,1989,1989,ha,48160,A,Official figure,
QCL,Crops and livestock products,143,Morocco,5419,Yield,560,Grapes,1989,1989,100 g/ha,53416,A,Official figure,
QCL,Crops and livestock products,143,Morocco,5510,Production,560,Grapes,1989,1989,t,257253,A,Official figure,
QCL,Crops and livestock products,143,Morocco,5312,Area harvested,560,Grapes,1990,1990,ha,49800,A,Official figure,
QCL,Crops and livestock products,143,Morocco,5419,Yield,560,Grapes,1990,1990,100 g/ha,46586,A,Official figure,
QCL,Crops and livestock products,143,Morocco,5510,Production,560,Grapes,1990,1990,t,232000,A,Official figure,
QCL,Crops and livestock products,143,Morocco,5312,Area harvested,560,Grapes,1991,1991,ha,50100,A,Official figure,
QCL,Crops and livestock products,143,Morocco,5419,Yield,560,Grapes,1991,1991,100 g/ha,51697,A,Official figure,
QCL,Crops and livestock products,143,Morocco,5510,Production,560,Grapes,1991,1991,t,259000,A,Official figure,
QCL,Crops and livestock products,143,Morocco,5312,Area harvested,560,Grapes,1992,1992,ha,49500,A,Official figure,
QCL,Crops and livestock products,143,Morocco,5419,Yield,560,Grapes,1992,1992,100 g/ha,59394,A,Official figure,
QCL,Crops and livestock products,143,Morocco,5510,Production,560,Grapes,1992,1992,t,294000,A,Official figure,
QCL,Crops and livestock products,143,Morocco,5312,Area harvested,560,Grapes,1993,1993,ha,47660,A,Official figure,
QCL,Crops and livestock products,143,Morocco,5419,Yield,560,Grapes,1993,1993,100 g/ha,48342,A,Official figure,
QCL,Crops and livestock products,143,Morocco,5510,Production,560,Grapes,1993,1993,t,230400,A,Official figure,
QCL,Crops and livestock products,143,Morocco,5312,Area harvested,560,Grapes,1994,1994,ha,48280,A,Official figure,
QCL,Crops and livestock products,143,Morocco,5419,Yield,560,Grapes,1994,1994,100 g/ha,58409,A,Official figure,
QCL,Crops and livestock products,143,Morocco,5510,Production,560,Grapes,1994,1994,t,282000,A,Official figure,
QCL,Crops and livestock products,143,Morocco,5312,Area harvested,560,Grapes,1995,1995,ha,47200,A,Official figure,
QCL,Crops and livestock products,143,Morocco,5419,Yield,560,Grapes,1995,1995,100 g/ha,27119,A,Official figure,
QCL,Crops and livestock products,143,Morocco,5510,Production,560,Grapes,1995,1995,t,128000,A,Official figure,
QCL,Crops and livestock products,143,Morocco,5312,Area harvested,560,Grapes,1996,1996,ha,46240,A,Official figure,
QCL,Crops and livestock products,143,Morocco,5419,Yield,560,Grapes,1996,1996,100 g/ha,41739,A,Official figure,
QCL,Crops and livestock products,143,Morocco,5510,Production,560,Grapes,1996,1996,t,193000,A,Official figure,
QCL,Crops and livestock products,143,Morocco,5312,Area harvested,560,Grapes,1997,1997,ha,47438,A,Official figure,
QCL,Crops and livestock products,143,Morocco,5419,Yield,560,Grapes,1997,1997,100 g/ha,55230,A,Official figure,
QCL,Crops and livestock products,143,Morocco,5510,Production,560,Grapes,1997,1997,t,262000,A,Official figure,
QCL,Crops and livestock products,143,Morocco,5312,Area harvested,560,Grapes,1998,1998,ha,46920,X,Figure from international organizations,Unofficial figure
QCL,Crops and livestock products,143,Morocco,5419,Yield,560,Grapes,1998,1998,100 g/ha,55746,E,Estimated value,
QCL,Crops and livestock products,143,Morocco,5510,Production,560,Grapes,1998,1998,t,261560,A,Official figure,
QCL,Crops and livestock products,143,Morocco,5312,Area harvested,560,Grapes,1999,1999,ha,47510,X,Figure from international organizations,Unofficial figure
QCL,Crops and livestock products,143,Morocco,5419,Yield,560,Grapes,1999,1999,100 g/ha,70469,E,Estimated value,
QCL,Crops and livestock products,143,Morocco,5510,Production,560,Grapes,1999,1999,t,334800,A,Official figure,
QCL,Crops and livestock products,143,Morocco,5312,Area harvested,560,Grapes,2000,2000,ha,47300,X,Figure from international organizations,Unofficial figure
QCL,Crops and livestock products,143,Morocco,5419,Yield,560,Grapes,2000,2000,100 g/ha,53404,E,Estimated value,
QCL,Crops and livestock products,143,Morocco,5510,Production,560,Grapes,2000,2000,t,252600,A,Official figure,
QCL,Crops and livestock products,143,Morocco,5312,Area harvested,560,Grapes,2001,2001,ha,48000,E,Estimated value,
QCL,Crops and livestock products,143,Morocco,5419,Yield,560,Grapes,2001,2001,100 g/ha,50646,E,Estimated value,
QCL,Crops and livestock products,143,Morocco,5510,Production,560,Grapes,2001,2001,t,243100,A,Official figure,
QCL,Crops and livestock products,143,Morocco,5312,Area harvested,560,Grapes,2002,2002,ha,49945,A,Official figure,
QCL,Crops and livestock products,143,Morocco,5419,Yield,560,Grapes,2002,2002,100 g/ha,55193,A,Official figure,
QCL,Crops and livestock products,143,Morocco,5510,Production,560,Grapes,2002,2002,t,275660,A,Official figure,
QCL,Crops and livestock products,143,Morocco,5312,Area harvested,560,Grapes,2003,2003,ha,52000,E,Estimated value,
QCL,Crops and livestock products,143,Morocco,5419,Yield,560,Grapes,2003,2003,100 g/ha,65288,E,Estimated value,
QCL,Crops and livestock products,143,Morocco,5510,Production,560,Grapes,2003,2003,t,339500,A,Official figure,
QCL,Crops and livestock products,143,Morocco,5312,Area harvested,560,Grapes,2004,2004,ha,50000,A,Official figure,
QCL,Crops and livestock products,143,Morocco,5419,Yield,560,Grapes,2004,2004,100 g/ha,63000,A,Official figure,
QCL,Crops and livestock products,143,Morocco,5510,Production,560,Grapes,2004,2004,t,315000,A,Official figure,
QCL,Crops and livestock products,143,Morocco,5312,Area harvested,560,Grapes,2005,2005,ha,50200,A,Official figure,
QCL,Crops and livestock products,143,Morocco,5419,Yield,560,Grapes,2005,2005,100 g/ha,66534,A,Official figure,
QCL,Crops and livestock products,143,Morocco,5510,Production,560,Grapes,2005,2005,t,334000,A,Official figure,
QCL,Crops and livestock products,143,Morocco,5312,Area harvested,560,Grapes,2006,2006,ha,56900,A,Official figure,
QCL,Crops and livestock products,143,Morocco,5419,Yield,560,Grapes,2006,2006,100 g/ha,63803,A,Official figure,
QCL,Crops and livestock products,143,Morocco,5510,Production,560,Grapes,2006,2006,t,363040,A,Official figure,
QCL,Crops and livestock products,143,Morocco,5312,Area harvested,560,Grapes,2007,2007,ha,57400,A,Official figure,
QCL,Crops and livestock products,143,Morocco,5419,Yield,560,Grapes,2007,2007,100 g/ha,56411,A,Official figure,
QCL,Crops and livestock products,143,Morocco,5510,Production,560,Grapes,2007,2007,t,323800,A,Official figure,
QCL,Crops and livestock products,143,Morocco,5312,Area harvested,560,Grapes,2008,2008,ha,47271,A,Official figure,
QCL,Crops and livestock products,143,Morocco,5419,Yield,560,Grapes,2008,2008,100 g/ha,61516,A,Official figure,
QCL,Crops and livestock products,143,Morocco,5510,Production,560,Grapes,2008,2008,t,290794,A,Official figure,
QCL,Crops and livestock products,143,Morocco,5312,Area harvested,560,Grapes,2009,2009,ha,45600,A,Official figure,
QCL,Crops and livestock products,143,Morocco,5419,Yield,560,Grapes,2009,2009,100 g/ha,74151,A,Official figure,
QCL,Crops and livestock products,143,Morocco,5510,Production,560,Grapes,2009,2009,t,338130,A,Official figure,
QCL,Crops and livestock products,143,Morocco,5312,Area harvested,560,Grapes,2010,2010,ha,44116,A,Official figure,
QCL,Crops and livestock products,143,Morocco,5419,Yield,560,Grapes,2010,2010,100 g/ha,78052,A,Official figure,
QCL,Crops and livestock products,143,Morocco,5510,Production,560,Grapes,2010,2010,t,344334,A,Official figure,
QCL,Crops and livestock products,143,Morocco,5312,Area harvested,560,Grapes,2011,2011,ha,44905,A,Official figure,
QCL,Crops and livestock products,143,Morocco,5419,Yield,560,Grapes,2011,2011,100 g/ha,85038,A,Official figure,
QCL,Crops and livestock products,143,Morocco,5510,Production,560,Grapes,2011,2011,t,381861,A,Official figure,
QCL,Crops and livestock products,143,Morocco,5312,Area harvested,560,Grapes,2012,2012,ha,45015,A,Official figure,
QCL,Crops and livestock products,143,Morocco,5419,Yield,560,Grapes,2012,2012,100 g/ha,75953,A,Official figure,
QCL,Crops and livestock products,143,Morocco,5510,Production,560,Grapes,2012,2012,t,341902,A,Official figure,
QCL,Crops and livestock products,143,Morocco,5312,Area harvested,560,Grapes,2013,2013,ha,43207,A,Official figure,
QCL,Crops and livestock products,143,Morocco,5419,Yield,560,Grapes,2013,2013,100 g/ha,79894,A,Official figure,
QCL,Crops and livestock products,143,Morocco,5510,Production,560,Grapes,2013,2013,t,345195.15,A,Official figure,
QCL,Crops and livestock products,143,Morocco,5312,Area harvested,560,Grapes,2014,2014,ha,43324,A,Official figure,
QCL,Crops and livestock products,143,Morocco,5419,Yield,560,Grapes,2014,2014,100 g/ha,82854,A,Official figure,
QCL,Crops and livestock products,143,Morocco,5510,Production,560,Grapes,2014,2014,t,358960.82,A,Official figure,
QCL,Crops and livestock products,143,Morocco,5312,Area harvested,560,Grapes,2015,2015,ha,44551,A,Official figure,
QCL,Crops and livestock products,143,Morocco,5419,Yield,560,Grapes,2015,2015,100 g/ha,93907,A,Official figure,
QCL,Crops and livestock products,143,Morocco,5510,Production,560,Grapes,2015,2015,t,418366.91,A,Official figure,
QCL,Crops and livestock products,143,Morocco,5312,Area harvested,560,Grapes,2016,2016,ha,46005,A,Official figure,
QCL,Crops and livestock products,143,Morocco,5419,Yield,560,Grapes,2016,2016,100 g/ha,79311,A,Official figure,
QCL,Crops and livestock products,143,Morocco,5510,Production,560,Grapes,2016,2016,t,364865.57,A,Official figure,
QCL,Crops and livestock products,143,Morocco,5312,Area harvested,560,Grapes,2017,2017,ha,42833,A,Official figure,
QCL,Crops and livestock products,143,Morocco,5419,Yield,560,Grapes,2017,2017,100 g/ha,88279,A,Official figure,
QCL,Crops and livestock products,143,Morocco,5510,Production,560,Grapes,2017,2017,t,378128.06,A,Official figure,
QCL,Crops and livestock products,143,Morocco,5312,Area harvested,560,Grapes,2018,2018,ha,42305,A,Official figure,
QCL,Crops and livestock products,143,Morocco,5419,Yield,560,Grapes,2018,2018,100 g/ha,106644,A,Official figure,
QCL,Crops and livestock products,143,Morocco,5510,Production,560,Grapes,2018,2018,t,451157.51,A,Official figure,
QCL,Crops and livestock products,143,Morocco,5312,Area harvested,560,Grapes,2019,2019,ha,42369,A,Official figure,
QCL,Crops and livestock products,143,Morocco,5419,Yield,560,Grapes,2019,2019,100 g/ha,108452,A,Official figure,
QCL,Crops and livestock products,143,Morocco,5510,Production,560,Grapes,2019,2019,t,459500,A,Official figure,
QCL,Crops and livestock products,143,Morocco,5312,Area harvested,560,Grapes,2020,2020,ha,39405,A,Official figure,
QCL,Crops and livestock products,143,Morocco,5419,Yield,560,Grapes,2020,2020,100 g/ha,100725,A,Official figure,
QCL,Crops and livestock products,143,Morocco,5510,Production,560,Grapes,2020,2020,t,396902.8,A,Official figure,
QCL,Crops and livestock products,143,Morocco,5312,Area harvested,560,Grapes,2021,2021,ha,39336,A,Official figure,
QCL,Crops and livestock products,143,Morocco,5419,Yield,560,Grapes,2021,2021,100 g/ha,106801,A,Official figure,
QCL,Crops and livestock products,143,Morocco,5510,Production,560,Grapes,2021,2021,t,420113,A,Official figure,
QCL,Crops and livestock products,143,Morocco,5312,Area harvested,560,Grapes,2022,2022,ha,39271,A,Official figure,
QCL,Crops and livestock products,143,Morocco,5419,Yield,560,Grapes,2022,2022,100 g/ha,81485,A,Official figure,
QCL,Crops and livestock products,143,Morocco,5510,Production,560,Grapes,2022,2022,t,319998.15,A,Official figure,
QCL,Crops and livestock products,143,Morocco,5312,Area harvested,406,Green garlic,1961,1961,ha,400,E,Estimated value,
QCL,Crops and livestock products,143,Morocco,5419,Yield,406,Green garlic,1961,1961,100 g/ha,50000,E,Estimated value,
QCL,Crops and livestock products,143,Morocco,5510,Production,406,Green garlic,1961,1961,t,2000,E,Estimated value,
QCL,Crops and livestock products,143,Morocco,5312,Area harvested,406,Green garlic,1962,1962,ha,400,E,Estimated value,
QCL,Crops and livestock products,143,Morocco,5419,Yield,406,Green garlic,1962,1962,100 g/ha,50000,E,Estimated value,
QCL,Crops and livestock products,143,Morocco,5510,Production,406,Green garlic,1962,1962,t,2000,A,Official figure,
QCL,Crops and livestock products,143,Morocco,5312,Area harvested,406,Green garlic,1963,1963,ha,600,E,Estimated value,
QCL,Crops and livestock products,143,Morocco,5419,Yield,406,Green garlic,1963,1963,100 g/ha,50000,E,Estimated value,
QCL,Crops and livestock products,143,Morocco,5510,Production,406,Green garlic,1963,1963,t,3000,A,Official figure,
QCL,Crops and livestock products,143,Morocco,5312,Area harvested,406,Green garlic,1964,1964,ha,400,E,Estimated value,
QCL,Crops and livestock products,143,Morocco,5419,Yield,406,Green garlic,1964,1964,100 g/ha,50000,E,Estimated value,
QCL,Crops and livestock products,143,Morocco,5510,Production,406,Green garlic,1964,1964,t,2000,A,Official figure,
QCL,Crops and livestock products,143,Morocco,5312,Area harvested,406,Green garlic,1965,1965,ha,200,E,Estimated value,
QCL,Crops and livestock products,143,Morocco,5419,Yield,406,Green garlic,1965,1965,100 g/ha,50000,E,Estimated value,
QCL,Crops and livestock products,143,Morocco,5510,Production,406,Green garlic,1965,1965,t,1000,A,Official figure,
QCL,Crops and livestock products,143,Morocco,5312,Area harvested,406,Green garlic,1966,1966,ha,250,E,Estimated value,
QCL,Crops and livestock products,143,Morocco,5419,Yield,406,Green garlic,1966,1966,100 g/ha,43760,E,Estimated value,
QCL,Crops and livestock products,143,Morocco,5510,Production,406,Green garlic,1966,1966,t,1094,A,Official figure,
QCL,Crops and livestock products,143,Morocco,5312,Area harvested,406,Green garlic,1967,1967,ha,200,E,Estimated value,
QCL,Crops and livestock products,143,Morocco,5419,Yield,406,Green garlic,1967,1967,100 g/ha,50000,E,Estimated value,
QCL,Crops and livestock products,143,Morocco,5510,Production,406,Green garlic,1967,1967,t,1000,A,Official figure,
QCL,Crops and livestock products,143,Morocco,5312,Area harvested,406,Green garlic,1968,1968,ha,200,E,Estimated value,
QCL,Crops and livestock products,143,Morocco,5419,Yield,406,Green garlic,1968,1968,100 g/ha,50000,E,Estimated value,
QCL,Crops and livestock products,143,Morocco,5510,Production,406,Green garlic,1968,1968,t,1000,E,Estimated value,
QCL,Crops and livestock products,143,Morocco,5312,Area harvested,406,Green garlic,1969,1969,ha,220,E,Estimated value,
QCL,Crops and livestock products,143,Morocco,5419,Yield,406,Green garlic,1969,1969,100 g/ha,50000,E,Estimated value,
QCL,Crops and livestock products,143,Morocco,5510,Production,406,Green garlic,1969,1969,t,1100,E,Estimated value,
QCL,Crops and livestock products,143,Morocco,5312,Area harvested,406,Green garlic,1970,1970,ha,220,E,Estimated value,
QCL,Crops and livestock products,143,Morocco,5419,Yield,406,Green garlic,1970,1970,100 g/ha,50000,E,Estimated value,
QCL,Crops and livestock products,143,Morocco,5510,Production,406,Green garlic,1970,1970,t,1100,E,Estimated value,
QCL,Crops and livestock products,143,Morocco,5312,Area harvested,406,Green garlic,1971,1971,ha,220,E,Estimated value,
QCL,Crops and livestock products,143,Morocco,5419,Yield,406,Green garlic,1971,1971,100 g/ha,50000,E,Estimated value,
QCL,Crops and livestock products,143,Morocco,5510,Production,406,Green garlic,1971,1971,t,1100,E,Estimated value,
QCL,Crops and livestock products,143,Morocco,5312,Area harvested,406,Green garlic,1972,1972,ha,220,E,Estimated value,
QCL,Crops and livestock products,143,Morocco,5419,Yield,406,Green garlic,1972,1972,100 g/ha,50000,E,Estimated value,
QCL,Crops and livestock products,143,Morocco,5510,Production,406,Green garlic,1972,1972,t,1100,E,Estimated value,
QCL,Crops and livestock products,143,Morocco,5312,Area harvested,406,Green garlic,1973,1973,ha,220,E,Estimated value,
QCL,Crops and livestock products,143,Morocco,5419,Yield,406,Green garlic,1973,1973,100 g/ha,50000,E,Estimated value,
QCL,Crops and livestock products,143,Morocco,5510,Production,406,Green garlic,1973,1973,t,1100,E,Estimated value,
QCL,Crops and livestock products,143,Morocco,5312,Area harvested,406,Green garlic,1974,1974,ha,220,E,Estimated value,
QCL,Crops and livestock products,143,Morocco,5419,Yield,406,Green garlic,1974,1974,100 g/ha,54545,E,Estimated value,
QCL,Crops and livestock products,143,Morocco,5510,Production,406,Green garlic,1974,1974,t,1200,E,Estimated value,
QCL,Crops and livestock products,143,Morocco,5312,Area harvested,406,Green garlic,1975,1975,ha,230,E,Estimated value,
QCL,Crops and livestock products,143,Morocco,5419,Yield,406,Green garlic,1975,1975,100 g/ha,52174,E,Estimated value,
QCL,Crops and livestock products,143,Morocco,5510,Production,406,Green garlic,1975,1975,t,1200,E,Estimated value,
QCL,Crops and livestock products,143,Morocco,5312,Area harvested,406,Green garlic,1976,1976,ha,230,E,Estimated value,
QCL,Crops and livestock products,143,Morocco,5419,Yield,406,Green garlic,1976,1976,100 g/ha,56522,E,Estimated value,
QCL,Crops and livestock products,143,Morocco,5510,Production,406,Green garlic,1976,1976,t,1300,E,Estimated value,
QCL,Crops and livestock products,143,Morocco,5312,Area harvested,406,Green garlic,1977,1977,ha,240,E,Estimated value,
QCL,Crops and livestock products,143,Morocco,5419,Yield,406,Green garlic,1977,1977,100 g/ha,54167,E,Estimated value,
QCL,Crops and livestock products,143,Morocco,5510,Production,406,Green garlic,1977,1977,t,1300,E,Estimated value,
QCL,Crops and livestock products,143,Morocco,5312,Area harvested,406,Green garlic,1978,1978,ha,250,E,Estimated value,
QCL,Crops and livestock products,143,Morocco,5419,Yield,406,Green garlic,1978,1978,100 g/ha,56000,E,Estimated value,
QCL,Crops and livestock products,143,Morocco,5510,Production,406,Green garlic,1978,1978,t,1400,E,Estimated value,
QCL,Crops and livestock products,143,Morocco,5312,Area harvested,406,Green garlic,1979,1979,ha,250,E,Estimated value,
QCL,Crops and livestock products,143,Morocco,5419,Yield,406,Green garlic,1979,1979,100 g/ha,60000,E,Estimated value,
QCL,Crops and livestock products,143,Morocco,5510,Production,406,Green garlic,1979,1979,t,1500,E,Estimated value,
QCL,Crops and livestock products,143,Morocco,5312,Area harvested,406,Green garlic,1980,1980,ha,300,E,Estimated value,
QCL,Crops and livestock products,143,Morocco,5419,Yield,406,Green garlic,1980,1980,100 g/ha,53333,E,Estimated value,
QCL,Crops and livestock products,143,Morocco,5510,Production,406,Green garlic,1980,1980,t,1600,E,Estimated value,
QCL,Crops and livestock products,143,Morocco,5312,Area harvested,406,Green garlic,1981,1981,ha,400,E,Estimated value,
QCL,Crops and livestock products,143,Morocco,5419,Yield,406,Green garlic,1981,1981,100 g/ha,45000,E,Estimated value,
QCL,Crops and livestock products,143,Morocco,5510,Production,406,Green garlic,1981,1981,t,1800,E,Estimated value,
QCL,Crops and livestock products,143,Morocco,5312,Area harvested,406,Green garlic,1982,1982,ha,500,E,Estimated value,
QCL,Crops and livestock products,143,Morocco,5419,Yield,406,Green garlic,1982,1982,100 g/ha,40000,E,Estimated value,
QCL,Crops and livestock products,143,Morocco,5510,Production,406,Green garlic,1982,1982,t,2000,E,Estimated value,
QCL,Crops and livestock products,143,Morocco,5312,Area harvested,406,Green garlic,1983,1983,ha,750,E,Estimated value,
QCL,Crops and livestock products,143,Morocco,5419,Yield,406,Green garlic,1983,1983,100 g/ha,40000,E,Estimated value,
QCL,Crops and livestock products,143,Morocco,5510,Production,406,Green garlic,1983,1983,t,3000,E,Estimated value,
QCL,Crops and livestock products,143,Morocco,5312,Area harvested,406,Green garlic,1984,1984,ha,1000,E,Estimated value,
QCL,Crops and livestock products,143,Morocco,5419,Yield,406,Green garlic,1984,1984,100 g/ha,40000,E,Estimated value,
QCL,Crops and livestock products,143,Morocco,5510,Production,406,Green garlic,1984,1984,t,4000,A,Official figure,
QCL,Crops and livestock products,143,Morocco,5312,Area harvested,406,Green garlic,1985,1985,ha,1200,E,Estimated value,
QCL,Crops and livestock products,143,Morocco,5419,Yield,406,Green garlic,1985,1985,100 g/ha,41667,E,Estimated value,
QCL,Crops and livestock products,143,Morocco,5510,Production,406,Green garlic,1985,1985,t,5000,E,Estimated value,
QCL,Crops and livestock products,143,Morocco,5312,Area harvested,406,Green garlic,1986,1986,ha,1300,E,Estimated value,
QCL,Crops and livestock products,143,Morocco,5419,Yield,406,Green garlic,1986,1986,100 g/ha,46154,E,Estimated value,
QCL,Crops and livestock products,143,Morocco,5510,Production,406,Green garlic,1986,1986,t,6000,E,Estimated value,
QCL,Crops and livestock products,143,Morocco,5312,Area harvested,406,Green garlic,1987,1987,ha,1450,A,Official figure,
QCL,Crops and livestock products,143,Morocco,5419,Yield,406,Green garlic,1987,1987,100 g/ha,50345,A,Official figure,
QCL,Crops and livestock products,143,Morocco,5510,Production,406,Green garlic,1987,1987,t,7300,A,Official figure,
QCL,Crops and livestock products,143,Morocco,5312,Area harvested,406,Green garlic,1988,1988,ha,1600,A,Official figure,
QCL,Crops and livestock products,143,Morocco,5419,Yield,406,Green garlic,1988,1988,100 g/ha,50625,A,Official figure,
QCL,Crops and livestock products,143,Morocco,5510,Production,406,Green garlic,1988,1988,t,8100,A,Official figure,
QCL,Crops and livestock products,143,Morocco,5312,Area harvested,406,Green garlic,1989,1989,ha,1726,A,Official figure,
QCL,Crops and livestock products,143,Morocco,5419,Yield,406,Green garlic,1989,1989,100 g/ha,38331,A,Official figure,
QCL,Crops and livestock products,143,Morocco,5510,Production,406,Green garlic,1989,1989,t,6616,A,Official figure,
QCL,Crops and livestock products,143,Morocco,5312,Area harvested,406,Green garlic,1990,1990,ha,2078,A,Official figure,
QCL,Crops and livestock products,143,Morocco,5419,Yield,406,Green garlic,1990,1990,100 g/ha,53114,A,Official figure,
QCL,Crops and livestock products,143,Morocco,5510,Production,406,Green garlic,1990,1990,t,11037,A,Official figure,
QCL,Crops and livestock products,143,Morocco,5312,Area harvested,406,Green garlic,1991,1991,ha,2126,A,Official figure,
QCL,Crops and livestock products,143,Morocco,5419,Yield,406,Green garlic,1991,1991,100 g/ha,64610,A,Official figure,
QCL,Crops and livestock products,143,Morocco,5510,Production,406,Green garlic,1991,1991,t,13736,A,Official figure,
QCL,Crops and livestock products,143,Morocco,5312,Area harvested,406,Green garlic,1992,1992,ha,2300,A,Official figure,
QCL,Crops and livestock products,143,Morocco,5419,Yield,406,Green garlic,1992,1992,100 g/ha,45652,A,Official figure,
QCL,Crops and livestock products,143,Morocco,5510,Production,406,Green garlic,1992,1992,t,10500,A,Official figure,
QCL,Crops and livestock products,143,Morocco,5312,Area harvested,406,Green garlic,1993,1993,ha,2500,A,Official figure,
QCL,Crops and livestock products,143,Morocco,5419,Yield,406,Green garlic,1993,1993,100 g/ha,39840,A,Official figure,
QCL,Crops and livestock products,143,Morocco,5510,Production,406,Green garlic,1993,1993,t,9960,A,Official figure,
QCL,Crops and livestock products,143,Morocco,5312,Area harvested,406,Green garlic,1994,1994,ha,2476,A,Official figure,
QCL,Crops and livestock products,143,Morocco,5419,Yield,406,Green garlic,1994,1994,100 g/ha,80759,A,Official figure,
QCL,Crops and livestock products,143,Morocco,5510,Production,406,Green garlic,1994,1994,t,19996,A,Official figure,
QCL,Crops and livestock products,143,Morocco,5312,Area harvested,406,Green garlic,1995,1995,ha,2000,E,Estimated value,
QCL,Crops and livestock products,143,Morocco,5419,Yield,406,Green garlic,1995,1995,100 g/ha,60000,E,Estimated value,
QCL,Crops and livestock products,143,Morocco,5510,Production,406,Green garlic,1995,1995,t,12000,E,Estimated value,
QCL,Crops and livestock products,143,Morocco,5312,Area harvested,406,Green garlic,1996,1996,ha,1500,A,Official figure,
QCL,Crops and livestock products,143,Morocco,5419,Yield,406,Green garlic,1996,1996,100 g/ha,53333,A,Official figure,
QCL,Crops and livestock products,143,Morocco,5510,Production,406,Green garlic,1996,1996,t,8000,A,Official figure,
QCL,Crops and livestock products,143,Morocco,5312,Area harvested,406,Green garlic,1997,1997,ha,2170,A,Official figure,
QCL,Crops and livestock products,143,Morocco,5419,Yield,406,Green garlic,1997,1997,100 g/ha,42304,A,Official figure,
QCL,Crops and livestock products,143,Morocco,5510,Production,406,Green garlic,1997,1997,t,9180,A,Official figure,
QCL,Crops and livestock products,143,Morocco,5312,Area harvested,406,Green garlic,1998,1998,ha,1760,A,Official figure,
QCL,Crops and livestock products,143,Morocco,5419,Yield,406,Green garlic,1998,1998,100 g/ha,38068,A,Official figure,
QCL,Crops and livestock products,143,Morocco,5510,Production,406,Green garlic,1998,1998,t,6700,A,Official figure,
QCL,Crops and livestock products,143,Morocco,5312,Area harvested,406,Green garlic,1999,1999,ha,1935,A,Official figure,
QCL,Crops and livestock products,143,Morocco,5419,Yield,406,Green garlic,1999,1999,100 g/ha,51370,A,Official figure,
QCL,Crops and livestock products,143,Morocco,5510,Production,406,Green garlic,1999,1999,t,9940,A,Official figure,
QCL,Crops and livestock products,143,Morocco,5312,Area harvested,406,Green garlic,2000,2000,ha,2415,A,Official figure,
QCL,Crops and livestock products,143,Morocco,5419,Yield,406,Green garlic,2000,2000,100 g/ha,66418,A,Official figure,
QCL,Crops and livestock products,143,Morocco,5510,Production,406,Green garlic,2000,2000,t,16040,A,Official figure,
QCL,Crops and livestock products,143,Morocco,5312,Area harvested,406,Green garlic,2001,2001,ha,1920,A,Official figure,
QCL,Crops and livestock products,143,Morocco,5419,Yield,406,Green garlic,2001,2001,100 g/ha,56198,A,Official figure,
QCL,Crops and livestock products,143,Morocco,5510,Production,406,Green garlic,2001,2001,t,10790,A,Official figure,
QCL,Crops and livestock products,143,Morocco,5312,Area harvested,406,Green garlic,2002,2002,ha,1560,A,Official figure,
QCL,Crops and livestock products,143,Morocco,5419,Yield,406,Green garlic,2002,2002,100 g/ha,56667,A,Official figure,
QCL,Crops and livestock products,143,Morocco,5510,Production,406,Green garlic,2002,2002,t,8840,A,Official figure,
QCL,Crops and livestock products,143,Morocco,5312,Area harvested,406,Green garlic,2003,2003,ha,2785,A,Official figure,
QCL,Crops and livestock products,143,Morocco,5419,Yield,406,Green garlic,2003,2003,100 g/ha,53860,A,Official figure,
QCL,Crops and livestock products,143,Morocco,5510,Production,406,Green garlic,2003,2003,t,15000,A,Official figure,
QCL,Crops and livestock products,143,Morocco,5312,Area harvested,406,Green garlic,2004,2004,ha,2070,A,Official figure,
QCL,Crops and livestock products,143,Morocco,5419,Yield,406,Green garlic,2004,2004,100 g/ha,104396,A,Official figure,
QCL,Crops and livestock products,143,Morocco,5510,Production,406,Green garlic,2004,2004,t,21610,A,Official figure,
QCL,Crops and livestock products,143,Morocco,5312,Area harvested,406,Green garlic,2005,2005,ha,4100,A,Official figure,
QCL,Crops and livestock products,143,Morocco,5419,Yield,406,Green garlic,2005,2005,100 g/ha,53268,A,Official figure,
QCL,Crops and livestock products,143,Morocco,5510,Production,406,Green garlic,2005,2005,t,21840,A,Official figure,
QCL,Crops and livestock products,143,Morocco,5312,Area harvested,406,Green garlic,2006,2006,ha,3695,A,Official figure,
QCL,Crops and livestock products,143,Morocco,5419,Yield,406,Green garlic,2006,2006,100 g/ha,54777,A,Official figure,
QCL,Crops and livestock products,143,Morocco,5510,Production,406,Green garlic,2006,2006,t,20240,A,Official figure,
QCL,Crops and livestock products,143,Morocco,5312,Area harvested,406,Green garlic,2007,2007,ha,1550,A,Official figure,
QCL,Crops and livestock products,143,Morocco,5419,Yield,406,Green garlic,2007,2007,100 g/ha,93581,A,Official figure,
QCL,Crops and livestock products,143,Morocco,5510,Production,406,Green garlic,2007,2007,t,14505,A,Official figure,
QCL,Crops and livestock products,143,Morocco,5312,Area harvested,406,Green garlic,2008,2008,ha,1445,A,Official figure,
QCL,Crops and livestock products,143,Morocco,5419,Yield,406,Green garlic,2008,2008,100 g/ha,86990,A,Official figure,
QCL,Crops and livestock products,143,Morocco,5510,Production,406,Green garlic,2008,2008,t,12570,A,Official figure,
QCL,Crops and livestock products,143,Morocco,5312,Area harvested,406,Green garlic,2009,2009,ha,1470,A,Official figure,
QCL,Crops and livestock products,143,Morocco,5419,Yield,406,Green garlic,2009,2009,100 g/ha,85714,A,Official figure,
QCL,Crops and livestock products,143,Morocco,5510,Production,406,Green garlic,2009,2009,t,12600,A,Official figure,
QCL,Crops and livestock products,143,Morocco,5312,Area harvested,406,Green garlic,2010,2010,ha,1380,A,Official figure,
QCL,Crops and livestock products,143,Morocco,5419,Yield,406,Green garlic,2010,2010,100 g/ha,74797,A,Official figure,
QCL,Crops and livestock products,143,Morocco,5510,Production,406,Green garlic,2010,2010,t,10322,A,Official figure,
QCL,Crops and livestock products,143,Morocco,5312,Area harvested,406,Green garlic,2011,2011,ha,1513,A,Official figure,
QCL,Crops and livestock products,143,Morocco,5419,Yield,406,Green garlic,2011,2011,100 g/ha,147892,A,Official figure,
QCL,Crops and livestock products,143,Morocco,5510,Production,406,Green garlic,2011,2011,t,22376,A,Official figure,
QCL,Crops and livestock products,143,Morocco,5312,Area harvested,406,Green garlic,2012,2012,ha,878,A,Official figure,
QCL,Crops and livestock products,143,Morocco,5419,Yield,406,Green garlic,2012,2012,100 g/ha,60296,A,Official figure,
QCL,Crops and livestock products,143,Morocco,5510,Production,406,Green garlic,2012,2012,t,5294,A,Official figure,
QCL,Crops and livestock products,143,Morocco,5312,Area harvested,406,Green garlic,2013,2013,ha,1058,A,Official figure,
QCL,Crops and livestock products,143,Morocco,5419,Yield,406,Green garlic,2013,2013,100 g/ha,64121,A,Official figure,
QCL,Crops and livestock products,143,Morocco,5510,Production,406,Green garlic,2013,2013,t,6784,A,Official figure,
QCL,Crops and livestock products,143,Morocco,5312,Area harvested,406,Green garlic,2014,2014,ha,939,A,Official figure,
QCL,Crops and livestock products,143,Morocco,5419,Yield,406,Green garlic,2014,2014,100 g/ha,82098,A,Official figure,
QCL,Crops and livestock products,143,Morocco,5510,Production,406,Green garlic,2014,2014,t,7709,A,Official figure,
QCL,Crops and livestock products,143,Morocco,5312,Area harvested,406,Green garlic,2015,2015,ha,1202,A,Official figure,
QCL,Crops and livestock products,143,Morocco,5419,Yield,406,Green garlic,2015,2015,100 g/ha,61539,A,Official figure,
QCL,Crops and livestock products,143,Morocco,5510,Production,406,Green garlic,2015,2015,t,7397,A,Official figure,
QCL,Crops and livestock products,143,Morocco,5312,Area harvested,406,Green garlic,2016,2016,ha,1179,A,Official figure,
QCL,Crops and livestock products,143,Morocco,5419,Yield,406,Green garlic,2016,2016,100 g/ha,106548,A,Official figure,
QCL,Crops and livestock products,143,Morocco,5510,Production,406,Green garlic,2016,2016,t,12562,A,Official figure,
QCL,Crops and livestock products,143,Morocco,5312,Area harvested,406,Green garlic,2017,2017,ha,1311,A,Official figure,
QCL,Crops and livestock products,143,Morocco,5419,Yield,406,Green garlic,2017,2017,100 g/ha,104195,A,Official figure,
QCL,Crops and livestock products,143,Morocco,5510,Production,406,Green garlic,2017,2017,t,13660,A,Official figure,
QCL,Crops and livestock products,143,Morocco,5312,Area harvested,406,Green garlic,2018,2018,ha,1365,A,Official figure,
QCL,Crops and livestock products,143,Morocco,5419,Yield,406,Green garlic,2018,2018,100 g/ha,99714,A,Official figure,
QCL,Crops and livestock products,143,Morocco,5510,Production,406,Green garlic,2018,2018,t,13611,A,Official figure,
QCL,Crops and livestock products,143,Morocco,5312,Area harvested,406,Green garlic,2019,2019,ha,1375,A,Official figure,
QCL,Crops and livestock products,143,Morocco,5419,Yield,406,Green garlic,2019,2019,100 g/ha,75071,A,Official figure,
QCL,Crops and livestock products,143,Morocco,5510,Production,406,Green garlic,2019,2019,t,10318.5,A,Official figure,
QCL,Crops and livestock products,143,Morocco,5312,Area harvested,406,Green garlic,2020,2020,ha,2310,A,Official figure,
QCL,Crops and livestock products,143,Morocco,5419,Yield,406,Green garlic,2020,2020,100 g/ha,51757,A,Official figure,
QCL,Crops and livestock products,143,Morocco,5510,Production,406,Green garlic,2020,2020,t,11953.3,A,Official figure,
QCL,Crops and livestock products,143,Morocco,5312,Area harvested,406,Green garlic,2021,2021,ha,1507,A,Official figure,
QCL,Crops and livestock products,143,Morocco,5419,Yield,406,Green garlic,2021,2021,100 g/ha,73524,A,Official figure,
QCL,Crops and livestock products,143,Morocco,5510,Production,406,Green garlic,2021,2021,t,11080,A,Official figure,
QCL,Crops and livestock products,143,Morocco,5312,Area harvested,406,Green garlic,2022,2022,ha,2655,A,Official figure,
QCL,Crops and livestock products,143,Morocco,5419,Yield,406,Green garlic,2022,2022,100 g/ha,42110,A,Official figure,
QCL,Crops and livestock products,143,Morocco,5510,Production,406,Green garlic,2022,2022,t,11180.2,A,Official figure,
QCL,Crops and livestock products,143,Morocco,5510,Production,244,Groundnut oil,1961,1961,t,5344.8,I,Imputed value,
QCL,Crops and livestock products,143,Morocco,5510,Production,244,Groundnut oil,1962,1962,t,9572.18,I,Imputed value,
QCL,Crops and livestock products,143,Morocco,5510,Production,244,Groundnut oil,1963,1963,t,2345.24,I,Imputed value,
QCL,Crops and livestock products,143,Morocco,5510,Production,244,Groundnut oil,1964,1964,t,7025.19,I,Imputed value,
QCL,Crops and livestock products,143,Morocco,5510,Production,244,Groundnut oil,1965,1965,t,2384.19,I,Imputed value,
QCL,Crops and livestock products,143,Morocco,5510,Production,244,Groundnut oil,1966,1966,t,968.53,I,Imputed value,
QCL,Crops and livestock products,143,Morocco,5510,Production,244,Groundnut oil,1967,1967,t,1600.07,I,Imputed value,
QCL,Crops and livestock products,143,Morocco,5510,Production,244,Groundnut oil,1968,1968,t,505.26,I,Imputed value,
QCL,Crops and livestock products,143,Morocco,5510,Production,244,Groundnut oil,1969,1969,t,414.86,I,Imputed value,
QCL,Crops and livestock products,143,Morocco,5510,Production,244,Groundnut oil,1970,1970,t,877.06,I,Imputed value,
QCL,Crops and livestock products,143,Morocco,5510,Production,244,Groundnut oil,1971,1971,t,638.86,I,Imputed value,
QCL,Crops and livestock products,143,Morocco,5510,Production,244,Groundnut oil,1972,1972,t,2030.89,I,Imputed value,
QCL,Crops and livestock products,143,Morocco,5510,Production,244,Groundnut oil,1973,1973,t,1604.36,I,Imputed value,
QCL,Crops and livestock products,143,Morocco,5510,Production,244,Groundnut oil,1974,1974,t,3307.82,I,Imputed value,
QCL,Crops and livestock products,143,Morocco,5510,Production,244,Groundnut oil,1975,1975,t,4722.29,I,Imputed value,
QCL,Crops and livestock products,143,Morocco,5510,Production,244,Groundnut oil,1976,1976,t,3764,I,Imputed value,
QCL,Crops and livestock products,143,Morocco,5510,Production,244,Groundnut oil,1977,1977,t,3358.63,I,Imputed value,
QCL,Crops and livestock products,143,Morocco,5510,Production,244,Groundnut oil,1978,1978,t,5898.72,I,Imputed value,
QCL,Crops and livestock products,143,Morocco,5510,Production,244,Groundnut oil,1979,1979,t,6742.69,I,Imputed value,
QCL,Crops and livestock products,143,Morocco,5510,Production,244,Groundnut oil,1980,1980,t,9443.32,I,Imputed value,
QCL,Crops and livestock products,143,Morocco,5510,Production,244,Groundnut oil,1981,1981,t,11056.18,I,Imputed value,
QCL,Crops and livestock products,143,Morocco,5510,Production,244,Groundnut oil,1982,1982,t,9702.36,I,Imputed value,
QCL,Crops and livestock products,143,Morocco,5510,Production,244,Groundnut oil,1983,1983,t,8704.27,I,Imputed value,
QCL,Crops and livestock products,143,Morocco,5510,Production,244,Groundnut oil,1984,1984,t,9906.22,I,Imputed value,
QCL,Crops and livestock products,143,Morocco,5510,Production,244,Groundnut oil,1985,1985,t,8094.49,I,Imputed value,
QCL,Crops and livestock products,143,Morocco,5510,Production,244,Groundnut oil,1986,1986,t,6843.12,I,Imputed value,
QCL,Crops and livestock products,143,Morocco,5510,Production,244,Groundnut oil,1987,1987,t,9301.95,I,Imputed value,
QCL,Crops and livestock products,143,Morocco,5510,Production,244,Groundnut oil,1988,1988,t,18964.17,I,Imputed value,
QCL,Crops and livestock products,143,Morocco,5510,Production,244,Groundnut oil,1989,1989,t,6210.67,I,Imputed value,
QCL,Crops and livestock products,143,Morocco,5510,Production,244,Groundnut oil,1990,1990,t,6972.41,I,Imputed value,
QCL,Crops and livestock products,143,Morocco,5510,Production,244,Groundnut oil,1991,1991,t,8070.26,I,Imputed value,
QCL,Crops and livestock products,143,Morocco,5510,Production,244,Groundnut oil,1992,1992,t,9861.37,I,Imputed value,
QCL,Crops and livestock products,143,Morocco,5510,Production,244,Groundnut oil,1993,1993,t,9369.68,I,Imputed value,
QCL,Crops and livestock products,143,Morocco,5510,Production,244,Groundnut oil,1994,1994,t,8862.81,I,Imputed value,
QCL,Crops and livestock products,143,Morocco,5510,Production,244,Groundnut oil,1995,1995,t,4289.12,I,Imputed value,
QCL,Crops and livestock products,143,Morocco,5510,Production,244,Groundnut oil,1996,1996,t,4670.37,I,Imputed value,
QCL,Crops and livestock products,143,Morocco,5510,Production,244,Groundnut oil,1997,1997,t,12588.98,I,Imputed value,
QCL,Crops and livestock products,143,Morocco,5510,Production,244,Groundnut oil,1998,1998,t,13050.82,I,Imputed value,
QCL,Crops and livestock products,143,Morocco,5510,Production,244,Groundnut oil,1999,1999,t,12730.18,I,Imputed value,
QCL,Crops and livestock products,143,Morocco,5510,Production,244,Groundnut oil,2000,2000,t,11120.04,I,Imputed value,
QCL,Crops and livestock products,143,Morocco,5510,Production,244,Groundnut oil,2001,2001,t,13597.78,I,Imputed value,
QCL,Crops and livestock products,143,Morocco,5510,Production,244,Groundnut oil,2002,2002,t,13350.12,I,Imputed value,
QCL,Crops and livestock products,143,Morocco,5510,Production,244,Groundnut oil,2003,2003,t,5816.11,I,Imputed value,
QCL,Crops and livestock products,143,Morocco,5510,Production,244,Groundnut oil,2004,2004,t,15531.13,I,Imputed value,
QCL,Crops and livestock products,143,Morocco,5510,Production,244,Groundnut oil,2005,2005,t,15979.59,I,Imputed value,
QCL,Crops and livestock products,143,Morocco,5510,Production,244,Groundnut oil,2006,2006,t,11645.95,I,Imputed value,
QCL,Crops and livestock products,143,Morocco,5510,Production,244,Groundnut oil,2007,2007,t,14882.91,I,Imputed value,
QCL,Crops and livestock products,143,Morocco,5510,Production,244,Groundnut oil,2008,2008,t,13131.43,I,Imputed value,
QCL,Crops and livestock products,143,Morocco,5510,Production,244,Groundnut oil,2009,2009,t,17962.94,I,Imputed value,
QCL,Crops and livestock products,143,Morocco,5510,Production,244,Groundnut oil,2010,2010,t,14513.85,I,Imputed value,
QCL,Crops and livestock products,143,Morocco,5510,Production,244,Groundnut oil,2011,2011,t,12359.25,I,Imputed value,
QCL,Crops and livestock products,143,Morocco,5510,Production,244,Groundnut oil,2012,2012,t,10594.35,I,Imputed value,
QCL,Crops and livestock products,143,Morocco,5510,Production,244,Groundnut oil,2013,2013,t,11316.6,I,Imputed value,
QCL,Crops and livestock products,143,Morocco,5510,Production,244,Groundnut oil,2014,2014,t,12172.17,I,Imputed value,
QCL,Crops and livestock products,143,Morocco,5510,Production,244,Groundnut oil,2015,2015,t,10928.91,I,Imputed value,
QCL,Crops and livestock products,143,Morocco,5510,Production,244,Groundnut oil,2016,2016,t,11909.94,I,Imputed value,
QCL,Crops and livestock products,143,Morocco,5510,Production,244,Groundnut oil,2017,2017,t,11690.34,I,Imputed value,
QCL,Crops and livestock products,143,Morocco,5510,Production,244,Groundnut oil,2018,2018,t,13576.66,I,Imputed value,
QCL,Crops and livestock products,143,Morocco,5510,Production,244,Groundnut oil,2019,2019,t,14804.1,I,Imputed value,
QCL,Crops and livestock products,143,Morocco,5510,Production,244,Groundnut oil,2020,2020,t,13410.7,I,Imputed value,
QCL,Crops and livestock products,143,Morocco,5510,Production,244,Groundnut oil,2021,2021,t,14102.45,I,Imputed value,
QCL,Crops and livestock products,143,Morocco,5312,Area harvested,242,"Groundnuts, excluding shelled",1961,1961,ha,2000,A,Official figure,
QCL,Crops and livestock products,143,Morocco,5419,Yield,242,"Groundnuts, excluding shelled",1961,1961,100 g/ha,5000,A,Official figure,
QCL,Crops and livestock products,143,Morocco,5510,Production,242,"Groundnuts, excluding shelled",1961,1961,t,1000,A,Official figure,
QCL,Crops and livestock products,143,Morocco,5312,Area harvested,242,"Groundnuts, excluding shelled",1962,1962,ha,2000,A,Official figure,
QCL,Crops and livestock products,143,Morocco,5419,Yield,242,"Groundnuts, excluding shelled",1962,1962,100 g/ha,5000,A,Official figure,
QCL,Crops and livestock products,143,Morocco,5510,Production,242,"Groundnuts, excluding shelled",1962,1962,t,1000,A,Official figure,
QCL,Crops and livestock products,143,Morocco,5312,Area harvested,242,"Groundnuts, excluding shelled",1963,1963,ha,2000,A,Official figure,
QCL,Crops and livestock products,143,Morocco,5419,Yield,242,"Groundnuts, excluding shelled",1963,1963,100 g/ha,5000,A,Official figure,
QCL,Crops and livestock products,143,Morocco,5510,Production,242,"Groundnuts, excluding shelled",1963,1963,t,1000,A,Official figure,
QCL,Crops and livestock products,143,Morocco,5312,Area harvested,242,"Groundnuts, excluding shelled",1964,1964,ha,2000,A,Official figure,
QCL,Crops and livestock products,143,Morocco,5419,Yield,242,"Groundnuts, excluding shelled",1964,1964,100 g/ha,5000,A,Official figure,
QCL,Crops and livestock products,143,Morocco,5510,Production,242,"Groundnuts, excluding shelled",1964,1964,t,1000,A,Official figure,
QCL,Crops and livestock products,143,Morocco,5312,Area harvested,242,"Groundnuts, excluding shelled",1965,1965,ha,1000,A,Official figure,
QCL,Crops and livestock products,143,Morocco,5419,Yield,242,"Groundnuts, excluding shelled",1965,1965,100 g/ha,10000,A,Official figure,
QCL,Crops and livestock products,143,Morocco,5510,Production,242,"Groundnuts, excluding shelled",1965,1965,t,1000,A,Official figure,
QCL,Crops and livestock products,143,Morocco,5312,Area harvested,242,"Groundnuts, excluding shelled",1966,1966,ha,1400,A,Official figure,
QCL,Crops and livestock products,143,Morocco,5419,Yield,242,"Groundnuts, excluding shelled",1966,1966,100 g/ha,5000,A,Official figure,
QCL,Crops and livestock products,143,Morocco,5510,Production,242,"Groundnuts, excluding shelled",1966,1966,t,700,A,Official figure,
QCL,Crops and livestock products,143,Morocco,5312,Area harvested,242,"Groundnuts, excluding shelled",1967,1967,ha,2000,A,Official figure,
QCL,Crops and livestock products,143,Morocco,5419,Yield,242,"Groundnuts, excluding shelled",1967,1967,100 g/ha,7500,E,Estimated value,
QCL,Crops and livestock products,143,Morocco,5510,Production,242,"Groundnuts, excluding shelled",1967,1967,t,1500,E,Estimated value,
QCL,Crops and livestock products,143,Morocco,5312,Area harvested,242,"Groundnuts, excluding shelled",1968,1968,ha,2200,A,Official figure,
QCL,Crops and livestock products,143,Morocco,5419,Yield,242,"Groundnuts, excluding shelled",1968,1968,100 g/ha,9091,E,Estimated value,
QCL,Crops and livestock products,143,Morocco,5510,Production,242,"Groundnuts, excluding shelled",1968,1968,t,2000,E,Estimated value,
QCL,Crops and livestock products,143,Morocco,5312,Area harvested,242,"Groundnuts, excluding shelled",1969,1969,ha,2800,A,Official figure,
QCL,Crops and livestock products,143,Morocco,5419,Yield,242,"Groundnuts, excluding shelled",1969,1969,100 g/ha,7857,E,Estimated value,
QCL,Crops and livestock products,143,Morocco,5510,Production,242,"Groundnuts, excluding shelled",1969,1969,t,2200,E,Estimated value,
QCL,Crops and livestock products,143,Morocco,5312,Area harvested,242,"Groundnuts, excluding shelled",1970,1970,ha,4600,A,Official figure,
QCL,Crops and livestock products,143,Morocco,5419,Yield,242,"Groundnuts, excluding shelled",1970,1970,100 g/ha,5674,A,Official figure,
QCL,Crops and livestock products,143,Morocco,5510,Production,242,"Groundnuts, excluding shelled",1970,1970,t,2610,A,Official figure,
QCL,Crops and livestock products,143,Morocco,5312,Area harvested,242,"Groundnuts, excluding shelled",1971,1971,ha,4400,A,Official figure,
QCL,Crops and livestock products,143,Morocco,5419,Yield,242,"Groundnuts, excluding shelled",1971,1971,100 g/ha,7523,A,Official figure,
QCL,Crops and livestock products,143,Morocco,5510,Production,242,"Groundnuts, excluding shelled",1971,1971,t,3310,A,Official figure,
QCL,Crops and livestock products,143,Morocco,5312,Area harvested,242,"Groundnuts, excluding shelled",1972,1972,ha,9700,A,Official figure,
QCL,Crops and livestock products,143,Morocco,5419,Yield,242,"Groundnuts, excluding shelled",1972,1972,100 g/ha,6072,A,Official figure,
QCL,Crops and livestock products,143,Morocco,5510,Production,242,"Groundnuts, excluding shelled",1972,1972,t,5890,A,Official figure,
QCL,Crops and livestock products,143,Morocco,5312,Area harvested,242,"Groundnuts, excluding shelled",1973,1973,ha,12700,A,Official figure,
QCL,Crops and livestock products,143,Morocco,5419,Yield,242,"Groundnuts, excluding shelled",1973,1973,100 g/ha,5622,A,Official figure,
QCL,Crops and livestock products,143,Morocco,5510,Production,242,"Groundnuts, excluding shelled",1973,1973,t,7140,A,Official figure,
QCL,Crops and livestock products,143,Morocco,5312,Area harvested,242,"Groundnuts, excluding shelled",1974,1974,ha,17100,A,Official figure,
QCL,Crops and livestock products,143,Morocco,5419,Yield,242,"Groundnuts, excluding shelled",1974,1974,100 g/ha,7456,A,Official figure,
QCL,Crops and livestock products,143,Morocco,5510,Production,242,"Groundnuts, excluding shelled",1974,1974,t,12750,A,Official figure,
QCL,Crops and livestock products,143,Morocco,5312,Area harvested,242,"Groundnuts, excluding shelled",1975,1975,ha,16000,A,Official figure,
QCL,Crops and livestock products,143,Morocco,5419,Yield,242,"Groundnuts, excluding shelled",1975,1975,100 g/ha,11763,A,Official figure,
QCL,Crops and livestock products,143,Morocco,5510,Production,242,"Groundnuts, excluding shelled",1975,1975,t,18820,A,Official figure,
QCL,Crops and livestock products,143,Morocco,5312,Area harvested,242,"Groundnuts, excluding shelled",1976,1976,ha,10700,A,Official figure,
QCL,Crops and livestock products,143,Morocco,5419,Yield,242,"Groundnuts, excluding shelled",1976,1976,100 g/ha,11925,A,Official figure,
QCL,Crops and livestock products,143,Morocco,5510,Production,242,"Groundnuts, excluding shelled",1976,1976,t,12760,A,Official figure,
QCL,Crops and livestock products,143,Morocco,5312,Area harvested,242,"Groundnuts, excluding shelled",1977,1977,ha,19500,A,Official figure,
QCL,Crops and livestock products,143,Morocco,5419,Yield,242,"Groundnuts, excluding shelled",1977,1977,100 g/ha,4287,A,Official figure,
QCL,Crops and livestock products,143,Morocco,5510,Production,242,"Groundnuts, excluding shelled",1977,1977,t,8360,A,Official figure,
QCL,Crops and livestock products,143,Morocco,5312,Area harvested,242,"Groundnuts, excluding shelled",1978,1978,ha,27800,A,Official figure,
QCL,Crops and livestock products,143,Morocco,5419,Yield,242,"Groundnuts, excluding shelled",1978,1978,100 g/ha,9363,A,Official figure,
QCL,Crops and livestock products,143,Morocco,5510,Production,242,"Groundnuts, excluding shelled",1978,1978,t,26030,A,Official figure,
QCL,Crops and livestock products,143,Morocco,5312,Area harvested,242,"Groundnuts, excluding shelled",1979,1979,ha,26400,A,Official figure,
QCL,Crops and livestock products,143,Morocco,5419,Yield,242,"Groundnuts, excluding shelled",1979,1979,100 g/ha,10364,A,Official figure,
QCL,Crops and livestock products,143,Morocco,5510,Production,242,"Groundnuts, excluding shelled",1979,1979,t,27360,A,Official figure,
QCL,Crops and livestock products,143,Morocco,5312,Area harvested,242,"Groundnuts, excluding shelled",1980,1980,ha,26500,A,Official figure,
QCL,Crops and livestock products,143,Morocco,5419,Yield,242,"Groundnuts, excluding shelled",1980,1980,100 g/ha,13147,A,Official figure,
QCL,Crops and livestock products,143,Morocco,5510,Production,242,"Groundnuts, excluding shelled",1980,1980,t,34840,A,Official figure,
QCL,Crops and livestock products,143,Morocco,5312,Area harvested,242,"Groundnuts, excluding shelled",1981,1981,ha,31800,A,Official figure,
QCL,Crops and livestock products,143,Morocco,5419,Yield,242,"Groundnuts, excluding shelled",1981,1981,100 g/ha,12799,A,Official figure,
QCL,Crops and livestock products,143,Morocco,5510,Production,242,"Groundnuts, excluding shelled",1981,1981,t,40700,A,Official figure,
QCL,Crops and livestock products,143,Morocco,5312,Area harvested,242,"Groundnuts, excluding shelled",1982,1982,ha,36500,A,Official figure,
QCL,Crops and livestock products,143,Morocco,5419,Yield,242,"Groundnuts, excluding shelled",1982,1982,100 g/ha,11507,A,Official figure,
QCL,Crops and livestock products,143,Morocco,5510,Production,242,"Groundnuts, excluding shelled",1982,1982,t,42000,A,Official figure,
QCL,Crops and livestock products,143,Morocco,5312,Area harvested,242,"Groundnuts, excluding shelled",1983,1983,ha,23300,A,Official figure,
QCL,Crops and livestock products,143,Morocco,5419,Yield,242,"Groundnuts, excluding shelled",1983,1983,100 g/ha,13554,A,Official figure,
QCL,Crops and livestock products,143,Morocco,5510,Production,242,"Groundnuts, excluding shelled",1983,1983,t,31580,A,Official figure,
QCL,Crops and livestock products,143,Morocco,5312,Area harvested,242,"Groundnuts, excluding shelled",1984,1984,ha,25000,A,Official figure,
QCL,Crops and livestock products,143,Morocco,5419,Yield,242,"Groundnuts, excluding shelled",1984,1984,100 g/ha,14156,A,Official figure,
QCL,Crops and livestock products,143,Morocco,5510,Production,242,"Groundnuts, excluding shelled",1984,1984,t,35390,A,Official figure,
QCL,Crops and livestock products,143,Morocco,5312,Area harvested,242,"Groundnuts, excluding shelled",1985,1985,ha,24000,A,Official figure,
QCL,Crops and livestock products,143,Morocco,5419,Yield,242,"Groundnuts, excluding shelled",1985,1985,100 g/ha,12100,A,Official figure,
QCL,Crops and livestock products,143,Morocco,5510,Production,242,"Groundnuts, excluding shelled",1985,1985,t,29040,A,Official figure,
QCL,Crops and livestock products,143,Morocco,5312,Area harvested,242,"Groundnuts, excluding shelled",1986,1986,ha,20600,A,Official figure,
QCL,Crops and livestock products,143,Morocco,5419,Yield,242,"Groundnuts, excluding shelled",1986,1986,100 g/ha,12117,A,Official figure,
QCL,Crops and livestock products,143,Morocco,5510,Production,242,"Groundnuts, excluding shelled",1986,1986,t,24960,A,Official figure,
QCL,Crops and livestock products,143,Morocco,5312,Area harvested,242,"Groundnuts, excluding shelled",1987,1987,ha,20600,A,Official figure,
QCL,Crops and livestock products,143,Morocco,5419,Yield,242,"Groundnuts, excluding shelled",1987,1987,100 g/ha,16796,A,Official figure,
QCL,Crops and livestock products,143,Morocco,5510,Production,242,"Groundnuts, excluding shelled",1987,1987,t,34600,A,Official figure,
QCL,Crops and livestock products,143,Morocco,5312,Area harvested,242,"Groundnuts, excluding shelled",1988,1988,ha,33600,A,Official figure,
QCL,Crops and livestock products,143,Morocco,5419,Yield,242,"Groundnuts, excluding shelled",1988,1988,100 g/ha,19348,A,Official figure,
QCL,Crops and livestock products,143,Morocco,5510,Production,242,"Groundnuts, excluding shelled",1988,1988,t,65010,A,Official figure,
QCL,Crops and livestock products,143,Morocco,5312,Area harvested,242,"Groundnuts, excluding shelled",1989,1989,ha,23800,A,Official figure,
QCL,Crops and livestock products,143,Morocco,5419,Yield,242,"Groundnuts, excluding shelled",1989,1989,100 g/ha,9798,A,Official figure,
QCL,Crops and livestock products,143,Morocco,5510,Production,242,"Groundnuts, excluding shelled",1989,1989,t,23320,A,Official figure,
QCL,Crops and livestock products,143,Morocco,5312,Area harvested,242,"Groundnuts, excluding shelled",1990,1990,ha,24200,A,Official figure,
QCL,Crops and livestock products,143,Morocco,5419,Yield,242,"Groundnuts, excluding shelled",1990,1990,100 g/ha,6099,A,Official figure,
QCL,Crops and livestock products,143,Morocco,5510,Production,242,"Groundnuts, excluding shelled",1990,1990,t,14760,A,Official figure,
QCL,Crops and livestock products,143,Morocco,5312,Area harvested,242,"Groundnuts, excluding shelled",1991,1991,ha,17700,A,Official figure,
QCL,Crops and livestock products,143,Morocco,5419,Yield,242,"Groundnuts, excluding shelled",1991,1991,100 g/ha,11571,A,Official figure,
QCL,Crops and livestock products,143,Morocco,5510,Production,242,"Groundnuts, excluding shelled",1991,1991,t,20480,A,Official figure,
QCL,Crops and livestock products,143,Morocco,5312,Area harvested,242,"Groundnuts, excluding shelled",1992,1992,ha,23000,A,Official figure,
QCL,Crops and livestock products,143,Morocco,5419,Yield,242,"Groundnuts, excluding shelled",1992,1992,100 g/ha,15148,A,Official figure,
QCL,Crops and livestock products,143,Morocco,5510,Production,242,"Groundnuts, excluding shelled",1992,1992,t,34840,A,Official figure,
QCL,Crops and livestock products,143,Morocco,5312,Area harvested,242,"Groundnuts, excluding shelled",1993,1993,ha,21300,A,Official figure,
QCL,Crops and livestock products,143,Morocco,5419,Yield,242,"Groundnuts, excluding shelled",1993,1993,100 g/ha,16141,A,Official figure,
QCL,Crops and livestock products,143,Morocco,5510,Production,242,"Groundnuts, excluding shelled",1993,1993,t,34380,A,Official figure,
QCL,Crops and livestock products,143,Morocco,5312,Area harvested,242,"Groundnuts, excluding shelled",1994,1994,ha,30000,A,Official figure,
QCL,Crops and livestock products,143,Morocco,5419,Yield,242,"Groundnuts, excluding shelled",1994,1994,100 g/ha,10023,A,Official figure,
QCL,Crops and livestock products,143,Morocco,5510,Production,242,"Groundnuts, excluding shelled",1994,1994,t,30070,A,Official figure,
QCL,Crops and livestock products,143,Morocco,5312,Area harvested,242,"Groundnuts, excluding shelled",1995,1995,ha,8600,A,Official figure,
QCL,Crops and livestock products,143,Morocco,5419,Yield,242,"Groundnuts, excluding shelled",1995,1995,100 g/ha,16558,A,Official figure,
QCL,Crops and livestock products,143,Morocco,5510,Production,242,"Groundnuts, excluding shelled",1995,1995,t,14240,A,Official figure,
QCL,Crops and livestock products,143,Morocco,5312,Area harvested,242,"Groundnuts, excluding shelled",1996,1996,ha,13200,A,Official figure,
QCL,Crops and livestock products,143,Morocco,5419,Yield,242,"Groundnuts, excluding shelled",1996,1996,100 g/ha,14098,A,Official figure,
QCL,Crops and livestock products,143,Morocco,5510,Production,242,"Groundnuts, excluding shelled",1996,1996,t,18610,A,Official figure,
QCL,Crops and livestock products,143,Morocco,5312,Area harvested,242,"Groundnuts, excluding shelled",1997,1997,ha,35900,A,Official figure,
QCL,Crops and livestock products,143,Morocco,5419,Yield,242,"Groundnuts, excluding shelled",1997,1997,100 g/ha,12423,A,Official figure,
QCL,Crops and livestock products,143,Morocco,5510,Production,242,"Groundnuts, excluding shelled",1997,1997,t,44600,A,Official figure,
QCL,Crops and livestock products,143,Morocco,5312,Area harvested,242,"Groundnuts, excluding shelled",1998,1998,ha,27600,A,Official figure,
QCL,Crops and livestock products,143,Morocco,5419,Yield,242,"Groundnuts, excluding shelled",1998,1998,100 g/ha,16333,A,Official figure,
QCL,Crops and livestock products,143,Morocco,5510,Production,242,"Groundnuts, excluding shelled",1998,1998,t,45080,A,Official figure,
QCL,Crops and livestock products,143,Morocco,5312,Area harvested,242,"Groundnuts, excluding shelled",1999,1999,ha,25400,A,Official figure,
QCL,Crops and livestock products,143,Morocco,5419,Yield,242,"Groundnuts, excluding shelled",1999,1999,100 g/ha,16705,A,Official figure,
QCL,Crops and livestock products,143,Morocco,5510,Production,242,"Groundnuts, excluding shelled",1999,1999,t,42430,A,Official figure,
QCL,Crops and livestock products,143,Morocco,5312,Area harvested,242,"Groundnuts, excluding shelled",2000,2000,ha,18200,A,Official figure,
QCL,Crops and livestock products,143,Morocco,5419,Yield,242,"Groundnuts, excluding shelled",2000,2000,100 g/ha,21330,A,Official figure,
QCL,Crops and livestock products,143,Morocco,5510,Production,242,"Groundnuts, excluding shelled",2000,2000,t,38820,A,Official figure,
QCL,Crops and livestock products,143,Morocco,5312,Area harvested,242,"Groundnuts, excluding shelled",2001,2001,ha,21700,A,Official figure,
QCL,Crops and livestock products,143,Morocco,5419,Yield,242,"Groundnuts, excluding shelled",2001,2001,100 g/ha,20530,A,Official figure,
QCL,Crops and livestock products,143,Morocco,5510,Production,242,"Groundnuts, excluding shelled",2001,2001,t,44550,A,Official figure,
QCL,Crops and livestock products,143,Morocco,5312,Area harvested,242,"Groundnuts, excluding shelled",2002,2002,ha,20400,A,Official figure,
QCL,Crops and livestock products,143,Morocco,5419,Yield,242,"Groundnuts, excluding shelled",2002,2002,100 g/ha,19775,A,Official figure,
QCL,Crops and livestock products,143,Morocco,5510,Production,242,"Groundnuts, excluding shelled",2002,2002,t,40340,A,Official figure,
QCL,Crops and livestock products,143,Morocco,5312,Area harvested,242,"Groundnuts, excluding shelled",2003,2003,ha,21500,A,Official figure,
QCL,Crops and livestock products,143,Morocco,5419,Yield,242,"Groundnuts, excluding shelled",2003,2003,100 g/ha,9819,A,Official figure,
QCL,Crops and livestock products,143,Morocco,5510,Production,242,"Groundnuts, excluding shelled",2003,2003,t,21110,A,Official figure,
QCL,Crops and livestock products,143,Morocco,5312,Area harvested,242,"Groundnuts, excluding shelled",2004,2004,ha,21600,A,Official figure,
QCL,Crops and livestock products,143,Morocco,5419,Yield,242,"Groundnuts, excluding shelled",2004,2004,100 g/ha,23852,A,Official figure,
QCL,Crops and livestock products,143,Morocco,5510,Production,242,"Groundnuts, excluding shelled",2004,2004,t,51520,A,Official figure,
QCL,Crops and livestock products,143,Morocco,5312,Area harvested,242,"Groundnuts, excluding shelled",2005,2005,ha,19500,A,Official figure,
QCL,Crops and livestock products,143,Morocco,5419,Yield,242,"Groundnuts, excluding shelled",2005,2005,100 g/ha,24103,A,Official figure,
QCL,Crops and livestock products,143,Morocco,5510,Production,242,"Groundnuts, excluding shelled",2005,2005,t,47000,A,Official figure,
QCL,Crops and livestock products,143,Morocco,5312,Area harvested,242,"Groundnuts, excluding shelled",2006,2006,ha,14900,A,Official figure,
QCL,Crops and livestock products,143,Morocco,5419,Yield,242,"Groundnuts, excluding shelled",2006,2006,100 g/ha,25664,A,Official figure,
QCL,Crops and livestock products,143,Morocco,5510,Production,242,"Groundnuts, excluding shelled",2006,2006,t,38240,A,Official figure,
QCL,Crops and livestock products,143,Morocco,5312,Area harvested,242,"Groundnuts, excluding shelled",2007,2007,ha,19700,A,Official figure,
QCL,Crops and livestock products,143,Morocco,5419,Yield,242,"Groundnuts, excluding shelled",2007,2007,100 g/ha,25183,A,Official figure,
QCL,Crops and livestock products,143,Morocco,5510,Production,242,"Groundnuts, excluding shelled",2007,2007,t,49610,A,Official figure,
QCL,Crops and livestock products,143,Morocco,5312,Area harvested,242,"Groundnuts, excluding shelled",2008,2008,ha,20800,A,Official figure,
QCL,Crops and livestock products,143,Morocco,5419,Yield,242,"Groundnuts, excluding shelled",2008,2008,100 g/ha,19716,A,Official figure,
QCL,Crops and livestock products,143,Morocco,5510,Production,242,"Groundnuts, excluding shelled",2008,2008,t,41010,A,Official figure,
QCL,Crops and livestock products,143,Morocco,5312,Area harvested,242,"Groundnuts, excluding shelled",2009,2009,ha,22700,A,Official figure,
QCL,Crops and livestock products,143,Morocco,5419,Yield,242,"Groundnuts, excluding shelled",2009,2009,100 g/ha,22771,A,Official figure,
QCL,Crops and livestock products,143,Morocco,5510,Production,242,"Groundnuts, excluding shelled",2009,2009,t,51690,A,Official figure,
QCL,Crops and livestock products,143,Morocco,5312,Area harvested,242,"Groundnuts, excluding shelled",2010,2010,ha,22900,A,Official figure,
QCL,Crops and livestock products,143,Morocco,5419,Yield,242,"Groundnuts, excluding shelled",2010,2010,100 g/ha,21642,A,Official figure,
QCL,Crops and livestock products,143,Morocco,5510,Production,242,"Groundnuts, excluding shelled",2010,2010,t,49560,A,Official figure,
QCL,Crops and livestock products,143,Morocco,5312,Area harvested,242,"Groundnuts, excluding shelled",2011,2011,ha,17840,A,Official figure,
QCL,Crops and livestock products,143,Morocco,5419,Yield,242,"Groundnuts, excluding shelled",2011,2011,100 g/ha,22259,A,Official figure,
QCL,Crops and livestock products,143,Morocco,5510,Production,242,"Groundnuts, excluding shelled",2011,2011,t,39710,A,Official figure,
QCL,Crops and livestock products,143,Morocco,5312,Area harvested,242,"Groundnuts, excluding shelled",2012,2012,ha,15490,A,Official figure,
QCL,Crops and livestock products,143,Morocco,5419,Yield,242,"Groundnuts, excluding shelled",2012,2012,100 g/ha,23465,A,Official figure,
QCL,Crops and livestock products,143,Morocco,5510,Production,242,"Groundnuts, excluding shelled",2012,2012,t,36348,A,Official figure,
QCL,Crops and livestock products,143,Morocco,5312,Area harvested,242,"Groundnuts, excluding shelled",2013,2013,ha,16300,A,Official figure,
QCL,Crops and livestock products,143,Morocco,5419,Yield,242,"Groundnuts, excluding shelled",2013,2013,100 g/ha,23798,A,Official figure,
QCL,Crops and livestock products,143,Morocco,5510,Production,242,"Groundnuts, excluding shelled",2013,2013,t,38790,A,Official figure,
QCL,Crops and livestock products,143,Morocco,5312,Area harvested,242,"Groundnuts, excluding shelled",2014,2014,ha,16090,A,Official figure,
QCL,Crops and livestock products,143,Morocco,5419,Yield,242,"Groundnuts, excluding shelled",2014,2014,100 g/ha,23851,A,Official figure,
QCL,Crops and livestock products,143,Morocco,5510,Production,242,"Groundnuts, excluding shelled",2014,2014,t,38376,A,Official figure,
QCL,Crops and livestock products,143,Morocco,5312,Area harvested,242,"Groundnuts, excluding shelled",2015,2015,ha,13850,A,Official figure,
QCL,Crops and livestock products,143,Morocco,5419,Yield,242,"Groundnuts, excluding shelled",2015,2015,100 g/ha,24339,A,Official figure,
QCL,Crops and livestock products,143,Morocco,5510,Production,242,"Groundnuts, excluding shelled",2015,2015,t,33710,A,Official figure,
QCL,Crops and livestock products,143,Morocco,5312,Area harvested,242,"Groundnuts, excluding shelled",2016,2016,ha,15345,A,Official figure,
QCL,Crops and livestock products,143,Morocco,5419,Yield,242,"Groundnuts, excluding shelled",2016,2016,100 g/ha,23729,A,Official figure,
QCL,Crops and livestock products,143,Morocco,5510,Production,242,"Groundnuts, excluding shelled",2016,2016,t,36412,A,Official figure,
QCL,Crops and livestock products,143,Morocco,5312,Area harvested,242,"Groundnuts, excluding shelled",2017,2017,ha,14060,A,Official figure,
QCL,Crops and livestock products,143,Morocco,5419,Yield,242,"Groundnuts, excluding shelled",2017,2017,100 g/ha,25415,A,Official figure,
QCL,Crops and livestock products,143,Morocco,5510,Production,242,"Groundnuts, excluding shelled",2017,2017,t,35733,A,Official figure,
QCL,Crops and livestock products,143,Morocco,5312,Area harvested,242,"Groundnuts, excluding shelled",2018,2018,ha,12850,A,Official figure,
QCL,Crops and livestock products,143,Morocco,5419,Yield,242,"Groundnuts, excluding shelled",2018,2018,100 g/ha,25021,A,Official figure,
QCL,Crops and livestock products,143,Morocco,5510,Production,242,"Groundnuts, excluding shelled",2018,2018,t,32152,A,Official figure,
QCL,Crops and livestock products,143,Morocco,5312,Area harvested,242,"Groundnuts, excluding shelled",2019,2019,ha,15288,A,Official figure,
QCL,Crops and livestock products,143,Morocco,5419,Yield,242,"Groundnuts, excluding shelled",2019,2019,100 g/ha,25949,A,Official figure,
QCL,Crops and livestock products,143,Morocco,5510,Production,242,"Groundnuts, excluding shelled",2019,2019,t,39670.4,A,Official figure,
QCL,Crops and livestock products,143,Morocco,5312,Area harvested,242,"Groundnuts, excluding shelled",2020,2020,ha,13984,A,Official figure,
QCL,Crops and livestock products,143,Morocco,5419,Yield,242,"Groundnuts, excluding shelled",2020,2020,100 g/ha,26262,A,Official figure,
QCL,Crops and livestock products,143,Morocco,5510,Production,242,"Groundnuts, excluding shelled",2020,2020,t,36725,A,Official figure,
QCL,Crops and livestock products,143,Morocco,5312,Area harvested,242,"Groundnuts, excluding shelled",2021,2021,ha,13438,A,Official figure,
QCL,Crops and livestock products,143,Morocco,5419,Yield,242,"Groundnuts, excluding shelled",2021,2021,100 g/ha,27376,A,Official figure,
QCL,Crops and livestock products,143,Morocco,5510,Production,242,"Groundnuts, excluding shelled",2021,2021,t,36788,A,Official figure,
QCL,Crops and livestock products,143,Morocco,5312,Area harvested,242,"Groundnuts, excluding shelled",2022,2022,ha,10452,A,Official figure,
QCL,Crops and livestock products,143,Morocco,5419,Yield,242,"Groundnuts, excluding shelled",2022,2022,100 g/ha,26556,A,Official figure,
QCL,Crops and livestock products,143,Morocco,5510,Production,242,"Groundnuts, excluding shelled",2022,2022,t,27756,A,Official figure,
QCL,Crops and livestock products,143,Morocco,5410,Yield,1062,"Hen eggs in shell, fresh",1961,1961,100 mg/An,40000,A,Official figure,
QCL,Crops and livestock products,143,Morocco,5413,Yield,1062,"Hen eggs in shell, fresh",1961,1961,No/An,80,A,Official figure,
QCL,Crops and livestock products,143,Morocco,5510,Production,1062,"Hen eggs in shell, fresh",1961,1961,t,37542,A,Official figure,
QCL,Crops and livestock products,143,Morocco,5513,Production,1062,"Hen eggs in shell, fresh",1961,1961,1000 No,750848,A,Official figure,
QCL,Crops and livestock products,143,Morocco,5313,Laying,1062,"Hen eggs in shell, fresh",1961,1961,1000 An,9386,A,Official figure,
QCL,Crops and livestock products,143,Morocco,5410,Yield,1062,"Hen eggs in shell, fresh",1962,1962,100 mg/An,40000,A,Official figure,
QCL,Crops and livestock products,143,Morocco,5413,Yield,1062,"Hen eggs in shell, fresh",1962,1962,No/An,80,A,Official figure,
QCL,Crops and livestock products,143,Morocco,5510,Production,1062,"Hen eggs in shell, fresh",1962,1962,t,36876,A,Official figure,
QCL,Crops and livestock products,143,Morocco,5513,Production,1062,"Hen eggs in shell, fresh",1962,1962,1000 No,737520,A,Official figure,
QCL,Crops and livestock products,143,Morocco,5313,Laying,1062,"Hen eggs in shell, fresh",1962,1962,1000 An,9219,A,Official figure,
QCL,Crops and livestock products,143,Morocco,5410,Yield,1062,"Hen eggs in shell, fresh",1963,1963,100 mg/An,40000,A,Official figure,
QCL,Crops and livestock products,143,Morocco,5413,Yield,1062,"Hen eggs in shell, fresh",1963,1963,No/An,80,A,Official figure,
QCL,Crops and livestock products,143,Morocco,5510,Production,1062,"Hen eggs in shell, fresh",1963,1963,t,37178,A,Official figure,
QCL,Crops and livestock products,143,Morocco,5513,Production,1062,"Hen eggs in shell, fresh",1963,1963,1000 No,743568,A,Official figure,
QCL,Crops and livestock products,143,Morocco,5313,Laying,1062,"Hen eggs in shell, fresh",1963,1963,1000 An,9295,A,Official figure,
QCL,Crops and livestock products,143,Morocco,5410,Yield,1062,"Hen eggs in shell, fresh",1964,1964,100 mg/An,40000,A,Official figure,
QCL,Crops and livestock products,143,Morocco,5413,Yield,1062,"Hen eggs in shell, fresh",1964,1964,No/An,80,A,Official figure,
QCL,Crops and livestock products,143,Morocco,5510,Production,1062,"Hen eggs in shell, fresh",1964,1964,t,38878,A,Official figure,
QCL,Crops and livestock products,143,Morocco,5513,Production,1062,"Hen eggs in shell, fresh",1964,1964,1000 No,777560,A,Official figure,
QCL,Crops and livestock products,143,Morocco,5313,Laying,1062,"Hen eggs in shell, fresh",1964,1964,1000 An,9720,A,Official figure,
QCL,Crops and livestock products,143,Morocco,5410,Yield,1062,"Hen eggs in shell, fresh",1965,1965,100 mg/An,40000,A,Official figure,
QCL,Crops and livestock products,143,Morocco,5413,Yield,1062,"Hen eggs in shell, fresh",1965,1965,No/An,80,A,Official figure,
QCL,Crops and livestock products,143,Morocco,5510,Production,1062,"Hen eggs in shell, fresh",1965,1965,t,38156,A,Official figure,
QCL,Crops and livestock products,143,Morocco,5513,Production,1062,"Hen eggs in shell, fresh",1965,1965,1000 No,763112,A,Official figure,
QCL,Crops and livestock products,143,Morocco,5313,Laying,1062,"Hen eggs in shell, fresh",1965,1965,1000 An,9539,A,Official figure,
QCL,Crops and livestock products,143,Morocco,5410,Yield,1062,"Hen eggs in shell, fresh",1966,1966,100 mg/An,40000,A,Official figure,
QCL,Crops and livestock products,143,Morocco,5413,Yield,1062,"Hen eggs in shell, fresh",1966,1966,No/An,80,A,Official figure,
QCL,Crops and livestock products,143,Morocco,5510,Production,1062,"Hen eggs in shell, fresh",1966,1966,t,39575,A,Official figure,
QCL,Crops and livestock products,143,Morocco,5513,Production,1062,"Hen eggs in shell, fresh",1966,1966,1000 No,791504,A,Official figure,
QCL,Crops and livestock products,143,Morocco,5313,Laying,1062,"Hen eggs in shell, fresh",1966,1966,1000 An,9894,A,Official figure,
QCL,Crops and livestock products,143,Morocco,5410,Yield,1062,"Hen eggs in shell, fresh",1967,1967,100 mg/An,40000,A,Official figure,
QCL,Crops and livestock products,143,Morocco,5413,Yield,1062,"Hen eggs in shell, fresh",1967,1967,No/An,80,A,Official figure,
QCL,Crops and livestock products,143,Morocco,5510,Production,1062,"Hen eggs in shell, fresh",1967,1967,t,40684,A,Official figure,
QCL,Crops and livestock products,143,Morocco,5513,Production,1062,"Hen eggs in shell, fresh",1967,1967,1000 No,813680,A,Official figure,
QCL,Crops and livestock products,143,Morocco,5313,Laying,1062,"Hen eggs in shell, fresh",1967,1967,1000 An,10171,A,Official figure,
QCL,Crops and livestock products,143,Morocco,5410,Yield,1062,"Hen eggs in shell, fresh",1968,1968,100 mg/An,40000,E,Estimated value,
QCL,Crops and livestock products,143,Morocco,5413,Yield,1062,"Hen eggs in shell, fresh",1968,1968,No/An,80,E,Estimated value,
QCL,Crops and livestock products,143,Morocco,5510,Production,1062,"Hen eggs in shell, fresh",1968,1968,t,42560,X,Figure from international organizations,Unofficial figure
QCL,Crops and livestock products,143,Morocco,5513,Production,1062,"Hen eggs in shell, fresh",1968,1968,1000 No,851200,X,Figure from international organizations,Unofficial figure
QCL,Crops and livestock products,143,Morocco,5313,Laying,1062,"Hen eggs in shell, fresh",1968,1968,1000 An,10640,A,Official figure,
QCL,Crops and livestock products,143,Morocco,5410,Yield,1062,"Hen eggs in shell, fresh",1969,1969,100 mg/An,40000,E,Estimated value,
QCL,Crops and livestock products,143,Morocco,5413,Yield,1062,"Hen eggs in shell, fresh",1969,1969,No/An,80,E,Estimated value,
QCL,Crops and livestock products,143,Morocco,5510,Production,1062,"Hen eggs in shell, fresh",1969,1969,t,43120,X,Figure from international organizations,Unofficial figure
QCL,Crops and livestock products,143,Morocco,5513,Production,1062,"Hen eggs in shell, fresh",1969,1969,1000 No,862400,X,Figure from international organizations,Unofficial figure
QCL,Crops and livestock products,143,Morocco,5313,Laying,1062,"Hen eggs in shell, fresh",1969,1969,1000 An,10780,A,Official figure,
QCL,Crops and livestock products,143,Morocco,5410,Yield,1062,"Hen eggs in shell, fresh",1970,1970,100 mg/An,40000,E,Estimated value,
QCL,Crops and livestock products,143,Morocco,5413,Yield,1062,"Hen eggs in shell, fresh",1970,1970,No/An,80,E,Estimated value,
QCL,Crops and livestock products,143,Morocco,5510,Production,1062,"Hen eggs in shell, fresh",1970,1970,t,43680,E,Estimated value,
QCL,Crops and livestock products,143,Morocco,5513,Production,1062,"Hen eggs in shell, fresh",1970,1970,1000 No,873600,E,Estimated value,
QCL,Crops and livestock products,143,Morocco,5313,Laying,1062,"Hen eggs in shell, fresh",1970,1970,1000 An,10920,A,Official figure,
QCL,Crops and livestock products,143,Morocco,5410,Yield,1062,"Hen eggs in shell, fresh",1971,1971,100 mg/An,40000,E,Estimated value,
QCL,Crops and livestock products,143,Morocco,5413,Yield,1062,"Hen eggs in shell, fresh",1971,1971,No/An,80,E,Estimated value,
QCL,Crops and livestock products,143,Morocco,5510,Production,1062,"Hen eggs in shell, fresh",1971,1971,t,44000,E,Estimated value,
QCL,Crops and livestock products,143,Morocco,5513,Production,1062,"Hen eggs in shell, fresh",1971,1971,1000 No,880000,E,Estimated value,
QCL,Crops and livestock products,143,Morocco,5313,Laying,1062,"Hen eggs in shell, fresh",1971,1971,1000 An,11000,E,Estimated value,
QCL,Crops and livestock products,143,Morocco,5410,Yield,1062,"Hen eggs in shell, fresh",1972,1972,100 mg/An,40000,E,Estimated value,
QCL,Crops and livestock products,143,Morocco,5413,Yield,1062,"Hen eggs in shell, fresh",1972,1972,No/An,79,E,Estimated value,
QCL,Crops and livestock products,143,Morocco,5510,Production,1062,"Hen eggs in shell, fresh",1972,1972,t,48000,E,Estimated value,
QCL,Crops and livestock products,143,Morocco,5513,Production,1062,"Hen eggs in shell, fresh",1972,1972,1000 No,950000,E,Estimated value,
QCL,Crops and livestock products,143,Morocco,5313,Laying,1062,"Hen eggs in shell, fresh",1972,1972,1000 An,12000,E,Estimated value,
QCL,Crops and livestock products,143,Morocco,5410,Yield,1062,"Hen eggs in shell, fresh",1973,1973,100 mg/An,40833,E,Estimated value,
QCL,Crops and livestock products,143,Morocco,5413,Yield,1062,"Hen eggs in shell, fresh",1973,1973,No/An,80,E,Estimated value,
QCL,Crops and livestock products,143,Morocco,5510,Production,1062,"Hen eggs in shell, fresh",1973,1973,t,49000,E,Estimated value,
QCL,Crops and livestock products,143,Morocco,5513,Production,1062,"Hen eggs in shell, fresh",1973,1973,1000 No,960000,E,Estimated value,
QCL,Crops and livestock products,143,Morocco,5313,Laying,1062,"Hen eggs in shell, fresh",1973,1973,1000 An,12000,E,Estimated value,
QCL,Crops and livestock products,143,Morocco,5410,Yield,1062,"Hen eggs in shell, fresh",1974,1974,100 mg/An,40800,E,Estimated value,
QCL,Crops and livestock products,143,Morocco,5413,Yield,1062,"Hen eggs in shell, fresh",1974,1974,No/An,80,E,Estimated value,
QCL,Crops and livestock products,143,Morocco,5510,Production,1062,"Hen eggs in shell, fresh",1974,1974,t,51000,E,Estimated value,
QCL,Crops and livestock products,143,Morocco,5513,Production,1062,"Hen eggs in shell, fresh",1974,1974,1000 No,1000000,E,Estimated value,
QCL,Crops and livestock products,143,Morocco,5313,Laying,1062,"Hen eggs in shell, fresh",1974,1974,1000 An,12500,E,Estimated value,
QCL,Crops and livestock products,143,Morocco,5410,Yield,1062,"Hen eggs in shell, fresh",1975,1975,100 mg/An,43333,E,Estimated value,
QCL,Crops and livestock products,143,Morocco,5413,Yield,1062,"Hen eggs in shell, fresh",1975,1975,No/An,85,E,Estimated value,
QCL,Crops and livestock products,143,Morocco,5510,Production,1062,"Hen eggs in shell, fresh",1975,1975,t,52000,E,Estimated value,
QCL,Crops and livestock products,143,Morocco,5513,Production,1062,"Hen eggs in shell, fresh",1975,1975,1000 No,1020000,E,Estimated value,
QCL,Crops and livestock products,143,Morocco,5313,Laying,1062,"Hen eggs in shell, fresh",1975,1975,1000 An,12000,E,Estimated value,
QCL,Crops and livestock products,143,Morocco,5410,Yield,1062,"Hen eggs in shell, fresh",1976,1976,100 mg/An,47154,E,Estimated value,
QCL,Crops and livestock products,143,Morocco,5413,Yield,1062,"Hen eggs in shell, fresh",1976,1976,No/An,91,E,Estimated value,
QCL,Crops and livestock products,143,Morocco,5510,Production,1062,"Hen eggs in shell, fresh",1976,1976,t,58000,E,Estimated value,
QCL,Crops and livestock products,143,Morocco,5513,Production,1062,"Hen eggs in shell, fresh",1976,1976,1000 No,1115000,E,Estimated value,
QCL,Crops and livestock products,143,Morocco,5313,Laying,1062,"Hen eggs in shell, fresh",1976,1976,1000 An,12300,E,Estimated value,
QCL,Crops and livestock products,143,Morocco,5410,Yield,1062,"Hen eggs in shell, fresh",1977,1977,100 mg/An,58000,E,Estimated value,
QCL,Crops and livestock products,143,Morocco,5413,Yield,1062,"Hen eggs in shell, fresh",1977,1977,No/An,112,E,Estimated value,
QCL,Crops and livestock products,143,Morocco,5510,Production,1062,"Hen eggs in shell, fresh",1977,1977,t,66700,E,Estimated value,
QCL,Crops and livestock products,143,Morocco,5513,Production,1062,"Hen eggs in shell, fresh",1977,1977,1000 No,1282700,E,Estimated value,
QCL,Crops and livestock products,143,Morocco,5313,Laying,1062,"Hen eggs in shell, fresh",1977,1977,1000 An,11500,E,Estimated value,
QCL,Crops and livestock products,143,Morocco,5410,Yield,1062,"Hen eggs in shell, fresh",1978,1978,100 mg/An,63982,E,Estimated value,
QCL,Crops and livestock products,143,Morocco,5413,Yield,1062,"Hen eggs in shell, fresh",1978,1978,No/An,123,E,Estimated value,
QCL,Crops and livestock products,143,Morocco,5510,Production,1062,"Hen eggs in shell, fresh",1978,1978,t,72300,E,Estimated value,
QCL,Crops and livestock products,143,Morocco,5513,Production,1062,"Hen eggs in shell, fresh",1978,1978,1000 No,1390400,E,Estimated value,
QCL,Crops and livestock products,143,Morocco,5313,Laying,1062,"Hen eggs in shell, fresh",1978,1978,1000 An,11300,E,Estimated value,
QCL,Crops and livestock products,143,Morocco,5410,Yield,1062,"Hen eggs in shell, fresh",1979,1979,100 mg/An,66372,E,Estimated value,
QCL,Crops and livestock products,143,Morocco,5413,Yield,1062,"Hen eggs in shell, fresh",1979,1979,No/An,128,E,Estimated value,
QCL,Crops and livestock products,143,Morocco,5510,Production,1062,"Hen eggs in shell, fresh",1979,1979,t,75000,E,Estimated value,
QCL,Crops and livestock products,143,Morocco,5513,Production,1062,"Hen eggs in shell, fresh",1979,1979,1000 No,1442300,E,Estimated value,
QCL,Crops and livestock products,143,Morocco,5313,Laying,1062,"Hen eggs in shell, fresh",1979,1979,1000 An,11300,E,Estimated value,
QCL,Crops and livestock products,143,Morocco,5410,Yield,1062,"Hen eggs in shell, fresh",1980,1980,100 mg/An,67000,E,Estimated value,
QCL,Crops and livestock products,143,Morocco,5413,Yield,1062,"Hen eggs in shell, fresh",1980,1980,No/An,129,E,Estimated value,
QCL,Crops and livestock products,143,Morocco,5510,Production,1062,"Hen eggs in shell, fresh",1980,1980,t,73700,E,Estimated value,
QCL,Crops and livestock products,143,Morocco,5513,Production,1062,"Hen eggs in shell, fresh",1980,1980,1000 No,1417300,E,Estimated value,
QCL,Crops and livestock products,143,Morocco,5313,Laying,1062,"Hen eggs in shell, fresh",1980,1980,1000 An,11000,E,Estimated value,
QCL,Crops and livestock products,143,Morocco,5410,Yield,1062,"Hen eggs in shell, fresh",1981,1981,100 mg/An,70000,E,Estimated value,
QCL,Crops and livestock products,143,Morocco,5413,Yield,1062,"Hen eggs in shell, fresh",1981,1981,No/An,135,E,Estimated value,
QCL,Crops and livestock products,143,Morocco,5510,Production,1062,"Hen eggs in shell, fresh",1981,1981,t,70000,E,Estimated value,
QCL,Crops and livestock products,143,Morocco,5513,Production,1062,"Hen eggs in shell, fresh",1981,1981,1000 No,1346200,E,Estimated value,
QCL,Crops and livestock products,143,Morocco,5313,Laying,1062,"Hen eggs in shell, fresh",1981,1981,1000 An,10000,E,Estimated value,
QCL,Crops and livestock products,143,Morocco,5410,Yield,1062,"Hen eggs in shell, fresh",1982,1982,100 mg/An,67273,E,Estimated value,
QCL,Crops and livestock products,143,Morocco,5413,Yield,1062,"Hen eggs in shell, fresh",1982,1982,No/An,129,E,Estimated value,
QCL,Crops and livestock products,143,Morocco,5510,Production,1062,"Hen eggs in shell, fresh",1982,1982,t,74000,E,Estimated value,
QCL,Crops and livestock products,143,Morocco,5513,Production,1062,"Hen eggs in shell, fresh",1982,1982,1000 No,1423100,E,Estimated value,
QCL,Crops and livestock products,143,Morocco,5313,Laying,1062,"Hen eggs in shell, fresh",1982,1982,1000 An,11000,E,Estimated value,
QCL,Crops and livestock products,143,Morocco,5410,Yield,1062,"Hen eggs in shell, fresh",1983,1983,100 mg/An,66087,E,Estimated value,
QCL,Crops and livestock products,143,Morocco,5413,Yield,1062,"Hen eggs in shell, fresh",1983,1983,No/An,127,E,Estimated value,
QCL,Crops and livestock products,143,Morocco,5510,Production,1062,"Hen eggs in shell, fresh",1983,1983,t,76000,E,Estimated value,
QCL,Crops and livestock products,143,Morocco,5513,Production,1062,"Hen eggs in shell, fresh",1983,1983,1000 No,1461540,E,Estimated value,
QCL,Crops and livestock products,143,Morocco,5313,Laying,1062,"Hen eggs in shell, fresh",1983,1983,1000 An,11500,E,Estimated value,
QCL,Crops and livestock products,143,Morocco,5410,Yield,1062,"Hen eggs in shell, fresh",1984,1984,100 mg/An,65833,E,Estimated value,
QCL,Crops and livestock products,143,Morocco,5413,Yield,1062,"Hen eggs in shell, fresh",1984,1984,No/An,127,E,Estimated value,
QCL,Crops and livestock products,143,Morocco,5510,Production,1062,"Hen eggs in shell, fresh",1984,1984,t,79000,E,Estimated value,
QCL,Crops and livestock products,143,Morocco,5513,Production,1062,"Hen eggs in shell, fresh",1984,1984,1000 No,1519230,E,Estimated value,
QCL,Crops and livestock products,143,Morocco,5313,Laying,1062,"Hen eggs in shell, fresh",1984,1984,1000 An,12000,E,Estimated value,
QCL,Crops and livestock products,143,Morocco,5410,Yield,1062,"Hen eggs in shell, fresh",1985,1985,100 mg/An,59375,E,Estimated value,
QCL,Crops and livestock products,143,Morocco,5413,Yield,1062,"Hen eggs in shell, fresh",1985,1985,No/An,114,E,Estimated value,
QCL,Crops and livestock products,143,Morocco,5510,Production,1062,"Hen eggs in shell, fresh",1985,1985,t,95000,E,Estimated value,
QCL,Crops and livestock products,143,Morocco,5513,Production,1062,"Hen eggs in shell, fresh",1985,1985,1000 No,1826920,E,Estimated value,
QCL,Crops and livestock products,143,Morocco,5313,Laying,1062,"Hen eggs in shell, fresh",1985,1985,1000 An,16000,E,Estimated value,
QCL,Crops and livestock products,143,Morocco,5410,Yield,1062,"Hen eggs in shell, fresh",1986,1986,100 mg/An,60000,E,Estimated value,
QCL,Crops and livestock products,143,Morocco,5413,Yield,1062,"Hen eggs in shell, fresh",1986,1986,No/An,115,E,Estimated value,
QCL,Crops and livestock products,143,Morocco,5510,Production,1062,"Hen eggs in shell, fresh",1986,1986,t,120000,E,Estimated value,
QCL,Crops and livestock products,143,Morocco,5513,Production,1062,"Hen eggs in shell, fresh",1986,1986,1000 No,2307690,E,Estimated value,
QCL,Crops and livestock products,143,Morocco,5313,Laying,1062,"Hen eggs in shell, fresh",1986,1986,1000 An,20000,E,Estimated value,
QCL,Crops and livestock products,143,Morocco,5410,Yield,1062,"Hen eggs in shell, fresh",1987,1987,100 mg/An,60000,E,Estimated value,
QCL,Crops and livestock products,143,Morocco,5413,Yield,1062,"Hen eggs in shell, fresh",1987,1987,No/An,115,E,Estimated value,
QCL,Crops and livestock products,143,Morocco,5510,Production,1062,"Hen eggs in shell, fresh",1987,1987,t,153600,E,Estimated value,
QCL,Crops and livestock products,143,Morocco,5513,Production,1062,"Hen eggs in shell, fresh",1987,1987,1000 No,2953850,E,Estimated value,
QCL,Crops and livestock products,143,Morocco,5313,Laying,1062,"Hen eggs in shell, fresh",1987,1987,1000 An,25600,E,Estimated value,
QCL,Crops and livestock products,143,Morocco,5410,Yield,1062,"Hen eggs in shell, fresh",1988,1988,100 mg/An,60000,E,Estimated value,
QCL,Crops and livestock products,143,Morocco,5413,Yield,1062,"Hen eggs in shell, fresh",1988,1988,No/An,115,E,Estimated value,
QCL,Crops and livestock products,143,Morocco,5510,Production,1062,"Hen eggs in shell, fresh",1988,1988,t,158400,E,Estimated value,
QCL,Crops and livestock products,143,Morocco,5513,Production,1062,"Hen eggs in shell, fresh",1988,1988,1000 No,3046150,E,Estimated value,
QCL,Crops and livestock products,143,Morocco,5313,Laying,1062,"Hen eggs in shell, fresh",1988,1988,1000 An,26400,E,Estimated value,
QCL,Crops and livestock products,143,Morocco,5410,Yield,1062,"Hen eggs in shell, fresh",1989,1989,100 mg/An,60000,E,Estimated value,
QCL,Crops and livestock products,143,Morocco,5413,Yield,1062,"Hen eggs in shell, fresh",1989,1989,No/An,115,E,Estimated value,
QCL,Crops and livestock products,143,Morocco,5510,Production,1062,"Hen eggs in shell, fresh",1989,1989,t,165600,E,Estimated value,
QCL,Crops and livestock products,143,Morocco,5513,Production,1062,"Hen eggs in shell, fresh",1989,1989,1000 No,3184615,E,Estimated value,
QCL,Crops and livestock products,143,Morocco,5313,Laying,1062,"Hen eggs in shell, fresh",1989,1989,1000 An,27600,E,Estimated value,
QCL,Crops and livestock products,143,Morocco,5410,Yield,1062,"Hen eggs in shell, fresh",1990,1990,100 mg/An,60000,E,Estimated value,
QCL,Crops and livestock products,143,Morocco,5413,Yield,1062,"Hen eggs in shell, fresh",1990,1990,No/An,115,E,Estimated value,
QCL,Crops and livestock products,143,Morocco,5510,Production,1062,"Hen eggs in shell, fresh",1990,1990,t,175200,E,Estimated value,
QCL,Crops and livestock products,143,Morocco,5513,Production,1062,"Hen eggs in shell, fresh",1990,1990,1000 No,3369230,E,Estimated value,
QCL,Crops and livestock products,143,Morocco,5313,Laying,1062,"Hen eggs in shell, fresh",1990,1990,1000 An,29200,E,Estimated value,
QCL,Crops and livestock products,143,Morocco,5410,Yield,1062,"Hen eggs in shell, fresh",1991,1991,100 mg/An,60000,E,Estimated value,
QCL,Crops and livestock products,143,Morocco,5413,Yield,1062,"Hen eggs in shell, fresh",1991,1991,No/An,115,E,Estimated value,
QCL,Crops and livestock products,143,Morocco,5510,Production,1062,"Hen eggs in shell, fresh",1991,1991,t,171600,E,Estimated value,
QCL,Crops and livestock products,143,Morocco,5513,Production,1062,"Hen eggs in shell, fresh",1991,1991,1000 No,3300000,E,Estimated value,
QCL,Crops and livestock products,143,Morocco,5313,Laying,1062,"Hen eggs in shell, fresh",1991,1991,1000 An,28600,E,Estimated value,
QCL,Crops and livestock products,143,Morocco,5410,Yield,1062,"Hen eggs in shell, fresh",1992,1992,100 mg/An,60000,E,Estimated value,
QCL,Crops and livestock products,143,Morocco,5413,Yield,1062,"Hen eggs in shell, fresh",1992,1992,No/An,115,E,Estimated value,
QCL,Crops and livestock products,143,Morocco,5510,Production,1062,"Hen eggs in shell, fresh",1992,1992,t,182400,E,Estimated value,
QCL,Crops and livestock products,143,Morocco,5513,Production,1062,"Hen eggs in shell, fresh",1992,1992,1000 No,3507690,E,Estimated value,
QCL,Crops and livestock products,143,Morocco,5313,Laying,1062,"Hen eggs in shell, fresh",1992,1992,1000 An,30400,E,Estimated value,
QCL,Crops and livestock products,143,Morocco,5410,Yield,1062,"Hen eggs in shell, fresh",1993,1993,100 mg/An,60000,E,Estimated value,
QCL,Crops and livestock products,143,Morocco,5413,Yield,1062,"Hen eggs in shell, fresh",1993,1993,No/An,115,E,Estimated value,
QCL,Crops and livestock products,143,Morocco,5510,Production,1062,"Hen eggs in shell, fresh",1993,1993,t,187200,E,Estimated value,
QCL,Crops and livestock products,143,Morocco,5513,Production,1062,"Hen eggs in shell, fresh",1993,1993,1000 No,3600000,E,Estimated value,
QCL,Crops and livestock products,143,Morocco,5313,Laying,1062,"Hen eggs in shell, fresh",1993,1993,1000 An,31200,E,Estimated value,
QCL,Crops and livestock products,143,Morocco,5410,Yield,1062,"Hen eggs in shell, fresh",1994,1994,100 mg/An,60032,E,Estimated value,
QCL,Crops and livestock products,143,Morocco,5413,Yield,1062,"Hen eggs in shell, fresh",1994,1994,No/An,115,E,Estimated value,
QCL,Crops and livestock products,143,Morocco,5510,Production,1062,"Hen eggs in shell, fresh",1994,1994,t,190000,E,Estimated value,
QCL,Crops and livestock products,143,Morocco,5513,Production,1062,"Hen eggs in shell, fresh",1994,1994,1000 No,3653800,E,Estimated value,
QCL,Crops and livestock products,143,Morocco,5313,Laying,1062,"Hen eggs in shell, fresh",1994,1994,1000 An,31650,E,Estimated value,
QCL,Crops and livestock products,143,Morocco,5410,Yield,1062,"Hen eggs in shell, fresh",1995,1995,100 mg/An,60000,E,Estimated value,
QCL,Crops and livestock products,143,Morocco,5413,Yield,1062,"Hen eggs in shell, fresh",1995,1995,No/An,115,E,Estimated value,
QCL,Crops and livestock products,143,Morocco,5510,Production,1062,"Hen eggs in shell, fresh",1995,1995,t,195000,E,Estimated value,
QCL,Crops and livestock products,143,Morocco,5513,Production,1062,"Hen eggs in shell, fresh",1995,1995,1000 No,3750000,E,Estimated value,
QCL,Crops and livestock products,143,Morocco,5313,Laying,1062,"Hen eggs in shell, fresh",1995,1995,1000 An,32500,E,Estimated value,
QCL,Crops and livestock products,143,Morocco,5410,Yield,1062,"Hen eggs in shell, fresh",1996,1996,100 mg/An,60000,E,Estimated value,
QCL,Crops and livestock products,143,Morocco,5413,Yield,1062,"Hen eggs in shell, fresh",1996,1996,No/An,115,E,Estimated value,
QCL,Crops and livestock products,143,Morocco,5510,Production,1062,"Hen eggs in shell, fresh",1996,1996,t,195000,E,Estimated value,
QCL,Crops and livestock products,143,Morocco,5513,Production,1062,"Hen eggs in shell, fresh",1996,1996,1000 No,3750000,E,Estimated value,
QCL,Crops and livestock products,143,Morocco,5313,Laying,1062,"Hen eggs in shell, fresh",1996,1996,1000 An,32500,E,Estimated value,
QCL,Crops and livestock products,143,Morocco,5410,Yield,1062,"Hen eggs in shell, fresh",1997,1997,100 mg/An,60606,E,Estimated value,
QCL,Crops and livestock products,143,Morocco,5413,Yield,1062,"Hen eggs in shell, fresh",1997,1997,No/An,117,E,Estimated value,
QCL,Crops and livestock products,143,Morocco,5510,Production,1062,"Hen eggs in shell, fresh",1997,1997,t,200000,A,Official figure,
QCL,Crops and livestock products,143,Morocco,5513,Production,1062,"Hen eggs in shell, fresh",1997,1997,1000 No,3850000,E,Estimated value,
QCL,Crops and livestock products,143,Morocco,5313,Laying,1062,"Hen eggs in shell, fresh",1997,1997,1000 An,33000,E,Estimated value,
QCL,Crops and livestock products,143,Morocco,5410,Yield,1062,"Hen eggs in shell, fresh",1998,1998,100 mg/An,54545,A,Official figure,
QCL,Crops and livestock products,143,Morocco,5413,Yield,1062,"Hen eggs in shell, fresh",1998,1998,No/An,106,E,Estimated value,
QCL,Crops and livestock products,143,Morocco,5510,Production,1062,"Hen eggs in shell, fresh",1998,1998,t,180000,A,Official figure,
QCL,Crops and livestock products,143,Morocco,5513,Production,1062,"Hen eggs in shell, fresh",1998,1998,1000 No,3500000,E,Estimated value,
QCL,Crops and livestock products,143,Morocco,5313,Laying,1062,"Hen eggs in shell, fresh",1998,1998,1000 An,33000,A,Official figure,
QCL,Crops and livestock products,143,Morocco,5410,Yield,1062,"Hen eggs in shell, fresh",1999,1999,100 mg/An,54444,E,Estimated value,
QCL,Crops and livestock products,143,Morocco,5413,Yield,1062,"Hen eggs in shell, fresh",1999,1999,No/An,104,E,Estimated value,
QCL,Crops and livestock products,143,Morocco,5510,Production,1062,"Hen eggs in shell, fresh",1999,1999,t,245000,E,Estimated value,
QCL,Crops and livestock products,143,Morocco,5513,Production,1062,"Hen eggs in shell, fresh",1999,1999,1000 No,4700000,E,Estimated value,
QCL,Crops and livestock products,143,Morocco,5313,Laying,1062,"Hen eggs in shell, fresh",1999,1999,1000 An,45000,E,Estimated value,
QCL,Crops and livestock products,143,Morocco,5410,Yield,1062,"Hen eggs in shell, fresh",2000,2000,100 mg/An,54651,E,Estimated value,
QCL,Crops and livestock products,143,Morocco,5413,Yield,1062,"Hen eggs in shell, fresh",2000,2000,No/An,105,E,Estimated value,
QCL,Crops and livestock products,143,Morocco,5510,Production,1062,"Hen eggs in shell, fresh",2000,2000,t,235000,E,Estimated value,
QCL,Crops and livestock products,143,Morocco,5513,Production,1062,"Hen eggs in shell, fresh",2000,2000,1000 No,4500000,E,Estimated value,
QCL,Crops and livestock products,143,Morocco,5313,Laying,1062,"Hen eggs in shell, fresh",2000,2000,1000 An,43000,E,Estimated value,
QCL,Crops and livestock products,143,Morocco,5410,Yield,1062,"Hen eggs in shell, fresh",2001,2001,100 mg/An,57317,E,Estimated value,
QCL,Crops and livestock products,143,Morocco,5413,Yield,1062,"Hen eggs in shell, fresh",2001,2001,No/An,110,E,Estimated value,
QCL,Crops and livestock products,143,Morocco,5510,Production,1062,"Hen eggs in shell, fresh",2001,2001,t,235000,E,Estimated value,
QCL,Crops and livestock products,143,Morocco,5513,Production,1062,"Hen eggs in shell, fresh",2001,2001,1000 No,4500000,E,Estimated value,
QCL,Crops and livestock products,143,Morocco,5313,Laying,1062,"Hen eggs in shell, fresh",2001,2001,1000 An,41000,E,Estimated value,
QCL,Crops and livestock products,143,Morocco,5410,Yield,1062,"Hen eggs in shell, fresh",2002,2002,100 mg/An,58750,E,Estimated value,
QCL,Crops and livestock products,143,Morocco,5413,Yield,1062,"Hen eggs in shell, fresh",2002,2002,No/An,113,E,Estimated value,
QCL,Crops and livestock products,143,Morocco,5510,Production,1062,"Hen eggs in shell, fresh",2002,2002,t,235000,A,Official figure,
QCL,Crops and livestock products,143,Morocco,5513,Production,1062,"Hen eggs in shell, fresh",2002,2002,1000 No,4500000,E,Estimated value,
QCL,Crops and livestock products,143,Morocco,5313,Laying,1062,"Hen eggs in shell, fresh",2002,2002,1000 An,40000,E,Estimated value,
QCL,Crops and livestock products,143,Morocco,5410,Yield,1062,"Hen eggs in shell, fresh",2003,2003,100 mg/An,57500,E,Estimated value,
QCL,Crops and livestock products,143,Morocco,5413,Yield,1062,"Hen eggs in shell, fresh",2003,2003,No/An,111,E,Estimated value,
QCL,Crops and livestock products,143,Morocco,5510,Production,1062,"Hen eggs in shell, fresh",2003,2003,t,230000,A,Official figure,
QCL,Crops and livestock products,143,Morocco,5513,Production,1062,"Hen eggs in shell, fresh",2003,2003,1000 No,4450000,E,Estimated value,
QCL,Crops and livestock products,143,Morocco,5313,Laying,1062,"Hen eggs in shell, fresh",2003,2003,1000 An,40000,E,Estimated value,
QCL,Crops and livestock products,143,Morocco,5410,Yield,1062,"Hen eggs in shell, fresh",2004,2004,100 mg/An,58000,E,Estimated value,
QCL,Crops and livestock products,143,Morocco,5413,Yield,1062,"Hen eggs in shell, fresh",2004,2004,No/An,111,E,Estimated value,
QCL,Crops and livestock products,143,Morocco,5510,Production,1062,"Hen eggs in shell, fresh",2004,2004,t,232000,E,Estimated value,
QCL,Crops and livestock products,143,Morocco,5513,Production,1062,"Hen eggs in shell, fresh",2004,2004,1000 No,4450000,E,Estimated value,
QCL,Crops and livestock products,143,Morocco,5313,Laying,1062,"Hen eggs in shell, fresh",2004,2004,1000 An,40000,E,Estimated value,
QCL,Crops and livestock products,143,Morocco,5410,Yield,1062,"Hen eggs in shell, fresh",2005,2005,100 mg/An,58000,E,Estimated value,
QCL,Crops and livestock products,143,Morocco,5413,Yield,1062,"Hen eggs in shell, fresh",2005,2005,No/An,111,E,Estimated value,
QCL,Crops and livestock products,143,Morocco,5510,Production,1062,"Hen eggs in shell, fresh",2005,2005,t,232000,E,Estimated value,
QCL,Crops and livestock products,143,Morocco,5513,Production,1062,"Hen eggs in shell, fresh",2005,2005,1000 No,4450000,E,Estimated value,
QCL,Crops and livestock products,143,Morocco,5313,Laying,1062,"Hen eggs in shell, fresh",2005,2005,1000 An,40000,E,Estimated value,
QCL,Crops and livestock products,143,Morocco,5410,Yield,1062,"Hen eggs in shell, fresh",2006,2006,100 mg/An,57619,E,Estimated value,
QCL,Crops and livestock products,143,Morocco,5413,Yield,1062,"Hen eggs in shell, fresh",2006,2006,No/An,111,E,Estimated value,
QCL,Crops and livestock products,143,Morocco,5510,Production,1062,"Hen eggs in shell, fresh",2006,2006,t,242000,E,Estimated value,
QCL,Crops and livestock products,143,Morocco,5513,Production,1062,"Hen eggs in shell, fresh",2006,2006,1000 No,4650000,E,Estimated value,
QCL,Crops and livestock products,143,Morocco,5313,Laying,1062,"Hen eggs in shell, fresh",2006,2006,1000 An,42000,E,Estimated value,
QCL,Crops and livestock products,143,Morocco,5410,Yield,1062,"Hen eggs in shell, fresh",2007,2007,100 mg/An,57778,E,Estimated value,
QCL,Crops and livestock products,143,Morocco,5413,Yield,1062,"Hen eggs in shell, fresh",2007,2007,No/An,111,E,Estimated value,
QCL,Crops and livestock products,143,Morocco,5510,Production,1062,"Hen eggs in shell, fresh",2007,2007,t,260000,E,Estimated value,
QCL,Crops and livestock products,143,Morocco,5513,Production,1062,"Hen eggs in shell, fresh",2007,2007,1000 No,4988000,E,Estimated value,
QCL,Crops and livestock products,143,Morocco,5313,Laying,1062,"Hen eggs in shell, fresh",2007,2007,1000 An,45000,E,Estimated value,
QCL,Crops and livestock products,143,Morocco,5410,Yield,1062,"Hen eggs in shell, fresh",2008,2008,100 mg/An,57433,E,Estimated value,
QCL,Crops and livestock products,143,Morocco,5413,Yield,1062,"Hen eggs in shell, fresh",2008,2008,No/An,110,E,Estimated value,
QCL,Crops and livestock products,143,Morocco,5510,Production,1062,"Hen eggs in shell, fresh",2008,2008,t,192400,E,Estimated value,
QCL,Crops and livestock products,143,Morocco,5513,Production,1062,"Hen eggs in shell, fresh",2008,2008,1000 No,3700000,A,Official figure,
QCL,Crops and livestock products,143,Morocco,5313,Laying,1062,"Hen eggs in shell, fresh",2008,2008,1000 An,33500,E,Estimated value,
QCL,Crops and livestock products,143,Morocco,5410,Yield,1062,"Hen eggs in shell, fresh",2009,2009,100 mg/An,56338,E,Estimated value,
QCL,Crops and livestock products,143,Morocco,5413,Yield,1062,"Hen eggs in shell, fresh",2009,2009,No/An,110,E,Estimated value,
QCL,Crops and livestock products,143,Morocco,5510,Production,1062,"Hen eggs in shell, fresh",2009,2009,t,200000,E,Estimated value,
QCL,Crops and livestock products,143,Morocco,5513,Production,1062,"Hen eggs in shell, fresh",2009,2009,1000 No,3900000,A,Official figure,
QCL,Crops and livestock products,143,Morocco,5313,Laying,1062,"Hen eggs in shell, fresh",2009,2009,1000 An,35500,E,Estimated value,
QCL,Crops and livestock products,143,Morocco,5410,Yield,1062,"Hen eggs in shell, fresh",2010,2010,100 mg/An,60247,E,Estimated value,
QCL,Crops and livestock products,143,Morocco,5413,Yield,1062,"Hen eggs in shell, fresh",2010,2010,No/An,116,E,Estimated value,
QCL,Crops and livestock products,143,Morocco,5510,Production,1062,"Hen eggs in shell, fresh",2010,2010,t,244000,E,Estimated value,
QCL,Crops and livestock products,143,Morocco,5513,Production,1062,"Hen eggs in shell, fresh",2010,2010,1000 No,4700000,A,Official figure,
QCL,Crops and livestock products,143,Morocco,5313,Laying,1062,"Hen eggs in shell, fresh",2010,2010,1000 An,40500,E,Estimated value,
QCL,Crops and livestock products,143,Morocco,5410,Yield,1062,"Hen eggs in shell, fresh",2011,2011,100 mg/An,60227,E,Estimated value,
QCL,Crops and livestock products,143,Morocco,5413,Yield,1062,"Hen eggs in shell, fresh",2011,2011,No/An,116,E,Estimated value,
QCL,Crops and livestock products,143,Morocco,5510,Production,1062,"Hen eggs in shell, fresh",2011,2011,t,265000,E,Estimated value,
QCL,Crops and livestock products,143,Morocco,5513,Production,1062,"Hen eggs in shell, fresh",2011,2011,1000 No,5100000,A,Official figure,
QCL,Crops and livestock products,143,Morocco,5313,Laying,1062,"Hen eggs in shell, fresh",2011,2011,1000 An,44000,E,Estimated value,
QCL,Crops and livestock products,143,Morocco,5410,Yield,1062,"Hen eggs in shell, fresh",2012,2012,100 mg/An,60444,E,Estimated value,
QCL,Crops and livestock products,143,Morocco,5413,Yield,1062,"Hen eggs in shell, fresh",2012,2012,No/An,113,E,Estimated value,
QCL,Crops and livestock products,143,Morocco,5510,Production,1062,"Hen eggs in shell, fresh",2012,2012,t,272000,E,Estimated value,
QCL,Crops and livestock products,143,Morocco,5513,Production,1062,"Hen eggs in shell, fresh",2012,2012,1000 No,5100000,A,Official figure,
QCL,Crops and livestock products,143,Morocco,5313,Laying,1062,"Hen eggs in shell, fresh",2012,2012,1000 An,45000,E,Estimated value,
QCL,Crops and livestock products,143,Morocco,5410,Yield,1062,"Hen eggs in shell, fresh",2013,2013,100 mg/An,60000,E,Estimated value,
QCL,Crops and livestock products,143,Morocco,5413,Yield,1062,"Hen eggs in shell, fresh",2013,2013,No/An,113,E,Estimated value,
QCL,Crops and livestock products,143,Morocco,5510,Production,1062,"Hen eggs in shell, fresh",2013,2013,t,270000,E,Estimated value,
QCL,Crops and livestock products,143,Morocco,5513,Production,1062,"Hen eggs in shell, fresh",2013,2013,1000 No,5100000,E,Estimated value,
QCL,Crops and livestock products,143,Morocco,5313,Laying,1062,"Hen eggs in shell, fresh",2013,2013,1000 An,45000,E,Estimated value,
QCL,Crops and livestock products,143,Morocco,5410,Yield,1062,"Hen eggs in shell, fresh",2014,2014,100 mg/An,62358,E,Estimated value,
QCL,Crops and livestock products,143,Morocco,5413,Yield,1062,"Hen eggs in shell, fresh",2014,2014,No/An,113,E,Estimated value,
QCL,Crops and livestock products,143,Morocco,5510,Production,1062,"Hen eggs in shell, fresh",2014,2014,t,319000,A,Official figure,
QCL,Crops and livestock products,143,Morocco,5513,Production,1062,"Hen eggs in shell, fresh",2014,2014,1000 No,5800000,I,Imputed value,
QCL,Crops and livestock products,143,Morocco,5313,Laying,1062,"Hen eggs in shell, fresh",2014,2014,1000 An,51156,I,Imputed value,
QCL,Crops and livestock products,143,Morocco,5410,Yield,1062,"Hen eggs in shell, fresh",2015,2015,100 mg/An,59926,E,Estimated value,
QCL,Crops and livestock products,143,Morocco,5413,Yield,1062,"Hen eggs in shell, fresh",2015,2015,No/An,109,E,Estimated value,
QCL,Crops and livestock products,143,Morocco,5510,Production,1062,"Hen eggs in shell, fresh",2015,2015,t,324500,A,Official figure,
QCL,Crops and livestock products,143,Morocco,5513,Production,1062,"Hen eggs in shell, fresh",2015,2015,1000 No,5900000,I,Imputed value,
QCL,Crops and livestock products,143,Morocco,5313,Laying,1062,"Hen eggs in shell, fresh",2015,2015,1000 An,54150,E,Estimated value,
QCL,Crops and livestock products,143,Morocco,5410,Yield,1062,"Hen eggs in shell, fresh",2016,2016,100 mg/An,59889,E,Estimated value,
QCL,Crops and livestock products,143,Morocco,5413,Yield,1062,"Hen eggs in shell, fresh",2016,2016,No/An,109,E,Estimated value,
QCL,Crops and livestock products,143,Morocco,5510,Production,1062,"Hen eggs in shell, fresh",2016,2016,t,269500,A,Official figure,
QCL,Crops and livestock products,143,Morocco,5513,Production,1062,"Hen eggs in shell, fresh",2016,2016,1000 No,4900000,E,Estimated value,
QCL,Crops and livestock products,143,Morocco,5313,Laying,1062,"Hen eggs in shell, fresh",2016,2016,1000 An,45000,E,Estimated value,
QCL,Crops and livestock products,143,Morocco,5410,Yield,1062,"Hen eggs in shell, fresh",2017,2017,100 mg/An,59954,E,Estimated value,
QCL,Crops and livestock products,143,Morocco,5413,Yield,1062,"Hen eggs in shell, fresh",2017,2017,No/An,97,E,Estimated value,
QCL,Crops and livestock products,143,Morocco,5510,Production,1062,"Hen eggs in shell, fresh",2017,2017,t,390600,A,Official figure,
QCL,Crops and livestock products,143,Morocco,5513,Production,1062,"Hen eggs in shell, fresh",2017,2017,1000 No,6300000,A,Official figure,
QCL,Crops and livestock products,143,Morocco,5313,Laying,1062,"Hen eggs in shell, fresh",2017,2017,1000 An,65150,E,Estimated value,
QCL,Crops and livestock products,143,Morocco,5410,Yield,1062,"Hen eggs in shell, fresh",2018,2018,100 mg/An,60274,E,Estimated value,
QCL,Crops and livestock products,143,Morocco,5413,Yield,1062,"Hen eggs in shell, fresh",2018,2018,No/An,100,E,Estimated value,
QCL,Crops and livestock products,143,Morocco,5510,Production,1062,"Hen eggs in shell, fresh",2018,2018,t,396000,A,Official figure,
QCL,Crops and livestock products,143,Morocco,5513,Production,1062,"Hen eggs in shell, fresh",2018,2018,1000 No,6600000,A,Official figure,
QCL,Crops and livestock products,143,Morocco,5313,Laying,1062,"Hen eggs in shell, fresh",2018,2018,1000 An,65700,E,Estimated value,
QCL,Crops and livestock products,143,Morocco,5410,Yield,1062,"Hen eggs in shell, fresh",2019,2019,100 mg/An,60039,E,Estimated value,
QCL,Crops and livestock products,143,Morocco,5413,Yield,1062,"Hen eggs in shell, fresh",2019,2019,No/An,100,E,Estimated value,
QCL,Crops and livestock products,143,Morocco,5510,Production,1062,"Hen eggs in shell, fresh",2019,2019,t,414000,A,Official figure,
QCL,Crops and livestock products,143,Morocco,5513,Production,1062,"Hen eggs in shell, fresh",2019,2019,1000 No,6900000,A,Official figure,
QCL,Crops and livestock products,143,Morocco,5313,Laying,1062,"Hen eggs in shell, fresh",2019,2019,1000 An,68955,E,Estimated value,
QCL,Crops and livestock products,143,Morocco,5410,Yield,1062,"Hen eggs in shell, fresh",2020,2020,100 mg/An,276667,A,Official figure,
QCL,Crops and livestock products,143,Morocco,5413,Yield,1062,"Hen eggs in shell, fresh",2020,2020,No/An,447,A,Official figure,
QCL,Crops and livestock products,143,Morocco,5510,Production,1062,"Hen eggs in shell, fresh",2020,2020,t,415000,A,Official figure,
QCL,Crops and livestock products,143,Morocco,5513,Production,1062,"Hen eggs in shell, fresh",2020,2020,1000 No,6700000,A,Official figure,
QCL,Crops and livestock products,143,Morocco,5313,Laying,1062,"Hen eggs in shell, fresh",2020,2020,1000 An,15000,A,Official figure,
QCL,Crops and livestock products,143,Morocco,5410,Yield,1062,"Hen eggs in shell, fresh",2021,2021,100 mg/An,276667,A,Official figure,
QCL,Crops and livestock products,143,Morocco,5413,Yield,1062,"Hen eggs in shell, fresh",2021,2021,No/An,447,A,Official figure,
QCL,Crops and livestock products,143,Morocco,5510,Production,1062,"Hen eggs in shell, fresh",2021,2021,t,415000,A,Official figure,
QCL,Crops and livestock products,143,Morocco,5513,Production,1062,"Hen eggs in shell, fresh",2021,2021,1000 No,6700000,A,Official figure,
QCL,Crops and livestock products,143,Morocco,5313,Laying,1062,"Hen eggs in shell, fresh",2021,2021,1000 An,15000,A,Official figure,
QCL,Crops and livestock products,143,Morocco,5410,Yield,1062,"Hen eggs in shell, fresh",2022,2022,100 mg/An,325187,A,Official figure,
QCL,Crops and livestock products,143,Morocco,5413,Yield,1062,"Hen eggs in shell, fresh",2022,2022,No/An,525,A,Official figure,
QCL,Crops and livestock products,143,Morocco,5510,Production,1062,"Hen eggs in shell, fresh",2022,2022,t,390224,A,Official figure,
QCL,Crops and livestock products,143,Morocco,5513,Production,1062,"Hen eggs in shell, fresh",2022,2022,1000 No,6300000,A,Official figure,
QCL,Crops and livestock products,143,Morocco,5313,Laying,1062,"Hen eggs in shell, fresh",2022,2022,1000 An,12000,A,Official figure,
QCL,Crops and livestock products,143,Morocco,5417,Yield/Carcass Weight,1097,"Horse meat, fresh or chilled",1961,1961,100 g/An,1253,E,Estimated value,
QCL,Crops and livestock products,143,Morocco,5510,Production,1097,"Horse meat, fresh or chilled",1961,1961,t,1190,A,Official figure,
QCL,Crops and livestock products,143,Morocco,5320,Producing Animals/Slaughtered,1097,"Horse meat, fresh or chilled",1961,1961,An,9500,E,Estimated value,
QCL,Crops and livestock products,143,Morocco,5417,Yield/Carcass Weight,1097,"Horse meat, fresh or chilled",1962,1962,100 g/An,1254,E,Estimated value,
QCL,Crops and livestock products,143,Morocco,5510,Production,1097,"Horse meat, fresh or chilled",1962,1962,t,1630,A,Official figure,
QCL,Crops and livestock products,143,Morocco,5320,Producing Animals/Slaughtered,1097,"Horse meat, fresh or chilled",1962,1962,An,13000,E,Estimated value,
QCL,Crops and livestock products,143,Morocco,5417,Yield/Carcass Weight,1097,"Horse meat, fresh or chilled",1963,1963,100 g/An,1238,E,Estimated value,
QCL,Crops and livestock products,143,Morocco,5510,Production,1097,"Horse meat, fresh or chilled",1963,1963,t,1300,A,Official figure,
QCL,Crops and livestock products,143,Morocco,5320,Producing Animals/Slaughtered,1097,"Horse meat, fresh or chilled",1963,1963,An,10500,E,Estimated value,
QCL,Crops and livestock products,143,Morocco,5417,Yield/Carcass Weight,1097,"Horse meat, fresh or chilled",1964,1964,100 g/An,1252,E,Estimated value,
QCL,Crops and livestock products,143,Morocco,5510,Production,1097,"Horse meat, fresh or chilled",1964,1964,t,1440,A,Official figure,
QCL,Crops and livestock products,143,Morocco,5320,Producing Animals/Slaughtered,1097,"Horse meat, fresh or chilled",1964,1964,An,11500,E,Estimated value,
QCL,Crops and livestock products,143,Morocco,5417,Yield/Carcass Weight,1097,"Horse meat, fresh or chilled",1965,1965,100 g/An,1242,E,Estimated value,
QCL,Crops and livestock products,143,Morocco,5510,Production,1097,"Horse meat, fresh or chilled",1965,1965,t,1640,A,Official figure,
QCL,Crops and livestock products,143,Morocco,5320,Producing Animals/Slaughtered,1097,"Horse meat, fresh or chilled",1965,1965,An,13200,E,Estimated value,
QCL,Crops and livestock products,143,Morocco,5417,Yield/Carcass Weight,1097,"Horse meat, fresh or chilled",1966,1966,100 g/An,1273,A,Official figure,
QCL,Crops and livestock products,143,Morocco,5510,Production,1097,"Horse meat, fresh or chilled",1966,1966,t,1400,A,Official figure,
QCL,Crops and livestock products,143,Morocco,5320,Producing Animals/Slaughtered,1097,"Horse meat, fresh or chilled",1966,1966,An,11000,A,Official figure,
QCL,Crops and livestock products,143,Morocco,5417,Yield/Carcass Weight,1097,"Horse meat, fresh or chilled",1967,1967,100 g/An,1273,A,Official figure,
QCL,Crops and livestock products,143,Morocco,5510,Production,1097,"Horse meat, fresh or chilled",1967,1967,t,1400,A,Official figure,
QCL,Crops and livestock products,143,Morocco,5320,Producing Animals/Slaughtered,1097,"Horse meat, fresh or chilled",1967,1967,An,11000,A,Official figure,
QCL,Crops and livestock products,143,Morocco,5417,Yield/Carcass Weight,1097,"Horse meat, fresh or chilled",1968,1968,100 g/An,1286,A,Official figure,
QCL,Crops and livestock products,143,Morocco,5510,Production,1097,"Horse meat, fresh or chilled",1968,1968,t,1800,A,Official figure,
QCL,Crops and livestock products,143,Morocco,5320,Producing Animals/Slaughtered,1097,"Horse meat, fresh or chilled",1968,1968,An,14000,A,Official figure,
QCL,Crops and livestock products,143,Morocco,5417,Yield/Carcass Weight,1097,"Horse meat, fresh or chilled",1969,1969,100 g/An,1267,A,Official figure,
QCL,Crops and livestock products,143,Morocco,5510,Production,1097,"Horse meat, fresh or chilled",1969,1969,t,1900,A,Official figure,
QCL,Crops and livestock products,143,Morocco,5320,Producing Animals/Slaughtered,1097,"Horse meat, fresh or chilled",1969,1969,An,15000,A,Official figure,
QCL,Crops and livestock products,143,Morocco,5417,Yield/Carcass Weight,1097,"Horse meat, fresh or chilled",1970,1970,100 g/An,1269,E,Estimated value,
QCL,Crops and livestock products,143,Morocco,5510,Production,1097,"Horse meat, fresh or chilled",1970,1970,t,2970,E,Estimated value,
QCL,Crops and livestock products,143,Morocco,5320,Producing Animals/Slaughtered,1097,"Horse meat, fresh or chilled",1970,1970,An,23400,E,Estimated value,
QCL,Crops and livestock products,143,Morocco,5417,Yield/Carcass Weight,1097,"Horse meat, fresh or chilled",1971,1971,100 g/An,1295,A,Official figure,
QCL,Crops and livestock products,143,Morocco,5510,Production,1097,"Horse meat, fresh or chilled",1971,1971,t,4100,A,Official figure,
QCL,Crops and livestock products,143,Morocco,5320,Producing Animals/Slaughtered,1097,"Horse meat, fresh or chilled",1971,1971,An,31669,A,Official figure,
QCL,Crops and livestock products,143,Morocco,5417,Yield/Carcass Weight,1097,"Horse meat, fresh or chilled",1972,1972,100 g/An,1183,A,Official figure,
QCL,Crops and livestock products,143,Morocco,5510,Production,1097,"Horse meat, fresh or chilled",1972,1972,t,4210,A,Official figure,
QCL,Crops and livestock products,143,Morocco,5320,Producing Animals/Slaughtered,1097,"Horse meat, fresh or chilled",1972,1972,An,35587,A,Official figure,
QCL,Crops and livestock products,143,Morocco,5417,Yield/Carcass Weight,1097,"Horse meat, fresh or chilled",1973,1973,100 g/An,1225,A,Official figure,
QCL,Crops and livestock products,143,Morocco,5510,Production,1097,"Horse meat, fresh or chilled",1973,1973,t,4863,A,Official figure,
QCL,Crops and livestock products,143,Morocco,5320,Producing Animals/Slaughtered,1097,"Horse meat, fresh or chilled",1973,1973,An,39700,A,Official figure,
QCL,Crops and livestock products,143,Morocco,5417,Yield/Carcass Weight,1097,"Horse meat, fresh or chilled",1974,1974,100 g/An,1186,E,Estimated value,
QCL,Crops and livestock products,143,Morocco,5510,Production,1097,"Horse meat, fresh or chilled",1974,1974,t,3794,A,Official figure,
QCL,Crops and livestock products,143,Morocco,5320,Producing Animals/Slaughtered,1097,"Horse meat, fresh or chilled",1974,1974,An,32000,X,Figure from international organizations,Unofficial figure
QCL,Crops and livestock products,143,Morocco,5417,Yield/Carcass Weight,1097,"Horse meat, fresh or chilled",1975,1975,100 g/An,1033,X,Figure from international organizations,
QCL,Crops and livestock products,143,Morocco,5510,Production,1097,"Horse meat, fresh or chilled",1975,1975,t,3100,X,Figure from international organizations,Unofficial figure
QCL,Crops and livestock products,143,Morocco,5320,Producing Animals/Slaughtered,1097,"Horse meat, fresh or chilled",1975,1975,An,30000,X,Figure from international organizations,Unofficial figure
QCL,Crops and livestock products,143,Morocco,5417,Yield/Carcass Weight,1097,"Horse meat, fresh or chilled",1976,1976,100 g/An,1207,X,Figure from international organizations,
QCL,Crops and livestock products,143,Morocco,5510,Production,1097,"Horse meat, fresh or chilled",1976,1976,t,3500,X,Figure from international organizations,Unofficial figure
QCL,Crops and livestock products,143,Morocco,5320,Producing Animals/Slaughtered,1097,"Horse meat, fresh or chilled",1976,1976,An,29000,X,Figure from international organizations,Unofficial figure
QCL,Crops and livestock products,143,Morocco,5417,Yield/Carcass Weight,1097,"Horse meat, fresh or chilled",1977,1977,100 g/An,1212,X,Figure from international organizations,
QCL,Crops and livestock products,143,Morocco,5510,Production,1097,"Horse meat, fresh or chilled",1977,1977,t,4000,X,Figure from international organizations,Unofficial figure
QCL,Crops and livestock products,143,Morocco,5320,Producing Animals/Slaughtered,1097,"Horse meat, fresh or chilled",1977,1977,An,33000,X,Figure from international organizations,Unofficial figure
QCL,Crops and livestock products,143,Morocco,5417,Yield/Carcass Weight,1097,"Horse meat, fresh or chilled",1978,1978,100 g/An,1200,E,Estimated value,
QCL,Crops and livestock products,143,Morocco,5510,Production,1097,"Horse meat, fresh or chilled",1978,1978,t,2640,E,Estimated value,
QCL,Crops and livestock products,143,Morocco,5320,Producing Animals/Slaughtered,1097,"Horse meat, fresh or chilled",1978,1978,An,22000,X,Figure from international organizations,Unofficial figure
QCL,Crops and livestock products,143,Morocco,5417,Yield/Carcass Weight,1097,"Horse meat, fresh or chilled",1979,1979,100 g/An,1200,E,Estimated value,
QCL,Crops and livestock products,143,Morocco,5510,Production,1097,"Horse meat, fresh or chilled",1979,1979,t,3600,E,Estimated value,
QCL,Crops and livestock products,143,Morocco,5320,Producing Animals/Slaughtered,1097,"Horse meat, fresh or chilled",1979,1979,An,30000,X,Figure from international organizations,Unofficial figure
QCL,Crops and livestock products,143,Morocco,5417,Yield/Carcass Weight,1097,"Horse meat, fresh or chilled",1980,1980,100 g/An,1205,E,Estimated value,
QCL,Crops and livestock products,143,Morocco,5510,Production,1097,"Horse meat, fresh or chilled",1980,1980,t,4400,E,Estimated value,
QCL,Crops and livestock products,143,Morocco,5320,Producing Animals/Slaughtered,1097,"Horse meat, fresh or chilled",1980,1980,An,36500,A,Official figure,
QCL,Crops and livestock products,143,Morocco,5417,Yield/Carcass Weight,1097,"Horse meat, fresh or chilled",1981,1981,100 g/An,1275,E,Estimated value,
QCL,Crops and livestock products,143,Morocco,5510,Production,1097,"Horse meat, fresh or chilled",1981,1981,t,6000,E,Estimated value,
QCL,Crops and livestock products,143,Morocco,5320,Producing Animals/Slaughtered,1097,"Horse meat, fresh or chilled",1981,1981,An,47050,A,Official figure,
QCL,Crops and livestock products,143,Morocco,5417,Yield/Carcass Weight,1097,"Horse meat, fresh or chilled",1982,1982,100 g/An,1356,A,Official figure,
QCL,Crops and livestock products,143,Morocco,5510,Production,1097,"Horse meat, fresh or chilled",1982,1982,t,4300,A,Official figure,
QCL,Crops and livestock products,143,Morocco,5320,Producing Animals/Slaughtered,1097,"Horse meat, fresh or chilled",1982,1982,An,31700,A,Official figure,
QCL,Crops and livestock products,143,Morocco,5417,Yield/Carcass Weight,1097,"Horse meat, fresh or chilled",1983,1983,100 g/An,1091,A,Official figure,
QCL,Crops and livestock products,143,Morocco,5510,Production,1097,"Horse meat, fresh or chilled",1983,1983,t,3360,A,Official figure,
QCL,Crops and livestock products,143,Morocco,5320,Producing Animals/Slaughtered,1097,"Horse meat, fresh or chilled",1983,1983,An,30800,A,Official figure,
QCL,Crops and livestock products,143,Morocco,5417,Yield/Carcass Weight,1097,"Horse meat, fresh or chilled",1984,1984,100 g/An,1251,A,Official figure,
QCL,Crops and livestock products,143,Morocco,5510,Production,1097,"Horse meat, fresh or chilled",1984,1984,t,2100,A,Official figure,
QCL,Crops and livestock products,143,Morocco,5320,Producing Animals/Slaughtered,1097,"Horse meat, fresh or chilled",1984,1984,An,16780,A,Official figure,
QCL,Crops and livestock products,143,Morocco,5417,Yield/Carcass Weight,1097,"Horse meat, fresh or chilled",1985,1985,100 g/An,1197,E,Estimated value,
QCL,Crops and livestock products,143,Morocco,5510,Production,1097,"Horse meat, fresh or chilled",1985,1985,t,1700,A,Official figure,
QCL,Crops and livestock products,143,Morocco,5320,Producing Animals/Slaughtered,1097,"Horse meat, fresh or chilled",1985,1985,An,14200,E,Estimated value,
QCL,Crops and livestock products,143,Morocco,5417,Yield/Carcass Weight,1097,"Horse meat, fresh or chilled",1986,1986,100 g/An,1200,E,Estimated value,
QCL,Crops and livestock products,143,Morocco,5510,Production,1097,"Horse meat, fresh or chilled",1986,1986,t,1800,A,Official figure,
QCL,Crops and livestock products,143,Morocco,5320,Producing Animals/Slaughtered,1097,"Horse meat, fresh or chilled",1986,1986,An,15000,E,Estimated value,
QCL,Crops and livestock products,143,Morocco,5417,Yield/Carcass Weight,1097,"Horse meat, fresh or chilled",1987,1987,100 g/An,1176,E,Estimated value,
QCL,Crops and livestock products,143,Morocco,5510,Production,1097,"Horse meat, fresh or chilled",1987,1987,t,2000,A,Official figure,
QCL,Crops and livestock products,143,Morocco,5320,Producing Animals/Slaughtered,1097,"Horse meat, fresh or chilled",1987,1987,An,17000,E,Estimated value,
QCL,Crops and livestock products,143,Morocco,5417,Yield/Carcass Weight,1097,"Horse meat, fresh or chilled",1988,1988,100 g/An,1200,E,Estimated value,
QCL,Crops and livestock products,143,Morocco,5510,Production,1097,"Horse meat, fresh or chilled",1988,1988,t,2400,A,Official figure,
QCL,Crops and livestock products,143,Morocco,5320,Producing Animals/Slaughtered,1097,"Horse meat, fresh or chilled",1988,1988,An,20000,E,Estimated value,
QCL,Crops and livestock products,143,Morocco,5417,Yield/Carcass Weight,1097,"Horse meat, fresh or chilled",1989,1989,100 g/An,1200,E,Estimated value,
QCL,Crops and livestock products,143,Morocco,5510,Production,1097,"Horse meat, fresh or chilled",1989,1989,t,2400,A,Official figure,
QCL,Crops and livestock products,143,Morocco,5320,Producing Animals/Slaughtered,1097,"Horse meat, fresh or chilled",1989,1989,An,20000,E,Estimated value,
QCL,Crops and livestock products,143,Morocco,5417,Yield/Carcass Weight,1097,"Horse meat, fresh or chilled",1990,1990,100 g/An,1202,E,Estimated value,
QCL,Crops and livestock products,143,Morocco,5510,Production,1097,"Horse meat, fresh or chilled",1990,1990,t,2500,A,Official figure,
QCL,Crops and livestock products,143,Morocco,5320,Producing Animals/Slaughtered,1097,"Horse meat, fresh or chilled",1990,1990,An,20800,E,Estimated value,
QCL,Crops and livestock products,143,Morocco,5417,Yield/Carcass Weight,1097,"Horse meat, fresh or chilled",1991,1991,100 g/An,1202,E,Estimated value,
QCL,Crops and livestock products,143,Morocco,5510,Production,1097,"Horse meat, fresh or chilled",1991,1991,t,2500,A,Official figure,
QCL,Crops and livestock products,143,Morocco,5320,Producing Animals/Slaughtered,1097,"Horse meat, fresh or chilled",1991,1991,An,20800,E,Estimated value,
QCL,Crops and livestock products,143,Morocco,5417,Yield/Carcass Weight,1097,"Horse meat, fresh or chilled",1992,1992,100 g/An,1200,E,Estimated value,
QCL,Crops and livestock products,143,Morocco,5510,Production,1097,"Horse meat, fresh or chilled",1992,1992,t,2400,E,Estimated value,
QCL,Crops and livestock products,143,Morocco,5320,Producing Animals/Slaughtered,1097,"Horse meat, fresh or chilled",1992,1992,An,20000,E,Estimated value,
QCL,Crops and livestock products,143,Morocco,5417,Yield/Carcass Weight,1097,"Horse meat, fresh or chilled",1993,1993,100 g/An,1211,E,Estimated value,
QCL,Crops and livestock products,143,Morocco,5510,Production,1097,"Horse meat, fresh or chilled",1993,1993,t,2300,E,Estimated value,
QCL,Crops and livestock products,143,Morocco,5320,Producing Animals/Slaughtered,1097,"Horse meat, fresh or chilled",1993,1993,An,19000,E,Estimated value,
QCL,Crops and livestock products,143,Morocco,5417,Yield/Carcass Weight,1097,"Horse meat, fresh or chilled",1994,1994,100 g/An,1222,E,Estimated value,
QCL,Crops and livestock products,143,Morocco,5510,Production,1097,"Horse meat, fresh or chilled",1994,1994,t,2200,E,Estimated value,
QCL,Crops and livestock products,143,Morocco,5320,Producing Animals/Slaughtered,1097,"Horse meat, fresh or chilled",1994,1994,An,18000,E,Estimated value,
QCL,Crops and livestock products,143,Morocco,5417,Yield/Carcass Weight,1097,"Horse meat, fresh or chilled",1995,1995,100 g/An,1200,E,Estimated value,
QCL,Crops and livestock products,143,Morocco,5510,Production,1097,"Horse meat, fresh or chilled",1995,1995,t,2100,E,Estimated value,
QCL,Crops and livestock products,143,Morocco,5320,Producing Animals/Slaughtered,1097,"Horse meat, fresh or chilled",1995,1995,An,17500,E,Estimated value,
QCL,Crops and livestock products,143,Morocco,5417,Yield/Carcass Weight,1097,"Horse meat, fresh or chilled",1996,1996,100 g/An,1200,E,Estimated value,
QCL,Crops and livestock products,143,Morocco,5510,Production,1097,"Horse meat, fresh or chilled",1996,1996,t,2040,E,Estimated value,
QCL,Crops and livestock products,143,Morocco,5320,Producing Animals/Slaughtered,1097,"Horse meat, fresh or chilled",1996,1996,An,17000,E,Estimated value,
QCL,Crops and livestock products,143,Morocco,5417,Yield/Carcass Weight,1097,"Horse meat, fresh or chilled",1997,1997,100 g/An,1212,E,Estimated value,
QCL,Crops and livestock products,143,Morocco,5510,Production,1097,"Horse meat, fresh or chilled",1997,1997,t,2000,E,Estimated value,
QCL,Crops and livestock products,143,Morocco,5320,Producing Animals/Slaughtered,1097,"Horse meat, fresh or chilled",1997,1997,An,16500,E,Estimated value,
QCL,Crops and livestock products,143,Morocco,5417,Yield/Carcass Weight,1097,"Horse meat, fresh or chilled",1998,1998,100 g/An,1212,E,Estimated value,
QCL,Crops and livestock products,143,Morocco,5510,Production,1097,"Horse meat, fresh or chilled",1998,1998,t,2000,E,Estimated value,
QCL,Crops and livestock products,143,Morocco,5320,Producing Animals/Slaughtered,1097,"Horse meat, fresh or chilled",1998,1998,An,16500,E,Estimated value,
QCL,Crops and livestock products,143,Morocco,5417,Yield/Carcass Weight,1097,"Horse meat, fresh or chilled",1999,1999,100 g/An,1212,E,Estimated value,
QCL,Crops and livestock products,143,Morocco,5510,Production,1097,"Horse meat, fresh or chilled",1999,1999,t,2000,A,Official figure,
QCL,Crops and livestock products,143,Morocco,5320,Producing Animals/Slaughtered,1097,"Horse meat, fresh or chilled",1999,1999,An,16500,E,Estimated value,
QCL,Crops and livestock products,143,Morocco,5417,Yield/Carcass Weight,1097,"Horse meat, fresh or chilled",2000,2000,100 g/An,1238,E,Estimated value,
QCL,Crops and livestock products,143,Morocco,5510,Production,1097,"Horse meat, fresh or chilled",2000,2000,t,2042,E,Estimated value,
QCL,Crops and livestock products,143,Morocco,5320,Producing Animals/Slaughtered,1097,"Horse meat, fresh or chilled",2000,2000,An,16500,E,Estimated value,
QCL,Crops and livestock products,143,Morocco,5417,Yield/Carcass Weight,1097,"Horse meat, fresh or chilled",2001,2001,100 g/An,1253,E,Estimated value,
QCL,Crops and livestock products,143,Morocco,5510,Production,1097,"Horse meat, fresh or chilled",2001,2001,t,2067,E,Estimated value,
QCL,Crops and livestock products,143,Morocco,5320,Producing Animals/Slaughtered,1097,"Horse meat, fresh or chilled",2001,2001,An,16500,E,Estimated value,
QCL,Crops and livestock products,143,Morocco,5417,Yield/Carcass Weight,1097,"Horse meat, fresh or chilled",2002,2002,100 g/An,1226,E,Estimated value,
QCL,Crops and livestock products,143,Morocco,5510,Production,1097,"Horse meat, fresh or chilled",2002,2002,t,1900,E,Estimated value,
QCL,Crops and livestock products,143,Morocco,5320,Producing Animals/Slaughtered,1097,"Horse meat, fresh or chilled",2002,2002,An,15500,E,Estimated value,
QCL,Crops and livestock products,143,Morocco,5417,Yield/Carcass Weight,1097,"Horse meat, fresh or chilled",2003,2003,100 g/An,1212,E,Estimated value,
QCL,Crops and livestock products,143,Morocco,5510,Production,1097,"Horse meat, fresh or chilled",2003,2003,t,2000,E,Estimated value,
QCL,Crops and livestock products,143,Morocco,5320,Producing Animals/Slaughtered,1097,"Horse meat, fresh or chilled",2003,2003,An,16500,E,Estimated value,
QCL,Crops and livestock products,143,Morocco,5417,Yield/Carcass Weight,1097,"Horse meat, fresh or chilled",2004,2004,100 g/An,1173,E,Estimated value,
QCL,Crops and livestock products,143,Morocco,5510,Production,1097,"Horse meat, fresh or chilled",2004,2004,t,1935,E,Estimated value,
QCL,Crops and livestock products,143,Morocco,5320,Producing Animals/Slaughtered,1097,"Horse meat, fresh or chilled",2004,2004,An,16500,E,Estimated value,
QCL,Crops and livestock products,143,Morocco,5417,Yield/Carcass Weight,1097,"Horse meat, fresh or chilled",2005,2005,100 g/An,1235,E,Estimated value,
QCL,Crops and livestock products,143,Morocco,5510,Production,1097,"Horse meat, fresh or chilled",2005,2005,t,2100,E,Estimated value,
QCL,Crops and livestock products,143,Morocco,5320,Producing Animals/Slaughtered,1097,"Horse meat, fresh or chilled",2005,2005,An,17000,E,Estimated value,
QCL,Crops and livestock products,143,Morocco,5417,Yield/Carcass Weight,1097,"Horse meat, fresh or chilled",2006,2006,100 g/An,1229,E,Estimated value,
QCL,Crops and livestock products,143,Morocco,5510,Production,1097,"Horse meat, fresh or chilled",2006,2006,t,2150,E,Estimated value,
QCL,Crops and livestock products,143,Morocco,5320,Producing Animals/Slaughtered,1097,"Horse meat, fresh or chilled",2006,2006,An,17500,E,Estimated value,
QCL,Crops and livestock products,143,Morocco,5417,Yield/Carcass Weight,1097,"Horse meat, fresh or chilled",2007,2007,100 g/An,1250,E,Estimated value,
QCL,Crops and livestock products,143,Morocco,5510,Production,1097,"Horse meat, fresh or chilled",2007,2007,t,2000,E,Estimated value,
QCL,Crops and livestock products,143,Morocco,5320,Producing Animals/Slaughtered,1097,"Horse meat, fresh or chilled",2007,2007,An,16000,E,Estimated value,
QCL,Crops and livestock products,143,Morocco,5417,Yield/Carcass Weight,1097,"Horse meat, fresh or chilled",2008,2008,100 g/An,1293,E,Estimated value,
QCL,Crops and livestock products,143,Morocco,5510,Production,1097,"Horse meat, fresh or chilled",2008,2008,t,2069,E,Estimated value,
QCL,Crops and livestock products,143,Morocco,5320,Producing Animals/Slaughtered,1097,"Horse meat, fresh or chilled",2008,2008,An,16000,E,Estimated value,
QCL,Crops and livestock products,143,Morocco,5417,Yield/Carcass Weight,1097,"Horse meat, fresh or chilled",2009,2009,100 g/An,1289,E,Estimated value,
QCL,Crops and livestock products,143,Morocco,5510,Production,1097,"Horse meat, fresh or chilled",2009,2009,t,1740,E,Estimated value,
QCL,Crops and livestock products,143,Morocco,5320,Producing Animals/Slaughtered,1097,"Horse meat, fresh or chilled",2009,2009,An,13500,E,Estimated value,
QCL,Crops and livestock products,143,Morocco,5417,Yield/Carcass Weight,1097,"Horse meat, fresh or chilled",2010,2010,100 g/An,1293,E,Estimated value,
QCL,Crops and livestock products,143,Morocco,5510,Production,1097,"Horse meat, fresh or chilled",2010,2010,t,1940,E,Estimated value,
QCL,Crops and livestock products,143,Morocco,5320,Producing Animals/Slaughtered,1097,"Horse meat, fresh or chilled",2010,2010,An,15000,E,Estimated value,
QCL,Crops and livestock products,143,Morocco,5417,Yield/Carcass Weight,1097,"Horse meat, fresh or chilled",2011,2011,100 g/An,1241,E,Estimated value,
QCL,Crops and livestock products,143,Morocco,5510,Production,1097,"Horse meat, fresh or chilled",2011,2011,t,1800,E,Estimated value,
QCL,Crops and livestock products,143,Morocco,5320,Producing Animals/Slaughtered,1097,"Horse meat, fresh or chilled",2011,2011,An,14500,E,Estimated value,
QCL,Crops and livestock products,143,Morocco,5417,Yield/Carcass Weight,1097,"Horse meat, fresh or chilled",2012,2012,100 g/An,1268,E,Estimated value,
QCL,Crops and livestock products,143,Morocco,5510,Production,1097,"Horse meat, fresh or chilled",2012,2012,t,1800,E,Estimated value,
QCL,Crops and livestock products,143,Morocco,5320,Producing Animals/Slaughtered,1097,"Horse meat, fresh or chilled",2012,2012,An,14200,E,Estimated value,
QCL,Crops and livestock products,143,Morocco,5417,Yield/Carcass Weight,1097,"Horse meat, fresh or chilled",2013,2013,100 g/An,1241,E,Estimated value,
QCL,Crops and livestock products,143,Morocco,5510,Production,1097,"Horse meat, fresh or chilled",2013,2013,t,1800,E,Estimated value,
QCL,Crops and livestock products,143,Morocco,5320,Producing Animals/Slaughtered,1097,"Horse meat, fresh or chilled",2013,2013,An,14500,E,Estimated value,
QCL,Crops and livestock products,143,Morocco,5417,Yield/Carcass Weight,1097,"Horse meat, fresh or chilled",2014,2014,100 g/An,1251,E,Estimated value,
QCL,Crops and livestock products,143,Morocco,5510,Production,1097,"Horse meat, fresh or chilled",2014,2014,t,1745.92,I,Imputed value,
QCL,Crops and livestock products,143,Morocco,5320,Producing Animals/Slaughtered,1097,"Horse meat, fresh or chilled",2014,2014,An,13952,I,Imputed value,
QCL,Crops and livestock products,143,Morocco,5417,Yield/Carcass Weight,1097,"Horse meat, fresh or chilled",2015,2015,100 g/An,1265,E,Estimated value,
QCL,Crops and livestock products,143,Morocco,5510,Production,1097,"Horse meat, fresh or chilled",2015,2015,t,1990.51,I,Imputed value,
QCL,Crops and livestock products,143,Morocco,5320,Producing Animals/Slaughtered,1097,"Horse meat, fresh or chilled",2015,2015,An,15731,I,Imputed value,
QCL,Crops and livestock products,143,Morocco,5417,Yield/Carcass Weight,1097,"Horse meat, fresh or chilled",2016,2016,100 g/An,1267,E,Estimated value,
QCL,Crops and livestock products,143,Morocco,5510,Production,1097,"Horse meat, fresh or chilled",2016,2016,t,2178.02,I,Imputed value,
QCL,Crops and livestock products,143,Morocco,5320,Producing Animals/Slaughtered,1097,"Horse meat, fresh or chilled",2016,2016,An,17190,I,Imputed value,
QCL,Crops and livestock products,143,Morocco,5417,Yield/Carcass Weight,1097,"Horse meat, fresh or chilled",2017,2017,100 g/An,1266,E,Estimated value,
QCL,Crops and livestock products,143,Morocco,5510,Production,1097,"Horse meat, fresh or chilled",2017,2017,t,2253.85,I,Imputed value,
QCL,Crops and livestock products,143,Morocco,5320,Producing Animals/Slaughtered,1097,"Horse meat, fresh or chilled",2017,2017,An,17804,I,Imputed value,
QCL,Crops and livestock products,143,Morocco,5417,Yield/Carcass Weight,1097,"Horse meat, fresh or chilled",2018,2018,100 g/An,1266,E,Estimated value,
QCL,Crops and livestock products,143,Morocco,5510,Production,1097,"Horse meat, fresh or chilled",2018,2018,t,2225.18,I,Imputed value,
QCL,Crops and livestock products,143,Morocco,5320,Producing Animals/Slaughtered,1097,"Horse meat, fresh or chilled",2018,2018,An,17581,I,Imputed value,
QCL,Crops and livestock products,143,Morocco,5417,Yield/Carcass Weight,1097,"Horse meat, fresh or chilled",2019,2019,100 g/An,1266,E,Estimated value,
QCL,Crops and livestock products,143,Morocco,5510,Production,1097,"Horse meat, fresh or chilled",2019,2019,t,2220.95,I,Imputed value,
QCL,Crops and livestock products,143,Morocco,5320,Producing Animals/Slaughtered,1097,"Horse meat, fresh or chilled",2019,2019,An,17545,I,Imputed value,
QCL,Crops and livestock products,143,Morocco,5417,Yield/Carcass Weight,1097,"Horse meat, fresh or chilled",2020,2020,100 g/An,1263,E,Estimated value,
QCL,Crops and livestock products,143,Morocco,5510,Production,1097,"Horse meat, fresh or chilled",2020,2020,t,2188.61,I,Imputed value,
QCL,Crops and livestock products,143,Morocco,5320,Producing Animals/Slaughtered,1097,"Horse meat, fresh or chilled",2020,2020,An,17326,I,Imputed value,
QCL,Crops and livestock products,143,Morocco,5417,Yield/Carcass Weight,1097,"Horse meat, fresh or chilled",2021,2021,100 g/An,1263,E,Estimated value,
QCL,Crops and livestock products,143,Morocco,5510,Production,1097,"Horse meat, fresh or chilled",2021,2021,t,1981.54,I,Imputed value,
QCL,Crops and livestock products,143,Morocco,5320,Producing Animals/Slaughtered,1097,"Horse meat, fresh or chilled",2021,2021,An,15687,I,Imputed value,
QCL,Crops and livestock products,143,Morocco,5417,Yield/Carcass Weight,1097,"Horse meat, fresh or chilled",2022,2022,100 g/An,1263,E,Estimated value,
QCL,Crops and livestock products,143,Morocco,5510,Production,1097,"Horse meat, fresh or chilled",2022,2022,t,1966.83,I,Imputed value,
QCL,Crops and livestock products,143,Morocco,5320,Producing Animals/Slaughtered,1097,"Horse meat, fresh or chilled",2022,2022,An,15571,I,Imputed value,
QCL,Crops and livestock products,143,Morocco,5111,Stocks,1096,Horses,1961,1961,An,450000,A,Official figure,
QCL,Crops and livestock products,143,Morocco,5111,Stocks,1096,Horses,1962,1962,An,442000,A,Official figure,
QCL,Crops and livestock products,143,Morocco,5111,Stocks,1096,Horses,1963,1963,An,441000,A,Official figure,
QCL,Crops and livestock products,143,Morocco,5111,Stocks,1096,Horses,1964,1964,An,435000,A,Official figure,
QCL,Crops and livestock products,143,Morocco,5111,Stocks,1096,Horses,1965,1965,An,406000,A,Official figure,
QCL,Crops and livestock products,143,Morocco,5111,Stocks,1096,Horses,1966,1966,An,370000,A,Official figure,
QCL,Crops and livestock products,143,Morocco,5111,Stocks,1096,Horses,1967,1967,An,350000,A,Official figure,
QCL,Crops and livestock products,143,Morocco,5111,Stocks,1096,Horses,1968,1968,An,345000,A,Official figure,
QCL,Crops and livestock products,143,Morocco,5111,Stocks,1096,Horses,1969,1969,An,380000,A,Official figure,
QCL,Crops and livestock products,143,Morocco,5111,Stocks,1096,Horses,1970,1970,An,390000,E,Estimated value,
QCL,Crops and livestock products,143,Morocco,5111,Stocks,1096,Horses,1971,1971,An,371000,A,Official figure,
QCL,Crops and livestock products,143,Morocco,5111,Stocks,1096,Horses,1972,1972,An,311000,A,Official figure,
QCL,Crops and livestock products,143,Morocco,5111,Stocks,1096,Horses,1973,1973,An,320000,A,Official figure,
QCL,Crops and livestock products,143,Morocco,5111,Stocks,1096,Horses,1974,1974,An,320000,A,Official figure,
QCL,Crops and livestock products,143,Morocco,5111,Stocks,1096,Horses,1975,1975,An,320000,X,Figure from international organizations,Unofficial figure
QCL,Crops and livestock products,143,Morocco,5111,Stocks,1096,Horses,1976,1976,An,315000,X,Figure from international organizations,Unofficial figure
QCL,Crops and livestock products,143,Morocco,5111,Stocks,1096,Horses,1977,1977,An,312000,X,Figure from international organizations,Unofficial figure
QCL,Crops and livestock products,143,Morocco,5111,Stocks,1096,Horses,1978,1978,An,320000,X,Figure from international organizations,Unofficial figure
QCL,Crops and livestock products,143,Morocco,5111,Stocks,1096,Horses,1979,1979,An,320000,X,Figure from international organizations,Unofficial figure
QCL,Crops and livestock products,143,Morocco,5111,Stocks,1096,Horses,1980,1980,An,268657,A,Official figure,
QCL,Crops and livestock products,143,Morocco,5111,Stocks,1096,Horses,1981,1981,An,245303,A,Official figure,
QCL,Crops and livestock products,143,Morocco,5111,Stocks,1096,Horses,1982,1982,An,171670,A,Official figure,
QCL,Crops and livestock products,143,Morocco,5111,Stocks,1096,Horses,1983,1983,An,167389,A,Official figure,
QCL,Crops and livestock products,143,Morocco,5111,Stocks,1096,Horses,1984,1984,An,152500,A,Official figure,
QCL,Crops and livestock products,143,Morocco,5111,Stocks,1096,Horses,1985,1985,An,173230,A,Official figure,
QCL,Crops and livestock products,143,Morocco,5111,Stocks,1096,Horses,1986,1986,An,172347,A,Official figure,
QCL,Crops and livestock products,143,Morocco,5111,Stocks,1096,Horses,1987,1987,An,197602,A,Official figure,
QCL,Crops and livestock products,143,Morocco,5111,Stocks,1096,Horses,1988,1988,An,197600,A,Official figure,
QCL,Crops and livestock products,143,Morocco,5111,Stocks,1096,Horses,1989,1989,An,184082,A,Official figure,
QCL,Crops and livestock products,143,Morocco,5111,Stocks,1096,Horses,1990,1990,An,193545,A,Official figure,
QCL,Crops and livestock products,143,Morocco,5111,Stocks,1096,Horses,1991,1991,An,191400,A,Official figure,
QCL,Crops and livestock products,143,Morocco,5111,Stocks,1096,Horses,1992,1992,An,185622,A,Official figure,
QCL,Crops and livestock products,143,Morocco,5111,Stocks,1096,Horses,1993,1993,An,162300,A,Official figure,
QCL,Crops and livestock products,143,Morocco,5111,Stocks,1096,Horses,1994,1994,An,165100,A,Official figure,
QCL,Crops and livestock products,143,Morocco,5111,Stocks,1096,Horses,1995,1995,An,161600,A,Official figure,
QCL,Crops and livestock products,143,Morocco,5111,Stocks,1096,Horses,1996,1996,An,155700,A,Official figure,
QCL,Crops and livestock products,143,Morocco,5111,Stocks,1096,Horses,1997,1997,An,145100,A,Official figure,
QCL,Crops and livestock products,143,Morocco,5111,Stocks,1096,Horses,1998,1998,An,147300,A,Official figure,
QCL,Crops and livestock products,143,Morocco,5111,Stocks,1096,Horses,1999,1999,An,149200,A,Official figure,
QCL,Crops and livestock products,143,Morocco,5111,Stocks,1096,Horses,2000,2000,An,152000,A,Official figure,
QCL,Crops and livestock products,143,Morocco,5111,Stocks,1096,Horses,2001,2001,An,154400,A,Official figure,
QCL,Crops and livestock products,143,Morocco,5111,Stocks,1096,Horses,2002,2002,An,148100,A,Official figure,
QCL,Crops and livestock products,143,Morocco,5111,Stocks,1096,Horses,2003,2003,An,156300,A,Official figure,
QCL,Crops and livestock products,143,Morocco,5111,Stocks,1096,Horses,2004,2004,An,156600,A,Official figure,
QCL,Crops and livestock products,143,Morocco,5111,Stocks,1096,Horses,2005,2005,An,159400,A,Official figure,
QCL,Crops and livestock products,143,Morocco,5111,Stocks,1096,Horses,2006,2006,An,160500,A,Official figure,
QCL,Crops and livestock products,143,Morocco,5111,Stocks,1096,Horses,2007,2007,An,151500,A,Official figure,
QCL,Crops and livestock products,143,Morocco,5111,Stocks,1096,Horses,2008,2008,An,158800,A,Official figure,
QCL,Crops and livestock products,143,Morocco,5111,Stocks,1096,Horses,2009,2009,An,147000,A,Official figure,
QCL,Crops and livestock products,143,Morocco,5111,Stocks,1096,Horses,2010,2010,An,155000,A,Official figure,
QCL,Crops and livestock products,143,Morocco,5111,Stocks,1096,Horses,2011,2011,An,139950,A,Official figure,
QCL,Crops and livestock products,143,Morocco,5111,Stocks,1096,Horses,2012,2012,An,138150,A,Official figure,
QCL,Crops and livestock products,143,Morocco,5111,Stocks,1096,Horses,2013,2013,An,139210,A,Official figure,
QCL,Crops and livestock products,143,Morocco,5111,Stocks,1096,Horses,2014,2014,An,140000,E,Estimated value,
QCL,Crops and livestock products,143,Morocco,5111,Stocks,1096,Horses,2015,2015,An,162000,A,Official figure,
QCL,Crops and livestock products,143,Morocco,5111,Stocks,1096,Horses,2016,2016,An,180000,A,Official figure,
QCL,Crops and livestock products,143,Morocco,5111,Stocks,1096,Horses,2017,2017,An,188000,A,Official figure,
QCL,Crops and livestock products,143,Morocco,5111,Stocks,1096,Horses,2018,2018,An,190000,A,Official figure,
QCL,Crops and livestock products,143,Morocco,5111,Stocks,1096,Horses,2019,2019,An,191000,A,Official figure,
QCL,Crops and livestock products,143,Morocco,5111,Stocks,1096,Horses,2020,2020,An,190000,A,Official figure,
QCL,Crops and livestock products,143,Morocco,5111,Stocks,1096,Horses,2021,2021,An,173300,A,Official figure,
QCL,Crops and livestock products,143,Morocco,5111,Stocks,1096,Horses,2022,2022,An,173300,A,Official figure,
QCL,Crops and livestock products,143,Morocco,5312,Area harvested,407,Leeks and other alliaceous vegetables,1961,1961,ha,0,M,"Missing value (data cannot exist, not applicable)",
QCL,Crops and livestock products,143,Morocco,5510,Production,407,Leeks and other alliaceous vegetables,1961,1961,t,0,A,Official figure,
QCL,Crops and livestock products,143,Morocco,5312,Area harvested,407,Leeks and other alliaceous vegetables,1962,1962,ha,0,M,"Missing value (data cannot exist, not applicable)",
QCL,Crops and livestock products,143,Morocco,5510,Production,407,Leeks and other alliaceous vegetables,1962,1962,t,0,A,Official figure,
QCL,Crops and livestock products,143,Morocco,5312,Area harvested,407,Leeks and other alliaceous vegetables,1963,1963,ha,0,M,"Missing value (data cannot exist, not applicable)",
QCL,Crops and livestock products,143,Morocco,5510,Production,407,Leeks and other alliaceous vegetables,1963,1963,t,0,A,Official figure,
QCL,Crops and livestock products,143,Morocco,5312,Area harvested,407,Leeks and other alliaceous vegetables,1964,1964,ha,0,M,"Missing value (data cannot exist, not applicable)",
QCL,Crops and livestock products,143,Morocco,5510,Production,407,Leeks and other alliaceous vegetables,1964,1964,t,0,A,Official figure,
QCL,Crops and livestock products,143,Morocco,5312,Area harvested,407,Leeks and other alliaceous vegetables,1965,1965,ha,0,M,"Missing value (data cannot exist, not applicable)",
QCL,Crops and livestock products,143,Morocco,5510,Production,407,Leeks and other alliaceous vegetables,1965,1965,t,0,A,Official figure,
QCL,Crops and livestock products,143,Morocco,5312,Area harvested,407,Leeks and other alliaceous vegetables,1966,1966,ha,0,M,"Missing value (data cannot exist, not applicable)",
QCL,Crops and livestock products,143,Morocco,5510,Production,407,Leeks and other alliaceous vegetables,1966,1966,t,0,A,Official figure,
QCL,Crops and livestock products,143,Morocco,5312,Area harvested,407,Leeks and other alliaceous vegetables,1967,1967,ha,0,M,"Missing value (data cannot exist, not applicable)",
QCL,Crops and livestock products,143,Morocco,5510,Production,407,Leeks and other alliaceous vegetables,1967,1967,t,0,A,Official figure,
QCL,Crops and livestock products,143,Morocco,5312,Area harvested,407,Leeks and other alliaceous vegetables,1968,1968,ha,0,M,"Missing value (data cannot exist, not applicable)",
QCL,Crops and livestock products,143,Morocco,5510,Production,407,Leeks and other alliaceous vegetables,1968,1968,t,0,A,Official figure,
QCL,Crops and livestock products,143,Morocco,5312,Area harvested,407,Leeks and other alliaceous vegetables,1969,1969,ha,0,M,"Missing value (data cannot exist, not applicable)",
QCL,Crops and livestock products,143,Morocco,5510,Production,407,Leeks and other alliaceous vegetables,1969,1969,t,0,A,Official figure,
QCL,Crops and livestock products,143,Morocco,5312,Area harvested,407,Leeks and other alliaceous vegetables,1970,1970,ha,0,M,"Missing value (data cannot exist, not applicable)",
QCL,Crops and livestock products,143,Morocco,5510,Production,407,Leeks and other alliaceous vegetables,1970,1970,t,0,A,Official figure,
QCL,Crops and livestock products,143,Morocco,5312,Area harvested,407,Leeks and other alliaceous vegetables,1971,1971,ha,0,M,"Missing value (data cannot exist, not applicable)",
QCL,Crops and livestock products,143,Morocco,5510,Production,407,Leeks and other alliaceous vegetables,1971,1971,t,0,A,Official figure,
QCL,Crops and livestock products,143,Morocco,5312,Area harvested,407,Leeks and other alliaceous vegetables,1972,1972,ha,0,M,"Missing value (data cannot exist, not applicable)",
QCL,Crops and livestock products,143,Morocco,5510,Production,407,Leeks and other alliaceous vegetables,1972,1972,t,0,A,Official figure,
QCL,Crops and livestock products,143,Morocco,5312,Area harvested,407,Leeks and other alliaceous vegetables,1973,1973,ha,0,M,"Missing value (data cannot exist, not applicable)",
QCL,Crops and livestock products,143,Morocco,5510,Production,407,Leeks and other alliaceous vegetables,1973,1973,t,0,A,Official figure,
QCL,Crops and livestock products,143,Morocco,5312,Area harvested,407,Leeks and other alliaceous vegetables,1974,1974,ha,0,M,"Missing value (data cannot exist, not applicable)",
QCL,Crops and livestock products,143,Morocco,5510,Production,407,Leeks and other alliaceous vegetables,1974,1974,t,0,A,Official figure,
QCL,Crops and livestock products,143,Morocco,5312,Area harvested,407,Leeks and other alliaceous vegetables,1975,1975,ha,0,M,"Missing value (data cannot exist, not applicable)",
QCL,Crops and livestock products,143,Morocco,5510,Production,407,Leeks and other alliaceous vegetables,1975,1975,t,0,A,Official figure,
QCL,Crops and livestock products,143,Morocco,5312,Area harvested,407,Leeks and other alliaceous vegetables,1976,1976,ha,0,M,"Missing value (data cannot exist, not applicable)",
QCL,Crops and livestock products,143,Morocco,5510,Production,407,Leeks and other alliaceous vegetables,1976,1976,t,0,A,Official figure,
QCL,Crops and livestock products,143,Morocco,5312,Area harvested,407,Leeks and other alliaceous vegetables,1977,1977,ha,0,M,"Missing value (data cannot exist, not applicable)",
QCL,Crops and livestock products,143,Morocco,5510,Production,407,Leeks and other alliaceous vegetables,1977,1977,t,0,A,Official figure,
QCL,Crops and livestock products,143,Morocco,5312,Area harvested,407,Leeks and other alliaceous vegetables,1978,1978,ha,0,M,"Missing value (data cannot exist, not applicable)",
QCL,Crops and livestock products,143,Morocco,5510,Production,407,Leeks and other alliaceous vegetables,1978,1978,t,0,A,Official figure,
QCL,Crops and livestock products,143,Morocco,5312,Area harvested,407,Leeks and other alliaceous vegetables,1979,1979,ha,0,M,"Missing value (data cannot exist, not applicable)",
QCL,Crops and livestock products,143,Morocco,5510,Production,407,Leeks and other alliaceous vegetables,1979,1979,t,0,A,Official figure,
QCL,Crops and livestock products,143,Morocco,5312,Area harvested,407,Leeks and other alliaceous vegetables,1980,1980,ha,0,M,"Missing value (data cannot exist, not applicable)",
QCL,Crops and livestock products,143,Morocco,5510,Production,407,Leeks and other alliaceous vegetables,1980,1980,t,0,A,Official figure,
QCL,Crops and livestock products,143,Morocco,5312,Area harvested,407,Leeks and other alliaceous vegetables,1981,1981,ha,0,M,"Missing value (data cannot exist, not applicable)",
QCL,Crops and livestock products,143,Morocco,5510,Production,407,Leeks and other alliaceous vegetables,1981,1981,t,0,A,Official figure,
QCL,Crops and livestock products,143,Morocco,5312,Area harvested,407,Leeks and other alliaceous vegetables,1982,1982,ha,0,M,"Missing value (data cannot exist, not applicable)",
QCL,Crops and livestock products,143,Morocco,5510,Production,407,Leeks and other alliaceous vegetables,1982,1982,t,0,A,Official figure,
QCL,Crops and livestock products,143,Morocco,5312,Area harvested,407,Leeks and other alliaceous vegetables,1983,1983,ha,0,M,"Missing value (data cannot exist, not applicable)",
QCL,Crops and livestock products,143,Morocco,5510,Production,407,Leeks and other alliaceous vegetables,1983,1983,t,0,A,Official figure,
QCL,Crops and livestock products,143,Morocco,5312,Area harvested,407,Leeks and other alliaceous vegetables,1984,1984,ha,0,M,"Missing value (data cannot exist, not applicable)",
QCL,Crops and livestock products,143,Morocco,5510,Production,407,Leeks and other alliaceous vegetables,1984,1984,t,0,A,Official figure,
QCL,Crops and livestock products,143,Morocco,5312,Area harvested,407,Leeks and other alliaceous vegetables,1985,1985,ha,0,M,"Missing value (data cannot exist, not applicable)",
QCL,Crops and livestock products,143,Morocco,5510,Production,407,Leeks and other alliaceous vegetables,1985,1985,t,0,A,Official figure,
QCL,Crops and livestock products,143,Morocco,5312,Area harvested,407,Leeks and other alliaceous vegetables,1986,1986,ha,2,E,Estimated value,
QCL,Crops and livestock products,143,Morocco,5419,Yield,407,Leeks and other alliaceous vegetables,1986,1986,100 g/ha,500000,E,Estimated value,
QCL,Crops and livestock products,143,Morocco,5510,Production,407,Leeks and other alliaceous vegetables,1986,1986,t,100,E,Estimated value,
QCL,Crops and livestock products,143,Morocco,5312,Area harvested,407,Leeks and other alliaceous vegetables,1987,1987,ha,3,E,Estimated value,
QCL,Crops and livestock products,143,Morocco,5419,Yield,407,Leeks and other alliaceous vegetables,1987,1987,100 g/ha,433333,E,Estimated value,
QCL,Crops and livestock products,143,Morocco,5510,Production,407,Leeks and other alliaceous vegetables,1987,1987,t,130,E,Estimated value,
QCL,Crops and livestock products,143,Morocco,5312,Area harvested,407,Leeks and other alliaceous vegetables,1988,1988,ha,6,E,Estimated value,
QCL,Crops and livestock products,143,Morocco,5419,Yield,407,Leeks and other alliaceous vegetables,1988,1988,100 g/ha,250000,E,Estimated value,
QCL,Crops and livestock products,143,Morocco,5510,Production,407,Leeks and other alliaceous vegetables,1988,1988,t,150,E,Estimated value,
QCL,Crops and livestock products,143,Morocco,5312,Area harvested,407,Leeks and other alliaceous vegetables,1989,1989,ha,10,E,Estimated value,
QCL,Crops and livestock products,143,Morocco,5419,Yield,407,Leeks and other alliaceous vegetables,1989,1989,100 g/ha,170000,E,Estimated value,
QCL,Crops and livestock products,143,Morocco,5510,Production,407,Leeks and other alliaceous vegetables,1989,1989,t,170,E,Estimated value,
QCL,Crops and livestock products,143,Morocco,5312,Area harvested,407,Leeks and other alliaceous vegetables,1990,1990,ha,12,E,Estimated value,
QCL,Crops and livestock products,143,Morocco,5419,Yield,407,Leeks and other alliaceous vegetables,1990,1990,100 g/ha,158333,E,Estimated value,
QCL,Crops and livestock products,143,Morocco,5510,Production,407,Leeks and other alliaceous vegetables,1990,1990,t,190,E,Estimated value,
QCL,Crops and livestock products,143,Morocco,5312,Area harvested,407,Leeks and other alliaceous vegetables,1991,1991,ha,16,E,Estimated value,
QCL,Crops and livestock products,143,Morocco,5419,Yield,407,Leeks and other alliaceous vegetables,1991,1991,100 g/ha,125000,E,Estimated value,
QCL,Crops and livestock products,143,Morocco,5510,Production,407,Leeks and other alliaceous vegetables,1991,1991,t,200,E,Estimated value,
QCL,Crops and livestock products,143,Morocco,5312,Area harvested,407,Leeks and other alliaceous vegetables,1992,1992,ha,20,E,Estimated value,
QCL,Crops and livestock products,143,Morocco,5419,Yield,407,Leeks and other alliaceous vegetables,1992,1992,100 g/ha,125000,E,Estimated value,
QCL,Crops and livestock products,143,Morocco,5510,Production,407,Leeks and other alliaceous vegetables,1992,1992,t,250,E,Estimated value,
QCL,Crops and livestock products,143,Morocco,5312,Area harvested,407,Leeks and other alliaceous vegetables,1993,1993,ha,30,E,Estimated value,
QCL,Crops and livestock products,143,Morocco,5419,Yield,407,Leeks and other alliaceous vegetables,1993,1993,100 g/ha,83333,E,Estimated value,
QCL,Crops and livestock products,143,Morocco,5510,Production,407,Leeks and other alliaceous vegetables,1993,1993,t,250,E,Estimated value,
QCL,Crops and livestock products,143,Morocco,5312,Area harvested,407,Leeks and other alliaceous vegetables,1994,1994,ha,40,E,Estimated value,
QCL,Crops and livestock products,143,Morocco,5419,Yield,407,Leeks and other alliaceous vegetables,1994,1994,100 g/ha,75000,E,Estimated value,
QCL,Crops and livestock products,143,Morocco,5510,Production,407,Leeks and other alliaceous vegetables,1994,1994,t,300,E,Estimated value,
QCL,Crops and livestock products,143,Morocco,5312,Area harvested,407,Leeks and other alliaceous vegetables,1995,1995,ha,50,E,Estimated value,
QCL,Crops and livestock products,143,Morocco,5419,Yield,407,Leeks and other alliaceous vegetables,1995,1995,100 g/ha,60000,E,Estimated value,
QCL,Crops and livestock products,143,Morocco,5510,Production,407,Leeks and other alliaceous vegetables,1995,1995,t,300,E,Estimated value,
QCL,Crops and livestock products,143,Morocco,5312,Area harvested,407,Leeks and other alliaceous vegetables,1996,1996,ha,60,E,Estimated value,
QCL,Crops and livestock products,143,Morocco,5419,Yield,407,Leeks and other alliaceous vegetables,1996,1996,100 g/ha,58333,E,Estimated value,
QCL,Crops and livestock products,143,Morocco,5510,Production,407,Leeks and other alliaceous vegetables,1996,1996,t,350,E,Estimated value,
QCL,Crops and livestock products,143,Morocco,5312,Area harvested,407,Leeks and other alliaceous vegetables,1997,1997,ha,70,E,Estimated value,
QCL,Crops and livestock products,143,Morocco,5419,Yield,407,Leeks and other alliaceous vegetables,1997,1997,100 g/ha,57143,E,Estimated value,
QCL,Crops and livestock products,143,Morocco,5510,Production,407,Leeks and other alliaceous vegetables,1997,1997,t,400,E,Estimated value,
QCL,Crops and livestock products,143,Morocco,5312,Area harvested,407,Leeks and other alliaceous vegetables,1998,1998,ha,76,E,Estimated value,
QCL,Crops and livestock products,143,Morocco,5419,Yield,407,Leeks and other alliaceous vegetables,1998,1998,100 g/ha,59211,E,Estimated value,
QCL,Crops and livestock products,143,Morocco,5510,Production,407,Leeks and other alliaceous vegetables,1998,1998,t,450,E,Estimated value,
QCL,Crops and livestock products,143,Morocco,5312,Area harvested,407,Leeks and other alliaceous vegetables,1999,1999,ha,80,E,Estimated value,
QCL,Crops and livestock products,143,Morocco,5419,Yield,407,Leeks and other alliaceous vegetables,1999,1999,100 g/ha,62500,E,Estimated value,
QCL,Crops and livestock products,143,Morocco,5510,Production,407,Leeks and other alliaceous vegetables,1999,1999,t,500,E,Estimated value,
QCL,Crops and livestock products,143,Morocco,5312,Area harvested,407,Leeks and other alliaceous vegetables,2000,2000,ha,73,I,Imputed value,
QCL,Crops and livestock products,143,Morocco,5419,Yield,407,Leeks and other alliaceous vegetables,2000,2000,100 g/ha,82350,E,Estimated value,
QCL,Crops and livestock products,143,Morocco,5510,Production,407,Leeks and other alliaceous vegetables,2000,2000,t,600,E,Estimated value,
QCL,Crops and livestock products,143,Morocco,5312,Area harvested,407,Leeks and other alliaceous vegetables,2001,2001,ha,74,I,Imputed value,
QCL,Crops and livestock products,143,Morocco,5419,Yield,407,Leeks and other alliaceous vegetables,2001,2001,100 g/ha,94812,E,Estimated value,
QCL,Crops and livestock products,143,Morocco,5510,Production,407,Leeks and other alliaceous vegetables,2001,2001,t,700,E,Estimated value,
QCL,Crops and livestock products,143,Morocco,5312,Area harvested,407,Leeks and other alliaceous vegetables,2002,2002,ha,90,E,Estimated value,
QCL,Crops and livestock products,143,Morocco,5419,Yield,407,Leeks and other alliaceous vegetables,2002,2002,100 g/ha,100000,E,Estimated value,
QCL,Crops and livestock products,143,Morocco,5510,Production,407,Leeks and other alliaceous vegetables,2002,2002,t,900,E,Estimated value,
QCL,Crops and livestock products,143,Morocco,5312,Area harvested,407,Leeks and other alliaceous vegetables,2003,2003,ha,84,I,Imputed value,
QCL,Crops and livestock products,143,Morocco,5419,Yield,407,Leeks and other alliaceous vegetables,2003,2003,100 g/ha,119605,E,Estimated value,
QCL,Crops and livestock products,143,Morocco,5510,Production,407,Leeks and other alliaceous vegetables,2003,2003,t,1000,E,Estimated value,
QCL,Crops and livestock products,143,Morocco,5312,Area harvested,407,Leeks and other alliaceous vegetables,2004,2004,ha,83,I,Imputed value,
QCL,Crops and livestock products,143,Morocco,5419,Yield,407,Leeks and other alliaceous vegetables,2004,2004,100 g/ha,131975,E,Estimated value,
QCL,Crops and livestock products,143,Morocco,5510,Production,407,Leeks and other alliaceous vegetables,2004,2004,t,1100,E,Estimated value,
QCL,Crops and livestock products,143,Morocco,5312,Area harvested,407,Leeks and other alliaceous vegetables,2005,2005,ha,89,I,Imputed value,
QCL,Crops and livestock products,143,Morocco,5419,Yield,407,Leeks and other alliaceous vegetables,2005,2005,100 g/ha,146890,E,Estimated value,
QCL,Crops and livestock products,143,Morocco,5510,Production,407,Leeks and other alliaceous vegetables,2005,2005,t,1300,E,Estimated value,
QCL,Crops and livestock products,143,Morocco,5312,Area harvested,407,Leeks and other alliaceous vegetables,2006,2006,ha,100,E,Estimated value,
QCL,Crops and livestock products,143,Morocco,5419,Yield,407,Leeks and other alliaceous vegetables,2006,2006,100 g/ha,150000,E,Estimated value,
QCL,Crops and livestock products,143,Morocco,5510,Production,407,Leeks and other alliaceous vegetables,2006,2006,t,1500,E,Estimated value,
QCL,Crops and livestock products,143,Morocco,5312,Area harvested,407,Leeks and other alliaceous vegetables,2007,2007,ha,96,I,Imputed value,
QCL,Crops and livestock products,143,Morocco,5419,Yield,407,Leeks and other alliaceous vegetables,2007,2007,100 g/ha,197190,E,Estimated value,
QCL,Crops and livestock products,143,Morocco,5510,Production,407,Leeks and other alliaceous vegetables,2007,2007,t,1900,E,Estimated value,
QCL,Crops and livestock products,143,Morocco,5312,Area harvested,407,Leeks and other alliaceous vegetables,2008,2008,ha,96,I,Imputed value,
QCL,Crops and livestock products,143,Morocco,5419,Yield,407,Leeks and other alliaceous vegetables,2008,2008,100 g/ha,229471,E,Estimated value,
QCL,Crops and livestock products,143,Morocco,5510,Production,407,Leeks and other alliaceous vegetables,2008,2008,t,2200,E,Estimated value,
QCL,Crops and livestock products,143,Morocco,5312,Area harvested,407,Leeks and other alliaceous vegetables,2009,2009,ha,93,I,Imputed value,
QCL,Crops and livestock products,143,Morocco,5419,Yield,407,Leeks and other alliaceous vegetables,2009,2009,100 g/ha,258510,E,Estimated value,
QCL,Crops and livestock products,143,Morocco,5510,Production,407,Leeks and other alliaceous vegetables,2009,2009,t,2400,E,Estimated value,
QCL,Crops and livestock products,143,Morocco,5312,Area harvested,407,Leeks and other alliaceous vegetables,2010,2010,ha,80,E,Estimated value,
QCL,Crops and livestock products,143,Morocco,5419,Yield,407,Leeks and other alliaceous vegetables,2010,2010,100 g/ha,312500,E,Estimated value,
QCL,Crops and livestock products,143,Morocco,5510,Production,407,Leeks and other alliaceous vegetables,2010,2010,t,2500,E,Estimated value,
QCL,Crops and livestock products,143,Morocco,5312,Area harvested,407,Leeks and other alliaceous vegetables,2011,2011,ha,84,I,Imputed value,
QCL,Crops and livestock products,143,Morocco,5419,Yield,407,Leeks and other alliaceous vegetables,2011,2011,100 g/ha,297171,E,Estimated value,
QCL,Crops and livestock products,143,Morocco,5510,Production,407,Leeks and other alliaceous vegetables,2011,2011,t,2500,E,Estimated value,
QCL,Crops and livestock products,143,Morocco,5312,Area harvested,407,Leeks and other alliaceous vegetables,2012,2012,ha,84,E,Estimated value,
QCL,Crops and livestock products,143,Morocco,5419,Yield,407,Leeks and other alliaceous vegetables,2012,2012,100 g/ha,309524,E,Estimated value,
QCL,Crops and livestock products,143,Morocco,5510,Production,407,Leeks and other alliaceous vegetables,2012,2012,t,2600,E,Estimated value,
QCL,Crops and livestock products,143,Morocco,5312,Area harvested,407,Leeks and other alliaceous vegetables,2013,2013,ha,84,I,Imputed value,
QCL,Crops and livestock products,143,Morocco,5419,Yield,407,Leeks and other alliaceous vegetables,2013,2013,100 g/ha,320881,E,Estimated value,
QCL,Crops and livestock products,143,Morocco,5510,Production,407,Leeks and other alliaceous vegetables,2013,2013,t,2691.96,I,Imputed value,
QCL,Crops and livestock products,143,Morocco,5312,Area harvested,407,Leeks and other alliaceous vegetables,2014,2014,ha,100,I,Imputed value,
QCL,Crops and livestock products,143,Morocco,5419,Yield,407,Leeks and other alliaceous vegetables,2014,2014,100 g/ha,332908,E,Estimated value,
QCL,Crops and livestock products,143,Morocco,5510,Production,407,Leeks and other alliaceous vegetables,2014,2014,t,3331.61,I,Imputed value,
QCL,Crops and livestock products,143,Morocco,5312,Area harvested,407,Leeks and other alliaceous vegetables,2015,2015,ha,103,I,Imputed value,
QCL,Crops and livestock products,143,Morocco,5419,Yield,407,Leeks and other alliaceous vegetables,2015,2015,100 g/ha,363988,E,Estimated value,
QCL,Crops and livestock products,143,Morocco,5510,Production,407,Leeks and other alliaceous vegetables,2015,2015,t,3763.61,I,Imputed value,
QCL,Crops and livestock products,143,Morocco,5312,Area harvested,407,Leeks and other alliaceous vegetables,2016,2016,ha,110,I,Imputed value,
QCL,Crops and livestock products,143,Morocco,5419,Yield,407,Leeks and other alliaceous vegetables,2016,2016,100 g/ha,389159,E,Estimated value,
QCL,Crops and livestock products,143,Morocco,5510,Production,407,Leeks and other alliaceous vegetables,2016,2016,t,4274.41,I,Imputed value,
QCL,Crops and livestock products,143,Morocco,5312,Area harvested,407,Leeks and other alliaceous vegetables,2017,2017,ha,116,I,Imputed value,
QCL,Crops and livestock products,143,Morocco,5419,Yield,407,Leeks and other alliaceous vegetables,2017,2017,100 g/ha,411544,E,Estimated value,
QCL,Crops and livestock products,143,Morocco,5510,Production,407,Leeks and other alliaceous vegetables,2017,2017,t,4789.25,I,Imputed value,
QCL,Crops and livestock products,143,Morocco,5312,Area harvested,407,Leeks and other alliaceous vegetables,2018,2018,ha,123,I,Imputed value,
QCL,Crops and livestock products,143,Morocco,5419,Yield,407,Leeks and other alliaceous vegetables,2018,2018,100 g/ha,430432,E,Estimated value,
QCL,Crops and livestock products,143,Morocco,5510,Production,407,Leeks and other alliaceous vegetables,2018,2018,t,5300,E,Estimated value,
QCL,Crops and livestock products,143,Morocco,5312,Area harvested,407,Leeks and other alliaceous vegetables,2019,2019,ha,134,I,Imputed value,
QCL,Crops and livestock products,143,Morocco,5419,Yield,407,Leeks and other alliaceous vegetables,2019,2019,100 g/ha,432594,E,Estimated value,
QCL,Crops and livestock products,143,Morocco,5510,Production,407,Leeks and other alliaceous vegetables,2019,2019,t,5808.22,I,Imputed value,
QCL,Crops and livestock products,143,Morocco,5312,Area harvested,407,Leeks and other alliaceous vegetables,2020,2020,ha,140,I,Imputed value,
QCL,Crops and livestock products,143,Morocco,5419,Yield,407,Leeks and other alliaceous vegetables,2020,2020,100 g/ha,447210,E,Estimated value,
QCL,Crops and livestock products,143,Morocco,5510,Production,407,Leeks and other alliaceous vegetables,2020,2020,t,6261.14,I,Imputed value,
QCL,Crops and livestock products,143,Morocco,5312,Area harvested,407,Leeks and other alliaceous vegetables,2021,2021,ha,124,I,Imputed value,
QCL,Crops and livestock products,143,Morocco,5419,Yield,407,Leeks and other alliaceous vegetables,2021,2021,100 g/ha,463517,E,Estimated value,
QCL,Crops and livestock products,143,Morocco,5510,Production,407,Leeks and other alliaceous vegetables,2021,2021,t,5731.17,I,Imputed value,
QCL,Crops and livestock products,143,Morocco,5312,Area harvested,407,Leeks and other alliaceous vegetables,2022,2022,ha,126,I,Imputed value,
QCL,Crops and livestock products,143,Morocco,5419,Yield,407,Leeks and other alliaceous vegetables,2022,2022,100 g/ha,479823,E,Estimated value,
QCL,Crops and livestock products,143,Morocco,5510,Production,407,Leeks and other alliaceous vegetables,2022,2022,t,6037.98,I,Imputed value,
QCL,Crops and livestock products,143,Morocco,5312,Area harvested,497,Lemons and limes,1961,1961,ha,0,M,"Missing value (data cannot exist, not applicable)",
QCL,Crops and livestock products,143,Morocco,5510,Production,497,Lemons and limes,1961,1961,t,11000,A,Official figure,
QCL,Crops and livestock products,143,Morocco,5312,Area harvested,497,Lemons and limes,1962,1962,ha,0,M,"Missing value (data cannot exist, not applicable)",
QCL,Crops and livestock products,143,Morocco,5510,Production,497,Lemons and limes,1962,1962,t,7000,A,Official figure,
QCL,Crops and livestock products,143,Morocco,5312,Area harvested,497,Lemons and limes,1963,1963,ha,0,M,"Missing value (data cannot exist, not applicable)",
QCL,Crops and livestock products,143,Morocco,5510,Production,497,Lemons and limes,1963,1963,t,8000,A,Official figure,
QCL,Crops and livestock products,143,Morocco,5312,Area harvested,497,Lemons and limes,1964,1964,ha,0,M,"Missing value (data cannot exist, not applicable)",
QCL,Crops and livestock products,143,Morocco,5510,Production,497,Lemons and limes,1964,1964,t,9000,A,Official figure,
QCL,Crops and livestock products,143,Morocco,5312,Area harvested,497,Lemons and limes,1965,1965,ha,0,M,"Missing value (data cannot exist, not applicable)",
QCL,Crops and livestock products,143,Morocco,5510,Production,497,Lemons and limes,1965,1965,t,8000,A,Official figure,
QCL,Crops and livestock products,143,Morocco,5312,Area harvested,497,Lemons and limes,1966,1966,ha,0,M,"Missing value (data cannot exist, not applicable)",
QCL,Crops and livestock products,143,Morocco,5510,Production,497,Lemons and limes,1966,1966,t,9000,A,Official figure,
QCL,Crops and livestock products,143,Morocco,5312,Area harvested,497,Lemons and limes,1967,1967,ha,0,M,"Missing value (data cannot exist, not applicable)",
QCL,Crops and livestock products,143,Morocco,5510,Production,497,Lemons and limes,1967,1967,t,6000,A,Official figure,
QCL,Crops and livestock products,143,Morocco,5312,Area harvested,497,Lemons and limes,1968,1968,ha,0,M,"Missing value (data cannot exist, not applicable)",
QCL,Crops and livestock products,143,Morocco,5510,Production,497,Lemons and limes,1968,1968,t,4000,A,Official figure,
QCL,Crops and livestock products,143,Morocco,5312,Area harvested,497,Lemons and limes,1969,1969,ha,0,M,"Missing value (data cannot exist, not applicable)",
QCL,Crops and livestock products,143,Morocco,5510,Production,497,Lemons and limes,1969,1969,t,3000,A,Official figure,
QCL,Crops and livestock products,143,Morocco,5312,Area harvested,497,Lemons and limes,1970,1970,ha,0,M,"Missing value (data cannot exist, not applicable)",
QCL,Crops and livestock products,143,Morocco,5510,Production,497,Lemons and limes,1970,1970,t,4000,A,Official figure,
QCL,Crops and livestock products,143,Morocco,5312,Area harvested,497,Lemons and limes,1971,1971,ha,0,M,"Missing value (data cannot exist, not applicable)",
QCL,Crops and livestock products,143,Morocco,5510,Production,497,Lemons and limes,1971,1971,t,3300,A,Official figure,
QCL,Crops and livestock products,143,Morocco,5312,Area harvested,497,Lemons and limes,1972,1972,ha,0,M,"Missing value (data cannot exist, not applicable)",
QCL,Crops and livestock products,143,Morocco,5510,Production,497,Lemons and limes,1972,1972,t,4000,A,Official figure,
QCL,Crops and livestock products,143,Morocco,5312,Area harvested,497,Lemons and limes,1973,1973,ha,0,M,"Missing value (data cannot exist, not applicable)",
QCL,Crops and livestock products,143,Morocco,5510,Production,497,Lemons and limes,1973,1973,t,4500,A,Official figure,
QCL,Crops and livestock products,143,Morocco,5312,Area harvested,497,Lemons and limes,1974,1974,ha,0,M,"Missing value (data cannot exist, not applicable)",
QCL,Crops and livestock products,143,Morocco,5510,Production,497,Lemons and limes,1974,1974,t,10000,A,Official figure,
QCL,Crops and livestock products,143,Morocco,5312,Area harvested,497,Lemons and limes,1975,1975,ha,0,M,"Missing value (data cannot exist, not applicable)",
QCL,Crops and livestock products,143,Morocco,5510,Production,497,Lemons and limes,1975,1975,t,10000,A,Official figure,
QCL,Crops and livestock products,143,Morocco,5312,Area harvested,497,Lemons and limes,1976,1976,ha,0,M,"Missing value (data cannot exist, not applicable)",
QCL,Crops and livestock products,143,Morocco,5510,Production,497,Lemons and limes,1976,1976,t,3000,X,Figure from international organizations,Unofficial figure
QCL,Crops and livestock products,143,Morocco,5312,Area harvested,497,Lemons and limes,1977,1977,ha,0,M,"Missing value (data cannot exist, not applicable)",
QCL,Crops and livestock products,143,Morocco,5510,Production,497,Lemons and limes,1977,1977,t,5000,E,Estimated value,
QCL,Crops and livestock products,143,Morocco,5312,Area harvested,497,Lemons and limes,1978,1978,ha,0,M,"Missing value (data cannot exist, not applicable)",
QCL,Crops and livestock products,143,Morocco,5510,Production,497,Lemons and limes,1978,1978,t,10000,A,Official figure,
QCL,Crops and livestock products,143,Morocco,5312,Area harvested,497,Lemons and limes,1979,1979,ha,0,M,"Missing value (data cannot exist, not applicable)",
QCL,Crops and livestock products,143,Morocco,5510,Production,497,Lemons and limes,1979,1979,t,15000,A,Official figure,
QCL,Crops and livestock products,143,Morocco,5312,Area harvested,497,Lemons and limes,1980,1980,ha,0,M,"Missing value (data cannot exist, not applicable)",
QCL,Crops and livestock products,143,Morocco,5510,Production,497,Lemons and limes,1980,1980,t,12000,A,Official figure,
QCL,Crops and livestock products,143,Morocco,5312,Area harvested,497,Lemons and limes,1981,1981,ha,0,M,"Missing value (data cannot exist, not applicable)",
QCL,Crops and livestock products,143,Morocco,5510,Production,497,Lemons and limes,1981,1981,t,15000,A,Official figure,
QCL,Crops and livestock products,143,Morocco,5312,Area harvested,497,Lemons and limes,1982,1982,ha,0,M,"Missing value (data cannot exist, not applicable)",
QCL,Crops and livestock products,143,Morocco,5510,Production,497,Lemons and limes,1982,1982,t,27000,A,Official figure,
QCL,Crops and livestock products,143,Morocco,5312,Area harvested,497,Lemons and limes,1983,1983,ha,0,M,"Missing value (data cannot exist, not applicable)",
QCL,Crops and livestock products,143,Morocco,5510,Production,497,Lemons and limes,1983,1983,t,27000,A,Official figure,
QCL,Crops and livestock products,143,Morocco,5312,Area harvested,497,Lemons and limes,1984,1984,ha,0,M,"Missing value (data cannot exist, not applicable)",
QCL,Crops and livestock products,143,Morocco,5510,Production,497,Lemons and limes,1984,1984,t,30000,A,Official figure,
QCL,Crops and livestock products,143,Morocco,5312,Area harvested,497,Lemons and limes,1985,1985,ha,1500,E,Estimated value,
QCL,Crops and livestock products,143,Morocco,5419,Yield,497,Lemons and limes,1985,1985,100 g/ha,200000,E,Estimated value,
QCL,Crops and livestock products,143,Morocco,5510,Production,497,Lemons and limes,1985,1985,t,30000,A,Official figure,
QCL,Crops and livestock products,143,Morocco,5312,Area harvested,497,Lemons and limes,1986,1986,ha,1500,E,Estimated value,
QCL,Crops and livestock products,143,Morocco,5419,Yield,497,Lemons and limes,1986,1986,100 g/ha,186667,E,Estimated value,
QCL,Crops and livestock products,143,Morocco,5510,Production,497,Lemons and limes,1986,1986,t,28000,A,Official figure,
QCL,Crops and livestock products,143,Morocco,5312,Area harvested,497,Lemons and limes,1987,1987,ha,1500,E,Estimated value,
QCL,Crops and livestock products,143,Morocco,5419,Yield,497,Lemons and limes,1987,1987,100 g/ha,200000,E,Estimated value,
QCL,Crops and livestock products,143,Morocco,5510,Production,497,Lemons and limes,1987,1987,t,30000,A,Official figure,
QCL,Crops and livestock products,143,Morocco,5312,Area harvested,497,Lemons and limes,1988,1988,ha,1500,E,Estimated value,
QCL,Crops and livestock products,143,Morocco,5419,Yield,497,Lemons and limes,1988,1988,100 g/ha,133333,E,Estimated value,
QCL,Crops and livestock products,143,Morocco,5510,Production,497,Lemons and limes,1988,1988,t,20000,A,Official figure,
QCL,Crops and livestock products,143,Morocco,5312,Area harvested,497,Lemons and limes,1989,1989,ha,1500,E,Estimated value,
QCL,Crops and livestock products,143,Morocco,5419,Yield,497,Lemons and limes,1989,1989,100 g/ha,120000,E,Estimated value,
QCL,Crops and livestock products,143,Morocco,5510,Production,497,Lemons and limes,1989,1989,t,18000,A,Official figure,
QCL,Crops and livestock products,143,Morocco,5312,Area harvested,497,Lemons and limes,1990,1990,ha,1567,E,Estimated value,
QCL,Crops and livestock products,143,Morocco,5419,Yield,497,Lemons and limes,1990,1990,100 g/ha,95724,E,Estimated value,
QCL,Crops and livestock products,143,Morocco,5510,Production,497,Lemons and limes,1990,1990,t,15000,A,Official figure,
QCL,Crops and livestock products,143,Morocco,5312,Area harvested,497,Lemons and limes,1991,1991,ha,1460,I,Imputed value,
QCL,Crops and livestock products,143,Morocco,5419,Yield,497,Lemons and limes,1991,1991,100 g/ha,137013,E,Estimated value,
QCL,Crops and livestock products,143,Morocco,5510,Production,497,Lemons and limes,1991,1991,t,20000,A,Official figure,
QCL,Crops and livestock products,143,Morocco,5312,Area harvested,497,Lemons and limes,1992,1992,ha,1300,E,Estimated value,
QCL,Crops and livestock products,143,Morocco,5419,Yield,497,Lemons and limes,1992,1992,100 g/ha,115385,E,Estimated value,
QCL,Crops and livestock products,143,Morocco,5510,Production,497,Lemons and limes,1992,1992,t,15000,A,Official figure,
QCL,Crops and livestock products,143,Morocco,5312,Area harvested,497,Lemons and limes,1993,1993,ha,1498,I,Imputed value,
QCL,Crops and livestock products,143,Morocco,5419,Yield,497,Lemons and limes,1993,1993,100 g/ha,133504,E,Estimated value,
QCL,Crops and livestock products,143,Morocco,5510,Production,497,Lemons and limes,1993,1993,t,20000,X,Figure from international organizations,Unofficial figure
QCL,Crops and livestock products,143,Morocco,5312,Area harvested,497,Lemons and limes,1994,1994,ha,1499,I,Imputed value,
QCL,Crops and livestock products,143,Morocco,5419,Yield,497,Lemons and limes,1994,1994,100 g/ha,133449,E,Estimated value,
QCL,Crops and livestock products,143,Morocco,5510,Production,497,Lemons and limes,1994,1994,t,20000,X,Figure from international organizations,Unofficial figure
QCL,Crops and livestock products,143,Morocco,5312,Area harvested,497,Lemons and limes,1995,1995,ha,1000,A,Official figure,
QCL,Crops and livestock products,143,Morocco,5419,Yield,497,Lemons and limes,1995,1995,100 g/ha,120000,A,Official figure,
QCL,Crops and livestock products,143,Morocco,5510,Production,497,Lemons and limes,1995,1995,t,12000,A,Official figure,
QCL,Crops and livestock products,143,Morocco,5312,Area harvested,497,Lemons and limes,1996,1996,ha,1000,A,Official figure,
QCL,Crops and livestock products,143,Morocco,5419,Yield,497,Lemons and limes,1996,1996,100 g/ha,200000,A,Official figure,
QCL,Crops and livestock products,143,Morocco,5510,Production,497,Lemons and limes,1996,1996,t,20000,A,Official figure,
QCL,Crops and livestock products,143,Morocco,5312,Area harvested,497,Lemons and limes,1997,1997,ha,1000,A,Official figure,
QCL,Crops and livestock products,143,Morocco,5419,Yield,497,Lemons and limes,1997,1997,100 g/ha,170000,A,Official figure,
QCL,Crops and livestock products,143,Morocco,5510,Production,497,Lemons and limes,1997,1997,t,17000,A,Official figure,
QCL,Crops and livestock products,143,Morocco,5312,Area harvested,497,Lemons and limes,1998,1998,ha,1000,A,Official figure,
QCL,Crops and livestock products,143,Morocco,5419,Yield,497,Lemons and limes,1998,1998,100 g/ha,210000,A,Official figure,
QCL,Crops and livestock products,143,Morocco,5510,Production,497,Lemons and limes,1998,1998,t,21000,A,Official figure,
QCL,Crops and livestock products,143,Morocco,5312,Area harvested,497,Lemons and limes,1999,1999,ha,1000,A,Official figure,
QCL,Crops and livestock products,143,Morocco,5419,Yield,497,Lemons and limes,1999,1999,100 g/ha,90000,A,Official figure,
QCL,Crops and livestock products,143,Morocco,5510,Production,497,Lemons and limes,1999,1999,t,9000,A,Official figure,
QCL,Crops and livestock products,143,Morocco,5312,Area harvested,497,Lemons and limes,2000,2000,ha,1000,A,Official figure,
QCL,Crops and livestock products,143,Morocco,5419,Yield,497,Lemons and limes,2000,2000,100 g/ha,140000,A,Official figure,
QCL,Crops and livestock products,143,Morocco,5510,Production,497,Lemons and limes,2000,2000,t,14000,A,Official figure,
QCL,Crops and livestock products,143,Morocco,5312,Area harvested,497,Lemons and limes,2001,2001,ha,1000,X,Figure from international organizations,Unofficial figure
QCL,Crops and livestock products,143,Morocco,5419,Yield,497,Lemons and limes,2001,2001,100 g/ha,60000,E,Estimated value,
QCL,Crops and livestock products,143,Morocco,5510,Production,497,Lemons and limes,2001,2001,t,6000,A,Official figure,
QCL,Crops and livestock products,143,Morocco,5312,Area harvested,497,Lemons and limes,2002,2002,ha,1000,A,Official figure,
QCL,Crops and livestock products,143,Morocco,5419,Yield,497,Lemons and limes,2002,2002,100 g/ha,114000,A,Official figure,
QCL,Crops and livestock products,143,Morocco,5510,Production,497,Lemons and limes,2002,2002,t,11400,A,Official figure,
QCL,Crops and livestock products,143,Morocco,5312,Area harvested,497,Lemons and limes,2003,2003,ha,1000,A,Official figure,
QCL,Crops and livestock products,143,Morocco,5419,Yield,497,Lemons and limes,2003,2003,100 g/ha,123000,A,Official figure,
QCL,Crops and livestock products,143,Morocco,5510,Production,497,Lemons and limes,2003,2003,t,12300,A,Official figure,
QCL,Crops and livestock products,143,Morocco,5312,Area harvested,497,Lemons and limes,2004,2004,ha,1000,A,Official figure,
QCL,Crops and livestock products,143,Morocco,5419,Yield,497,Lemons and limes,2004,2004,100 g/ha,89000,A,Official figure,
QCL,Crops and livestock products,143,Morocco,5510,Production,497,Lemons and limes,2004,2004,t,8900,A,Official figure,
QCL,Crops and livestock products,143,Morocco,5312,Area harvested,497,Lemons and limes,2005,2005,ha,1300,A,Official figure,
QCL,Crops and livestock products,143,Morocco,5419,Yield,497,Lemons and limes,2005,2005,100 g/ha,161538,A,Official figure,
QCL,Crops and livestock products,143,Morocco,5510,Production,497,Lemons and limes,2005,2005,t,21000,A,Official figure,
QCL,Crops and livestock products,143,Morocco,5312,Area harvested,497,Lemons and limes,2006,2006,ha,1300,A,Official figure,
QCL,Crops and livestock products,143,Morocco,5419,Yield,497,Lemons and limes,2006,2006,100 g/ha,170000,A,Official figure,
QCL,Crops and livestock products,143,Morocco,5510,Production,497,Lemons and limes,2006,2006,t,22100,A,Official figure,
QCL,Crops and livestock products,143,Morocco,5312,Area harvested,497,Lemons and limes,2007,2007,ha,1300,A,Official figure,
QCL,Crops and livestock products,143,Morocco,5419,Yield,497,Lemons and limes,2007,2007,100 g/ha,169231,A,Official figure,
QCL,Crops and livestock products,143,Morocco,5510,Production,497,Lemons and limes,2007,2007,t,22000,A,Official figure,
QCL,Crops and livestock products,143,Morocco,5312,Area harvested,497,Lemons and limes,2008,2008,ha,1300,A,Official figure,
QCL,Crops and livestock products,143,Morocco,5419,Yield,497,Lemons and limes,2008,2008,100 g/ha,173846,A,Official figure,
QCL,Crops and livestock products,143,Morocco,5510,Production,497,Lemons and limes,2008,2008,t,22600,A,Official figure,
QCL,Crops and livestock products,143,Morocco,5312,Area harvested,497,Lemons and limes,2009,2009,ha,1500,A,Official figure,
QCL,Crops and livestock products,143,Morocco,5419,Yield,497,Lemons and limes,2009,2009,100 g/ha,160000,A,Official figure,
QCL,Crops and livestock products,143,Morocco,5510,Production,497,Lemons and limes,2009,2009,t,24000,A,Official figure,
QCL,Crops and livestock products,143,Morocco,5312,Area harvested,497,Lemons and limes,2010,2010,ha,3682,A,Official figure,
QCL,Crops and livestock products,143,Morocco,5419,Yield,497,Lemons and limes,2010,2010,100 g/ha,61103,A,Official figure,
QCL,Crops and livestock products,143,Morocco,5510,Production,497,Lemons and limes,2010,2010,t,22498,A,Official figure,
QCL,Crops and livestock products,143,Morocco,5312,Area harvested,497,Lemons and limes,2011,2011,ha,2834,A,Official figure,
QCL,Crops and livestock products,143,Morocco,5419,Yield,497,Lemons and limes,2011,2011,100 g/ha,84686,A,Official figure,
QCL,Crops and livestock products,143,Morocco,5510,Production,497,Lemons and limes,2011,2011,t,24000,A,Official figure,
QCL,Crops and livestock products,143,Morocco,5312,Area harvested,497,Lemons and limes,2012,2012,ha,2763,A,Official figure,
QCL,Crops and livestock products,143,Morocco,5419,Yield,497,Lemons and limes,2012,2012,100 g/ha,98726,A,Official figure,
QCL,Crops and livestock products,143,Morocco,5510,Production,497,Lemons and limes,2012,2012,t,27278,A,Official figure,
QCL,Crops and livestock products,143,Morocco,5312,Area harvested,497,Lemons and limes,2013,2013,ha,2756,A,Official figure,
QCL,Crops and livestock products,143,Morocco,5419,Yield,497,Lemons and limes,2013,2013,100 g/ha,102114,A,Official figure,
QCL,Crops and livestock products,143,Morocco,5510,Production,497,Lemons and limes,2013,2013,t,28141.79,A,Official figure,
QCL,Crops and livestock products,143,Morocco,5312,Area harvested,497,Lemons and limes,2014,2014,ha,2758,A,Official figure,
QCL,Crops and livestock products,143,Morocco,5419,Yield,497,Lemons and limes,2014,2014,100 g/ha,95891,A,Official figure,
QCL,Crops and livestock products,143,Morocco,5510,Production,497,Lemons and limes,2014,2014,t,26450.59,A,Official figure,
QCL,Crops and livestock products,143,Morocco,5312,Area harvested,497,Lemons and limes,2015,2015,ha,2827,A,Official figure,
QCL,Crops and livestock products,143,Morocco,5419,Yield,497,Lemons and limes,2015,2015,100 g/ha,104688,A,Official figure,
QCL,Crops and livestock products,143,Morocco,5510,Production,497,Lemons and limes,2015,2015,t,29592.75,A,Official figure,
QCL,Crops and livestock products,143,Morocco,5312,Area harvested,497,Lemons and limes,2016,2016,ha,2946,A,Official figure,
QCL,Crops and livestock products,143,Morocco,5419,Yield,497,Lemons and limes,2016,2016,100 g/ha,123235,A,Official figure,
QCL,Crops and livestock products,143,Morocco,5510,Production,497,Lemons and limes,2016,2016,t,36308.78,A,Official figure,
QCL,Crops and livestock products,143,Morocco,5312,Area harvested,497,Lemons and limes,2017,2017,ha,3077,A,Official figure,
QCL,Crops and livestock products,143,Morocco,5419,Yield,497,Lemons and limes,2017,2017,100 g/ha,130370,A,Official figure,
QCL,Crops and livestock products,143,Morocco,5510,Production,497,Lemons and limes,2017,2017,t,40114.3,A,Official figure,
QCL,Crops and livestock products,143,Morocco,5312,Area harvested,497,Lemons and limes,2018,2018,ha,3245,A,Official figure,
QCL,Crops and livestock products,143,Morocco,5419,Yield,497,Lemons and limes,2018,2018,100 g/ha,122310,A,Official figure,
QCL,Crops and livestock products,143,Morocco,5510,Production,497,Lemons and limes,2018,2018,t,39686.81,A,Official figure,
QCL,Crops and livestock products,143,Morocco,5312,Area harvested,497,Lemons and limes,2019,2019,ha,3208,A,Official figure,
QCL,Crops and livestock products,143,Morocco,5419,Yield,497,Lemons and limes,2019,2019,100 g/ha,140018,A,Official figure,
QCL,Crops and livestock products,143,Morocco,5510,Production,497,Lemons and limes,2019,2019,t,44919.04,A,Official figure,
QCL,Crops and livestock products,143,Morocco,5312,Area harvested,497,Lemons and limes,2020,2020,ha,3349,A,Official figure,
QCL,Crops and livestock products,143,Morocco,5419,Yield,497,Lemons and limes,2020,2020,100 g/ha,103320,A,Official figure,
QCL,Crops and livestock products,143,Morocco,5510,Production,497,Lemons and limes,2020,2020,t,34599.92,A,Official figure,
QCL,Crops and livestock products,143,Morocco,5312,Area harvested,497,Lemons and limes,2021,2021,ha,3592,A,Official figure,
QCL,Crops and livestock products,143,Morocco,5419,Yield,497,Lemons and limes,2021,2021,100 g/ha,114691,A,Official figure,
QCL,Crops and livestock products,143,Morocco,5510,Production,497,Lemons and limes,2021,2021,t,41197,A,Official figure,
QCL,Crops and livestock products,143,Morocco,5312,Area harvested,497,Lemons and limes,2022,2022,ha,3755,A,Official figure,
QCL,Crops and livestock products,143,Morocco,5419,Yield,497,Lemons and limes,2022,2022,100 g/ha,130395,A,Official figure,
QCL,Crops and livestock products,143,Morocco,5510,Production,497,Lemons and limes,2022,2022,t,48956.8,A,Official figure,
QCL,Crops and livestock products,143,Morocco,5312,Area harvested,201,"Lentils, dry",1961,1961,ha,20000,A,Official figure,
QCL,Crops and livestock products,143,Morocco,5419,Yield,201,"Lentils, dry",1961,1961,100 g/ha,3000,A,Official figure,
QCL,Crops and livestock products,143,Morocco,5510,Production,201,"Lentils, dry",1961,1961,t,6000,A,Official figure,
QCL,Crops and livestock products,143,Morocco,5312,Area harvested,201,"Lentils, dry",1962,1962,ha,26000,A,Official figure,
QCL,Crops and livestock products,143,Morocco,5419,Yield,201,"Lentils, dry",1962,1962,100 g/ha,5000,A,Official figure,
QCL,Crops and livestock products,143,Morocco,5510,Production,201,"Lentils, dry",1962,1962,t,13000,A,Official figure,
QCL,Crops and livestock products,143,Morocco,5312,Area harvested,201,"Lentils, dry",1963,1963,ha,24000,A,Official figure,
QCL,Crops and livestock products,143,Morocco,5419,Yield,201,"Lentils, dry",1963,1963,100 g/ha,6667,A,Official figure,
QCL,Crops and livestock products,143,Morocco,5510,Production,201,"Lentils, dry",1963,1963,t,16000,A,Official figure,
QCL,Crops and livestock products,143,Morocco,5312,Area harvested,201,"Lentils, dry",1964,1964,ha,28000,A,Official figure,
QCL,Crops and livestock products,143,Morocco,5419,Yield,201,"Lentils, dry",1964,1964,100 g/ha,4286,A,Official figure,
QCL,Crops and livestock products,143,Morocco,5510,Production,201,"Lentils, dry",1964,1964,t,12000,A,Official figure,
QCL,Crops and livestock products,143,Morocco,5312,Area harvested,201,"Lentils, dry",1965,1965,ha,25000,A,Official figure,
QCL,Crops and livestock products,143,Morocco,5419,Yield,201,"Lentils, dry",1965,1965,100 g/ha,5200,A,Official figure,
QCL,Crops and livestock products,143,Morocco,5510,Production,201,"Lentils, dry",1965,1965,t,13000,A,Official figure,
QCL,Crops and livestock products,143,Morocco,5312,Area harvested,201,"Lentils, dry",1966,1966,ha,25300,A,Official figure,
QCL,Crops and livestock products,143,Morocco,5419,Yield,201,"Lentils, dry",1966,1966,100 g/ha,3083,A,Official figure,
QCL,Crops and livestock products,143,Morocco,5510,Production,201,"Lentils, dry",1966,1966,t,7800,A,Official figure,
QCL,Crops and livestock products,143,Morocco,5312,Area harvested,201,"Lentils, dry",1967,1967,ha,13000,A,Official figure,
QCL,Crops and livestock products,143,Morocco,5419,Yield,201,"Lentils, dry",1967,1967,100 g/ha,3846,A,Official figure,
QCL,Crops and livestock products,143,Morocco,5510,Production,201,"Lentils, dry",1967,1967,t,5000,A,Official figure,
QCL,Crops and livestock products,143,Morocco,5312,Area harvested,201,"Lentils, dry",1968,1968,ha,20800,A,Official figure,
QCL,Crops and livestock products,143,Morocco,5419,Yield,201,"Lentils, dry",1968,1968,100 g/ha,10389,A,Official figure,
QCL,Crops and livestock products,143,Morocco,5510,Production,201,"Lentils, dry",1968,1968,t,21610,A,Official figure,
QCL,Crops and livestock products,143,Morocco,5312,Area harvested,201,"Lentils, dry",1969,1969,ha,32800,A,Official figure,
QCL,Crops and livestock products,143,Morocco,5419,Yield,201,"Lentils, dry",1969,1969,100 g/ha,5915,A,Official figure,
QCL,Crops and livestock products,143,Morocco,5510,Production,201,"Lentils, dry",1969,1969,t,19400,A,Official figure,
QCL,Crops and livestock products,143,Morocco,5312,Area harvested,201,"Lentils, dry",1970,1970,ha,37000,A,Official figure,
QCL,Crops and livestock products,143,Morocco,5419,Yield,201,"Lentils, dry",1970,1970,100 g/ha,4081,A,Official figure,
QCL,Crops and livestock products,143,Morocco,5510,Production,201,"Lentils, dry",1970,1970,t,15100,A,Official figure,
QCL,Crops and livestock products,143,Morocco,5312,Area harvested,201,"Lentils, dry",1971,1971,ha,28000,A,Official figure,
QCL,Crops and livestock products,143,Morocco,5419,Yield,201,"Lentils, dry",1971,1971,100 g/ha,5571,A,Official figure,
QCL,Crops and livestock products,143,Morocco,5510,Production,201,"Lentils, dry",1971,1971,t,15600,A,Official figure,
QCL,Crops and livestock products,143,Morocco,5312,Area harvested,201,"Lentils, dry",1972,1972,ha,38700,A,Official figure,
QCL,Crops and livestock products,143,Morocco,5419,Yield,201,"Lentils, dry",1972,1972,100 g/ha,5183,A,Official figure,
QCL,Crops and livestock products,143,Morocco,5510,Production,201,"Lentils, dry",1972,1972,t,20060,A,Official figure,
QCL,Crops and livestock products,143,Morocco,5312,Area harvested,201,"Lentils, dry",1973,1973,ha,31000,A,Official figure,
QCL,Crops and livestock products,143,Morocco,5419,Yield,201,"Lentils, dry",1973,1973,100 g/ha,3684,A,Official figure,
QCL,Crops and livestock products,143,Morocco,5510,Production,201,"Lentils, dry",1973,1973,t,11420,A,Official figure,
QCL,Crops and livestock products,143,Morocco,5312,Area harvested,201,"Lentils, dry",1974,1974,ha,40600,A,Official figure,
QCL,Crops and livestock products,143,Morocco,5419,Yield,201,"Lentils, dry",1974,1974,100 g/ha,6771,A,Official figure,
QCL,Crops and livestock products,143,Morocco,5510,Production,201,"Lentils, dry",1974,1974,t,27490,A,Official figure,
QCL,Crops and livestock products,143,Morocco,5312,Area harvested,201,"Lentils, dry",1975,1975,ha,46400,A,Official figure,
QCL,Crops and livestock products,143,Morocco,5419,Yield,201,"Lentils, dry",1975,1975,100 g/ha,7388,A,Official figure,
QCL,Crops and livestock products,143,Morocco,5510,Production,201,"Lentils, dry",1975,1975,t,34280,A,Official figure,
QCL,Crops and livestock products,143,Morocco,5312,Area harvested,201,"Lentils, dry",1976,1976,ha,62700,A,Official figure,
QCL,Crops and livestock products,143,Morocco,5419,Yield,201,"Lentils, dry",1976,1976,100 g/ha,6584,A,Official figure,
QCL,Crops and livestock products,143,Morocco,5510,Production,201,"Lentils, dry",1976,1976,t,41280,A,Official figure,
QCL,Crops and livestock products,143,Morocco,5312,Area harvested,201,"Lentils, dry",1977,1977,ha,35600,A,Official figure,
QCL,Crops and livestock products,143,Morocco,5419,Yield,201,"Lentils, dry",1977,1977,100 g/ha,2228,A,Official figure,
QCL,Crops and livestock products,143,Morocco,5510,Production,201,"Lentils, dry",1977,1977,t,7930,A,Official figure,
QCL,Crops and livestock products,143,Morocco,5312,Area harvested,201,"Lentils, dry",1978,1978,ha,37100,A,Official figure,
QCL,Crops and livestock products,143,Morocco,5419,Yield,201,"Lentils, dry",1978,1978,100 g/ha,5695,A,Official figure,
QCL,Crops and livestock products,143,Morocco,5510,Production,201,"Lentils, dry",1978,1978,t,21130,A,Official figure,
QCL,Crops and livestock products,143,Morocco,5312,Area harvested,201,"Lentils, dry",1979,1979,ha,28700,A,Official figure,
QCL,Crops and livestock products,143,Morocco,5419,Yield,201,"Lentils, dry",1979,1979,100 g/ha,4700,A,Official figure,
QCL,Crops and livestock products,143,Morocco,5510,Production,201,"Lentils, dry",1979,1979,t,13490,A,Official figure,
QCL,Crops and livestock products,143,Morocco,5312,Area harvested,201,"Lentils, dry",1980,1980,ha,37000,A,Official figure,
QCL,Crops and livestock products,143,Morocco,5419,Yield,201,"Lentils, dry",1980,1980,100 g/ha,4323,A,Official figure,
QCL,Crops and livestock products,143,Morocco,5510,Production,201,"Lentils, dry",1980,1980,t,15996,A,Official figure,
QCL,Crops and livestock products,143,Morocco,5312,Area harvested,201,"Lentils, dry",1981,1981,ha,34000,A,Official figure,
QCL,Crops and livestock products,143,Morocco,5419,Yield,201,"Lentils, dry",1981,1981,100 g/ha,1394,A,Official figure,
QCL,Crops and livestock products,143,Morocco,5510,Production,201,"Lentils, dry",1981,1981,t,4740,A,Official figure,
QCL,Crops and livestock products,143,Morocco,5312,Area harvested,201,"Lentils, dry",1982,1982,ha,39100,A,Official figure,
QCL,Crops and livestock products,143,Morocco,5419,Yield,201,"Lentils, dry",1982,1982,100 g/ha,6463,A,Official figure,
QCL,Crops and livestock products,143,Morocco,5510,Production,201,"Lentils, dry",1982,1982,t,25270,A,Official figure,
QCL,Crops and livestock products,143,Morocco,5312,Area harvested,201,"Lentils, dry",1983,1983,ha,78600,A,Official figure,
QCL,Crops and livestock products,143,Morocco,5419,Yield,201,"Lentils, dry",1983,1983,100 g/ha,4071,A,Official figure,
QCL,Crops and livestock products,143,Morocco,5510,Production,201,"Lentils, dry",1983,1983,t,32000,A,Official figure,
QCL,Crops and livestock products,143,Morocco,5312,Area harvested,201,"Lentils, dry",1984,1984,ha,67500,A,Official figure,
QCL,Crops and livestock products,143,Morocco,5419,Yield,201,"Lentils, dry",1984,1984,100 g/ha,3634,A,Official figure,
QCL,Crops and livestock products,143,Morocco,5510,Production,201,"Lentils, dry",1984,1984,t,24530,A,Official figure,
QCL,Crops and livestock products,143,Morocco,5312,Area harvested,201,"Lentils, dry",1985,1985,ha,87700,A,Official figure,
QCL,Crops and livestock products,143,Morocco,5419,Yield,201,"Lentils, dry",1985,1985,100 g/ha,5269,A,Official figure,
QCL,Crops and livestock products,143,Morocco,5510,Production,201,"Lentils, dry",1985,1985,t,46210,A,Official figure,
QCL,Crops and livestock products,143,Morocco,5312,Area harvested,201,"Lentils, dry",1986,1986,ha,85600,A,Official figure,
QCL,Crops and livestock products,143,Morocco,5419,Yield,201,"Lentils, dry",1986,1986,100 g/ha,8125,A,Official figure,
QCL,Crops and livestock products,143,Morocco,5510,Production,201,"Lentils, dry",1986,1986,t,69550,A,Official figure,
QCL,Crops and livestock products,143,Morocco,5312,Area harvested,201,"Lentils, dry",1987,1987,ha,89600,A,Official figure,
QCL,Crops and livestock products,143,Morocco,5419,Yield,201,"Lentils, dry",1987,1987,100 g/ha,3978,A,Official figure,
QCL,Crops and livestock products,143,Morocco,5510,Production,201,"Lentils, dry",1987,1987,t,35640,A,Official figure,
QCL,Crops and livestock products,143,Morocco,5312,Area harvested,201,"Lentils, dry",1988,1988,ha,65200,A,Official figure,
QCL,Crops and livestock products,143,Morocco,5419,Yield,201,"Lentils, dry",1988,1988,100 g/ha,7805,A,Official figure,
QCL,Crops and livestock products,143,Morocco,5510,Production,201,"Lentils, dry",1988,1988,t,50890,A,Official figure,
QCL,Crops and livestock products,143,Morocco,5312,Area harvested,201,"Lentils, dry",1989,1989,ha,57900,A,Official figure,
QCL,Crops and livestock products,143,Morocco,5419,Yield,201,"Lentils, dry",1989,1989,100 g/ha,3850,A,Official figure,
QCL,Crops and livestock products,143,Morocco,5510,Production,201,"Lentils, dry",1989,1989,t,22290,A,Official figure,
QCL,Crops and livestock products,143,Morocco,5312,Area harvested,201,"Lentils, dry",1990,1990,ha,56700,A,Official figure,
QCL,Crops and livestock products,143,Morocco,5419,Yield,201,"Lentils, dry",1990,1990,100 g/ha,5841,A,Official figure,
QCL,Crops and livestock products,143,Morocco,5510,Production,201,"Lentils, dry",1990,1990,t,33120,A,Official figure,
QCL,Crops and livestock products,143,Morocco,5312,Area harvested,201,"Lentils, dry",1991,1991,ha,47600,A,Official figure,
QCL,Crops and livestock products,143,Morocco,5419,Yield,201,"Lentils, dry",1991,1991,100 g/ha,10746,A,Official figure,
QCL,Crops and livestock products,143,Morocco,5510,Production,201,"Lentils, dry",1991,1991,t,51150,A,Official figure,
QCL,Crops and livestock products,143,Morocco,5312,Area harvested,201,"Lentils, dry",1992,1992,ha,43300,A,Official figure,
QCL,Crops and livestock products,143,Morocco,5419,Yield,201,"Lentils, dry",1992,1992,100 g/ha,4413,A,Official figure,
QCL,Crops and livestock products,143,Morocco,5510,Production,201,"Lentils, dry",1992,1992,t,19110,A,Official figure,
QCL,Crops and livestock products,143,Morocco,5312,Area harvested,201,"Lentils, dry",1993,1993,ha,41100,A,Official figure,
QCL,Crops and livestock products,143,Morocco,5419,Yield,201,"Lentils, dry",1993,1993,100 g/ha,2046,A,Official figure,
QCL,Crops and livestock products,143,Morocco,5510,Production,201,"Lentils, dry",1993,1993,t,8410,A,Official figure,
QCL,Crops and livestock products,143,Morocco,5312,Area harvested,201,"Lentils, dry",1994,1994,ha,42200,A,Official figure,
QCL,Crops and livestock products,143,Morocco,5419,Yield,201,"Lentils, dry",1994,1994,100 g/ha,8457,A,Official figure,
QCL,Crops and livestock products,143,Morocco,5510,Production,201,"Lentils, dry",1994,1994,t,35690,A,Official figure,
QCL,Crops and livestock products,143,Morocco,5312,Area harvested,201,"Lentils, dry",1995,1995,ha,46800,A,Official figure,
QCL,Crops and livestock products,143,Morocco,5419,Yield,201,"Lentils, dry",1995,1995,100 g/ha,1737,A,Official figure,
QCL,Crops and livestock products,143,Morocco,5510,Production,201,"Lentils, dry",1995,1995,t,8130,A,Official figure,
QCL,Crops and livestock products,143,Morocco,5312,Area harvested,201,"Lentils, dry",1996,1996,ha,48700,A,Official figure,
QCL,Crops and livestock products,143,Morocco,5419,Yield,201,"Lentils, dry",1996,1996,100 g/ha,7368,A,Official figure,
QCL,Crops and livestock products,143,Morocco,5510,Production,201,"Lentils, dry",1996,1996,t,35880,A,Official figure,
QCL,Crops and livestock products,143,Morocco,5312,Area harvested,201,"Lentils, dry",1997,1997,ha,54000,A,Official figure,
QCL,Crops and livestock products,143,Morocco,5419,Yield,201,"Lentils, dry",1997,1997,100 g/ha,4948,A,Official figure,
QCL,Crops and livestock products,143,Morocco,5510,Production,201,"Lentils, dry",1997,1997,t,26720,A,Official figure,
QCL,Crops and livestock products,143,Morocco,5312,Area harvested,201,"Lentils, dry",1998,1998,ha,57300,A,Official figure,
QCL,Crops and livestock products,143,Morocco,5419,Yield,201,"Lentils, dry",1998,1998,100 g/ha,4335,A,Official figure,
QCL,Crops and livestock products,143,Morocco,5510,Production,201,"Lentils, dry",1998,1998,t,24840,A,Official figure,
QCL,Crops and livestock products,143,Morocco,5312,Area harvested,201,"Lentils, dry",1999,1999,ha,42300,A,Official figure,
QCL,Crops and livestock products,143,Morocco,5419,Yield,201,"Lentils, dry",1999,1999,100 g/ha,3064,A,Official figure,
QCL,Crops and livestock products,143,Morocco,5510,Production,201,"Lentils, dry",1999,1999,t,12960,A,Official figure,
QCL,Crops and livestock products,143,Morocco,5312,Area harvested,201,"Lentils, dry",2000,2000,ha,41400,A,Official figure,
QCL,Crops and livestock products,143,Morocco,5419,Yield,201,"Lentils, dry",2000,2000,100 g/ha,647,A,Official figure,
QCL,Crops and livestock products,143,Morocco,5510,Production,201,"Lentils, dry",2000,2000,t,2680,A,Official figure,
QCL,Crops and livestock products,143,Morocco,5312,Area harvested,201,"Lentils, dry",2001,2001,ha,41900,A,Official figure,
QCL,Crops and livestock products,143,Morocco,5419,Yield,201,"Lentils, dry",2001,2001,100 g/ha,3076,A,Official figure,
QCL,Crops and livestock products,143,Morocco,5510,Production,201,"Lentils, dry",2001,2001,t,12890,A,Official figure,
QCL,Crops and livestock products,143,Morocco,5312,Area harvested,201,"Lentils, dry",2002,2002,ha,61100,A,Official figure,
QCL,Crops and livestock products,143,Morocco,5419,Yield,201,"Lentils, dry",2002,2002,100 g/ha,6820,A,Official figure,
QCL,Crops and livestock products,143,Morocco,5510,Production,201,"Lentils, dry",2002,2002,t,41670,A,Official figure,
QCL,Crops and livestock products,143,Morocco,5312,Area harvested,201,"Lentils, dry",2003,2003,ha,54200,A,Official figure,
QCL,Crops and livestock products,143,Morocco,5419,Yield,201,"Lentils, dry",2003,2003,100 g/ha,6203,A,Official figure,
QCL,Crops and livestock products,143,Morocco,5510,Production,201,"Lentils, dry",2003,2003,t,33620,A,Official figure,
QCL,Crops and livestock products,143,Morocco,5312,Area harvested,201,"Lentils, dry",2004,2004,ha,52100,A,Official figure,
QCL,Crops and livestock products,143,Morocco,5419,Yield,201,"Lentils, dry",2004,2004,100 g/ha,6248,A,Official figure,
QCL,Crops and livestock products,143,Morocco,5510,Production,201,"Lentils, dry",2004,2004,t,32550,A,Official figure,
QCL,Crops and livestock products,143,Morocco,5312,Area harvested,201,"Lentils, dry",2005,2005,ha,49200,A,Official figure,
QCL,Crops and livestock products,143,Morocco,5419,Yield,201,"Lentils, dry",2005,2005,100 g/ha,2986,A,Official figure,
QCL,Crops and livestock products,143,Morocco,5510,Production,201,"Lentils, dry",2005,2005,t,14690,A,Official figure,
QCL,Crops and livestock products,143,Morocco,5312,Area harvested,201,"Lentils, dry",2006,2006,ha,50300,A,Official figure,
QCL,Crops and livestock products,143,Morocco,5419,Yield,201,"Lentils, dry",2006,2006,100 g/ha,6805,A,Official figure,
QCL,Crops and livestock products,143,Morocco,5510,Production,201,"Lentils, dry",2006,2006,t,34230,A,Official figure,
QCL,Crops and livestock products,143,Morocco,5312,Area harvested,201,"Lentils, dry",2007,2007,ha,32700,A,Official figure,
QCL,Crops and livestock products,143,Morocco,5419,Yield,201,"Lentils, dry",2007,2007,100 g/ha,2599,A,Official figure,
QCL,Crops and livestock products,143,Morocco,5510,Production,201,"Lentils, dry",2007,2007,t,8500,A,Official figure,
QCL,Crops and livestock products,143,Morocco,5312,Area harvested,201,"Lentils, dry",2008,2008,ha,35200,A,Official figure,
QCL,Crops and livestock products,143,Morocco,5419,Yield,201,"Lentils, dry",2008,2008,100 g/ha,2665,A,Official figure,
QCL,Crops and livestock products,143,Morocco,5510,Production,201,"Lentils, dry",2008,2008,t,9380,A,Official figure,
QCL,Crops and livestock products,143,Morocco,5312,Area harvested,201,"Lentils, dry",2009,2009,ha,34700,A,Official figure,
QCL,Crops and livestock products,143,Morocco,5419,Yield,201,"Lentils, dry",2009,2009,100 g/ha,6689,A,Official figure,
QCL,Crops and livestock products,143,Morocco,5510,Production,201,"Lentils, dry",2009,2009,t,23210,A,Official figure,
QCL,Crops and livestock products,143,Morocco,5312,Area harvested,201,"Lentils, dry",2010,2010,ha,40500,A,Official figure,
QCL,Crops and livestock products,143,Morocco,5419,Yield,201,"Lentils, dry",2010,2010,100 g/ha,7017,A,Official figure,
QCL,Crops and livestock products,143,Morocco,5510,Production,201,"Lentils, dry",2010,2010,t,28420,A,Official figure,
QCL,Crops and livestock products,143,Morocco,5312,Area harvested,201,"Lentils, dry",2011,2011,ha,57980,A,Official figure,
QCL,Crops and livestock products,143,Morocco,5419,Yield,201,"Lentils, dry",2011,2011,100 g/ha,7837,A,Official figure,
QCL,Crops and livestock products,143,Morocco,5510,Production,201,"Lentils, dry",2011,2011,t,45438,A,Official figure,
QCL,Crops and livestock products,143,Morocco,5312,Area harvested,201,"Lentils, dry",2012,2012,ha,49110,A,Official figure,
QCL,Crops and livestock products,143,Morocco,5419,Yield,201,"Lentils, dry",2012,2012,100 g/ha,4490,A,Official figure,
QCL,Crops and livestock products,143,Morocco,5510,Production,201,"Lentils, dry",2012,2012,t,22048,A,Official figure,
QCL,Crops and livestock products,143,Morocco,5312,Area harvested,201,"Lentils, dry",2013,2013,ha,53266,A,Official figure,
QCL,Crops and livestock products,143,Morocco,5419,Yield,201,"Lentils, dry",2013,2013,100 g/ha,8063,A,Official figure,
QCL,Crops and livestock products,143,Morocco,5510,Production,201,"Lentils, dry",2013,2013,t,42948.85,A,Official figure,
QCL,Crops and livestock products,143,Morocco,5312,Area harvested,201,"Lentils, dry",2014,2014,ha,45863,A,Official figure,
QCL,Crops and livestock products,143,Morocco,5419,Yield,201,"Lentils, dry",2014,2014,100 g/ha,6688,A,Official figure,
QCL,Crops and livestock products,143,Morocco,5510,Production,201,"Lentils, dry",2014,2014,t,30670.75,A,Official figure,
QCL,Crops and livestock products,143,Morocco,5312,Area harvested,201,"Lentils, dry",2015,2015,ha,45495,A,Official figure,
QCL,Crops and livestock products,143,Morocco,5419,Yield,201,"Lentils, dry",2015,2015,100 g/ha,10991,A,Official figure,
QCL,Crops and livestock products,143,Morocco,5510,Production,201,"Lentils, dry",2015,2015,t,50003.95,A,Official figure,
QCL,Crops and livestock products,143,Morocco,5312,Area harvested,201,"Lentils, dry",2016,2016,ha,9581,A,Official figure,
QCL,Crops and livestock products,143,Morocco,5419,Yield,201,"Lentils, dry",2016,2016,100 g/ha,2091,A,Official figure,
QCL,Crops and livestock products,143,Morocco,5510,Production,201,"Lentils, dry",2016,2016,t,2003.5,A,Official figure,
QCL,Crops and livestock products,143,Morocco,5312,Area harvested,201,"Lentils, dry",2017,2017,ha,42838,A,Official figure,
QCL,Crops and livestock products,143,Morocco,5419,Yield,201,"Lentils, dry",2017,2017,100 g/ha,6574,A,Official figure,
QCL,Crops and livestock products,143,Morocco,5510,Production,201,"Lentils, dry",2017,2017,t,28163,A,Official figure,
QCL,Crops and livestock products,143,Morocco,5312,Area harvested,201,"Lentils, dry",2018,2018,ha,39797,A,Official figure,
QCL,Crops and livestock products,143,Morocco,5419,Yield,201,"Lentils, dry",2018,2018,100 g/ha,7975,A,Official figure,
QCL,Crops and livestock products,143,Morocco,5510,Production,201,"Lentils, dry",2018,2018,t,31738.84,A,Official figure,
QCL,Crops and livestock products,143,Morocco,5312,Area harvested,201,"Lentils, dry",2019,2019,ha,40207,A,Official figure,
QCL,Crops and livestock products,143,Morocco,5419,Yield,201,"Lentils, dry",2019,2019,100 g/ha,9226,A,Official figure,
QCL,Crops and livestock products,143,Morocco,5510,Production,201,"Lentils, dry",2019,2019,t,37094.71,A,Official figure,
QCL,Crops and livestock products,143,Morocco,5312,Area harvested,201,"Lentils, dry",2020,2020,ha,40560,A,Official figure,
QCL,Crops and livestock products,143,Morocco,5419,Yield,201,"Lentils, dry",2020,2020,100 g/ha,2230,A,Official figure,
QCL,Crops and livestock products,143,Morocco,5510,Production,201,"Lentils, dry",2020,2020,t,9043.84,A,Official figure,
QCL,Crops and livestock products,143,Morocco,5312,Area harvested,201,"Lentils, dry",2021,2021,ha,41687,A,Official figure,
QCL,Crops and livestock products,143,Morocco,5419,Yield,201,"Lentils, dry",2021,2021,100 g/ha,9980,A,Official figure,
QCL,Crops and livestock products,143,Morocco,5510,Production,201,"Lentils, dry",2021,2021,t,41602,A,Official figure,
QCL,Crops and livestock products,143,Morocco,5312,Area harvested,201,"Lentils, dry",2022,2022,ha,38007,A,Official figure,
QCL,Crops and livestock products,143,Morocco,5419,Yield,201,"Lentils, dry",2022,2022,100 g/ha,2625,A,Official figure,
QCL,Crops and livestock products,143,Morocco,5510,Production,201,"Lentils, dry",2022,2022,t,9978.63,A,Official figure,
QCL,Crops and livestock products,143,Morocco,5312,Area harvested,372,Lettuce and chicory,1961,1961,ha,15,E,Estimated value,
QCL,Crops and livestock products,143,Morocco,5419,Yield,372,Lettuce and chicory,1961,1961,100 g/ha,200000,E,Estimated value,
QCL,Crops and livestock products,143,Morocco,5510,Production,372,Lettuce and chicory,1961,1961,t,300,E,Estimated value,
QCL,Crops and livestock products,143,Morocco,5312,Area harvested,372,Lettuce and chicory,1962,1962,ha,15,E,Estimated value,
QCL,Crops and livestock products,143,Morocco,5419,Yield,372,Lettuce and chicory,1962,1962,100 g/ha,200000,E,Estimated value,
QCL,Crops and livestock products,143,Morocco,5510,Production,372,Lettuce and chicory,1962,1962,t,300,E,Estimated value,
QCL,Crops and livestock products,143,Morocco,5312,Area harvested,372,Lettuce and chicory,1963,1963,ha,10,E,Estimated value,
QCL,Crops and livestock products,143,Morocco,5419,Yield,372,Lettuce and chicory,1963,1963,100 g/ha,200000,E,Estimated value,
QCL,Crops and livestock products,143,Morocco,5510,Production,372,Lettuce and chicory,1963,1963,t,200,E,Estimated value,
QCL,Crops and livestock products,143,Morocco,5312,Area harvested,372,Lettuce and chicory,1964,1964,ha,10,E,Estimated value,
QCL,Crops and livestock products,143,Morocco,5419,Yield,372,Lettuce and chicory,1964,1964,100 g/ha,200000,E,Estimated value,
QCL,Crops and livestock products,143,Morocco,5510,Production,372,Lettuce and chicory,1964,1964,t,200,E,Estimated value,
QCL,Crops and livestock products,143,Morocco,5312,Area harvested,372,Lettuce and chicory,1965,1965,ha,10,E,Estimated value,
QCL,Crops and livestock products,143,Morocco,5419,Yield,372,Lettuce and chicory,1965,1965,100 g/ha,200000,E,Estimated value,
QCL,Crops and livestock products,143,Morocco,5510,Production,372,Lettuce and chicory,1965,1965,t,200,E,Estimated value,
QCL,Crops and livestock products,143,Morocco,5312,Area harvested,372,Lettuce and chicory,1966,1966,ha,8,E,Estimated value,
QCL,Crops and livestock products,143,Morocco,5419,Yield,372,Lettuce and chicory,1966,1966,100 g/ha,187500,E,Estimated value,
QCL,Crops and livestock products,143,Morocco,5510,Production,372,Lettuce and chicory,1966,1966,t,150,E,Estimated value,
QCL,Crops and livestock products,143,Morocco,5312,Area harvested,372,Lettuce and chicory,1967,1967,ha,10,E,Estimated value,
QCL,Crops and livestock products,143,Morocco,5419,Yield,372,Lettuce and chicory,1967,1967,100 g/ha,200000,E,Estimated value,
QCL,Crops and livestock products,143,Morocco,5510,Production,372,Lettuce and chicory,1967,1967,t,200,E,Estimated value,
QCL,Crops and livestock products,143,Morocco,5312,Area harvested,372,Lettuce and chicory,1968,1968,ha,10,E,Estimated value,
QCL,Crops and livestock products,143,Morocco,5419,Yield,372,Lettuce and chicory,1968,1968,100 g/ha,200000,E,Estimated value,
QCL,Crops and livestock products,143,Morocco,5510,Production,372,Lettuce and chicory,1968,1968,t,200,E,Estimated value,
QCL,Crops and livestock products,143,Morocco,5312,Area harvested,372,Lettuce and chicory,1969,1969,ha,10,E,Estimated value,
QCL,Crops and livestock products,143,Morocco,5419,Yield,372,Lettuce and chicory,1969,1969,100 g/ha,200000,E,Estimated value,
QCL,Crops and livestock products,143,Morocco,5510,Production,372,Lettuce and chicory,1969,1969,t,200,E,Estimated value,
QCL,Crops and livestock products,143,Morocco,5312,Area harvested,372,Lettuce and chicory,1970,1970,ha,8,E,Estimated value,
QCL,Crops and livestock products,143,Morocco,5419,Yield,372,Lettuce and chicory,1970,1970,100 g/ha,187500,E,Estimated value,
QCL,Crops and livestock products,143,Morocco,5510,Production,372,Lettuce and chicory,1970,1970,t,150,E,Estimated value,
QCL,Crops and livestock products,143,Morocco,5312,Area harvested,372,Lettuce and chicory,1971,1971,ha,8,E,Estimated value,
QCL,Crops and livestock products,143,Morocco,5419,Yield,372,Lettuce and chicory,1971,1971,100 g/ha,187500,E,Estimated value,
QCL,Crops and livestock products,143,Morocco,5510,Production,372,Lettuce and chicory,1971,1971,t,150,E,Estimated value,
QCL,Crops and livestock products,143,Morocco,5312,Area harvested,372,Lettuce and chicory,1972,1972,ha,8,E,Estimated value,
QCL,Crops and livestock products,143,Morocco,5419,Yield,372,Lettuce and chicory,1972,1972,100 g/ha,187500,E,Estimated value,
QCL,Crops and livestock products,143,Morocco,5510,Production,372,Lettuce and chicory,1972,1972,t,150,E,Estimated value,
QCL,Crops and livestock products,143,Morocco,5312,Area harvested,372,Lettuce and chicory,1973,1973,ha,8,E,Estimated value,
QCL,Crops and livestock products,143,Morocco,5419,Yield,372,Lettuce and chicory,1973,1973,100 g/ha,187500,E,Estimated value,
QCL,Crops and livestock products,143,Morocco,5510,Production,372,Lettuce and chicory,1973,1973,t,150,E,Estimated value,
QCL,Crops and livestock products,143,Morocco,5312,Area harvested,372,Lettuce and chicory,1974,1974,ha,8,E,Estimated value,
QCL,Crops and livestock products,143,Morocco,5419,Yield,372,Lettuce and chicory,1974,1974,100 g/ha,187500,E,Estimated value,
QCL,Crops and livestock products,143,Morocco,5510,Production,372,Lettuce and chicory,1974,1974,t,150,E,Estimated value,
QCL,Crops and livestock products,143,Morocco,5312,Area harvested,372,Lettuce and chicory,1975,1975,ha,8,E,Estimated value,
QCL,Crops and livestock products,143,Morocco,5419,Yield,372,Lettuce and chicory,1975,1975,100 g/ha,187500,E,Estimated value,
QCL,Crops and livestock products,143,Morocco,5510,Production,372,Lettuce and chicory,1975,1975,t,150,E,Estimated value,
QCL,Crops and livestock products,143,Morocco,5312,Area harvested,372,Lettuce and chicory,1976,1976,ha,8,E,Estimated value,
QCL,Crops and livestock products,143,Morocco,5419,Yield,372,Lettuce and chicory,1976,1976,100 g/ha,187500,E,Estimated value,
QCL,Crops and livestock products,143,Morocco,5510,Production,372,Lettuce and chicory,1976,1976,t,150,E,Estimated value,
QCL,Crops and livestock products,143,Morocco,5312,Area harvested,372,Lettuce and chicory,1977,1977,ha,8,E,Estimated value,
QCL,Crops and livestock products,143,Morocco,5419,Yield,372,Lettuce and chicory,1977,1977,100 g/ha,187500,E,Estimated value,
QCL,Crops and livestock products,143,Morocco,5510,Production,372,Lettuce and chicory,1977,1977,t,150,E,Estimated value,
QCL,Crops and livestock products,143,Morocco,5312,Area harvested,372,Lettuce and chicory,1978,1978,ha,8,E,Estimated value,
QCL,Crops and livestock products,143,Morocco,5419,Yield,372,Lettuce and chicory,1978,1978,100 g/ha,187500,E,Estimated value,
QCL,Crops and livestock products,143,Morocco,5510,Production,372,Lettuce and chicory,1978,1978,t,150,E,Estimated value,
QCL,Crops and livestock products,143,Morocco,5312,Area harvested,372,Lettuce and chicory,1979,1979,ha,8,E,Estimated value,
QCL,Crops and livestock products,143,Morocco,5419,Yield,372,Lettuce and chicory,1979,1979,100 g/ha,187500,E,Estimated value,
QCL,Crops and livestock products,143,Morocco,5510,Production,372,Lettuce and chicory,1979,1979,t,150,E,Estimated value,
QCL,Crops and livestock products,143,Morocco,5312,Area harvested,372,Lettuce and chicory,1980,1980,ha,8,E,Estimated value,
QCL,Crops and livestock products,143,Morocco,5419,Yield,372,Lettuce and chicory,1980,1980,100 g/ha,187500,E,Estimated value,
QCL,Crops and livestock products,143,Morocco,5510,Production,372,Lettuce and chicory,1980,1980,t,150,E,Estimated value,
QCL,Crops and livestock products,143,Morocco,5312,Area harvested,372,Lettuce and chicory,1981,1981,ha,9,E,Estimated value,
QCL,Crops and livestock products,143,Morocco,5419,Yield,372,Lettuce and chicory,1981,1981,100 g/ha,200000,E,Estimated value,
QCL,Crops and livestock products,143,Morocco,5510,Production,372,Lettuce and chicory,1981,1981,t,180,E,Estimated value,
QCL,Crops and livestock products,143,Morocco,5312,Area harvested,372,Lettuce and chicory,1982,1982,ha,9,E,Estimated value,
QCL,Crops and livestock products,143,Morocco,5419,Yield,372,Lettuce and chicory,1982,1982,100 g/ha,200000,E,Estimated value,
QCL,Crops and livestock products,143,Morocco,5510,Production,372,Lettuce and chicory,1982,1982,t,180,E,Estimated value,
QCL,Crops and livestock products,143,Morocco,5312,Area harvested,372,Lettuce and chicory,1983,1983,ha,8,E,Estimated value,
QCL,Crops and livestock products,143,Morocco,5419,Yield,372,Lettuce and chicory,1983,1983,100 g/ha,187500,E,Estimated value,
QCL,Crops and livestock products,143,Morocco,5510,Production,372,Lettuce and chicory,1983,1983,t,150,E,Estimated value,
QCL,Crops and livestock products,143,Morocco,5312,Area harvested,372,Lettuce and chicory,1984,1984,ha,50,E,Estimated value,
QCL,Crops and livestock products,143,Morocco,5419,Yield,372,Lettuce and chicory,1984,1984,100 g/ha,200000,E,Estimated value,
QCL,Crops and livestock products,143,Morocco,5510,Production,372,Lettuce and chicory,1984,1984,t,1000,E,Estimated value,
QCL,Crops and livestock products,143,Morocco,5312,Area harvested,372,Lettuce and chicory,1985,1985,ha,50,E,Estimated value,
QCL,Crops and livestock products,143,Morocco,5419,Yield,372,Lettuce and chicory,1985,1985,100 g/ha,200000,E,Estimated value,
QCL,Crops and livestock products,143,Morocco,5510,Production,372,Lettuce and chicory,1985,1985,t,1000,E,Estimated value,
QCL,Crops and livestock products,143,Morocco,5312,Area harvested,372,Lettuce and chicory,1986,1986,ha,100,E,Estimated value,
QCL,Crops and livestock products,143,Morocco,5419,Yield,372,Lettuce and chicory,1986,1986,100 g/ha,200000,E,Estimated value,
QCL,Crops and livestock products,143,Morocco,5510,Production,372,Lettuce and chicory,1986,1986,t,2000,E,Estimated value,
QCL,Crops and livestock products,143,Morocco,5312,Area harvested,372,Lettuce and chicory,1987,1987,ha,100,E,Estimated value,
QCL,Crops and livestock products,143,Morocco,5419,Yield,372,Lettuce and chicory,1987,1987,100 g/ha,200000,E,Estimated value,
QCL,Crops and livestock products,143,Morocco,5510,Production,372,Lettuce and chicory,1987,1987,t,2000,E,Estimated value,
QCL,Crops and livestock products,143,Morocco,5312,Area harvested,372,Lettuce and chicory,1988,1988,ha,150,E,Estimated value,
QCL,Crops and livestock products,143,Morocco,5419,Yield,372,Lettuce and chicory,1988,1988,100 g/ha,200000,E,Estimated value,
QCL,Crops and livestock products,143,Morocco,5510,Production,372,Lettuce and chicory,1988,1988,t,3000,E,Estimated value,
QCL,Crops and livestock products,143,Morocco,5312,Area harvested,372,Lettuce and chicory,1989,1989,ha,150,E,Estimated value,
QCL,Crops and livestock products,143,Morocco,5419,Yield,372,Lettuce and chicory,1989,1989,100 g/ha,200000,E,Estimated value,
QCL,Crops and livestock products,143,Morocco,5510,Production,372,Lettuce and chicory,1989,1989,t,3000,E,Estimated value,
QCL,Crops and livestock products,143,Morocco,5312,Area harvested,372,Lettuce and chicory,1990,1990,ha,200,E,Estimated value,
QCL,Crops and livestock products,143,Morocco,5419,Yield,372,Lettuce and chicory,1990,1990,100 g/ha,200000,E,Estimated value,
QCL,Crops and livestock products,143,Morocco,5510,Production,372,Lettuce and chicory,1990,1990,t,4000,E,Estimated value,
QCL,Crops and livestock products,143,Morocco,5312,Area harvested,372,Lettuce and chicory,1991,1991,ha,201,I,Imputed value,
QCL,Crops and livestock products,143,Morocco,5419,Yield,372,Lettuce and chicory,1991,1991,100 g/ha,200000,E,Estimated value,
QCL,Crops and livestock products,143,Morocco,5510,Production,372,Lettuce and chicory,1991,1991,t,4025.5,I,Imputed value,
QCL,Crops and livestock products,143,Morocco,5312,Area harvested,372,Lettuce and chicory,1992,1992,ha,203,I,Imputed value,
QCL,Crops and livestock products,143,Morocco,5419,Yield,372,Lettuce and chicory,1992,1992,100 g/ha,200000,E,Estimated value,
QCL,Crops and livestock products,143,Morocco,5510,Production,372,Lettuce and chicory,1992,1992,t,4052.53,I,Imputed value,
QCL,Crops and livestock products,143,Morocco,5312,Area harvested,372,Lettuce and chicory,1993,1993,ha,204,I,Imputed value,
QCL,Crops and livestock products,143,Morocco,5419,Yield,372,Lettuce and chicory,1993,1993,100 g/ha,200000,E,Estimated value,
QCL,Crops and livestock products,143,Morocco,5510,Production,372,Lettuce and chicory,1993,1993,t,4079.89,I,Imputed value,
QCL,Crops and livestock products,143,Morocco,5312,Area harvested,372,Lettuce and chicory,1994,1994,ha,205,I,Imputed value,
QCL,Crops and livestock products,143,Morocco,5419,Yield,372,Lettuce and chicory,1994,1994,100 g/ha,200000,E,Estimated value,
QCL,Crops and livestock products,143,Morocco,5510,Production,372,Lettuce and chicory,1994,1994,t,4107.74,I,Imputed value,
QCL,Crops and livestock products,143,Morocco,5312,Area harvested,372,Lettuce and chicory,1995,1995,ha,207,I,Imputed value,
QCL,Crops and livestock products,143,Morocco,5419,Yield,372,Lettuce and chicory,1995,1995,100 g/ha,200000,E,Estimated value,
QCL,Crops and livestock products,143,Morocco,5510,Production,372,Lettuce and chicory,1995,1995,t,4136.24,I,Imputed value,
QCL,Crops and livestock products,143,Morocco,5312,Area harvested,372,Lettuce and chicory,1996,1996,ha,208,I,Imputed value,
QCL,Crops and livestock products,143,Morocco,5419,Yield,372,Lettuce and chicory,1996,1996,100 g/ha,200000,E,Estimated value,
QCL,Crops and livestock products,143,Morocco,5510,Production,372,Lettuce and chicory,1996,1996,t,4165.55,I,Imputed value,
QCL,Crops and livestock products,143,Morocco,5312,Area harvested,372,Lettuce and chicory,1997,1997,ha,210,I,Imputed value,
QCL,Crops and livestock products,143,Morocco,5419,Yield,372,Lettuce and chicory,1997,1997,100 g/ha,200000,E,Estimated value,
QCL,Crops and livestock products,143,Morocco,5510,Production,372,Lettuce and chicory,1997,1997,t,4195.83,I,Imputed value,
QCL,Crops and livestock products,143,Morocco,5312,Area harvested,372,Lettuce and chicory,1998,1998,ha,211,I,Imputed value,
QCL,Crops and livestock products,143,Morocco,5419,Yield,372,Lettuce and chicory,1998,1998,100 g/ha,200000,E,Estimated value,
QCL,Crops and livestock products,143,Morocco,5510,Production,372,Lettuce and chicory,1998,1998,t,4227.23,I,Imputed value,
QCL,Crops and livestock products,143,Morocco,5312,Area harvested,372,Lettuce and chicory,1999,1999,ha,213,I,Imputed value,
QCL,Crops and livestock products,143,Morocco,5419,Yield,372,Lettuce and chicory,1999,1999,100 g/ha,200000,E,Estimated value,
QCL,Crops and livestock products,143,Morocco,5510,Production,372,Lettuce and chicory,1999,1999,t,4259.91,I,Imputed value,
QCL,Crops and livestock products,143,Morocco,5312,Area harvested,372,Lettuce and chicory,2000,2000,ha,215,I,Imputed value,
QCL,Crops and livestock products,143,Morocco,5419,Yield,372,Lettuce and chicory,2000,2000,100 g/ha,200000,E,Estimated value,
QCL,Crops and livestock products,143,Morocco,5510,Production,372,Lettuce and chicory,2000,2000,t,4294.03,I,Imputed value,
QCL,Crops and livestock products,143,Morocco,5312,Area harvested,372,Lettuce and chicory,2001,2001,ha,216,I,Imputed value,
QCL,Crops and livestock products,143,Morocco,5419,Yield,372,Lettuce and chicory,2001,2001,100 g/ha,200000,E,Estimated value,
QCL,Crops and livestock products,143,Morocco,5510,Production,372,Lettuce and chicory,2001,2001,t,4329.75,I,Imputed value,
QCL,Crops and livestock products,143,Morocco,5312,Area harvested,372,Lettuce and chicory,2002,2002,ha,218,I,Imputed value,
QCL,Crops and livestock products,143,Morocco,5419,Yield,372,Lettuce and chicory,2002,2002,100 g/ha,200000,E,Estimated value,
QCL,Crops and livestock products,143,Morocco,5510,Production,372,Lettuce and chicory,2002,2002,t,4367.23,I,Imputed value,
QCL,Crops and livestock products,143,Morocco,5312,Area harvested,372,Lettuce and chicory,2003,2003,ha,220,E,Estimated value,
QCL,Crops and livestock products,143,Morocco,5419,Yield,372,Lettuce and chicory,2003,2003,100 g/ha,200000,E,Estimated value,
QCL,Crops and livestock products,143,Morocco,5510,Production,372,Lettuce and chicory,2003,2003,t,4400,E,Estimated value,
QCL,Crops and livestock products,143,Morocco,5312,Area harvested,372,Lettuce and chicory,2004,2004,ha,222,I,Imputed value,
QCL,Crops and livestock products,143,Morocco,5419,Yield,372,Lettuce and chicory,2004,2004,100 g/ha,200000,E,Estimated value,
QCL,Crops and livestock products,143,Morocco,5510,Production,372,Lettuce and chicory,2004,2004,t,4448.73,I,Imputed value,
QCL,Crops and livestock products,143,Morocco,5312,Area harvested,372,Lettuce and chicory,2005,2005,ha,225,I,Imputed value,
QCL,Crops and livestock products,143,Morocco,5419,Yield,372,Lettuce and chicory,2005,2005,100 g/ha,200000,E,Estimated value,
QCL,Crops and livestock products,143,Morocco,5510,Production,372,Lettuce and chicory,2005,2005,t,4494.54,I,Imputed value,
QCL,Crops and livestock products,143,Morocco,5312,Area harvested,372,Lettuce and chicory,2006,2006,ha,227,I,Imputed value,
QCL,Crops and livestock products,143,Morocco,5419,Yield,372,Lettuce and chicory,2006,2006,100 g/ha,200000,E,Estimated value,
QCL,Crops and livestock products,143,Morocco,5510,Production,372,Lettuce and chicory,2006,2006,t,4545.67,I,Imputed value,
QCL,Crops and livestock products,143,Morocco,5312,Area harvested,372,Lettuce and chicory,2007,2007,ha,230,E,Estimated value,
QCL,Crops and livestock products,143,Morocco,5419,Yield,372,Lettuce and chicory,2007,2007,100 g/ha,200000,E,Estimated value,
QCL,Crops and livestock products,143,Morocco,5510,Production,372,Lettuce and chicory,2007,2007,t,4600,E,Estimated value,
QCL,Crops and livestock products,143,Morocco,5312,Area harvested,372,Lettuce and chicory,2008,2008,ha,234,I,Imputed value,
QCL,Crops and livestock products,143,Morocco,5419,Yield,372,Lettuce and chicory,2008,2008,100 g/ha,200000,E,Estimated value,
QCL,Crops and livestock products,143,Morocco,5510,Production,372,Lettuce and chicory,2008,2008,t,4670.47,I,Imputed value,
QCL,Crops and livestock products,143,Morocco,5312,Area harvested,372,Lettuce and chicory,2009,2009,ha,237,I,Imputed value,
QCL,Crops and livestock products,143,Morocco,5419,Yield,372,Lettuce and chicory,2009,2009,100 g/ha,200000,E,Estimated value,
QCL,Crops and livestock products,143,Morocco,5510,Production,372,Lettuce and chicory,2009,2009,t,4744.06,I,Imputed value,
QCL,Crops and livestock products,143,Morocco,5312,Area harvested,372,Lettuce and chicory,2010,2010,ha,241,I,Imputed value,
QCL,Crops and livestock products,143,Morocco,5419,Yield,372,Lettuce and chicory,2010,2010,100 g/ha,200000,E,Estimated value,
QCL,Crops and livestock products,143,Morocco,5510,Production,372,Lettuce and chicory,2010,2010,t,4822.79,I,Imputed value,
QCL,Crops and livestock products,143,Morocco,5312,Area harvested,372,Lettuce and chicory,2011,2011,ha,245,I,Imputed value,
QCL,Crops and livestock products,143,Morocco,5419,Yield,372,Lettuce and chicory,2011,2011,100 g/ha,200000,E,Estimated value,
QCL,Crops and livestock products,143,Morocco,5510,Production,372,Lettuce and chicory,2011,2011,t,4904.97,I,Imputed value,
QCL,Crops and livestock products,143,Morocco,5312,Area harvested,372,Lettuce and chicory,2012,2012,ha,250,E,Estimated value,
QCL,Crops and livestock products,143,Morocco,5419,Yield,372,Lettuce and chicory,2012,2012,100 g/ha,200000,E,Estimated value,
QCL,Crops and livestock products,143,Morocco,5510,Production,372,Lettuce and chicory,2012,2012,t,5000,E,Estimated value,
QCL,Crops and livestock products,143,Morocco,5312,Area harvested,372,Lettuce and chicory,2013,2013,ha,254,I,Imputed value,
QCL,Crops and livestock products,143,Morocco,5419,Yield,372,Lettuce and chicory,2013,2013,100 g/ha,200000,E,Estimated value,
QCL,Crops and livestock products,143,Morocco,5510,Production,372,Lettuce and chicory,2013,2013,t,5073.87,I,Imputed value,
QCL,Crops and livestock products,143,Morocco,5312,Area harvested,372,Lettuce and chicory,2014,2014,ha,258,I,Imputed value,
QCL,Crops and livestock products,143,Morocco,5419,Yield,372,Lettuce and chicory,2014,2014,100 g/ha,200007,E,Estimated value,
QCL,Crops and livestock products,143,Morocco,5510,Production,372,Lettuce and chicory,2014,2014,t,5151.95,I,Imputed value,
QCL,Crops and livestock products,143,Morocco,5312,Area harvested,372,Lettuce and chicory,2015,2015,ha,260,I,Imputed value,
QCL,Crops and livestock products,143,Morocco,5419,Yield,372,Lettuce and chicory,2015,2015,100 g/ha,200013,E,Estimated value,
QCL,Crops and livestock products,143,Morocco,5510,Production,372,Lettuce and chicory,2015,2015,t,5206.54,I,Imputed value,
QCL,Crops and livestock products,143,Morocco,5312,Area harvested,372,Lettuce and chicory,2016,2016,ha,263,I,Imputed value,
QCL,Crops and livestock products,143,Morocco,5419,Yield,372,Lettuce and chicory,2016,2016,100 g/ha,200016,E,Estimated value,
QCL,Crops and livestock products,143,Morocco,5510,Production,372,Lettuce and chicory,2016,2016,t,5266.24,I,Imputed value,
QCL,Crops and livestock products,143,Morocco,5312,Area harvested,372,Lettuce and chicory,2017,2017,ha,266,I,Imputed value,
QCL,Crops and livestock products,143,Morocco,5419,Yield,372,Lettuce and chicory,2017,2017,100 g/ha,200017,E,Estimated value,
QCL,Crops and livestock products,143,Morocco,5510,Production,372,Lettuce and chicory,2017,2017,t,5328.37,I,Imputed value,
QCL,Crops and livestock products,143,Morocco,5312,Area harvested,372,Lettuce and chicory,2018,2018,ha,269,I,Imputed value,
QCL,Crops and livestock products,143,Morocco,5419,Yield,372,Lettuce and chicory,2018,2018,100 g/ha,200021,E,Estimated value,
QCL,Crops and livestock products,143,Morocco,5510,Production,372,Lettuce and chicory,2018,2018,t,5390.06,I,Imputed value,
QCL,Crops and livestock products,143,Morocco,5312,Area harvested,372,Lettuce and chicory,2019,2019,ha,274,I,Imputed value,
QCL,Crops and livestock products,143,Morocco,5419,Yield,372,Lettuce and chicory,2019,2019,100 g/ha,200027,E,Estimated value,
QCL,Crops and livestock products,143,Morocco,5510,Production,372,Lettuce and chicory,2019,2019,t,5480.37,I,Imputed value,
QCL,Crops and livestock products,143,Morocco,5312,Area harvested,372,Lettuce and chicory,2020,2020,ha,270,E,Estimated value,
QCL,Crops and livestock products,143,Morocco,5419,Yield,372,Lettuce and chicory,2020,2020,100 g/ha,200021,E,Estimated value,
QCL,Crops and livestock products,143,Morocco,5510,Production,372,Lettuce and chicory,2020,2020,t,5399.6,E,Estimated value,
QCL,Crops and livestock products,143,Morocco,5312,Area harvested,372,Lettuce and chicory,2021,2021,ha,271,E,Estimated value,
QCL,Crops and livestock products,143,Morocco,5419,Yield,372,Lettuce and chicory,2021,2021,100 g/ha,200023,E,Estimated value,
QCL,Crops and livestock products,143,Morocco,5510,Production,372,Lettuce and chicory,2021,2021,t,5423.34,E,Estimated value,
QCL,Crops and livestock products,143,Morocco,5312,Area harvested,372,Lettuce and chicory,2022,2022,ha,272,E,Estimated value,
QCL,Crops and livestock products,143,Morocco,5419,Yield,372,Lettuce and chicory,2022,2022,100 g/ha,200024,E,Estimated value,
QCL,Crops and livestock products,143,Morocco,5510,Production,372,Lettuce and chicory,2022,2022,t,5434.44,E,Estimated value,
QCL,Crops and livestock products,143,Morocco,5312,Area harvested,333,Linseed,1961,1961,ha,16000,A,Official figure,
QCL,Crops and livestock products,143,Morocco,5419,Yield,333,Linseed,1961,1961,100 g/ha,2500,A,Official figure,
QCL,Crops and livestock products,143,Morocco,5510,Production,333,Linseed,1961,1961,t,4000,A,Official figure,
QCL,Crops and livestock products,143,Morocco,5312,Area harvested,333,Linseed,1962,1962,ha,11000,A,Official figure,
QCL,Crops and livestock products,143,Morocco,5419,Yield,333,Linseed,1962,1962,100 g/ha,4545,A,Official figure,
QCL,Crops and livestock products,143,Morocco,5510,Production,333,Linseed,1962,1962,t,5000,A,Official figure,
QCL,Crops and livestock products,143,Morocco,5312,Area harvested,333,Linseed,1963,1963,ha,7000,A,Official figure,
QCL,Crops and livestock products,143,Morocco,5419,Yield,333,Linseed,1963,1963,100 g/ha,7143,A,Official figure,
QCL,Crops and livestock products,143,Morocco,5510,Production,333,Linseed,1963,1963,t,5000,A,Official figure,
QCL,Crops and livestock products,143,Morocco,5312,Area harvested,333,Linseed,1964,1964,ha,10000,A,Official figure,
QCL,Crops and livestock products,143,Morocco,5419,Yield,333,Linseed,1964,1964,100 g/ha,6000,A,Official figure,
QCL,Crops and livestock products,143,Morocco,5510,Production,333,Linseed,1964,1964,t,6000,A,Official figure,
QCL,Crops and livestock products,143,Morocco,5312,Area harvested,333,Linseed,1965,1965,ha,14000,A,Official figure,
QCL,Crops and livestock products,143,Morocco,5419,Yield,333,Linseed,1965,1965,100 g/ha,5000,A,Official figure,
QCL,Crops and livestock products,143,Morocco,5510,Production,333,Linseed,1965,1965,t,7000,A,Official figure,
QCL,Crops and livestock products,143,Morocco,5312,Area harvested,333,Linseed,1966,1966,ha,9000,A,Official figure,
QCL,Crops and livestock products,143,Morocco,5419,Yield,333,Linseed,1966,1966,100 g/ha,5556,A,Official figure,
QCL,Crops and livestock products,143,Morocco,5510,Production,333,Linseed,1966,1966,t,5000,A,Official figure,
QCL,Crops and livestock products,143,Morocco,5312,Area harvested,333,Linseed,1967,1967,ha,4000,A,Official figure,
QCL,Crops and livestock products,143,Morocco,5419,Yield,333,Linseed,1967,1967,100 g/ha,4000,A,Official figure,
QCL,Crops and livestock products,143,Morocco,5510,Production,333,Linseed,1967,1967,t,1600,A,Official figure,
QCL,Crops and livestock products,143,Morocco,5312,Area harvested,333,Linseed,1968,1968,ha,4081,A,Official figure,
QCL,Crops and livestock products,143,Morocco,5419,Yield,333,Linseed,1968,1968,100 g/ha,6481,A,Official figure,
QCL,Crops and livestock products,143,Morocco,5510,Production,333,Linseed,1968,1968,t,2645,A,Official figure,
QCL,Crops and livestock products,143,Morocco,5312,Area harvested,333,Linseed,1969,1969,ha,3900,A,Official figure,
QCL,Crops and livestock products,143,Morocco,5419,Yield,333,Linseed,1969,1969,100 g/ha,7308,A,Official figure,
QCL,Crops and livestock products,143,Morocco,5510,Production,333,Linseed,1969,1969,t,2850,A,Official figure,
QCL,Crops and livestock products,143,Morocco,5312,Area harvested,333,Linseed,1970,1970,ha,7900,A,Official figure,
QCL,Crops and livestock products,143,Morocco,5419,Yield,333,Linseed,1970,1970,100 g/ha,10506,A,Official figure,
QCL,Crops and livestock products,143,Morocco,5510,Production,333,Linseed,1970,1970,t,8300,A,Official figure,
QCL,Crops and livestock products,143,Morocco,5312,Area harvested,333,Linseed,1971,1971,ha,3100,A,Official figure,
QCL,Crops and livestock products,143,Morocco,5419,Yield,333,Linseed,1971,1971,100 g/ha,7613,A,Official figure,
QCL,Crops and livestock products,143,Morocco,5510,Production,333,Linseed,1971,1971,t,2360,A,Official figure,
QCL,Crops and livestock products,143,Morocco,5312,Area harvested,333,Linseed,1972,1972,ha,8300,A,Official figure,
QCL,Crops and livestock products,143,Morocco,5419,Yield,333,Linseed,1972,1972,100 g/ha,10590,A,Official figure,
QCL,Crops and livestock products,143,Morocco,5510,Production,333,Linseed,1972,1972,t,8790,A,Official figure,
QCL,Crops and livestock products,143,Morocco,5312,Area harvested,333,Linseed,1973,1973,ha,1900,A,Official figure,
QCL,Crops and livestock products,143,Morocco,5419,Yield,333,Linseed,1973,1973,100 g/ha,7158,A,Official figure,
QCL,Crops and livestock products,143,Morocco,5510,Production,333,Linseed,1973,1973,t,1360,A,Official figure,
QCL,Crops and livestock products,143,Morocco,5312,Area harvested,333,Linseed,1974,1974,ha,1900,A,Official figure,
QCL,Crops and livestock products,143,Morocco,5419,Yield,333,Linseed,1974,1974,100 g/ha,15053,A,Official figure,
QCL,Crops and livestock products,143,Morocco,5510,Production,333,Linseed,1974,1974,t,2860,A,Official figure,
QCL,Crops and livestock products,143,Morocco,5312,Area harvested,333,Linseed,1975,1975,ha,2400,A,Official figure,
QCL,Crops and livestock products,143,Morocco,5419,Yield,333,Linseed,1975,1975,100 g/ha,7417,A,Official figure,
QCL,Crops and livestock products,143,Morocco,5510,Production,333,Linseed,1975,1975,t,1780,A,Official figure,
QCL,Crops and livestock products,143,Morocco,5312,Area harvested,333,Linseed,1976,1976,ha,700,A,Official figure,
QCL,Crops and livestock products,143,Morocco,5419,Yield,333,Linseed,1976,1976,100 g/ha,5000,A,Official figure,
QCL,Crops and livestock products,143,Morocco,5510,Production,333,Linseed,1976,1976,t,350,A,Official figure,
QCL,Crops and livestock products,143,Morocco,5312,Area harvested,333,Linseed,1977,1977,ha,200,A,Official figure,
QCL,Crops and livestock products,143,Morocco,5419,Yield,333,Linseed,1977,1977,100 g/ha,7500,E,Estimated value,
QCL,Crops and livestock products,143,Morocco,5510,Production,333,Linseed,1977,1977,t,150,E,Estimated value,
QCL,Crops and livestock products,143,Morocco,5312,Area harvested,333,Linseed,1978,1978,ha,0,E,Estimated value,
QCL,Crops and livestock products,143,Morocco,5510,Production,333,Linseed,1978,1978,t,0,E,Estimated value,
QCL,Crops and livestock products,143,Morocco,5312,Area harvested,333,Linseed,1979,1979,ha,0,E,Estimated value,
QCL,Crops and livestock products,143,Morocco,5510,Production,333,Linseed,1979,1979,t,0,E,Estimated value,
QCL,Crops and livestock products,143,Morocco,5312,Area harvested,333,Linseed,1980,1980,ha,0,A,Official figure,
QCL,Crops and livestock products,143,Morocco,5510,Production,333,Linseed,1980,1980,t,0,A,Official figure,
QCL,Crops and livestock products,143,Morocco,5312,Area harvested,333,Linseed,1981,1981,ha,0,A,Official figure,
QCL,Crops and livestock products,143,Morocco,5510,Production,333,Linseed,1981,1981,t,0,A,Official figure,
QCL,Crops and livestock products,143,Morocco,5312,Area harvested,333,Linseed,1982,1982,ha,0,A,Official figure,
QCL,Crops and livestock products,143,Morocco,5510,Production,333,Linseed,1982,1982,t,0,A,Official figure,
QCL,Crops and livestock products,143,Morocco,5312,Area harvested,333,Linseed,1983,1983,ha,0,A,Official figure,
QCL,Crops and livestock products,143,Morocco,5510,Production,333,Linseed,1983,1983,t,0,A,Official figure,
QCL,Crops and livestock products,143,Morocco,5312,Area harvested,333,Linseed,1984,1984,ha,0,A,Official figure,
QCL,Crops and livestock products,143,Morocco,5510,Production,333,Linseed,1984,1984,t,0,A,Official figure,
QCL,Crops and livestock products,143,Morocco,5312,Area harvested,333,Linseed,1985,1985,ha,0,A,Official figure,
QCL,Crops and livestock products,143,Morocco,5510,Production,333,Linseed,1985,1985,t,0,A,Official figure,
QCL,Crops and livestock products,143,Morocco,5312,Area harvested,333,Linseed,1986,1986,ha,0,A,Official figure,
QCL,Crops and livestock products,143,Morocco,5510,Production,333,Linseed,1986,1986,t,0,A,Official figure,
QCL,Crops and livestock products,143,Morocco,5312,Area harvested,333,Linseed,1987,1987,ha,0,A,Official figure,
QCL,Crops and livestock products,143,Morocco,5510,Production,333,Linseed,1987,1987,t,0,A,Official figure,
QCL,Crops and livestock products,143,Morocco,5312,Area harvested,333,Linseed,1988,1988,ha,0,A,Official figure,
QCL,Crops and livestock products,143,Morocco,5510,Production,333,Linseed,1988,1988,t,0,A,Official figure,
QCL,Crops and livestock products,143,Morocco,5312,Area harvested,333,Linseed,1989,1989,ha,0,A,Official figure,
QCL,Crops and livestock products,143,Morocco,5510,Production,333,Linseed,1989,1989,t,0,A,Official figure,
QCL,Crops and livestock products,143,Morocco,5312,Area harvested,333,Linseed,1990,1990,ha,0,A,Official figure,
QCL,Crops and livestock products,143,Morocco,5510,Production,333,Linseed,1990,1990,t,0,A,Official figure,
QCL,Crops and livestock products,143,Morocco,5312,Area harvested,333,Linseed,1991,1991,ha,0,A,Official figure,
QCL,Crops and livestock products,143,Morocco,5510,Production,333,Linseed,1991,1991,t,0,A,Official figure,
QCL,Crops and livestock products,143,Morocco,5312,Area harvested,333,Linseed,1992,1992,ha,0,A,Official figure,
QCL,Crops and livestock products,143,Morocco,5510,Production,333,Linseed,1992,1992,t,0,A,Official figure,
QCL,Crops and livestock products,143,Morocco,5312,Area harvested,333,Linseed,1993,1993,ha,0,M,"Missing value (data cannot exist, not applicable)",
QCL,Crops and livestock products,143,Morocco,5510,Production,333,Linseed,1993,1993,t,0,M,"Missing value (data cannot exist, not applicable)",
QCL,Crops and livestock products,143,Morocco,5312,Area harvested,333,Linseed,1994,1994,ha,0,M,"Missing value (data cannot exist, not applicable)",
QCL,Crops and livestock products,143,Morocco,5510,Production,333,Linseed,1994,1994,t,0,M,"Missing value (data cannot exist, not applicable)",
QCL,Crops and livestock products,143,Morocco,5312,Area harvested,333,Linseed,1995,1995,ha,0,M,"Missing value (data cannot exist, not applicable)",
QCL,Crops and livestock products,143,Morocco,5510,Production,333,Linseed,1995,1995,t,0,M,"Missing value (data cannot exist, not applicable)",
QCL,Crops and livestock products,143,Morocco,5312,Area harvested,333,Linseed,1996,1996,ha,0,M,"Missing value (data cannot exist, not applicable)",
QCL,Crops and livestock products,143,Morocco,5510,Production,333,Linseed,1996,1996,t,0,M,"Missing value (data cannot exist, not applicable)",
QCL,Crops and livestock products,143,Morocco,5312,Area harvested,333,Linseed,1997,1997,ha,0,M,"Missing value (data cannot exist, not applicable)",
QCL,Crops and livestock products,143,Morocco,5510,Production,333,Linseed,1997,1997,t,0,M,"Missing value (data cannot exist, not applicable)",
QCL,Crops and livestock products,143,Morocco,5312,Area harvested,333,Linseed,1998,1998,ha,0,M,"Missing value (data cannot exist, not applicable)",
QCL,Crops and livestock products,143,Morocco,5510,Production,333,Linseed,1998,1998,t,0,M,"Missing value (data cannot exist, not applicable)",
QCL,Crops and livestock products,143,Morocco,5312,Area harvested,333,Linseed,1999,1999,ha,0,M,"Missing value (data cannot exist, not applicable)",
QCL,Crops and livestock products,143,Morocco,5510,Production,333,Linseed,1999,1999,t,0,M,"Missing value (data cannot exist, not applicable)",
QCL,Crops and livestock products,143,Morocco,5312,Area harvested,333,Linseed,2000,2000,ha,0,M,"Missing value (data cannot exist, not applicable)",
QCL,Crops and livestock products,143,Morocco,5510,Production,333,Linseed,2000,2000,t,0,M,"Missing value (data cannot exist, not applicable)",
QCL,Crops and livestock products,143,Morocco,5312,Area harvested,333,Linseed,2001,2001,ha,0,M,"Missing value (data cannot exist, not applicable)",
QCL,Crops and livestock products,143,Morocco,5510,Production,333,Linseed,2001,2001,t,0,M,"Missing value (data cannot exist, not applicable)",
QCL,Crops and livestock products,143,Morocco,5312,Area harvested,333,Linseed,2002,2002,ha,0,M,"Missing value (data cannot exist, not applicable)",
QCL,Crops and livestock products,143,Morocco,5510,Production,333,Linseed,2002,2002,t,0,M,"Missing value (data cannot exist, not applicable)",
QCL,Crops and livestock products,143,Morocco,5312,Area harvested,333,Linseed,2003,2003,ha,0,M,"Missing value (data cannot exist, not applicable)",
QCL,Crops and livestock products,143,Morocco,5510,Production,333,Linseed,2003,2003,t,0,M,"Missing value (data cannot exist, not applicable)",
QCL,Crops and livestock products,143,Morocco,5312,Area harvested,333,Linseed,2004,2004,ha,0,M,"Missing value (data cannot exist, not applicable)",
QCL,Crops and livestock products,143,Morocco,5510,Production,333,Linseed,2004,2004,t,0,M,"Missing value (data cannot exist, not applicable)",
QCL,Crops and livestock products,143,Morocco,5312,Area harvested,333,Linseed,2005,2005,ha,0,M,"Missing value (data cannot exist, not applicable)",
QCL,Crops and livestock products,143,Morocco,5510,Production,333,Linseed,2005,2005,t,0,M,"Missing value (data cannot exist, not applicable)",
QCL,Crops and livestock products,143,Morocco,5312,Area harvested,333,Linseed,2006,2006,ha,0,M,"Missing value (data cannot exist, not applicable)",
QCL,Crops and livestock products,143,Morocco,5510,Production,333,Linseed,2006,2006,t,0,M,"Missing value (data cannot exist, not applicable)",
QCL,Crops and livestock products,143,Morocco,5312,Area harvested,333,Linseed,2007,2007,ha,0,M,"Missing value (data cannot exist, not applicable)",
QCL,Crops and livestock products,143,Morocco,5510,Production,333,Linseed,2007,2007,t,0,M,"Missing value (data cannot exist, not applicable)",
QCL,Crops and livestock products,143,Morocco,5312,Area harvested,333,Linseed,2008,2008,ha,0,M,"Missing value (data cannot exist, not applicable)",
QCL,Crops and livestock products,143,Morocco,5510,Production,333,Linseed,2008,2008,t,0,M,"Missing value (data cannot exist, not applicable)",
QCL,Crops and livestock products,143,Morocco,5312,Area harvested,333,Linseed,2009,2009,ha,0,M,"Missing value (data cannot exist, not applicable)",
QCL,Crops and livestock products,143,Morocco,5510,Production,333,Linseed,2009,2009,t,0,M,"Missing value (data cannot exist, not applicable)",
QCL,Crops and livestock products,143,Morocco,5312,Area harvested,333,Linseed,2010,2010,ha,0,M,"Missing value (data cannot exist, not applicable)",
QCL,Crops and livestock products,143,Morocco,5510,Production,333,Linseed,2010,2010,t,0,M,"Missing value (data cannot exist, not applicable)",
QCL,Crops and livestock products,143,Morocco,5312,Area harvested,333,Linseed,2011,2011,ha,0,M,"Missing value (data cannot exist, not applicable)",
QCL,Crops and livestock products,143,Morocco,5510,Production,333,Linseed,2011,2011,t,0,M,"Missing value (data cannot exist, not applicable)",
QCL,Crops and livestock products,143,Morocco,5312,Area harvested,333,Linseed,2012,2012,ha,0,M,"Missing value (data cannot exist, not applicable)",
QCL,Crops and livestock products,143,Morocco,5510,Production,333,Linseed,2012,2012,t,0,M,"Missing value (data cannot exist, not applicable)",
QCL,Crops and livestock products,143,Morocco,5312,Area harvested,333,Linseed,2013,2013,ha,0,M,"Missing value (data cannot exist, not applicable)",
QCL,Crops and livestock products,143,Morocco,5510,Production,333,Linseed,2013,2013,t,0,M,"Missing value (data cannot exist, not applicable)",
QCL,Crops and livestock products,143,Morocco,5312,Area harvested,333,Linseed,2014,2014,ha,0,M,"Missing value (data cannot exist, not applicable)",
QCL,Crops and livestock products,143,Morocco,5510,Production,333,Linseed,2014,2014,t,0,M,"Missing value (data cannot exist, not applicable)",
QCL,Crops and livestock products,143,Morocco,5312,Area harvested,333,Linseed,2015,2015,ha,0,M,"Missing value (data cannot exist, not applicable)",
QCL,Crops and livestock products,143,Morocco,5510,Production,333,Linseed,2015,2015,t,0,M,"Missing value (data cannot exist, not applicable)",
QCL,Crops and livestock products,143,Morocco,5312,Area harvested,333,Linseed,2016,2016,ha,0,M,"Missing value (data cannot exist, not applicable)",
QCL,Crops and livestock products,143,Morocco,5510,Production,333,Linseed,2016,2016,t,0,M,"Missing value (data cannot exist, not applicable)",
QCL,Crops and livestock products,143,Morocco,5312,Area harvested,333,Linseed,2017,2017,ha,0,M,"Missing value (data cannot exist, not applicable)",
QCL,Crops and livestock products,143,Morocco,5510,Production,333,Linseed,2017,2017,t,0,M,"Missing value (data cannot exist, not applicable)",
QCL,Crops and livestock products,143,Morocco,5312,Area harvested,333,Linseed,2018,2018,ha,0,M,"Missing value (data cannot exist, not applicable)",
QCL,Crops and livestock products,143,Morocco,5510,Production,333,Linseed,2018,2018,t,0,M,"Missing value (data cannot exist, not applicable)",
QCL,Crops and livestock products,143,Morocco,5312,Area harvested,333,Linseed,2019,2019,ha,0,M,"Missing value (data cannot exist, not applicable)",
QCL,Crops and livestock products,143,Morocco,5510,Production,333,Linseed,2019,2019,t,0,M,"Missing value (data cannot exist, not applicable)",
QCL,Crops and livestock products,143,Morocco,5312,Area harvested,333,Linseed,2020,2020,ha,0,M,"Missing value (data cannot exist, not applicable)",
QCL,Crops and livestock products,143,Morocco,5510,Production,333,Linseed,2020,2020,t,0,M,"Missing value (data cannot exist, not applicable)",
QCL,Crops and livestock products,143,Morocco,5312,Area harvested,333,Linseed,2021,2021,ha,0,M,"Missing value (data cannot exist, not applicable)",
QCL,Crops and livestock products,143,Morocco,5510,Production,333,Linseed,2021,2021,t,0,M,"Missing value (data cannot exist, not applicable)",
QCL,Crops and livestock products,143,Morocco,5312,Area harvested,333,Linseed,2022,2022,ha,0,M,"Missing value (data cannot exist, not applicable)",
QCL,Crops and livestock products,143,Morocco,5510,Production,333,Linseed,2022,2022,t,0,M,"Missing value (data cannot exist, not applicable)",
QCL,Crops and livestock products,143,Morocco,5312,Area harvested,461,Locust beans (carobs),1961,1961,ha,0,M,"Missing value (data cannot exist, not applicable)",
QCL,Crops and livestock products,143,Morocco,5510,Production,461,Locust beans (carobs),1961,1961,t,15000,E,Estimated value,
QCL,Crops and livestock products,143,Morocco,5312,Area harvested,461,Locust beans (carobs),1962,1962,ha,0,M,"Missing value (data cannot exist, not applicable)",
QCL,Crops and livestock products,143,Morocco,5510,Production,461,Locust beans (carobs),1962,1962,t,15000,E,Estimated value,
QCL,Crops and livestock products,143,Morocco,5312,Area harvested,461,Locust beans (carobs),1963,1963,ha,0,M,"Missing value (data cannot exist, not applicable)",
QCL,Crops and livestock products,143,Morocco,5510,Production,461,Locust beans (carobs),1963,1963,t,18000,E,Estimated value,
QCL,Crops and livestock products,143,Morocco,5312,Area harvested,461,Locust beans (carobs),1964,1964,ha,0,M,"Missing value (data cannot exist, not applicable)",
QCL,Crops and livestock products,143,Morocco,5510,Production,461,Locust beans (carobs),1964,1964,t,18000,E,Estimated value,
QCL,Crops and livestock products,143,Morocco,5312,Area harvested,461,Locust beans (carobs),1965,1965,ha,0,M,"Missing value (data cannot exist, not applicable)",
QCL,Crops and livestock products,143,Morocco,5510,Production,461,Locust beans (carobs),1965,1965,t,18000,E,Estimated value,
QCL,Crops and livestock products,143,Morocco,5312,Area harvested,461,Locust beans (carobs),1966,1966,ha,0,M,"Missing value (data cannot exist, not applicable)",
QCL,Crops and livestock products,143,Morocco,5510,Production,461,Locust beans (carobs),1966,1966,t,27000,E,Estimated value,
QCL,Crops and livestock products,143,Morocco,5312,Area harvested,461,Locust beans (carobs),1967,1967,ha,0,M,"Missing value (data cannot exist, not applicable)",
QCL,Crops and livestock products,143,Morocco,5510,Production,461,Locust beans (carobs),1967,1967,t,15000,E,Estimated value,
QCL,Crops and livestock products,143,Morocco,5312,Area harvested,461,Locust beans (carobs),1968,1968,ha,0,M,"Missing value (data cannot exist, not applicable)",
QCL,Crops and livestock products,143,Morocco,5510,Production,461,Locust beans (carobs),1968,1968,t,15000,E,Estimated value,
QCL,Crops and livestock products,143,Morocco,5312,Area harvested,461,Locust beans (carobs),1969,1969,ha,0,M,"Missing value (data cannot exist, not applicable)",
QCL,Crops and livestock products,143,Morocco,5510,Production,461,Locust beans (carobs),1969,1969,t,23000,E,Estimated value,
QCL,Crops and livestock products,143,Morocco,5312,Area harvested,461,Locust beans (carobs),1970,1970,ha,0,M,"Missing value (data cannot exist, not applicable)",
QCL,Crops and livestock products,143,Morocco,5510,Production,461,Locust beans (carobs),1970,1970,t,28000,E,Estimated value,
QCL,Crops and livestock products,143,Morocco,5312,Area harvested,461,Locust beans (carobs),1971,1971,ha,0,M,"Missing value (data cannot exist, not applicable)",
QCL,Crops and livestock products,143,Morocco,5510,Production,461,Locust beans (carobs),1971,1971,t,18000,E,Estimated value,
QCL,Crops and livestock products,143,Morocco,5312,Area harvested,461,Locust beans (carobs),1972,1972,ha,0,M,"Missing value (data cannot exist, not applicable)",
QCL,Crops and livestock products,143,Morocco,5510,Production,461,Locust beans (carobs),1972,1972,t,23000,E,Estimated value,
QCL,Crops and livestock products,143,Morocco,5312,Area harvested,461,Locust beans (carobs),1973,1973,ha,0,M,"Missing value (data cannot exist, not applicable)",
QCL,Crops and livestock products,143,Morocco,5510,Production,461,Locust beans (carobs),1973,1973,t,26000,E,Estimated value,
QCL,Crops and livestock products,143,Morocco,5312,Area harvested,461,Locust beans (carobs),1974,1974,ha,0,M,"Missing value (data cannot exist, not applicable)",
QCL,Crops and livestock products,143,Morocco,5510,Production,461,Locust beans (carobs),1974,1974,t,15000,E,Estimated value,
QCL,Crops and livestock products,143,Morocco,5312,Area harvested,461,Locust beans (carobs),1975,1975,ha,0,M,"Missing value (data cannot exist, not applicable)",
QCL,Crops and livestock products,143,Morocco,5510,Production,461,Locust beans (carobs),1975,1975,t,18000,E,Estimated value,
QCL,Crops and livestock products,143,Morocco,5312,Area harvested,461,Locust beans (carobs),1976,1976,ha,0,M,"Missing value (data cannot exist, not applicable)",
QCL,Crops and livestock products,143,Morocco,5510,Production,461,Locust beans (carobs),1976,1976,t,21000,E,Estimated value,
QCL,Crops and livestock products,143,Morocco,5312,Area harvested,461,Locust beans (carobs),1977,1977,ha,0,M,"Missing value (data cannot exist, not applicable)",
QCL,Crops and livestock products,143,Morocco,5510,Production,461,Locust beans (carobs),1977,1977,t,23000,E,Estimated value,
QCL,Crops and livestock products,143,Morocco,5312,Area harvested,461,Locust beans (carobs),1978,1978,ha,0,M,"Missing value (data cannot exist, not applicable)",
QCL,Crops and livestock products,143,Morocco,5510,Production,461,Locust beans (carobs),1978,1978,t,24000,E,Estimated value,
QCL,Crops and livestock products,143,Morocco,5312,Area harvested,461,Locust beans (carobs),1979,1979,ha,0,M,"Missing value (data cannot exist, not applicable)",
QCL,Crops and livestock products,143,Morocco,5510,Production,461,Locust beans (carobs),1979,1979,t,25000,E,Estimated value,
QCL,Crops and livestock products,143,Morocco,5312,Area harvested,461,Locust beans (carobs),1980,1980,ha,0,M,"Missing value (data cannot exist, not applicable)",
QCL,Crops and livestock products,143,Morocco,5510,Production,461,Locust beans (carobs),1980,1980,t,25000,E,Estimated value,
QCL,Crops and livestock products,143,Morocco,5312,Area harvested,461,Locust beans (carobs),1981,1981,ha,0,M,"Missing value (data cannot exist, not applicable)",
QCL,Crops and livestock products,143,Morocco,5510,Production,461,Locust beans (carobs),1981,1981,t,26000,E,Estimated value,
QCL,Crops and livestock products,143,Morocco,5312,Area harvested,461,Locust beans (carobs),1982,1982,ha,0,M,"Missing value (data cannot exist, not applicable)",
QCL,Crops and livestock products,143,Morocco,5510,Production,461,Locust beans (carobs),1982,1982,t,27000,E,Estimated value,
QCL,Crops and livestock products,143,Morocco,5312,Area harvested,461,Locust beans (carobs),1983,1983,ha,0,M,"Missing value (data cannot exist, not applicable)",
QCL,Crops and livestock products,143,Morocco,5510,Production,461,Locust beans (carobs),1983,1983,t,28000,E,Estimated value,
QCL,Crops and livestock products,143,Morocco,5312,Area harvested,461,Locust beans (carobs),1984,1984,ha,0,M,"Missing value (data cannot exist, not applicable)",
QCL,Crops and livestock products,143,Morocco,5510,Production,461,Locust beans (carobs),1984,1984,t,24700,A,Official figure,
QCL,Crops and livestock products,143,Morocco,5312,Area harvested,461,Locust beans (carobs),1985,1985,ha,12500,E,Estimated value,
QCL,Crops and livestock products,143,Morocco,5419,Yield,461,Locust beans (carobs),1985,1985,100 g/ha,20320,E,Estimated value,
QCL,Crops and livestock products,143,Morocco,5510,Production,461,Locust beans (carobs),1985,1985,t,25400,A,Official figure,
QCL,Crops and livestock products,143,Morocco,5312,Area harvested,461,Locust beans (carobs),1986,1986,ha,13400,E,Estimated value,
QCL,Crops and livestock products,143,Morocco,5419,Yield,461,Locust beans (carobs),1986,1986,100 g/ha,23284,E,Estimated value,
QCL,Crops and livestock products,143,Morocco,5510,Production,461,Locust beans (carobs),1986,1986,t,31200,A,Official figure,
QCL,Crops and livestock products,143,Morocco,5312,Area harvested,461,Locust beans (carobs),1987,1987,ha,8600,E,Estimated value,
QCL,Crops and livestock products,143,Morocco,5419,Yield,461,Locust beans (carobs),1987,1987,100 g/ha,20465,E,Estimated value,
QCL,Crops and livestock products,143,Morocco,5510,Production,461,Locust beans (carobs),1987,1987,t,17600,A,Official figure,
QCL,Crops and livestock products,143,Morocco,5312,Area harvested,461,Locust beans (carobs),1988,1988,ha,12600,E,Estimated value,
QCL,Crops and livestock products,143,Morocco,5419,Yield,461,Locust beans (carobs),1988,1988,100 g/ha,23651,E,Estimated value,
QCL,Crops and livestock products,143,Morocco,5510,Production,461,Locust beans (carobs),1988,1988,t,29800,A,Official figure,
QCL,Crops and livestock products,143,Morocco,5312,Area harvested,461,Locust beans (carobs),1989,1989,ha,8500,E,Estimated value,
QCL,Crops and livestock products,143,Morocco,5419,Yield,461,Locust beans (carobs),1989,1989,100 g/ha,15529,E,Estimated value,
QCL,Crops and livestock products,143,Morocco,5510,Production,461,Locust beans (carobs),1989,1989,t,13200,A,Official figure,
QCL,Crops and livestock products,143,Morocco,5312,Area harvested,461,Locust beans (carobs),1990,1990,ha,12500,E,Estimated value,
QCL,Crops and livestock products,143,Morocco,5419,Yield,461,Locust beans (carobs),1990,1990,100 g/ha,23680,E,Estimated value,
QCL,Crops and livestock products,143,Morocco,5510,Production,461,Locust beans (carobs),1990,1990,t,29600,A,Official figure,
QCL,Crops and livestock products,143,Morocco,5312,Area harvested,461,Locust beans (carobs),1991,1991,ha,8500,E,Estimated value,
QCL,Crops and livestock products,143,Morocco,5419,Yield,461,Locust beans (carobs),1991,1991,100 g/ha,16588,E,Estimated value,
QCL,Crops and livestock products,143,Morocco,5510,Production,461,Locust beans (carobs),1991,1991,t,14100,A,Official figure,
QCL,Crops and livestock products,143,Morocco,5312,Area harvested,461,Locust beans (carobs),1992,1992,ha,10500,E,Estimated value,
QCL,Crops and livestock products,143,Morocco,5419,Yield,461,Locust beans (carobs),1992,1992,100 g/ha,21810,E,Estimated value,
QCL,Crops and livestock products,143,Morocco,5510,Production,461,Locust beans (carobs),1992,1992,t,22900,A,Official figure,
QCL,Crops and livestock products,143,Morocco,5312,Area harvested,461,Locust beans (carobs),1993,1993,ha,10267,I,Imputed value,
QCL,Crops and livestock products,143,Morocco,5419,Yield,461,Locust beans (carobs),1993,1993,100 g/ha,20453,E,Estimated value,
QCL,Crops and livestock products,143,Morocco,5510,Production,461,Locust beans (carobs),1993,1993,t,21000,E,Estimated value,
QCL,Crops and livestock products,143,Morocco,5312,Area harvested,461,Locust beans (carobs),1994,1994,ha,10753,I,Imputed value,
QCL,Crops and livestock products,143,Morocco,5419,Yield,461,Locust beans (carobs),1994,1994,100 g/ha,20459,E,Estimated value,
QCL,Crops and livestock products,143,Morocco,5510,Production,461,Locust beans (carobs),1994,1994,t,22000,E,Estimated value,
QCL,Crops and livestock products,143,Morocco,5312,Area harvested,461,Locust beans (carobs),1995,1995,ha,10923,I,Imputed value,
QCL,Crops and livestock products,143,Morocco,5419,Yield,461,Locust beans (carobs),1995,1995,100 g/ha,20578,E,Estimated value,
QCL,Crops and livestock products,143,Morocco,5510,Production,461,Locust beans (carobs),1995,1995,t,22476.71,I,Imputed value,
QCL,Crops and livestock products,143,Morocco,5312,Area harvested,461,Locust beans (carobs),1996,1996,ha,10495,I,Imputed value,
QCL,Crops and livestock products,143,Morocco,5419,Yield,461,Locust beans (carobs),1996,1996,100 g/ha,21404,E,Estimated value,
QCL,Crops and livestock products,143,Morocco,5510,Production,461,Locust beans (carobs),1996,1996,t,22464.06,I,Imputed value,
QCL,Crops and livestock products,143,Morocco,5312,Area harvested,461,Locust beans (carobs),1997,1997,ha,10842,I,Imputed value,
QCL,Crops and livestock products,143,Morocco,5419,Yield,461,Locust beans (carobs),1997,1997,100 g/ha,20717,E,Estimated value,
QCL,Crops and livestock products,143,Morocco,5510,Production,461,Locust beans (carobs),1997,1997,t,22461.16,I,Imputed value,
QCL,Crops and livestock products,143,Morocco,5312,Area harvested,461,Locust beans (carobs),1998,1998,ha,11089,I,Imputed value,
QCL,Crops and livestock products,143,Morocco,5419,Yield,461,Locust beans (carobs),1998,1998,100 g/ha,20741,E,Estimated value,
QCL,Crops and livestock products,143,Morocco,5510,Production,461,Locust beans (carobs),1998,1998,t,23000,E,Estimated value,
QCL,Crops and livestock products,143,Morocco,5312,Area harvested,461,Locust beans (carobs),1999,1999,ha,10825,I,Imputed value,
QCL,Crops and livestock products,143,Morocco,5419,Yield,461,Locust beans (carobs),1999,1999,100 g/ha,20733,E,Estimated value,
QCL,Crops and livestock products,143,Morocco,5510,Production,461,Locust beans (carobs),1999,1999,t,22442.92,I,Imputed value,
QCL,Crops and livestock products,143,Morocco,5312,Area harvested,461,Locust beans (carobs),2000,2000,ha,11000,E,Estimated value,
QCL,Crops and livestock products,143,Morocco,5419,Yield,461,Locust beans (carobs),2000,2000,100 g/ha,20723,E,Estimated value,
QCL,Crops and livestock products,143,Morocco,5510,Production,461,Locust beans (carobs),2000,2000,t,22795.45,I,Imputed value,
QCL,Crops and livestock products,143,Morocco,5312,Area harvested,461,Locust beans (carobs),2001,2001,ha,11592,I,Imputed value,
QCL,Crops and livestock products,143,Morocco,5419,Yield,461,Locust beans (carobs),2001,2001,100 g/ha,20704,E,Estimated value,
QCL,Crops and livestock products,143,Morocco,5510,Production,461,Locust beans (carobs),2001,2001,t,24000,E,Estimated value,
QCL,Crops and livestock products,143,Morocco,5312,Area harvested,461,Locust beans (carobs),2002,2002,ha,10937,I,Imputed value,
QCL,Crops and livestock products,143,Morocco,5419,Yield,461,Locust beans (carobs),2002,2002,100 g/ha,20708,E,Estimated value,
QCL,Crops and livestock products,143,Morocco,5510,Production,461,Locust beans (carobs),2002,2002,t,22649.06,I,Imputed value,
QCL,Crops and livestock products,143,Morocco,5312,Area harvested,461,Locust beans (carobs),2003,2003,ha,12000,E,Estimated value,
QCL,Crops and livestock products,143,Morocco,5419,Yield,461,Locust beans (carobs),2003,2003,100 g/ha,20833,E,Estimated value,
QCL,Crops and livestock products,143,Morocco,5510,Production,461,Locust beans (carobs),2003,2003,t,25000,E,Estimated value,
QCL,Crops and livestock products,143,Morocco,5312,Area harvested,461,Locust beans (carobs),2004,2004,ha,11046,I,Imputed value,
QCL,Crops and livestock products,143,Morocco,5419,Yield,461,Locust beans (carobs),2004,2004,100 g/ha,20578,E,Estimated value,
QCL,Crops and livestock products,143,Morocco,5510,Production,461,Locust beans (carobs),2004,2004,t,22731.1,I,Imputed value,
QCL,Crops and livestock products,143,Morocco,5312,Area harvested,461,Locust beans (carobs),2005,2005,ha,12000,E,Estimated value,
QCL,Crops and livestock products,143,Morocco,5419,Yield,461,Locust beans (carobs),2005,2005,100 g/ha,20833,E,Estimated value,
QCL,Crops and livestock products,143,Morocco,5510,Production,461,Locust beans (carobs),2005,2005,t,25000,E,Estimated value,
QCL,Crops and livestock products,143,Morocco,5312,Area harvested,461,Locust beans (carobs),2006,2006,ha,10878,I,Imputed value,
QCL,Crops and livestock products,143,Morocco,5419,Yield,461,Locust beans (carobs),2006,2006,100 g/ha,20896,E,Estimated value,
QCL,Crops and livestock products,143,Morocco,5510,Production,461,Locust beans (carobs),2006,2006,t,22730.88,I,Imputed value,
QCL,Crops and livestock products,143,Morocco,5312,Area harvested,461,Locust beans (carobs),2007,2007,ha,10822,I,Imputed value,
QCL,Crops and livestock products,143,Morocco,5419,Yield,461,Locust beans (carobs),2007,2007,100 g/ha,20930,E,Estimated value,
QCL,Crops and livestock products,143,Morocco,5510,Production,461,Locust beans (carobs),2007,2007,t,22650.49,I,Imputed value,
QCL,Crops and livestock products,143,Morocco,5312,Area harvested,461,Locust beans (carobs),2008,2008,ha,10758,I,Imputed value,
QCL,Crops and livestock products,143,Morocco,5419,Yield,461,Locust beans (carobs),2008,2008,100 g/ha,20970,E,Estimated value,
QCL,Crops and livestock products,143,Morocco,5510,Production,461,Locust beans (carobs),2008,2008,t,22559.47,I,Imputed value,
QCL,Crops and livestock products,143,Morocco,5312,Area harvested,461,Locust beans (carobs),2009,2009,ha,10685,I,Imputed value,
QCL,Crops and livestock products,143,Morocco,5419,Yield,461,Locust beans (carobs),2009,2009,100 g/ha,21009,E,Estimated value,
QCL,Crops and livestock products,143,Morocco,5510,Production,461,Locust beans (carobs),2009,2009,t,22448.32,I,Imputed value,
QCL,Crops and livestock products,143,Morocco,5312,Area harvested,461,Locust beans (carobs),2010,2010,ha,9700,E,Estimated value,
QCL,Crops and livestock products,143,Morocco,5419,Yield,461,Locust beans (carobs),2010,2010,100 g/ha,20619,E,Estimated value,
QCL,Crops and livestock products,143,Morocco,5510,Production,461,Locust beans (carobs),2010,2010,t,20000,E,Estimated value,
QCL,Crops and livestock products,143,Morocco,5312,Area harvested,461,Locust beans (carobs),2011,2011,ha,9750,E,Estimated value,
QCL,Crops and livestock products,143,Morocco,5419,Yield,461,Locust beans (carobs),2011,2011,100 g/ha,21026,E,Estimated value,
QCL,Crops and livestock products,143,Morocco,5510,Production,461,Locust beans (carobs),2011,2011,t,20500,E,Estimated value,
QCL,Crops and livestock products,143,Morocco,5312,Area harvested,461,Locust beans (carobs),2012,2012,ha,10236,I,Imputed value,
QCL,Crops and livestock products,143,Morocco,5419,Yield,461,Locust beans (carobs),2012,2012,100 g/ha,21103,E,Estimated value,
QCL,Crops and livestock products,143,Morocco,5510,Production,461,Locust beans (carobs),2012,2012,t,21601.03,I,Imputed value,
QCL,Crops and livestock products,143,Morocco,5312,Area harvested,461,Locust beans (carobs),2013,2013,ha,10421,I,Imputed value,
QCL,Crops and livestock products,143,Morocco,5419,Yield,461,Locust beans (carobs),2013,2013,100 g/ha,21216,E,Estimated value,
QCL,Crops and livestock products,143,Morocco,5510,Production,461,Locust beans (carobs),2013,2013,t,22109.23,I,Imputed value,
QCL,Crops and livestock products,143,Morocco,5312,Area harvested,461,Locust beans (carobs),2014,2014,ha,10483,I,Imputed value,
QCL,Crops and livestock products,143,Morocco,5419,Yield,461,Locust beans (carobs),2014,2014,100 g/ha,21148,E,Estimated value,
QCL,Crops and livestock products,143,Morocco,5510,Production,461,Locust beans (carobs),2014,2014,t,22168.85,I,Imputed value,
QCL,Crops and livestock products,143,Morocco,5312,Area harvested,461,Locust beans (carobs),2015,2015,ha,10367,I,Imputed value,
QCL,Crops and livestock products,143,Morocco,5419,Yield,461,Locust beans (carobs),2015,2015,100 g/ha,21140,E,Estimated value,
QCL,Crops and livestock products,143,Morocco,5510,Production,461,Locust beans (carobs),2015,2015,t,21916.31,I,Imputed value,
QCL,Crops and livestock products,143,Morocco,5312,Area harvested,461,Locust beans (carobs),2016,2016,ha,10455,I,Imputed value,
QCL,Crops and livestock products,143,Morocco,5419,Yield,461,Locust beans (carobs),2016,2016,100 g/ha,21151,E,Estimated value,
QCL,Crops and livestock products,143,Morocco,5510,Production,461,Locust beans (carobs),2016,2016,t,22113.39,I,Imputed value,
QCL,Crops and livestock products,143,Morocco,5312,Area harvested,461,Locust beans (carobs),2017,2017,ha,10507,I,Imputed value,
QCL,Crops and livestock products,143,Morocco,5419,Yield,461,Locust beans (carobs),2017,2017,100 g/ha,21171,E,Estimated value,
QCL,Crops and livestock products,143,Morocco,5510,Production,461,Locust beans (carobs),2017,2017,t,22244.41,I,Imputed value,
QCL,Crops and livestock products,143,Morocco,5312,Area harvested,461,Locust beans (carobs),2018,2018,ha,10517,I,Imputed value,
QCL,Crops and livestock products,143,Morocco,5419,Yield,461,Locust beans (carobs),2018,2018,100 g/ha,21188,E,Estimated value,
QCL,Crops and livestock products,143,Morocco,5510,Production,461,Locust beans (carobs),2018,2018,t,22284.33,I,Imputed value,
QCL,Crops and livestock products,143,Morocco,5312,Area harvested,461,Locust beans (carobs),2019,2019,ha,10478,I,Imputed value,
QCL,Crops and livestock products,143,Morocco,5419,Yield,461,Locust beans (carobs),2019,2019,100 g/ha,21195,E,Estimated value,
QCL,Crops and livestock products,143,Morocco,5510,Production,461,Locust beans (carobs),2019,2019,t,22207.9,I,Imputed value,
QCL,Crops and livestock products,143,Morocco,5312,Area harvested,461,Locust beans (carobs),2020,2020,ha,10448,I,Imputed value,
QCL,Crops and livestock products,143,Morocco,5419,Yield,461,Locust beans (carobs),2020,2020,100 g/ha,21136,E,Estimated value,
QCL,Crops and livestock products,143,Morocco,5510,Production,461,Locust beans (carobs),2020,2020,t,22083.27,I,Imputed value,
QCL,Crops and livestock products,143,Morocco,5312,Area harvested,461,Locust beans (carobs),2021,2021,ha,10435,I,Imputed value,
QCL,Crops and livestock products,143,Morocco,5419,Yield,461,Locust beans (carobs),2021,2021,100 g/ha,21152,E,Estimated value,
QCL,Crops and livestock products,143,Morocco,5510,Production,461,Locust beans (carobs),2021,2021,t,22071.16,I,Imputed value,
QCL,Crops and livestock products,143,Morocco,5312,Area harvested,461,Locust beans (carobs),2022,2022,ha,10421,I,Imputed value,
QCL,Crops and livestock products,143,Morocco,5419,Yield,461,Locust beans (carobs),2022,2022,100 g/ha,21168,E,Estimated value,
QCL,Crops and livestock products,143,Morocco,5510,Production,461,Locust beans (carobs),2022,2022,t,22059.05,I,Imputed value,
QCL,Crops and livestock products,143,Morocco,5312,Area harvested,210,Lupins,1961,1961,ha,2000,A,Official figure,
QCL,Crops and livestock products,143,Morocco,5419,Yield,210,Lupins,1961,1961,100 g/ha,5000,A,Official figure,
QCL,Crops and livestock products,143,Morocco,5510,Production,210,Lupins,1961,1961,t,1000,A,Official figure,
QCL,Crops and livestock products,143,Morocco,5312,Area harvested,210,Lupins,1962,1962,ha,2000,A,Official figure,
QCL,Crops and livestock products,143,Morocco,5419,Yield,210,Lupins,1962,1962,100 g/ha,5000,A,Official figure,
QCL,Crops and livestock products,143,Morocco,5510,Production,210,Lupins,1962,1962,t,1000,A,Official figure,
QCL,Crops and livestock products,143,Morocco,5312,Area harvested,210,Lupins,1963,1963,ha,2000,A,Official figure,
QCL,Crops and livestock products,143,Morocco,5419,Yield,210,Lupins,1963,1963,100 g/ha,5000,A,Official figure,
QCL,Crops and livestock products,143,Morocco,5510,Production,210,Lupins,1963,1963,t,1000,A,Official figure,
QCL,Crops and livestock products,143,Morocco,5312,Area harvested,210,Lupins,1964,1964,ha,2000,A,Official figure,
QCL,Crops and livestock products,143,Morocco,5419,Yield,210,Lupins,1964,1964,100 g/ha,5000,A,Official figure,
QCL,Crops and livestock products,143,Morocco,5510,Production,210,Lupins,1964,1964,t,1000,A,Official figure,
QCL,Crops and livestock products,143,Morocco,5312,Area harvested,210,Lupins,1965,1965,ha,2000,A,Official figure,
QCL,Crops and livestock products,143,Morocco,5419,Yield,210,Lupins,1965,1965,100 g/ha,5000,A,Official figure,
QCL,Crops and livestock products,143,Morocco,5510,Production,210,Lupins,1965,1965,t,1000,A,Official figure,
QCL,Crops and livestock products,143,Morocco,5312,Area harvested,210,Lupins,1966,1966,ha,1000,A,Official figure,
QCL,Crops and livestock products,143,Morocco,5419,Yield,210,Lupins,1966,1966,100 g/ha,10000,A,Official figure,
QCL,Crops and livestock products,143,Morocco,5510,Production,210,Lupins,1966,1966,t,1000,A,Official figure,
QCL,Crops and livestock products,143,Morocco,5312,Area harvested,210,Lupins,1967,1967,ha,1000,A,Official figure,
QCL,Crops and livestock products,143,Morocco,5419,Yield,210,Lupins,1967,1967,100 g/ha,10000,A,Official figure,
QCL,Crops and livestock products,143,Morocco,5510,Production,210,Lupins,1967,1967,t,1000,A,Official figure,
QCL,Crops and livestock products,143,Morocco,5312,Area harvested,210,Lupins,1968,1968,ha,1000,E,Estimated value,
QCL,Crops and livestock products,143,Morocco,5419,Yield,210,Lupins,1968,1968,100 g/ha,10000,E,Estimated value,
QCL,Crops and livestock products,143,Morocco,5510,Production,210,Lupins,1968,1968,t,1000,E,Estimated value,
QCL,Crops and livestock products,143,Morocco,5312,Area harvested,210,Lupins,1969,1969,ha,1000,E,Estimated value,
QCL,Crops and livestock products,143,Morocco,5419,Yield,210,Lupins,1969,1969,100 g/ha,10000,E,Estimated value,
QCL,Crops and livestock products,143,Morocco,5510,Production,210,Lupins,1969,1969,t,1000,X,Figure from international organizations,Unofficial figure
QCL,Crops and livestock products,143,Morocco,5312,Area harvested,210,Lupins,1970,1970,ha,1000,E,Estimated value,
QCL,Crops and livestock products,143,Morocco,5419,Yield,210,Lupins,1970,1970,100 g/ha,10000,E,Estimated value,
QCL,Crops and livestock products,143,Morocco,5510,Production,210,Lupins,1970,1970,t,1000,E,Estimated value,
QCL,Crops and livestock products,143,Morocco,5312,Area harvested,210,Lupins,1971,1971,ha,1500,E,Estimated value,
QCL,Crops and livestock products,143,Morocco,5419,Yield,210,Lupins,1971,1971,100 g/ha,10000,E,Estimated value,
QCL,Crops and livestock products,143,Morocco,5510,Production,210,Lupins,1971,1971,t,1500,E,Estimated value,
QCL,Crops and livestock products,143,Morocco,5312,Area harvested,210,Lupins,1972,1972,ha,1700,E,Estimated value,
QCL,Crops and livestock products,143,Morocco,5419,Yield,210,Lupins,1972,1972,100 g/ha,9412,E,Estimated value,
QCL,Crops and livestock products,143,Morocco,5510,Production,210,Lupins,1972,1972,t,1600,E,Estimated value,
QCL,Crops and livestock products,143,Morocco,5312,Area harvested,210,Lupins,1973,1973,ha,1700,E,Estimated value,
QCL,Crops and livestock products,143,Morocco,5419,Yield,210,Lupins,1973,1973,100 g/ha,9412,E,Estimated value,
QCL,Crops and livestock products,143,Morocco,5510,Production,210,Lupins,1973,1973,t,1600,E,Estimated value,
QCL,Crops and livestock products,143,Morocco,5312,Area harvested,210,Lupins,1974,1974,ha,1800,E,Estimated value,
QCL,Crops and livestock products,143,Morocco,5419,Yield,210,Lupins,1974,1974,100 g/ha,9444,E,Estimated value,
QCL,Crops and livestock products,143,Morocco,5510,Production,210,Lupins,1974,1974,t,1700,E,Estimated value,
QCL,Crops and livestock products,143,Morocco,5312,Area harvested,210,Lupins,1975,1975,ha,1800,E,Estimated value,
QCL,Crops and livestock products,143,Morocco,5419,Yield,210,Lupins,1975,1975,100 g/ha,9444,E,Estimated value,
QCL,Crops and livestock products,143,Morocco,5510,Production,210,Lupins,1975,1975,t,1700,E,Estimated value,
QCL,Crops and livestock products,143,Morocco,5312,Area harvested,210,Lupins,1976,1976,ha,1900,E,Estimated value,
QCL,Crops and livestock products,143,Morocco,5419,Yield,210,Lupins,1976,1976,100 g/ha,9474,E,Estimated value,
QCL,Crops and livestock products,143,Morocco,5510,Production,210,Lupins,1976,1976,t,1800,E,Estimated value,
QCL,Crops and livestock products,143,Morocco,5312,Area harvested,210,Lupins,1977,1977,ha,1900,E,Estimated value,
QCL,Crops and livestock products,143,Morocco,5419,Yield,210,Lupins,1977,1977,100 g/ha,9474,E,Estimated value,
QCL,Crops and livestock products,143,Morocco,5510,Production,210,Lupins,1977,1977,t,1800,E,Estimated value,
QCL,Crops and livestock products,143,Morocco,5312,Area harvested,210,Lupins,1978,1978,ha,2000,E,Estimated value,
QCL,Crops and livestock products,143,Morocco,5419,Yield,210,Lupins,1978,1978,100 g/ha,10000,E,Estimated value,
QCL,Crops and livestock products,143,Morocco,5510,Production,210,Lupins,1978,1978,t,2000,E,Estimated value,
QCL,Crops and livestock products,143,Morocco,5312,Area harvested,210,Lupins,1979,1979,ha,2200,E,Estimated value,
QCL,Crops and livestock products,143,Morocco,5419,Yield,210,Lupins,1979,1979,100 g/ha,10000,E,Estimated value,
QCL,Crops and livestock products,143,Morocco,5510,Production,210,Lupins,1979,1979,t,2200,E,Estimated value,
QCL,Crops and livestock products,143,Morocco,5312,Area harvested,210,Lupins,1980,1980,ha,2300,E,Estimated value,
QCL,Crops and livestock products,143,Morocco,5419,Yield,210,Lupins,1980,1980,100 g/ha,10000,E,Estimated value,
QCL,Crops and livestock products,143,Morocco,5510,Production,210,Lupins,1980,1980,t,2300,E,Estimated value,
QCL,Crops and livestock products,143,Morocco,5312,Area harvested,210,Lupins,1981,1981,ha,2400,A,Official figure,
QCL,Crops and livestock products,143,Morocco,5419,Yield,210,Lupins,1981,1981,100 g/ha,10000,E,Estimated value,
QCL,Crops and livestock products,143,Morocco,5510,Production,210,Lupins,1981,1981,t,2400,E,Estimated value,
QCL,Crops and livestock products,143,Morocco,5312,Area harvested,210,Lupins,1982,1982,ha,2500,A,Official figure,
QCL,Crops and livestock products,143,Morocco,5419,Yield,210,Lupins,1982,1982,100 g/ha,9600,E,Estimated value,
QCL,Crops and livestock products,143,Morocco,5510,Production,210,Lupins,1982,1982,t,2400,E,Estimated value,
QCL,Crops and livestock products,143,Morocco,5312,Area harvested,210,Lupins,1983,1983,ha,2600,A,Official figure,
QCL,Crops and livestock products,143,Morocco,5419,Yield,210,Lupins,1983,1983,100 g/ha,9615,E,Estimated value,
QCL,Crops and livestock products,143,Morocco,5510,Production,210,Lupins,1983,1983,t,2500,E,Estimated value,
QCL,Crops and livestock products,143,Morocco,5312,Area harvested,210,Lupins,1984,1984,ha,2600,A,Official figure,
QCL,Crops and livestock products,143,Morocco,5419,Yield,210,Lupins,1984,1984,100 g/ha,9615,E,Estimated value,
QCL,Crops and livestock products,143,Morocco,5510,Production,210,Lupins,1984,1984,t,2500,E,Estimated value,
QCL,Crops and livestock products,143,Morocco,5312,Area harvested,210,Lupins,1985,1985,ha,2600,E,Estimated value,
QCL,Crops and livestock products,143,Morocco,5419,Yield,210,Lupins,1985,1985,100 g/ha,10000,E,Estimated value,
QCL,Crops and livestock products,143,Morocco,5510,Production,210,Lupins,1985,1985,t,2600,E,Estimated value,
QCL,Crops and livestock products,143,Morocco,5312,Area harvested,210,Lupins,1986,1986,ha,2700,E,Estimated value,
QCL,Crops and livestock products,143,Morocco,5419,Yield,210,Lupins,1986,1986,100 g/ha,10000,E,Estimated value,
QCL,Crops and livestock products,143,Morocco,5510,Production,210,Lupins,1986,1986,t,2700,E,Estimated value,
QCL,Crops and livestock products,143,Morocco,5312,Area harvested,210,Lupins,1987,1987,ha,2800,E,Estimated value,
QCL,Crops and livestock products,143,Morocco,5419,Yield,210,Lupins,1987,1987,100 g/ha,10000,E,Estimated value,
QCL,Crops and livestock products,143,Morocco,5510,Production,210,Lupins,1987,1987,t,2800,E,Estimated value,
QCL,Crops and livestock products,143,Morocco,5312,Area harvested,210,Lupins,1988,1988,ha,3000,X,Figure from international organizations,Unofficial figure
QCL,Crops and livestock products,143,Morocco,5419,Yield,210,Lupins,1988,1988,100 g/ha,9667,E,Estimated value,
QCL,Crops and livestock products,143,Morocco,5510,Production,210,Lupins,1988,1988,t,2900,E,Estimated value,
QCL,Crops and livestock products,143,Morocco,5312,Area harvested,210,Lupins,1989,1989,ha,5000,X,Figure from international organizations,Unofficial figure
QCL,Crops and livestock products,143,Morocco,5419,Yield,210,Lupins,1989,1989,100 g/ha,6000,E,Estimated value,
QCL,Crops and livestock products,143,Morocco,5510,Production,210,Lupins,1989,1989,t,3000,E,Estimated value,
QCL,Crops and livestock products,143,Morocco,5312,Area harvested,210,Lupins,1990,1990,ha,5100,E,Estimated value,
QCL,Crops and livestock products,143,Morocco,5419,Yield,210,Lupins,1990,1990,100 g/ha,6078,E,Estimated value,
QCL,Crops and livestock products,143,Morocco,5510,Production,210,Lupins,1990,1990,t,3100,E,Estimated value,
QCL,Crops and livestock products,143,Morocco,5312,Area harvested,210,Lupins,1991,1991,ha,5300,E,Estimated value,
QCL,Crops and livestock products,143,Morocco,5419,Yield,210,Lupins,1991,1991,100 g/ha,6038,E,Estimated value,
QCL,Crops and livestock products,143,Morocco,5510,Production,210,Lupins,1991,1991,t,3200,E,Estimated value,
QCL,Crops and livestock products,143,Morocco,5312,Area harvested,210,Lupins,1992,1992,ha,5400,E,Estimated value,
QCL,Crops and livestock products,143,Morocco,5419,Yield,210,Lupins,1992,1992,100 g/ha,6111,E,Estimated value,
QCL,Crops and livestock products,143,Morocco,5510,Production,210,Lupins,1992,1992,t,3300,E,Estimated value,
QCL,Crops and livestock products,143,Morocco,5312,Area harvested,210,Lupins,1993,1993,ha,5300,E,Estimated value,
QCL,Crops and livestock products,143,Morocco,5419,Yield,210,Lupins,1993,1993,100 g/ha,6038,E,Estimated value,
QCL,Crops and livestock products,143,Morocco,5510,Production,210,Lupins,1993,1993,t,3200,E,Estimated value,
QCL,Crops and livestock products,143,Morocco,5312,Area harvested,210,Lupins,1994,1994,ha,5400,E,Estimated value,
QCL,Crops and livestock products,143,Morocco,5419,Yield,210,Lupins,1994,1994,100 g/ha,6111,E,Estimated value,
QCL,Crops and livestock products,143,Morocco,5510,Production,210,Lupins,1994,1994,t,3300,E,Estimated value,
QCL,Crops and livestock products,143,Morocco,5312,Area harvested,210,Lupins,1995,1995,ha,7032,I,Imputed value,
QCL,Crops and livestock products,143,Morocco,5419,Yield,210,Lupins,1995,1995,100 g/ha,6256,E,Estimated value,
QCL,Crops and livestock products,143,Morocco,5510,Production,210,Lupins,1995,1995,t,4399.28,I,Imputed value,
QCL,Crops and livestock products,143,Morocco,5312,Area harvested,210,Lupins,1996,1996,ha,5500,E,Estimated value,
QCL,Crops and livestock products,143,Morocco,5419,Yield,210,Lupins,1996,1996,100 g/ha,6364,E,Estimated value,
QCL,Crops and livestock products,143,Morocco,5510,Production,210,Lupins,1996,1996,t,3500,E,Estimated value,
QCL,Crops and livestock products,143,Morocco,5312,Area harvested,210,Lupins,1997,1997,ha,20000,E,Estimated value,
QCL,Crops and livestock products,143,Morocco,5419,Yield,210,Lupins,1997,1997,100 g/ha,6661,E,Estimated value,
QCL,Crops and livestock products,143,Morocco,5510,Production,210,Lupins,1997,1997,t,13322,A,Official figure,
QCL,Crops and livestock products,143,Morocco,5312,Area harvested,210,Lupins,1998,1998,ha,20727,I,Imputed value,
QCL,Crops and livestock products,143,Morocco,5419,Yield,210,Lupins,1998,1998,100 g/ha,6513,E,Estimated value,
QCL,Crops and livestock products,143,Morocco,5510,Production,210,Lupins,1998,1998,t,13500,E,Estimated value,
QCL,Crops and livestock products,143,Morocco,5312,Area harvested,210,Lupins,1999,1999,ha,21000,E,Estimated value,
QCL,Crops and livestock products,143,Morocco,5419,Yield,210,Lupins,1999,1999,100 g/ha,6667,E,Estimated value,
QCL,Crops and livestock products,143,Morocco,5510,Production,210,Lupins,1999,1999,t,14000,E,Estimated value,
QCL,Crops and livestock products,143,Morocco,5312,Area harvested,210,Lupins,2000,2000,ha,24968,I,Imputed value,
QCL,Crops and livestock products,143,Morocco,5419,Yield,210,Lupins,2000,2000,100 g/ha,6558,E,Estimated value,
QCL,Crops and livestock products,143,Morocco,5510,Production,210,Lupins,2000,2000,t,16373.25,I,Imputed value,
QCL,Crops and livestock products,143,Morocco,5312,Area harvested,210,Lupins,2001,2001,ha,30633,I,Imputed value,
QCL,Crops and livestock products,143,Morocco,5419,Yield,210,Lupins,2001,2001,100 g/ha,6546,E,Estimated value,
QCL,Crops and livestock products,143,Morocco,5510,Production,210,Lupins,2001,2001,t,20051.93,I,Imputed value,
QCL,Crops and livestock products,143,Morocco,5312,Area harvested,210,Lupins,2002,2002,ha,35722,I,Imputed value,
QCL,Crops and livestock products,143,Morocco,5419,Yield,210,Lupins,2002,2002,100 g/ha,6498,E,Estimated value,
QCL,Crops and livestock products,143,Morocco,5510,Production,210,Lupins,2002,2002,t,23211.16,I,Imputed value,
QCL,Crops and livestock products,143,Morocco,5312,Area harvested,210,Lupins,2003,2003,ha,39812,I,Imputed value,
QCL,Crops and livestock products,143,Morocco,5419,Yield,210,Lupins,2003,2003,100 g/ha,6519,E,Estimated value,
QCL,Crops and livestock products,143,Morocco,5510,Production,210,Lupins,2003,2003,t,25954.05,I,Imputed value,
QCL,Crops and livestock products,143,Morocco,5312,Area harvested,210,Lupins,2004,2004,ha,43907,I,Imputed value,
QCL,Crops and livestock products,143,Morocco,5419,Yield,210,Lupins,2004,2004,100 g/ha,6536,E,Estimated value,
QCL,Crops and livestock products,143,Morocco,5510,Production,210,Lupins,2004,2004,t,28696.94,I,Imputed value,
QCL,Crops and livestock products,143,Morocco,5312,Area harvested,210,Lupins,2005,2005,ha,48013,I,Imputed value,
QCL,Crops and livestock products,143,Morocco,5419,Yield,210,Lupins,2005,2005,100 g/ha,6548,E,Estimated value,
QCL,Crops and livestock products,143,Morocco,5510,Production,210,Lupins,2005,2005,t,31439.83,I,Imputed value,
QCL,Crops and livestock products,143,Morocco,5312,Area harvested,210,Lupins,2006,2006,ha,52105,I,Imputed value,
QCL,Crops and livestock products,143,Morocco,5419,Yield,210,Lupins,2006,2006,100 g/ha,6560,E,Estimated value,
QCL,Crops and livestock products,143,Morocco,5510,Production,210,Lupins,2006,2006,t,34182.73,I,Imputed value,
QCL,Crops and livestock products,143,Morocco,5312,Area harvested,210,Lupins,2007,2007,ha,56181,I,Imputed value,
QCL,Crops and livestock products,143,Morocco,5419,Yield,210,Lupins,2007,2007,100 g/ha,6573,E,Estimated value,
QCL,Crops and livestock products,143,Morocco,5510,Production,210,Lupins,2007,2007,t,36925.62,I,Imputed value,
QCL,Crops and livestock products,143,Morocco,5312,Area harvested,210,Lupins,2008,2008,ha,60243,I,Imputed value,
QCL,Crops and livestock products,143,Morocco,5419,Yield,210,Lupins,2008,2008,100 g/ha,6585,E,Estimated value,
QCL,Crops and livestock products,143,Morocco,5510,Production,210,Lupins,2008,2008,t,39668.51,I,Imputed value,
QCL,Crops and livestock products,143,Morocco,5312,Area harvested,210,Lupins,2009,2009,ha,64289,I,Imputed value,
QCL,Crops and livestock products,143,Morocco,5419,Yield,210,Lupins,2009,2009,100 g/ha,6597,E,Estimated value,
QCL,Crops and livestock products,143,Morocco,5510,Production,210,Lupins,2009,2009,t,42411.4,I,Imputed value,
QCL,Crops and livestock products,143,Morocco,5312,Area harvested,210,Lupins,2010,2010,ha,68320,I,Imputed value,
QCL,Crops and livestock products,143,Morocco,5419,Yield,210,Lupins,2010,2010,100 g/ha,6609,E,Estimated value,
QCL,Crops and livestock products,143,Morocco,5510,Production,210,Lupins,2010,2010,t,45154.29,I,Imputed value,
QCL,Crops and livestock products,143,Morocco,5312,Area harvested,210,Lupins,2011,2011,ha,72336,I,Imputed value,
QCL,Crops and livestock products,143,Morocco,5419,Yield,210,Lupins,2011,2011,100 g/ha,6621,E,Estimated value,
QCL,Crops and livestock products,143,Morocco,5510,Production,210,Lupins,2011,2011,t,47897.19,I,Imputed value,
QCL,Crops and livestock products,143,Morocco,5312,Area harvested,210,Lupins,2012,2012,ha,76338,I,Imputed value,
QCL,Crops and livestock products,143,Morocco,5419,Yield,210,Lupins,2012,2012,100 g/ha,6634,E,Estimated value,
QCL,Crops and livestock products,143,Morocco,5510,Production,210,Lupins,2012,2012,t,50640.08,I,Imputed value,
QCL,Crops and livestock products,143,Morocco,5312,Area harvested,210,Lupins,2013,2013,ha,80325,I,Imputed value,
QCL,Crops and livestock products,143,Morocco,5419,Yield,210,Lupins,2013,2013,100 g/ha,6646,E,Estimated value,
QCL,Crops and livestock products,143,Morocco,5510,Production,210,Lupins,2013,2013,t,53382.97,I,Imputed value,
QCL,Crops and livestock products,143,Morocco,5312,Area harvested,210,Lupins,2014,2014,ha,83665,I,Imputed value,
QCL,Crops and livestock products,143,Morocco,5419,Yield,210,Lupins,2014,2014,100 g/ha,6648,E,Estimated value,
QCL,Crops and livestock products,143,Morocco,5510,Production,210,Lupins,2014,2014,t,55624.57,I,Imputed value,
QCL,Crops and livestock products,143,Morocco,5312,Area harvested,210,Lupins,2015,2015,ha,87206,I,Imputed value,
QCL,Crops and livestock products,143,Morocco,5419,Yield,210,Lupins,2015,2015,100 g/ha,6655,E,Estimated value,
QCL,Crops and livestock products,143,Morocco,5510,Production,210,Lupins,2015,2015,t,58033.15,I,Imputed value,
QCL,Crops and livestock products,143,Morocco,5312,Area harvested,210,Lupins,2016,2016,ha,83732,E,Estimated value,
QCL,Crops and livestock products,143,Morocco,5419,Yield,210,Lupins,2016,2016,100 g/ha,6650,E,Estimated value,
QCL,Crops and livestock products,143,Morocco,5510,Production,210,Lupins,2016,2016,t,55680.23,E,Estimated value,
QCL,Crops and livestock products,143,Morocco,5312,Area harvested,210,Lupins,2017,2017,ha,85769,I,Imputed value,
QCL,Crops and livestock products,143,Morocco,5419,Yield,210,Lupins,2017,2017,100 g/ha,6673,E,Estimated value,
QCL,Crops and livestock products,143,Morocco,5510,Production,210,Lupins,2017,2017,t,57236.8,I,Imputed value,
QCL,Crops and livestock products,143,Morocco,5312,Area harvested,210,Lupins,2018,2018,ha,88288,I,Imputed value,
QCL,Crops and livestock products,143,Morocco,5419,Yield,210,Lupins,2018,2018,100 g/ha,6686,E,Estimated value,
QCL,Crops and livestock products,143,Morocco,5510,Production,210,Lupins,2018,2018,t,59026.48,I,Imputed value,
QCL,Crops and livestock products,143,Morocco,5312,Area harvested,210,Lupins,2019,2019,ha,85930,E,Estimated value,
QCL,Crops and livestock products,143,Morocco,5419,Yield,210,Lupins,2019,2019,100 g/ha,6670,E,Estimated value,
QCL,Crops and livestock products,143,Morocco,5510,Production,210,Lupins,2019,2019,t,57314.51,E,Estimated value,
QCL,Crops and livestock products,143,Morocco,5312,Area harvested,210,Lupins,2020,2020,ha,86662,E,Estimated value,
QCL,Crops and livestock products,143,Morocco,5419,Yield,210,Lupins,2020,2020,100 g/ha,6676,E,Estimated value,
QCL,Crops and livestock products,143,Morocco,5510,Production,210,Lupins,2020,2020,t,57859.26,E,Estimated value,
QCL,Crops and livestock products,143,Morocco,5312,Area harvested,210,Lupins,2021,2021,ha,86960,E,Estimated value,
QCL,Crops and livestock products,143,Morocco,5419,Yield,210,Lupins,2021,2021,100 g/ha,6677,E,Estimated value,
QCL,Crops and livestock products,143,Morocco,5510,Production,210,Lupins,2021,2021,t,58066.75,E,Estimated value,
QCL,Crops and livestock products,143,Morocco,5312,Area harvested,210,Lupins,2022,2022,ha,86517,E,Estimated value,
QCL,Crops and livestock products,143,Morocco,5419,Yield,210,Lupins,2022,2022,100 g/ha,6675,E,Estimated value,
QCL,Crops and livestock products,143,Morocco,5510,Production,210,Lupins,2022,2022,t,57746.84,E,Estimated value,
QCL,Crops and livestock products,143,Morocco,5312,Area harvested,56,Maize (corn),1961,1961,ha,410000,A,Official figure,
QCL,Crops and livestock products,143,Morocco,5419,Yield,56,Maize (corn),1961,1961,100 g/ha,3171,A,Official figure,
QCL,Crops and livestock products,143,Morocco,5510,Production,56,Maize (corn),1961,1961,t,130000,A,Official figure,
QCL,Crops and livestock products,143,Morocco,5312,Area harvested,56,Maize (corn),1962,1962,ha,450000,A,Official figure,
QCL,Crops and livestock products,143,Morocco,5419,Yield,56,Maize (corn),1962,1962,100 g/ha,9333,A,Official figure,
QCL,Crops and livestock products,143,Morocco,5510,Production,56,Maize (corn),1962,1962,t,420000,A,Official figure,
QCL,Crops and livestock products,143,Morocco,5312,Area harvested,56,Maize (corn),1963,1963,ha,460000,A,Official figure,
QCL,Crops and livestock products,143,Morocco,5419,Yield,56,Maize (corn),1963,1963,100 g/ha,10435,A,Official figure,
QCL,Crops and livestock products,143,Morocco,5510,Production,56,Maize (corn),1963,1963,t,480000,A,Official figure,
QCL,Crops and livestock products,143,Morocco,5312,Area harvested,56,Maize (corn),1964,1964,ha,460000,A,Official figure,
QCL,Crops and livestock products,143,Morocco,5419,Yield,56,Maize (corn),1964,1964,100 g/ha,8696,A,Official figure,
QCL,Crops and livestock products,143,Morocco,5510,Production,56,Maize (corn),1964,1964,t,400000,A,Official figure,
QCL,Crops and livestock products,143,Morocco,5312,Area harvested,56,Maize (corn),1965,1965,ha,430000,A,Official figure,
QCL,Crops and livestock products,143,Morocco,5419,Yield,56,Maize (corn),1965,1965,100 g/ha,7674,A,Official figure,
QCL,Crops and livestock products,143,Morocco,5510,Production,56,Maize (corn),1965,1965,t,330000,A,Official figure,
QCL,Crops and livestock products,143,Morocco,5312,Area harvested,56,Maize (corn),1966,1966,ha,508000,A,Official figure,
QCL,Crops and livestock products,143,Morocco,5419,Yield,56,Maize (corn),1966,1966,100 g/ha,4301,A,Official figure,
QCL,Crops and livestock products,143,Morocco,5510,Production,56,Maize (corn),1966,1966,t,218500,A,Official figure,
QCL,Crops and livestock products,143,Morocco,5312,Area harvested,56,Maize (corn),1967,1967,ha,532000,A,Official figure,
QCL,Crops and livestock products,143,Morocco,5419,Yield,56,Maize (corn),1967,1967,100 g/ha,6701,A,Official figure,
QCL,Crops and livestock products,143,Morocco,5510,Production,56,Maize (corn),1967,1967,t,356500,A,Official figure,
QCL,Crops and livestock products,143,Morocco,5312,Area harvested,56,Maize (corn),1968,1968,ha,500000,A,Official figure,
QCL,Crops and livestock products,143,Morocco,5419,Yield,56,Maize (corn),1968,1968,100 g/ha,7600,A,Official figure,
QCL,Crops and livestock products,143,Morocco,5510,Production,56,Maize (corn),1968,1968,t,380000,A,Official figure,
QCL,Crops and livestock products,143,Morocco,5312,Area harvested,56,Maize (corn),1969,1969,ha,460000,A,Official figure,
QCL,Crops and livestock products,143,Morocco,5419,Yield,56,Maize (corn),1969,1969,100 g/ha,9348,A,Official figure,
QCL,Crops and livestock products,143,Morocco,5510,Production,56,Maize (corn),1969,1969,t,430000,A,Official figure,
QCL,Crops and livestock products,143,Morocco,5312,Area harvested,56,Maize (corn),1970,1970,ha,510000,A,Official figure,
QCL,Crops and livestock products,143,Morocco,5419,Yield,56,Maize (corn),1970,1970,100 g/ha,6267,A,Official figure,
QCL,Crops and livestock products,143,Morocco,5510,Production,56,Maize (corn),1970,1970,t,319600,A,Official figure,
QCL,Crops and livestock products,143,Morocco,5312,Area harvested,56,Maize (corn),1971,1971,ha,453000,A,Official figure,
QCL,Crops and livestock products,143,Morocco,5419,Yield,56,Maize (corn),1971,1971,100 g/ha,8607,A,Official figure,
QCL,Crops and livestock products,143,Morocco,5510,Production,56,Maize (corn),1971,1971,t,389900,A,Official figure,
QCL,Crops and livestock products,143,Morocco,5312,Area harvested,56,Maize (corn),1972,1972,ha,480900,A,Official figure,
QCL,Crops and livestock products,143,Morocco,5419,Yield,56,Maize (corn),1972,1972,100 g/ha,7644,A,Official figure,
QCL,Crops and livestock products,143,Morocco,5510,Production,56,Maize (corn),1972,1972,t,367580,A,Official figure,
QCL,Crops and livestock products,143,Morocco,5312,Area harvested,56,Maize (corn),1973,1973,ha,446400,A,Official figure,
QCL,Crops and livestock products,143,Morocco,5419,Yield,56,Maize (corn),1973,1973,100 g/ha,4868,A,Official figure,
QCL,Crops and livestock products,143,Morocco,5510,Production,56,Maize (corn),1973,1973,t,217300,A,Official figure,
QCL,Crops and livestock products,143,Morocco,5312,Area harvested,56,Maize (corn),1974,1974,ha,447300,A,Official figure,
QCL,Crops and livestock products,143,Morocco,5419,Yield,56,Maize (corn),1974,1974,100 g/ha,8697,A,Official figure,
QCL,Crops and livestock products,143,Morocco,5510,Production,56,Maize (corn),1974,1974,t,389000,A,Official figure,
QCL,Crops and livestock products,143,Morocco,5312,Area harvested,56,Maize (corn),1975,1975,ha,491700,A,Official figure,
QCL,Crops and livestock products,143,Morocco,5419,Yield,56,Maize (corn),1975,1975,100 g/ha,7539,A,Official figure,
QCL,Crops and livestock products,143,Morocco,5510,Production,56,Maize (corn),1975,1975,t,370700,A,Official figure,
QCL,Crops and livestock products,143,Morocco,5312,Area harvested,56,Maize (corn),1976,1976,ha,431800,A,Official figure,
QCL,Crops and livestock products,143,Morocco,5419,Yield,56,Maize (corn),1976,1976,100 g/ha,11406,A,Official figure,
QCL,Crops and livestock products,143,Morocco,5510,Production,56,Maize (corn),1976,1976,t,492500,A,Official figure,
QCL,Crops and livestock products,143,Morocco,5312,Area harvested,56,Maize (corn),1977,1977,ha,424500,A,Official figure,
QCL,Crops and livestock products,143,Morocco,5419,Yield,56,Maize (corn),1977,1977,100 g/ha,4341,A,Official figure,
QCL,Crops and livestock products,143,Morocco,5510,Production,56,Maize (corn),1977,1977,t,184270,A,Official figure,
QCL,Crops and livestock products,143,Morocco,5312,Area harvested,56,Maize (corn),1978,1978,ha,394400,A,Official figure,
QCL,Crops and livestock products,143,Morocco,5419,Yield,56,Maize (corn),1978,1978,100 g/ha,9898,A,Official figure,
QCL,Crops and livestock products,143,Morocco,5510,Production,56,Maize (corn),1978,1978,t,390360,A,Official figure,
QCL,Crops and livestock products,143,Morocco,5312,Area harvested,56,Maize (corn),1979,1979,ha,415500,A,Official figure,
QCL,Crops and livestock products,143,Morocco,5419,Yield,56,Maize (corn),1979,1979,100 g/ha,7500,A,Official figure,
QCL,Crops and livestock products,143,Morocco,5510,Production,56,Maize (corn),1979,1979,t,311620,A,Official figure,
QCL,Crops and livestock products,143,Morocco,5312,Area harvested,56,Maize (corn),1980,1980,ha,411400,A,Official figure,
QCL,Crops and livestock products,143,Morocco,5419,Yield,56,Maize (corn),1980,1980,100 g/ha,8087,A,Official figure,
QCL,Crops and livestock products,143,Morocco,5510,Production,56,Maize (corn),1980,1980,t,332700,A,Official figure,
QCL,Crops and livestock products,143,Morocco,5312,Area harvested,56,Maize (corn),1981,1981,ha,362000,A,Official figure,
QCL,Crops and livestock products,143,Morocco,5419,Yield,56,Maize (corn),1981,1981,100 g/ha,2486,A,Official figure,
QCL,Crops and livestock products,143,Morocco,5510,Production,56,Maize (corn),1981,1981,t,90000,A,Official figure,
QCL,Crops and livestock products,143,Morocco,5312,Area harvested,56,Maize (corn),1982,1982,ha,400000,A,Official figure,
QCL,Crops and livestock products,143,Morocco,5419,Yield,56,Maize (corn),1982,1982,100 g/ha,6172,A,Official figure,
QCL,Crops and livestock products,143,Morocco,5510,Production,56,Maize (corn),1982,1982,t,246890,A,Official figure,
QCL,Crops and livestock products,143,Morocco,5312,Area harvested,56,Maize (corn),1983,1983,ha,434800,A,Official figure,
QCL,Crops and livestock products,143,Morocco,5419,Yield,56,Maize (corn),1983,1983,100 g/ha,5942,A,Official figure,
QCL,Crops and livestock products,143,Morocco,5510,Production,56,Maize (corn),1983,1983,t,258360,A,Official figure,
QCL,Crops and livestock products,143,Morocco,5312,Area harvested,56,Maize (corn),1984,1984,ha,383600,A,Official figure,
QCL,Crops and livestock products,143,Morocco,5419,Yield,56,Maize (corn),1984,1984,100 g/ha,6881,A,Official figure,
QCL,Crops and livestock products,143,Morocco,5510,Production,56,Maize (corn),1984,1984,t,263960,A,Official figure,
QCL,Crops and livestock products,143,Morocco,5312,Area harvested,56,Maize (corn),1985,1985,ha,401200,A,Official figure,
QCL,Crops and livestock products,143,Morocco,5419,Yield,56,Maize (corn),1985,1985,100 g/ha,8001,A,Official figure,
QCL,Crops and livestock products,143,Morocco,5510,Production,56,Maize (corn),1985,1985,t,321000,A,Official figure,
QCL,Crops and livestock products,143,Morocco,5312,Area harvested,56,Maize (corn),1986,1986,ha,375000,A,Official figure,
QCL,Crops and livestock products,143,Morocco,5419,Yield,56,Maize (corn),1986,1986,100 g/ha,8180,A,Official figure,
QCL,Crops and livestock products,143,Morocco,5510,Production,56,Maize (corn),1986,1986,t,306760,A,Official figure,
QCL,Crops and livestock products,143,Morocco,5312,Area harvested,56,Maize (corn),1987,1987,ha,368400,A,Official figure,
QCL,Crops and livestock products,143,Morocco,5419,Yield,56,Maize (corn),1987,1987,100 g/ha,6515,A,Official figure,
QCL,Crops and livestock products,143,Morocco,5510,Production,56,Maize (corn),1987,1987,t,240000,A,Official figure,
QCL,Crops and livestock products,143,Morocco,5312,Area harvested,56,Maize (corn),1988,1988,ha,396400,A,Official figure,
QCL,Crops and livestock products,143,Morocco,5419,Yield,56,Maize (corn),1988,1988,100 g/ha,9031,A,Official figure,
QCL,Crops and livestock products,143,Morocco,5510,Production,56,Maize (corn),1988,1988,t,357990,A,Official figure,
QCL,Crops and livestock products,143,Morocco,5312,Area harvested,56,Maize (corn),1989,1989,ha,405500,A,Official figure,
QCL,Crops and livestock products,143,Morocco,5419,Yield,56,Maize (corn),1989,1989,100 g/ha,9934,A,Official figure,
QCL,Crops and livestock products,143,Morocco,5510,Production,56,Maize (corn),1989,1989,t,402840,A,Official figure,
QCL,Crops and livestock products,143,Morocco,5312,Area harvested,56,Maize (corn),1990,1990,ha,375600,A,Official figure,
QCL,Crops and livestock products,143,Morocco,5419,Yield,56,Maize (corn),1990,1990,100 g/ha,11598,A,Official figure,
QCL,Crops and livestock products,143,Morocco,5510,Production,56,Maize (corn),1990,1990,t,435620,A,Official figure,
QCL,Crops and livestock products,143,Morocco,5312,Area harvested,56,Maize (corn),1991,1991,ha,385100,A,Official figure,
QCL,Crops and livestock products,143,Morocco,5419,Yield,56,Maize (corn),1991,1991,100 g/ha,8700,A,Official figure,
QCL,Crops and livestock products,143,Morocco,5510,Production,56,Maize (corn),1991,1991,t,335040,A,Official figure,
QCL,Crops and livestock products,143,Morocco,5312,Area harvested,56,Maize (corn),1992,1992,ha,453600,A,Official figure,
QCL,Crops and livestock products,143,Morocco,5419,Yield,56,Maize (corn),1992,1992,100 g/ha,4753,A,Official figure,
QCL,Crops and livestock products,143,Morocco,5510,Production,56,Maize (corn),1992,1992,t,215600,A,Official figure,
QCL,Crops and livestock products,143,Morocco,5312,Area harvested,56,Maize (corn),1993,1993,ha,447100,A,Official figure,
QCL,Crops and livestock products,143,Morocco,5419,Yield,56,Maize (corn),1993,1993,100 g/ha,2065,A,Official figure,
QCL,Crops and livestock products,143,Morocco,5510,Production,56,Maize (corn),1993,1993,t,92320,A,Official figure,
QCL,Crops and livestock products,143,Morocco,5312,Area harvested,56,Maize (corn),1994,1994,ha,323600,A,Official figure,
QCL,Crops and livestock products,143,Morocco,5419,Yield,56,Maize (corn),1994,1994,100 g/ha,6261,A,Official figure,
QCL,Crops and livestock products,143,Morocco,5510,Production,56,Maize (corn),1994,1994,t,202610,A,Official figure,
QCL,Crops and livestock products,143,Morocco,5312,Area harvested,56,Maize (corn),1995,1995,ha,387400,A,Official figure,
QCL,Crops and livestock products,143,Morocco,5419,Yield,56,Maize (corn),1995,1995,100 g/ha,1303,A,Official figure,
QCL,Crops and livestock products,143,Morocco,5510,Production,56,Maize (corn),1995,1995,t,50490,A,Official figure,
QCL,Crops and livestock products,143,Morocco,5312,Area harvested,56,Maize (corn),1996,1996,ha,253500,A,Official figure,
QCL,Crops and livestock products,143,Morocco,5419,Yield,56,Maize (corn),1996,1996,100 g/ha,9274,A,Official figure,
QCL,Crops and livestock products,143,Morocco,5510,Production,56,Maize (corn),1996,1996,t,235090,A,Official figure,
QCL,Crops and livestock products,143,Morocco,5312,Area harvested,56,Maize (corn),1997,1997,ha,340900,A,Official figure,
QCL,Crops and livestock products,143,Morocco,5419,Yield,56,Maize (corn),1997,1997,100 g/ha,10984,A,Official figure,
QCL,Crops and livestock products,143,Morocco,5510,Production,56,Maize (corn),1997,1997,t,374460,A,Official figure,
QCL,Crops and livestock products,143,Morocco,5312,Area harvested,56,Maize (corn),1998,1998,ha,310000,A,Official figure,
QCL,Crops and livestock products,143,Morocco,5419,Yield,56,Maize (corn),1998,1998,100 g/ha,6468,A,Official figure,
QCL,Crops and livestock products,143,Morocco,5510,Production,56,Maize (corn),1998,1998,t,200500,A,Official figure,
QCL,Crops and livestock products,143,Morocco,5312,Area harvested,56,Maize (corn),1999,1999,ha,331000,A,Official figure,
QCL,Crops and livestock products,143,Morocco,5419,Yield,56,Maize (corn),1999,1999,100 g/ha,4120,A,Official figure,
QCL,Crops and livestock products,143,Morocco,5510,Production,56,Maize (corn),1999,1999,t,136380,A,Official figure,
QCL,Crops and livestock products,143,Morocco,5312,Area harvested,56,Maize (corn),2000,2000,ha,237500,A,Official figure,
QCL,Crops and livestock products,143,Morocco,5419,Yield,56,Maize (corn),2000,2000,100 g/ha,4000,A,Official figure,
QCL,Crops and livestock products,143,Morocco,5510,Production,56,Maize (corn),2000,2000,t,95000,A,Official figure,
QCL,Crops and livestock products,143,Morocco,5312,Area harvested,56,Maize (corn),2001,2001,ha,254200,A,Official figure,
QCL,Crops and livestock products,143,Morocco,5419,Yield,56,Maize (corn),2001,2001,100 g/ha,2107,A,Official figure,
QCL,Crops and livestock products,143,Morocco,5510,Production,56,Maize (corn),2001,2001,t,53560,A,Official figure,
QCL,Crops and livestock products,143,Morocco,5312,Area harvested,56,Maize (corn),2002,2002,ha,265400,A,Official figure,
QCL,Crops and livestock products,143,Morocco,5419,Yield,56,Maize (corn),2002,2002,100 g/ha,7494,A,Official figure,
QCL,Crops and livestock products,143,Morocco,5510,Production,56,Maize (corn),2002,2002,t,198880,A,Official figure,
QCL,Crops and livestock products,143,Morocco,5312,Area harvested,56,Maize (corn),2003,2003,ha,246700,A,Official figure,
QCL,Crops and livestock products,143,Morocco,5419,Yield,56,Maize (corn),2003,2003,100 g/ha,5617,A,Official figure,
QCL,Crops and livestock products,143,Morocco,5510,Production,56,Maize (corn),2003,2003,t,138580,A,Official figure,
QCL,Crops and livestock products,143,Morocco,5312,Area harvested,56,Maize (corn),2004,2004,ha,244900,A,Official figure,
QCL,Crops and livestock products,143,Morocco,5419,Yield,56,Maize (corn),2004,2004,100 g/ha,9152,A,Official figure,
QCL,Crops and livestock products,143,Morocco,5510,Production,56,Maize (corn),2004,2004,t,224130,A,Official figure,
QCL,Crops and livestock products,143,Morocco,5312,Area harvested,56,Maize (corn),2005,2005,ha,246200,A,Official figure,
QCL,Crops and livestock products,143,Morocco,5419,Yield,56,Maize (corn),2005,2005,100 g/ha,2036,A,Official figure,
QCL,Crops and livestock products,143,Morocco,5510,Production,56,Maize (corn),2005,2005,t,50120,A,Official figure,
QCL,Crops and livestock products,143,Morocco,5312,Area harvested,56,Maize (corn),2006,2006,ha,243800,A,Official figure,
QCL,Crops and livestock products,143,Morocco,5419,Yield,56,Maize (corn),2006,2006,100 g/ha,12198,A,Official figure,
QCL,Crops and livestock products,143,Morocco,5510,Production,56,Maize (corn),2006,2006,t,297380,A,Official figure,
QCL,Crops and livestock products,143,Morocco,5312,Area harvested,56,Maize (corn),2007,2007,ha,228300,A,Official figure,
QCL,Crops and livestock products,143,Morocco,5419,Yield,56,Maize (corn),2007,2007,100 g/ha,4155,A,Official figure,
QCL,Crops and livestock products,143,Morocco,5510,Production,56,Maize (corn),2007,2007,t,94860,A,Official figure,
QCL,Crops and livestock products,143,Morocco,5312,Area harvested,56,Maize (corn),2008,2008,ha,219300,A,Official figure,
QCL,Crops and livestock products,143,Morocco,5419,Yield,56,Maize (corn),2008,2008,100 g/ha,5515,A,Official figure,
QCL,Crops and livestock products,143,Morocco,5510,Production,56,Maize (corn),2008,2008,t,120950,A,Official figure,
QCL,Crops and livestock products,143,Morocco,5312,Area harvested,56,Maize (corn),2009,2009,ha,223500,A,Official figure,
QCL,Crops and livestock products,143,Morocco,5419,Yield,56,Maize (corn),2009,2009,100 g/ha,9151,A,Official figure,
QCL,Crops and livestock products,143,Morocco,5510,Production,56,Maize (corn),2009,2009,t,204520,A,Official figure,
QCL,Crops and livestock products,143,Morocco,5312,Area harvested,56,Maize (corn),2010,2010,ha,230100,A,Official figure,
QCL,Crops and livestock products,143,Morocco,5419,Yield,56,Maize (corn),2010,2010,100 g/ha,12132,A,Official figure,
QCL,Crops and livestock products,143,Morocco,5510,Production,56,Maize (corn),2010,2010,t,279150,A,Official figure,
QCL,Crops and livestock products,143,Morocco,5312,Area harvested,56,Maize (corn),2011,2011,ha,191880,A,Official figure,
QCL,Crops and livestock products,143,Morocco,5419,Yield,56,Maize (corn),2011,2011,100 g/ha,11533,A,Official figure,
QCL,Crops and livestock products,143,Morocco,5510,Production,56,Maize (corn),2011,2011,t,221298,A,Official figure,
QCL,Crops and livestock products,143,Morocco,5312,Area harvested,56,Maize (corn),2012,2012,ha,117960,A,Official figure,
QCL,Crops and livestock products,143,Morocco,5419,Yield,56,Maize (corn),2012,2012,100 g/ha,7648,A,Official figure,
QCL,Crops and livestock products,143,Morocco,5510,Production,56,Maize (corn),2012,2012,t,90221,A,Official figure,
QCL,Crops and livestock products,143,Morocco,5312,Area harvested,56,Maize (corn),2013,2013,ha,178126,A,Official figure,
QCL,Crops and livestock products,143,Morocco,5419,Yield,56,Maize (corn),2013,2013,100 g/ha,6632,A,Official figure,
QCL,Crops and livestock products,143,Morocco,5510,Production,56,Maize (corn),2013,2013,t,118135.85,A,Official figure,
QCL,Crops and livestock products,143,Morocco,5312,Area harvested,56,Maize (corn),2014,2014,ha,137447,A,Official figure,
QCL,Crops and livestock products,143,Morocco,5419,Yield,56,Maize (corn),2014,2014,100 g/ha,7085,A,Official figure,
QCL,Crops and livestock products,143,Morocco,5510,Production,56,Maize (corn),2014,2014,t,97378.9,A,Official figure,
QCL,Crops and livestock products,143,Morocco,5312,Area harvested,56,Maize (corn),2015,2015,ha,125967,A,Official figure,
QCL,Crops and livestock products,143,Morocco,5419,Yield,56,Maize (corn),2015,2015,100 g/ha,7544,A,Official figure,
QCL,Crops and livestock products,143,Morocco,5510,Production,56,Maize (corn),2015,2015,t,95031.65,A,Official figure,
QCL,Crops and livestock products,143,Morocco,5312,Area harvested,56,Maize (corn),2016,2016,ha,138825,A,Official figure,
QCL,Crops and livestock products,143,Morocco,5419,Yield,56,Maize (corn),2016,2016,100 g/ha,9275,A,Official figure,
QCL,Crops and livestock products,143,Morocco,5510,Production,56,Maize (corn),2016,2016,t,128762.7,A,Official figure,
QCL,Crops and livestock products,143,Morocco,5312,Area harvested,56,Maize (corn),2017,2017,ha,130742,A,Official figure,
QCL,Crops and livestock products,143,Morocco,5419,Yield,56,Maize (corn),2017,2017,100 g/ha,9362,A,Official figure,
QCL,Crops and livestock products,143,Morocco,5510,Production,56,Maize (corn),2017,2017,t,122398.73,A,Official figure,
QCL,Crops and livestock products,143,Morocco,5312,Area harvested,56,Maize (corn),2018,2018,ha,148178,A,Official figure,
QCL,Crops and livestock products,143,Morocco,5419,Yield,56,Maize (corn),2018,2018,100 g/ha,7990,A,Official figure,
QCL,Crops and livestock products,143,Morocco,5510,Production,56,Maize (corn),2018,2018,t,118392,A,Official figure,
QCL,Crops and livestock products,143,Morocco,5312,Area harvested,56,Maize (corn),2019,2019,ha,63292,A,Official figure,
QCL,Crops and livestock products,143,Morocco,5419,Yield,56,Maize (corn),2019,2019,100 g/ha,6397,A,Official figure,
QCL,Crops and livestock products,143,Morocco,5510,Production,56,Maize (corn),2019,2019,t,40490.8,A,Official figure,
QCL,Crops and livestock products,143,Morocco,5312,Area harvested,56,Maize (corn),2020,2020,ha,71087,A,Official figure,
QCL,Crops and livestock products,143,Morocco,5419,Yield,56,Maize (corn),2020,2020,100 g/ha,4204,A,Official figure,
QCL,Crops and livestock products,143,Morocco,5510,Production,56,Maize (corn),2020,2020,t,29887.8,A,Official figure,
QCL,Crops and livestock products,143,Morocco,5312,Area harvested,56,Maize (corn),2021,2021,ha,91658,A,Official figure,
QCL,Crops and livestock products,143,Morocco,5419,Yield,56,Maize (corn),2021,2021,100 g/ha,5306,A,Official figure,
QCL,Crops and livestock products,143,Morocco,5510,Production,56,Maize (corn),2021,2021,t,48637.3,A,Official figure,
QCL,Crops and livestock products,143,Morocco,5312,Area harvested,56,Maize (corn),2022,2022,ha,114959,A,Official figure,
QCL,Crops and livestock products,143,Morocco,5419,Yield,56,Maize (corn),2022,2022,100 g/ha,3113,A,Official figure,
QCL,Crops and livestock products,143,Morocco,5510,Production,56,Maize (corn),2022,2022,t,35783.2,A,Official figure,
QCL,Crops and livestock products,143,Morocco,5312,Area harvested,571,"Mangoes, guavas and mangosteens",1961,1961,ha,0,M,"Missing value (data cannot exist, not applicable)",
QCL,Crops and livestock products,143,Morocco,5510,Production,571,"Mangoes, guavas and mangosteens",1961,1961,t,0,A,Official figure,
QCL,Crops and livestock products,143,Morocco,5312,Area harvested,571,"Mangoes, guavas and mangosteens",1962,1962,ha,0,M,"Missing value (data cannot exist, not applicable)",
QCL,Crops and livestock products,143,Morocco,5510,Production,571,"Mangoes, guavas and mangosteens",1962,1962,t,0,A,Official figure,
QCL,Crops and livestock products,143,Morocco,5312,Area harvested,571,"Mangoes, guavas and mangosteens",1963,1963,ha,0,M,"Missing value (data cannot exist, not applicable)",
QCL,Crops and livestock products,143,Morocco,5510,Production,571,"Mangoes, guavas and mangosteens",1963,1963,t,0,A,Official figure,
QCL,Crops and livestock products,143,Morocco,5312,Area harvested,571,"Mangoes, guavas and mangosteens",1964,1964,ha,0,M,"Missing value (data cannot exist, not applicable)",
QCL,Crops and livestock products,143,Morocco,5510,Production,571,"Mangoes, guavas and mangosteens",1964,1964,t,0,A,Official figure,
QCL,Crops and livestock products,143,Morocco,5312,Area harvested,571,"Mangoes, guavas and mangosteens",1965,1965,ha,0,M,"Missing value (data cannot exist, not applicable)",
QCL,Crops and livestock products,143,Morocco,5510,Production,571,"Mangoes, guavas and mangosteens",1965,1965,t,0,A,Official figure,
QCL,Crops and livestock products,143,Morocco,5312,Area harvested,571,"Mangoes, guavas and mangosteens",1966,1966,ha,0,M,"Missing value (data cannot exist, not applicable)",
QCL,Crops and livestock products,143,Morocco,5510,Production,571,"Mangoes, guavas and mangosteens",1966,1966,t,0,A,Official figure,
QCL,Crops and livestock products,143,Morocco,5312,Area harvested,571,"Mangoes, guavas and mangosteens",1967,1967,ha,0,M,"Missing value (data cannot exist, not applicable)",
QCL,Crops and livestock products,143,Morocco,5510,Production,571,"Mangoes, guavas and mangosteens",1967,1967,t,0,A,Official figure,
QCL,Crops and livestock products,143,Morocco,5312,Area harvested,571,"Mangoes, guavas and mangosteens",1968,1968,ha,0,M,"Missing value (data cannot exist, not applicable)",
QCL,Crops and livestock products,143,Morocco,5510,Production,571,"Mangoes, guavas and mangosteens",1968,1968,t,0,A,Official figure,
QCL,Crops and livestock products,143,Morocco,5312,Area harvested,571,"Mangoes, guavas and mangosteens",1969,1969,ha,0,M,"Missing value (data cannot exist, not applicable)",
QCL,Crops and livestock products,143,Morocco,5510,Production,571,"Mangoes, guavas and mangosteens",1969,1969,t,0,A,Official figure,
QCL,Crops and livestock products,143,Morocco,5312,Area harvested,571,"Mangoes, guavas and mangosteens",1970,1970,ha,0,M,"Missing value (data cannot exist, not applicable)",
QCL,Crops and livestock products,143,Morocco,5510,Production,571,"Mangoes, guavas and mangosteens",1970,1970,t,0,A,Official figure,
QCL,Crops and livestock products,143,Morocco,5312,Area harvested,571,"Mangoes, guavas and mangosteens",1971,1971,ha,0,M,"Missing value (data cannot exist, not applicable)",
QCL,Crops and livestock products,143,Morocco,5510,Production,571,"Mangoes, guavas and mangosteens",1971,1971,t,0,A,Official figure,
QCL,Crops and livestock products,143,Morocco,5312,Area harvested,571,"Mangoes, guavas and mangosteens",1972,1972,ha,0,M,"Missing value (data cannot exist, not applicable)",
QCL,Crops and livestock products,143,Morocco,5510,Production,571,"Mangoes, guavas and mangosteens",1972,1972,t,0,A,Official figure,
QCL,Crops and livestock products,143,Morocco,5312,Area harvested,571,"Mangoes, guavas and mangosteens",1973,1973,ha,0,M,"Missing value (data cannot exist, not applicable)",
QCL,Crops and livestock products,143,Morocco,5510,Production,571,"Mangoes, guavas and mangosteens",1973,1973,t,0,A,Official figure,
QCL,Crops and livestock products,143,Morocco,5312,Area harvested,571,"Mangoes, guavas and mangosteens",1974,1974,ha,0,M,"Missing value (data cannot exist, not applicable)",
QCL,Crops and livestock products,143,Morocco,5510,Production,571,"Mangoes, guavas and mangosteens",1974,1974,t,0,A,Official figure,
QCL,Crops and livestock products,143,Morocco,5312,Area harvested,571,"Mangoes, guavas and mangosteens",1975,1975,ha,0,M,"Missing value (data cannot exist, not applicable)",
QCL,Crops and livestock products,143,Morocco,5510,Production,571,"Mangoes, guavas and mangosteens",1975,1975,t,0,A,Official figure,
QCL,Crops and livestock products,143,Morocco,5312,Area harvested,571,"Mangoes, guavas and mangosteens",1976,1976,ha,0,M,"Missing value (data cannot exist, not applicable)",
QCL,Crops and livestock products,143,Morocco,5510,Production,571,"Mangoes, guavas and mangosteens",1976,1976,t,0,A,Official figure,
QCL,Crops and livestock products,143,Morocco,5312,Area harvested,571,"Mangoes, guavas and mangosteens",1977,1977,ha,0,M,"Missing value (data cannot exist, not applicable)",
QCL,Crops and livestock products,143,Morocco,5510,Production,571,"Mangoes, guavas and mangosteens",1977,1977,t,0,A,Official figure,
QCL,Crops and livestock products,143,Morocco,5312,Area harvested,571,"Mangoes, guavas and mangosteens",1978,1978,ha,0,M,"Missing value (data cannot exist, not applicable)",
QCL,Crops and livestock products,143,Morocco,5510,Production,571,"Mangoes, guavas and mangosteens",1978,1978,t,0,A,Official figure,
QCL,Crops and livestock products,143,Morocco,5312,Area harvested,571,"Mangoes, guavas and mangosteens",1979,1979,ha,0,M,"Missing value (data cannot exist, not applicable)",
QCL,Crops and livestock products,143,Morocco,5510,Production,571,"Mangoes, guavas and mangosteens",1979,1979,t,0,A,Official figure,
QCL,Crops and livestock products,143,Morocco,5312,Area harvested,571,"Mangoes, guavas and mangosteens",1980,1980,ha,0,M,"Missing value (data cannot exist, not applicable)",
QCL,Crops and livestock products,143,Morocco,5510,Production,571,"Mangoes, guavas and mangosteens",1980,1980,t,0,A,Official figure,
QCL,Crops and livestock products,143,Morocco,5312,Area harvested,571,"Mangoes, guavas and mangosteens",1981,1981,ha,0,M,"Missing value (data cannot exist, not applicable)",
QCL,Crops and livestock products,143,Morocco,5510,Production,571,"Mangoes, guavas and mangosteens",1981,1981,t,0,A,Official figure,
QCL,Crops and livestock products,143,Morocco,5312,Area harvested,571,"Mangoes, guavas and mangosteens",1982,1982,ha,0,M,"Missing value (data cannot exist, not applicable)",
QCL,Crops and livestock products,143,Morocco,5510,Production,571,"Mangoes, guavas and mangosteens",1982,1982,t,0,A,Official figure,
QCL,Crops and livestock products,143,Morocco,5312,Area harvested,571,"Mangoes, guavas and mangosteens",1983,1983,ha,0,M,"Missing value (data cannot exist, not applicable)",
QCL,Crops and livestock products,143,Morocco,5510,Production,571,"Mangoes, guavas and mangosteens",1983,1983,t,0,A,Official figure,
QCL,Crops and livestock products,143,Morocco,5312,Area harvested,571,"Mangoes, guavas and mangosteens",1984,1984,ha,0,M,"Missing value (data cannot exist, not applicable)",
QCL,Crops and livestock products,143,Morocco,5510,Production,571,"Mangoes, guavas and mangosteens",1984,1984,t,0,A,Official figure,
QCL,Crops and livestock products,143,Morocco,5312,Area harvested,571,"Mangoes, guavas and mangosteens",1985,1985,ha,0,M,"Missing value (data cannot exist, not applicable)",
QCL,Crops and livestock products,143,Morocco,5510,Production,571,"Mangoes, guavas and mangosteens",1985,1985,t,0,A,Official figure,
QCL,Crops and livestock products,143,Morocco,5312,Area harvested,571,"Mangoes, guavas and mangosteens",1986,1986,ha,3,E,Estimated value,
QCL,Crops and livestock products,143,Morocco,5419,Yield,571,"Mangoes, guavas and mangosteens",1986,1986,100 g/ha,100000,E,Estimated value,
QCL,Crops and livestock products,143,Morocco,5510,Production,571,"Mangoes, guavas and mangosteens",1986,1986,t,30,E,Estimated value,
QCL,Crops and livestock products,143,Morocco,5312,Area harvested,571,"Mangoes, guavas and mangosteens",1987,1987,ha,3,E,Estimated value,
QCL,Crops and livestock products,143,Morocco,5419,Yield,571,"Mangoes, guavas and mangosteens",1987,1987,100 g/ha,100000,E,Estimated value,
QCL,Crops and livestock products,143,Morocco,5510,Production,571,"Mangoes, guavas and mangosteens",1987,1987,t,30,E,Estimated value,
QCL,Crops and livestock products,143,Morocco,5312,Area harvested,571,"Mangoes, guavas and mangosteens",1988,1988,ha,3,E,Estimated value,
QCL,Crops and livestock products,143,Morocco,5419,Yield,571,"Mangoes, guavas and mangosteens",1988,1988,100 g/ha,100000,E,Estimated value,
QCL,Crops and livestock products,143,Morocco,5510,Production,571,"Mangoes, guavas and mangosteens",1988,1988,t,30,E,Estimated value,
QCL,Crops and livestock products,143,Morocco,5312,Area harvested,571,"Mangoes, guavas and mangosteens",1989,1989,ha,3,E,Estimated value,
QCL,Crops and livestock products,143,Morocco,5419,Yield,571,"Mangoes, guavas and mangosteens",1989,1989,100 g/ha,100000,E,Estimated value,
QCL,Crops and livestock products,143,Morocco,5510,Production,571,"Mangoes, guavas and mangosteens",1989,1989,t,30,E,Estimated value,
QCL,Crops and livestock products,143,Morocco,5312,Area harvested,571,"Mangoes, guavas and mangosteens",1990,1990,ha,3,E,Estimated value,
QCL,Crops and livestock products,143,Morocco,5419,Yield,571,"Mangoes, guavas and mangosteens",1990,1990,100 g/ha,80000,E,Estimated value,
QCL,Crops and livestock products,143,Morocco,5510,Production,571,"Mangoes, guavas and mangosteens",1990,1990,t,24,E,Estimated value,
QCL,Crops and livestock products,143,Morocco,5312,Area harvested,571,"Mangoes, guavas and mangosteens",1991,1991,ha,3,E,Estimated value,
QCL,Crops and livestock products,143,Morocco,5419,Yield,571,"Mangoes, guavas and mangosteens",1991,1991,100 g/ha,100000,E,Estimated value,
QCL,Crops and livestock products,143,Morocco,5510,Production,571,"Mangoes, guavas and mangosteens",1991,1991,t,30,E,Estimated value,
QCL,Crops and livestock products,143,Morocco,5312,Area harvested,571,"Mangoes, guavas and mangosteens",1992,1992,ha,3,I,Imputed value,
QCL,Crops and livestock products,143,Morocco,5419,Yield,571,"Mangoes, guavas and mangosteens",1992,1992,100 g/ha,101202,E,Estimated value,
QCL,Crops and livestock products,143,Morocco,5510,Production,571,"Mangoes, guavas and mangosteens",1992,1992,t,33.81,I,Imputed value,
QCL,Crops and livestock products,143,Morocco,5312,Area harvested,571,"Mangoes, guavas and mangosteens",1993,1993,ha,4,I,Imputed value,
QCL,Crops and livestock products,143,Morocco,5419,Yield,571,"Mangoes, guavas and mangosteens",1993,1993,100 g/ha,101226,E,Estimated value,
QCL,Crops and livestock products,143,Morocco,5510,Production,571,"Mangoes, guavas and mangosteens",1993,1993,t,36.74,I,Imputed value,
QCL,Crops and livestock products,143,Morocco,5312,Area harvested,571,"Mangoes, guavas and mangosteens",1994,1994,ha,4,I,Imputed value,
QCL,Crops and livestock products,143,Morocco,5419,Yield,571,"Mangoes, guavas and mangosteens",1994,1994,100 g/ha,101251,E,Estimated value,
QCL,Crops and livestock products,143,Morocco,5510,Production,571,"Mangoes, guavas and mangosteens",1994,1994,t,39.55,I,Imputed value,
QCL,Crops and livestock products,143,Morocco,5312,Area harvested,571,"Mangoes, guavas and mangosteens",1995,1995,ha,5,E,Estimated value,
QCL,Crops and livestock products,143,Morocco,5419,Yield,571,"Mangoes, guavas and mangosteens",1995,1995,100 g/ha,100000,E,Estimated value,
QCL,Crops and livestock products,143,Morocco,5510,Production,571,"Mangoes, guavas and mangosteens",1995,1995,t,50,A,Official figure,
QCL,Crops and livestock products,143,Morocco,5312,Area harvested,571,"Mangoes, guavas and mangosteens",1996,1996,ha,2,E,Estimated value,
QCL,Crops and livestock products,143,Morocco,5419,Yield,571,"Mangoes, guavas and mangosteens",1996,1996,100 g/ha,100000,E,Estimated value,
QCL,Crops and livestock products,143,Morocco,5510,Production,571,"Mangoes, guavas and mangosteens",1996,1996,t,20,A,Official figure,
QCL,Crops and livestock products,143,Morocco,5312,Area harvested,571,"Mangoes, guavas and mangosteens",1997,1997,ha,4,I,Imputed value,
QCL,Crops and livestock products,143,Morocco,5419,Yield,571,"Mangoes, guavas and mangosteens",1997,1997,100 g/ha,101317,E,Estimated value,
QCL,Crops and livestock products,143,Morocco,5510,Production,571,"Mangoes, guavas and mangosteens",1997,1997,t,44.15,I,Imputed value,
QCL,Crops and livestock products,143,Morocco,5312,Area harvested,571,"Mangoes, guavas and mangosteens",1998,1998,ha,5,I,Imputed value,
QCL,Crops and livestock products,143,Morocco,5419,Yield,571,"Mangoes, guavas and mangosteens",1998,1998,100 g/ha,101331,E,Estimated value,
QCL,Crops and livestock products,143,Morocco,5510,Production,571,"Mangoes, guavas and mangosteens",1998,1998,t,46.71,I,Imputed value,
QCL,Crops and livestock products,143,Morocco,5312,Area harvested,571,"Mangoes, guavas and mangosteens",1999,1999,ha,5,I,Imputed value,
QCL,Crops and livestock products,143,Morocco,5419,Yield,571,"Mangoes, guavas and mangosteens",1999,1999,100 g/ha,101348,E,Estimated value,
QCL,Crops and livestock products,143,Morocco,5510,Production,571,"Mangoes, guavas and mangosteens",1999,1999,t,49.36,I,Imputed value,
QCL,Crops and livestock products,143,Morocco,5312,Area harvested,571,"Mangoes, guavas and mangosteens",2000,2000,ha,5,I,Imputed value,
QCL,Crops and livestock products,143,Morocco,5419,Yield,571,"Mangoes, guavas and mangosteens",2000,2000,100 g/ha,101377,E,Estimated value,
QCL,Crops and livestock products,143,Morocco,5510,Production,571,"Mangoes, guavas and mangosteens",2000,2000,t,52.15,I,Imputed value,
QCL,Crops and livestock products,143,Morocco,5312,Area harvested,571,"Mangoes, guavas and mangosteens",2001,2001,ha,3,E,Estimated value,
QCL,Crops and livestock products,143,Morocco,5419,Yield,571,"Mangoes, guavas and mangosteens",2001,2001,100 g/ha,100000,E,Estimated value,
QCL,Crops and livestock products,143,Morocco,5510,Production,571,"Mangoes, guavas and mangosteens",2001,2001,t,30,E,Estimated value,
QCL,Crops and livestock products,143,Morocco,5312,Area harvested,571,"Mangoes, guavas and mangosteens",2002,2002,ha,6,I,Imputed value,
QCL,Crops and livestock products,143,Morocco,5419,Yield,571,"Mangoes, guavas and mangosteens",2002,2002,100 g/ha,101493,E,Estimated value,
QCL,Crops and livestock products,143,Morocco,5510,Production,571,"Mangoes, guavas and mangosteens",2002,2002,t,60.93,I,Imputed value,
QCL,Crops and livestock products,143,Morocco,5312,Area harvested,571,"Mangoes, guavas and mangosteens",2003,2003,ha,7,I,Imputed value,
QCL,Crops and livestock products,143,Morocco,5419,Yield,571,"Mangoes, guavas and mangosteens",2003,2003,100 g/ha,101569,E,Estimated value,
QCL,Crops and livestock products,143,Morocco,5510,Production,571,"Mangoes, guavas and mangosteens",2003,2003,t,66.68,I,Imputed value,
QCL,Crops and livestock products,143,Morocco,5312,Area harvested,571,"Mangoes, guavas and mangosteens",2004,2004,ha,7,I,Imputed value,
QCL,Crops and livestock products,143,Morocco,5419,Yield,571,"Mangoes, guavas and mangosteens",2004,2004,100 g/ha,101633,E,Estimated value,
QCL,Crops and livestock products,143,Morocco,5510,Production,571,"Mangoes, guavas and mangosteens",2004,2004,t,72.58,I,Imputed value,
QCL,Crops and livestock products,143,Morocco,5312,Area harvested,571,"Mangoes, guavas and mangosteens",2005,2005,ha,8,I,Imputed value,
QCL,Crops and livestock products,143,Morocco,5419,Yield,571,"Mangoes, guavas and mangosteens",2005,2005,100 g/ha,101668,E,Estimated value,
QCL,Crops and livestock products,143,Morocco,5510,Production,571,"Mangoes, guavas and mangosteens",2005,2005,t,78.73,I,Imputed value,
QCL,Crops and livestock products,143,Morocco,5312,Area harvested,571,"Mangoes, guavas and mangosteens",2006,2006,ha,8,I,Imputed value,
QCL,Crops and livestock products,143,Morocco,5419,Yield,571,"Mangoes, guavas and mangosteens",2006,2006,100 g/ha,101654,E,Estimated value,
QCL,Crops and livestock products,143,Morocco,5510,Production,571,"Mangoes, guavas and mangosteens",2006,2006,t,85.45,I,Imputed value,
QCL,Crops and livestock products,143,Morocco,5312,Area harvested,571,"Mangoes, guavas and mangosteens",2007,2007,ha,8,E,Estimated value,
QCL,Crops and livestock products,143,Morocco,5419,Yield,571,"Mangoes, guavas and mangosteens",2007,2007,100 g/ha,100000,E,Estimated value,
QCL,Crops and livestock products,143,Morocco,5510,Production,571,"Mangoes, guavas and mangosteens",2007,2007,t,80,E,Estimated value,
QCL,Crops and livestock products,143,Morocco,5312,Area harvested,571,"Mangoes, guavas and mangosteens",2008,2008,ha,10,I,Imputed value,
QCL,Crops and livestock products,143,Morocco,5419,Yield,571,"Mangoes, guavas and mangosteens",2008,2008,100 g/ha,101431,E,Estimated value,
QCL,Crops and livestock products,143,Morocco,5510,Production,571,"Mangoes, guavas and mangosteens",2008,2008,t,101.2,I,Imputed value,
QCL,Crops and livestock products,143,Morocco,5312,Area harvested,571,"Mangoes, guavas and mangosteens",2009,2009,ha,11,I,Imputed value,
QCL,Crops and livestock products,143,Morocco,5419,Yield,571,"Mangoes, guavas and mangosteens",2009,2009,100 g/ha,101265,E,Estimated value,
QCL,Crops and livestock products,143,Morocco,5510,Production,571,"Mangoes, guavas and mangosteens",2009,2009,t,109.71,I,Imputed value,
QCL,Crops and livestock products,143,Morocco,5312,Area harvested,571,"Mangoes, guavas and mangosteens",2010,2010,ha,12,I,Imputed value,
QCL,Crops and livestock products,143,Morocco,5419,Yield,571,"Mangoes, guavas and mangosteens",2010,2010,100 g/ha,101148,E,Estimated value,
QCL,Crops and livestock products,143,Morocco,5510,Production,571,"Mangoes, guavas and mangosteens",2010,2010,t,118.92,I,Imputed value,
QCL,Crops and livestock products,143,Morocco,5312,Area harvested,571,"Mangoes, guavas and mangosteens",2011,2011,ha,13,I,Imputed value,
QCL,Crops and livestock products,143,Morocco,5419,Yield,571,"Mangoes, guavas and mangosteens",2011,2011,100 g/ha,101233,E,Estimated value,
QCL,Crops and livestock products,143,Morocco,5510,Production,571,"Mangoes, guavas and mangosteens",2011,2011,t,128.84,I,Imputed value,
QCL,Crops and livestock products,143,Morocco,5312,Area harvested,571,"Mangoes, guavas and mangosteens",2012,2012,ha,14,I,Imputed value,
QCL,Crops and livestock products,143,Morocco,5419,Yield,571,"Mangoes, guavas and mangosteens",2012,2012,100 g/ha,101478,E,Estimated value,
QCL,Crops and livestock products,143,Morocco,5510,Production,571,"Mangoes, guavas and mangosteens",2012,2012,t,138.98,I,Imputed value,
QCL,Crops and livestock products,143,Morocco,5312,Area harvested,571,"Mangoes, guavas and mangosteens",2013,2013,ha,15,E,Estimated value,
QCL,Crops and livestock products,143,Morocco,5419,Yield,571,"Mangoes, guavas and mangosteens",2013,2013,100 g/ha,100000,E,Estimated value,
QCL,Crops and livestock products,143,Morocco,5510,Production,571,"Mangoes, guavas and mangosteens",2013,2013,t,150,E,Estimated value,
QCL,Crops and livestock products,143,Morocco,5312,Area harvested,571,"Mangoes, guavas and mangosteens",2014,2014,ha,15,I,Imputed value,
QCL,Crops and livestock products,143,Morocco,5419,Yield,571,"Mangoes, guavas and mangosteens",2014,2014,100 g/ha,105565,E,Estimated value,
QCL,Crops and livestock products,143,Morocco,5510,Production,571,"Mangoes, guavas and mangosteens",2014,2014,t,162.87,I,Imputed value,
QCL,Crops and livestock products,143,Morocco,5312,Area harvested,571,"Mangoes, guavas and mangosteens",2015,2015,ha,16,I,Imputed value,
QCL,Crops and livestock products,143,Morocco,5419,Yield,571,"Mangoes, guavas and mangosteens",2015,2015,100 g/ha,109448,E,Estimated value,
QCL,Crops and livestock products,143,Morocco,5510,Production,571,"Mangoes, guavas and mangosteens",2015,2015,t,173.52,I,Imputed value,
QCL,Crops and livestock products,143,Morocco,5312,Area harvested,571,"Mangoes, guavas and mangosteens",2016,2016,ha,16,I,Imputed value,
QCL,Crops and livestock products,143,Morocco,5419,Yield,571,"Mangoes, guavas and mangosteens",2016,2016,100 g/ha,113234,E,Estimated value,
QCL,Crops and livestock products,143,Morocco,5510,Production,571,"Mangoes, guavas and mangosteens",2016,2016,t,183.84,I,Imputed value,
QCL,Crops and livestock products,143,Morocco,5312,Area harvested,571,"Mangoes, guavas and mangosteens",2017,2017,ha,14,I,Imputed value,
QCL,Crops and livestock products,143,Morocco,5419,Yield,571,"Mangoes, guavas and mangosteens",2017,2017,100 g/ha,132885,E,Estimated value,
QCL,Crops and livestock products,143,Morocco,5510,Production,571,"Mangoes, guavas and mangosteens",2017,2017,t,186.57,I,Imputed value,
QCL,Crops and livestock products,143,Morocco,5312,Area harvested,571,"Mangoes, guavas and mangosteens",2018,2018,ha,13,I,Imputed value,
QCL,Crops and livestock products,143,Morocco,5419,Yield,571,"Mangoes, guavas and mangosteens",2018,2018,100 g/ha,158222,E,Estimated value,
QCL,Crops and livestock products,143,Morocco,5510,Production,571,"Mangoes, guavas and mangosteens",2018,2018,t,201.06,I,Imputed value,
QCL,Crops and livestock products,143,Morocco,5312,Area harvested,571,"Mangoes, guavas and mangosteens",2019,2019,ha,15,A,Official figure,
QCL,Crops and livestock products,143,Morocco,5419,Yield,571,"Mangoes, guavas and mangosteens",2019,2019,100 g/ha,180000,A,Official figure,
QCL,Crops and livestock products,143,Morocco,5510,Production,571,"Mangoes, guavas and mangosteens",2019,2019,t,270,A,Official figure,
QCL,Crops and livestock products,143,Morocco,5312,Area harvested,571,"Mangoes, guavas and mangosteens",2020,2020,ha,36,A,Official figure,
QCL,Crops and livestock products,143,Morocco,5419,Yield,571,"Mangoes, guavas and mangosteens",2020,2020,100 g/ha,105556,A,Official figure,
QCL,Crops and livestock products,143,Morocco,5510,Production,571,"Mangoes, guavas and mangosteens",2020,2020,t,380,A,Official figure,
QCL,Crops and livestock products,143,Morocco,5312,Area harvested,571,"Mangoes, guavas and mangosteens",2021,2021,ha,23,A,Official figure,
QCL,Crops and livestock products,143,Morocco,5419,Yield,571,"Mangoes, guavas and mangosteens",2021,2021,100 g/ha,43478,A,Official figure,
QCL,Crops and livestock products,143,Morocco,5510,Production,571,"Mangoes, guavas and mangosteens",2021,2021,t,100,A,Official figure,
QCL,Crops and livestock products,143,Morocco,5312,Area harvested,571,"Mangoes, guavas and mangosteens",2022,2022,ha,23,A,Official figure,
QCL,Crops and livestock products,143,Morocco,5419,Yield,571,"Mangoes, guavas and mangosteens",2022,2022,100 g/ha,43478,A,Official figure,
QCL,Crops and livestock products,143,Morocco,5510,Production,571,"Mangoes, guavas and mangosteens",2022,2022,t,100,A,Official figure,
QCL,Crops and livestock products,143,Morocco,5510,Production,1242,Margarine and shortening,1961,1961,t,0,A,Official figure,
QCL,Crops and livestock products,143,Morocco,5510,Production,1242,Margarine and shortening,1962,1962,t,0,A,Official figure,
QCL,Crops and livestock products,143,Morocco,5510,Production,1242,Margarine and shortening,1963,1963,t,0,A,Official figure,
QCL,Crops and livestock products,143,Morocco,5510,Production,1242,Margarine and shortening,1964,1964,t,0,A,Official figure,
QCL,Crops and livestock products,143,Morocco,5510,Production,1242,Margarine and shortening,1965,1965,t,0,A,Official figure,
QCL,Crops and livestock products,143,Morocco,5510,Production,1242,Margarine and shortening,1966,1966,t,0,A,Official figure,
QCL,Crops and livestock products,143,Morocco,5510,Production,1242,Margarine and shortening,1967,1967,t,0,A,Official figure,
QCL,Crops and livestock products,143,Morocco,5510,Production,1242,Margarine and shortening,1968,1968,t,0,A,Official figure,
QCL,Crops and livestock products,143,Morocco,5510,Production,1242,Margarine and shortening,1969,1969,t,0,A,Official figure,
QCL,Crops and livestock products,143,Morocco,5510,Production,1242,Margarine and shortening,1970,1970,t,0,A,Official figure,
QCL,Crops and livestock products,143,Morocco,5510,Production,1242,Margarine and shortening,1971,1971,t,0,A,Official figure,
QCL,Crops and livestock products,143,Morocco,5510,Production,1242,Margarine and shortening,1972,1972,t,0,A,Official figure,
QCL,Crops and livestock products,143,Morocco,5510,Production,1242,Margarine and shortening,1973,1973,t,0,A,Official figure,
QCL,Crops and livestock products,143,Morocco,5510,Production,1242,Margarine and shortening,1974,1974,t,0,A,Official figure,
QCL,Crops and livestock products,143,Morocco,5510,Production,1242,Margarine and shortening,1975,1975,t,0,A,Official figure,
QCL,Crops and livestock products,143,Morocco,5510,Production,1242,Margarine and shortening,1976,1976,t,0,A,Official figure,
QCL,Crops and livestock products,143,Morocco,5510,Production,1242,Margarine and shortening,1977,1977,t,0,A,Official figure,
QCL,Crops and livestock products,143,Morocco,5510,Production,1242,Margarine and shortening,1978,1978,t,0,A,Official figure,
QCL,Crops and livestock products,143,Morocco,5510,Production,1242,Margarine and shortening,1979,1979,t,0,A,Official figure,
QCL,Crops and livestock products,143,Morocco,5510,Production,1242,Margarine and shortening,1980,1980,t,0,A,Official figure,
QCL,Crops and livestock products,143,Morocco,5510,Production,1242,Margarine and shortening,1981,1981,t,0,A,Official figure,
QCL,Crops and livestock products,143,Morocco,5510,Production,1242,Margarine and shortening,1982,1982,t,0,A,Official figure,
QCL,Crops and livestock products,143,Morocco,5510,Production,1242,Margarine and shortening,1983,1983,t,0,A,Official figure,
QCL,Crops and livestock products,143,Morocco,5510,Production,1242,Margarine and shortening,1984,1984,t,3600,I,Imputed value,
QCL,Crops and livestock products,143,Morocco,5510,Production,1242,Margarine and shortening,1985,1985,t,1200,I,Imputed value,
QCL,Crops and livestock products,143,Morocco,5510,Production,1242,Margarine and shortening,1986,1986,t,12000,I,Imputed value,
QCL,Crops and livestock products,143,Morocco,5510,Production,1242,Margarine and shortening,1987,1987,t,12000,I,Imputed value,
QCL,Crops and livestock products,143,Morocco,5510,Production,1242,Margarine and shortening,1988,1988,t,13200,I,Imputed value,
QCL,Crops and livestock products,143,Morocco,5510,Production,1242,Margarine and shortening,1989,1989,t,6000,I,Imputed value,
QCL,Crops and livestock products,143,Morocco,5510,Production,1242,Margarine and shortening,1990,1990,t,6000,I,Imputed value,
QCL,Crops and livestock products,143,Morocco,5510,Production,1242,Margarine and shortening,1991,1991,t,12000,I,Imputed value,
QCL,Crops and livestock products,143,Morocco,5510,Production,1242,Margarine and shortening,1992,1992,t,6000,I,Imputed value,
QCL,Crops and livestock products,143,Morocco,5510,Production,1242,Margarine and shortening,1993,1993,t,8400,I,Imputed value,
QCL,Crops and livestock products,143,Morocco,5510,Production,1242,Margarine and shortening,1994,1994,t,8400,I,Imputed value,
QCL,Crops and livestock products,143,Morocco,5510,Production,1242,Margarine and shortening,1995,1995,t,8400,I,Imputed value,
QCL,Crops and livestock products,143,Morocco,5510,Production,1242,Margarine and shortening,1996,1996,t,8400,I,Imputed value,
QCL,Crops and livestock products,143,Morocco,5510,Production,1242,Margarine and shortening,1997,1997,t,8400,I,Imputed value,
QCL,Crops and livestock products,143,Morocco,5510,Production,1242,Margarine and shortening,1998,1998,t,8400,I,Imputed value,
QCL,Crops and livestock products,143,Morocco,5510,Production,1242,Margarine and shortening,1999,1999,t,8400,I,Imputed value,
QCL,Crops and livestock products,143,Morocco,5510,Production,1242,Margarine and shortening,2000,2000,t,6000,I,Imputed value,
QCL,Crops and livestock products,143,Morocco,5510,Production,1242,Margarine and shortening,2001,2001,t,0,I,Imputed value,
QCL,Crops and livestock products,143,Morocco,5510,Production,1242,Margarine and shortening,2002,2002,t,8400,I,Imputed value,
QCL,Crops and livestock products,143,Morocco,5510,Production,1242,Margarine and shortening,2003,2003,t,4800,I,Imputed value,
QCL,Crops and livestock products,143,Morocco,5510,Production,1242,Margarine and shortening,2004,2004,t,4440,I,Imputed value,
QCL,Crops and livestock products,143,Morocco,5510,Production,1242,Margarine and shortening,2005,2005,t,2640,I,Imputed value,
QCL,Crops and livestock products,143,Morocco,5510,Production,1242,Margarine and shortening,2006,2006,t,1800,I,Imputed value,
QCL,Crops and livestock products,143,Morocco,5510,Production,1242,Margarine and shortening,2007,2007,t,2400,I,Imputed value,
QCL,Crops and livestock products,143,Morocco,5510,Production,1242,Margarine and shortening,2008,2008,t,1800,I,Imputed value,
QCL,Crops and livestock products,143,Morocco,5510,Production,1242,Margarine and shortening,2009,2009,t,1800,I,Imputed value,
QCL,Crops and livestock products,143,Morocco,5510,Production,1242,Margarine and shortening,2010,2010,t,0,I,Imputed value,
QCL,Crops and livestock products,143,Morocco,5510,Production,1242,Margarine and shortening,2011,2011,t,53.54,I,Imputed value,
QCL,Crops and livestock products,143,Morocco,5510,Production,1242,Margarine and shortening,2012,2012,t,71.33,I,Imputed value,
QCL,Crops and livestock products,143,Morocco,5510,Production,1242,Margarine and shortening,2013,2013,t,1936.46,I,Imputed value,
QCL,Crops and livestock products,143,Morocco,5510,Production,1242,Margarine and shortening,2014,2014,t,600,E,Estimated value,
QCL,Crops and livestock products,143,Morocco,5510,Production,1242,Margarine and shortening,2015,2015,t,3660.09,I,Imputed value,
QCL,Crops and livestock products,143,Morocco,5510,Production,1242,Margarine and shortening,2016,2016,t,1381.88,I,Imputed value,
QCL,Crops and livestock products,143,Morocco,5510,Production,1242,Margarine and shortening,2017,2017,t,2564.47,I,Imputed value,
QCL,Crops and livestock products,143,Morocco,5510,Production,1242,Margarine and shortening,2018,2018,t,939.06,I,Imputed value,
QCL,Crops and livestock products,143,Morocco,5510,Production,1242,Margarine and shortening,2019,2019,t,1659.48,I,Imputed value,
QCL,Crops and livestock products,143,Morocco,5510,Production,1242,Margarine and shortening,2020,2020,t,1310.57,I,Imputed value,
QCL,Crops and livestock products,143,Morocco,5510,Production,1242,Margarine and shortening,2021,2021,t,948.62,I,Imputed value,
QCL,Crops and livestock products,143,Morocco,5417,Yield/Carcass Weight,1127,"Meat of camels, fresh or chilled",1961,1961,100 g/An,1447,E,Estimated value,
QCL,Crops and livestock products,143,Morocco,5510,Production,1127,"Meat of camels, fresh or chilled",1961,1961,t,3400,E,Estimated value,
QCL,Crops and livestock products,143,Morocco,5320,Producing Animals/Slaughtered,1127,"Meat of camels, fresh or chilled",1961,1961,An,23500,E,Estimated value,
QCL,Crops and livestock products,143,Morocco,5417,Yield/Carcass Weight,1127,"Meat of camels, fresh or chilled",1962,1962,100 g/An,1535,E,Estimated value,
QCL,Crops and livestock products,143,Morocco,5510,Production,1127,"Meat of camels, fresh or chilled",1962,1962,t,3300,E,Estimated value,
QCL,Crops and livestock products,143,Morocco,5320,Producing Animals/Slaughtered,1127,"Meat of camels, fresh or chilled",1962,1962,An,21500,E,Estimated value,
QCL,Crops and livestock products,143,Morocco,5417,Yield/Carcass Weight,1127,"Meat of camels, fresh or chilled",1963,1963,100 g/An,1542,E,Estimated value,
QCL,Crops and livestock products,143,Morocco,5510,Production,1127,"Meat of camels, fresh or chilled",1963,1963,t,3300,E,Estimated value,
QCL,Crops and livestock products,143,Morocco,5320,Producing Animals/Slaughtered,1127,"Meat of camels, fresh or chilled",1963,1963,An,21400,E,Estimated value,
QCL,Crops and livestock products,143,Morocco,5417,Yield/Carcass Weight,1127,"Meat of camels, fresh or chilled",1964,1964,100 g/An,1511,E,Estimated value,
QCL,Crops and livestock products,143,Morocco,5510,Production,1127,"Meat of camels, fresh or chilled",1964,1964,t,3400,E,Estimated value,
QCL,Crops and livestock products,143,Morocco,5320,Producing Animals/Slaughtered,1127,"Meat of camels, fresh or chilled",1964,1964,An,22500,E,Estimated value,
QCL,Crops and livestock products,143,Morocco,5417,Yield/Carcass Weight,1127,"Meat of camels, fresh or chilled",1965,1965,100 g/An,1581,E,Estimated value,
QCL,Crops and livestock products,143,Morocco,5510,Production,1127,"Meat of camels, fresh or chilled",1965,1965,t,3400,E,Estimated value,
QCL,Crops and livestock products,143,Morocco,5320,Producing Animals/Slaughtered,1127,"Meat of camels, fresh or chilled",1965,1965,An,21500,E,Estimated value,
QCL,Crops and livestock products,143,Morocco,5417,Yield/Carcass Weight,1127,"Meat of camels, fresh or chilled",1966,1966,100 g/An,1588,A,Official figure,
QCL,Crops and livestock products,143,Morocco,5510,Production,1127,"Meat of camels, fresh or chilled",1966,1966,t,2700,A,Official figure,
QCL,Crops and livestock products,143,Morocco,5320,Producing Animals/Slaughtered,1127,"Meat of camels, fresh or chilled",1966,1966,An,17000,A,Official figure,
QCL,Crops and livestock products,143,Morocco,5417,Yield/Carcass Weight,1127,"Meat of camels, fresh or chilled",1967,1967,100 g/An,1588,A,Official figure,
QCL,Crops and livestock products,143,Morocco,5510,Production,1127,"Meat of camels, fresh or chilled",1967,1967,t,2700,A,Official figure,
QCL,Crops and livestock products,143,Morocco,5320,Producing Animals/Slaughtered,1127,"Meat of camels, fresh or chilled",1967,1967,An,17000,A,Official figure,
QCL,Crops and livestock products,143,Morocco,5417,Yield/Carcass Weight,1127,"Meat of camels, fresh or chilled",1968,1968,100 g/An,1619,A,Official figure,
QCL,Crops and livestock products,143,Morocco,5510,Production,1127,"Meat of camels, fresh or chilled",1968,1968,t,3400,A,Official figure,
QCL,Crops and livestock products,143,Morocco,5320,Producing Animals/Slaughtered,1127,"Meat of camels, fresh or chilled",1968,1968,An,21000,A,Official figure,
QCL,Crops and livestock products,143,Morocco,5417,Yield/Carcass Weight,1127,"Meat of camels, fresh or chilled",1969,1969,100 g/An,1545,A,Official figure,
QCL,Crops and livestock products,143,Morocco,5510,Production,1127,"Meat of camels, fresh or chilled",1969,1969,t,3400,A,Official figure,
QCL,Crops and livestock products,143,Morocco,5320,Producing Animals/Slaughtered,1127,"Meat of camels, fresh or chilled",1969,1969,An,22000,A,Official figure,
QCL,Crops and livestock products,143,Morocco,5417,Yield/Carcass Weight,1127,"Meat of camels, fresh or chilled",1970,1970,100 g/An,1370,E,Estimated value,
QCL,Crops and livestock products,143,Morocco,5510,Production,1127,"Meat of camels, fresh or chilled",1970,1970,t,3700,E,Estimated value,
QCL,Crops and livestock products,143,Morocco,5320,Producing Animals/Slaughtered,1127,"Meat of camels, fresh or chilled",1970,1970,An,27000,E,Estimated value,
QCL,Crops and livestock products,143,Morocco,5417,Yield/Carcass Weight,1127,"Meat of camels, fresh or chilled",1971,1971,100 g/An,1237,A,Official figure,
QCL,Crops and livestock products,143,Morocco,5510,Production,1127,"Meat of camels, fresh or chilled",1971,1971,t,3902,A,Official figure,
QCL,Crops and livestock products,143,Morocco,5320,Producing Animals/Slaughtered,1127,"Meat of camels, fresh or chilled",1971,1971,An,31554,A,Official figure,
QCL,Crops and livestock products,143,Morocco,5417,Yield/Carcass Weight,1127,"Meat of camels, fresh or chilled",1972,1972,100 g/An,1500,A,Official figure,
QCL,Crops and livestock products,143,Morocco,5510,Production,1127,"Meat of camels, fresh or chilled",1972,1972,t,4000,A,Official figure,
QCL,Crops and livestock products,143,Morocco,5320,Producing Animals/Slaughtered,1127,"Meat of camels, fresh or chilled",1972,1972,An,26666,A,Official figure,
QCL,Crops and livestock products,143,Morocco,5417,Yield/Carcass Weight,1127,"Meat of camels, fresh or chilled",1973,1973,100 g/An,1650,A,Official figure,
QCL,Crops and livestock products,143,Morocco,5510,Production,1127,"Meat of camels, fresh or chilled",1973,1973,t,3609,A,Official figure,
QCL,Crops and livestock products,143,Morocco,5320,Producing Animals/Slaughtered,1127,"Meat of camels, fresh or chilled",1973,1973,An,21875,A,Official figure,
QCL,Crops and livestock products,143,Morocco,5417,Yield/Carcass Weight,1127,"Meat of camels, fresh or chilled",1974,1974,100 g/An,1676,A,Official figure,
QCL,Crops and livestock products,143,Morocco,5510,Production,1127,"Meat of camels, fresh or chilled",1974,1974,t,4468,A,Official figure,
QCL,Crops and livestock products,143,Morocco,5320,Producing Animals/Slaughtered,1127,"Meat of camels, fresh or chilled",1974,1974,An,26666,A,Official figure,
QCL,Crops and livestock products,143,Morocco,5417,Yield/Carcass Weight,1127,"Meat of camels, fresh or chilled",1975,1975,100 g/An,1444,E,Estimated value,
QCL,Crops and livestock products,143,Morocco,5510,Production,1127,"Meat of camels, fresh or chilled",1975,1975,t,3900,X,Figure from international organizations,Unofficial figure
QCL,Crops and livestock products,143,Morocco,5320,Producing Animals/Slaughtered,1127,"Meat of camels, fresh or chilled",1975,1975,An,27000,E,Estimated value,
QCL,Crops and livestock products,143,Morocco,5417,Yield/Carcass Weight,1127,"Meat of camels, fresh or chilled",1976,1976,100 g/An,1333,X,Figure from international organizations,
QCL,Crops and livestock products,143,Morocco,5510,Production,1127,"Meat of camels, fresh or chilled",1976,1976,t,3200,X,Figure from international organizations,Unofficial figure
QCL,Crops and livestock products,143,Morocco,5320,Producing Animals/Slaughtered,1127,"Meat of camels, fresh or chilled",1976,1976,An,24000,X,Figure from international organizations,Unofficial figure
QCL,Crops and livestock products,143,Morocco,5417,Yield/Carcass Weight,1127,"Meat of camels, fresh or chilled",1977,1977,100 g/An,1371,A,Official figure,
QCL,Crops and livestock products,143,Morocco,5510,Production,1127,"Meat of camels, fresh or chilled",1977,1977,t,2157,A,Official figure,
QCL,Crops and livestock products,143,Morocco,5320,Producing Animals/Slaughtered,1127,"Meat of camels, fresh or chilled",1977,1977,An,15734,A,Official figure,
QCL,Crops and livestock products,143,Morocco,5417,Yield/Carcass Weight,1127,"Meat of camels, fresh or chilled",1978,1978,100 g/An,1371,A,Official figure,
QCL,Crops and livestock products,143,Morocco,5510,Production,1127,"Meat of camels, fresh or chilled",1978,1978,t,2266,A,Official figure,
QCL,Crops and livestock products,143,Morocco,5320,Producing Animals/Slaughtered,1127,"Meat of camels, fresh or chilled",1978,1978,An,16528,A,Official figure,
QCL,Crops and livestock products,143,Morocco,5417,Yield/Carcass Weight,1127,"Meat of camels, fresh or chilled",1979,1979,100 g/An,1369,E,Estimated value,
QCL,Crops and livestock products,143,Morocco,5510,Production,1127,"Meat of camels, fresh or chilled",1979,1979,t,1780,E,Estimated value,
QCL,Crops and livestock products,143,Morocco,5320,Producing Animals/Slaughtered,1127,"Meat of camels, fresh or chilled",1979,1979,An,13000,E,Estimated value,
QCL,Crops and livestock products,143,Morocco,5417,Yield/Carcass Weight,1127,"Meat of camels, fresh or chilled",1980,1980,100 g/An,1385,E,Estimated value,
QCL,Crops and livestock products,143,Morocco,5510,Production,1127,"Meat of camels, fresh or chilled",1980,1980,t,1800,E,Estimated value,
QCL,Crops and livestock products,143,Morocco,5320,Producing Animals/Slaughtered,1127,"Meat of camels, fresh or chilled",1980,1980,An,13000,A,Official figure,
QCL,Crops and livestock products,143,Morocco,5417,Yield/Carcass Weight,1127,"Meat of camels, fresh or chilled",1981,1981,100 g/An,1552,E,Estimated value,
QCL,Crops and livestock products,143,Morocco,5510,Production,1127,"Meat of camels, fresh or chilled",1981,1981,t,1700,E,Estimated value,
QCL,Crops and livestock products,143,Morocco,5320,Producing Animals/Slaughtered,1127,"Meat of camels, fresh or chilled",1981,1981,An,10954,A,Official figure,
QCL,Crops and livestock products,143,Morocco,5417,Yield/Carcass Weight,1127,"Meat of camels, fresh or chilled",1982,1982,100 g/An,1459,A,Official figure,
QCL,Crops and livestock products,143,Morocco,5510,Production,1127,"Meat of camels, fresh or chilled",1982,1982,t,3780,A,Official figure,
QCL,Crops and livestock products,143,Morocco,5320,Producing Animals/Slaughtered,1127,"Meat of camels, fresh or chilled",1982,1982,An,25900,A,Official figure,
QCL,Crops and livestock products,143,Morocco,5417,Yield/Carcass Weight,1127,"Meat of camels, fresh or chilled",1983,1983,100 g/An,1794,A,Official figure,
QCL,Crops and livestock products,143,Morocco,5510,Production,1127,"Meat of camels, fresh or chilled",1983,1983,t,2733,A,Official figure,
QCL,Crops and livestock products,143,Morocco,5320,Producing Animals/Slaughtered,1127,"Meat of camels, fresh or chilled",1983,1983,An,15230,A,Official figure,
QCL,Crops and livestock products,143,Morocco,5417,Yield/Carcass Weight,1127,"Meat of camels, fresh or chilled",1984,1984,100 g/An,1563,A,Official figure,
QCL,Crops and livestock products,143,Morocco,5510,Production,1127,"Meat of camels, fresh or chilled",1984,1984,t,2197,A,Official figure,
QCL,Crops and livestock products,143,Morocco,5320,Producing Animals/Slaughtered,1127,"Meat of camels, fresh or chilled",1984,1984,An,14060,A,Official figure,
QCL,Crops and livestock products,143,Morocco,5417,Yield/Carcass Weight,1127,"Meat of camels, fresh or chilled",1985,1985,100 g/An,1506,E,Estimated value,
QCL,Crops and livestock products,143,Morocco,5510,Production,1127,"Meat of camels, fresh or chilled",1985,1985,t,1657,A,Official figure,
QCL,Crops and livestock products,143,Morocco,5320,Producing Animals/Slaughtered,1127,"Meat of camels, fresh or chilled",1985,1985,An,11000,E,Estimated value,
QCL,Crops and livestock products,143,Morocco,5417,Yield/Carcass Weight,1127,"Meat of camels, fresh or chilled",1986,1986,100 g/An,1545,E,Estimated value,
QCL,Crops and livestock products,143,Morocco,5510,Production,1127,"Meat of camels, fresh or chilled",1986,1986,t,1700,E,Estimated value,
QCL,Crops and livestock products,143,Morocco,5320,Producing Animals/Slaughtered,1127,"Meat of camels, fresh or chilled",1986,1986,An,11000,E,Estimated value,
QCL,Crops and livestock products,143,Morocco,5417,Yield/Carcass Weight,1127,"Meat of camels, fresh or chilled",1987,1987,100 g/An,1429,E,Estimated value,
QCL,Crops and livestock products,143,Morocco,5510,Production,1127,"Meat of camels, fresh or chilled",1987,1987,t,2000,A,Official figure,
QCL,Crops and livestock products,143,Morocco,5320,Producing Animals/Slaughtered,1127,"Meat of camels, fresh or chilled",1987,1987,An,14000,E,Estimated value,
QCL,Crops and livestock products,143,Morocco,5417,Yield/Carcass Weight,1127,"Meat of camels, fresh or chilled",1988,1988,100 g/An,1430,E,Estimated value,
QCL,Crops and livestock products,143,Morocco,5510,Production,1127,"Meat of camels, fresh or chilled",1988,1988,t,1750,E,Estimated value,
QCL,Crops and livestock products,143,Morocco,5320,Producing Animals/Slaughtered,1127,"Meat of camels, fresh or chilled",1988,1988,An,12240,E,Estimated value,
QCL,Crops and livestock products,143,Morocco,5417,Yield/Carcass Weight,1127,"Meat of camels, fresh or chilled",1989,1989,100 g/An,1500,E,Estimated value,
QCL,Crops and livestock products,143,Morocco,5510,Production,1127,"Meat of camels, fresh or chilled",1989,1989,t,1800,E,Estimated value,
QCL,Crops and livestock products,143,Morocco,5320,Producing Animals/Slaughtered,1127,"Meat of camels, fresh or chilled",1989,1989,An,12000,E,Estimated value,
QCL,Crops and livestock products,143,Morocco,5417,Yield/Carcass Weight,1127,"Meat of camels, fresh or chilled",1990,1990,100 g/An,1630,E,Estimated value,
QCL,Crops and livestock products,143,Morocco,5510,Production,1127,"Meat of camels, fresh or chilled",1990,1990,t,2200,A,Official figure,
QCL,Crops and livestock products,143,Morocco,5320,Producing Animals/Slaughtered,1127,"Meat of camels, fresh or chilled",1990,1990,An,13500,E,Estimated value,
QCL,Crops and livestock products,143,Morocco,5417,Yield/Carcass Weight,1127,"Meat of camels, fresh or chilled",1991,1991,100 g/An,1667,E,Estimated value,
QCL,Crops and livestock products,143,Morocco,5510,Production,1127,"Meat of camels, fresh or chilled",1991,1991,t,2000,A,Official figure,
QCL,Crops and livestock products,143,Morocco,5320,Producing Animals/Slaughtered,1127,"Meat of camels, fresh or chilled",1991,1991,An,12000,E,Estimated value,
QCL,Crops and livestock products,143,Morocco,5417,Yield/Carcass Weight,1127,"Meat of camels, fresh or chilled",1992,1992,100 g/An,1692,E,Estimated value,
QCL,Crops and livestock products,143,Morocco,5510,Production,1127,"Meat of camels, fresh or chilled",1992,1992,t,2200,E,Estimated value,
QCL,Crops and livestock products,143,Morocco,5320,Producing Animals/Slaughtered,1127,"Meat of camels, fresh or chilled",1992,1992,An,13000,E,Estimated value,
QCL,Crops and livestock products,143,Morocco,5417,Yield/Carcass Weight,1127,"Meat of camels, fresh or chilled",1993,1993,100 g/An,1732,E,Estimated value,
QCL,Crops and livestock products,143,Morocco,5510,Production,1127,"Meat of camels, fresh or chilled",1993,1993,t,2150,E,Estimated value,
QCL,Crops and livestock products,143,Morocco,5320,Producing Animals/Slaughtered,1127,"Meat of camels, fresh or chilled",1993,1993,An,12410,A,Official figure,
QCL,Crops and livestock products,143,Morocco,5417,Yield/Carcass Weight,1127,"Meat of camels, fresh or chilled",1994,1994,100 g/An,1667,E,Estimated value,
QCL,Crops and livestock products,143,Morocco,5510,Production,1127,"Meat of camels, fresh or chilled",1994,1994,t,2250,E,Estimated value,
QCL,Crops and livestock products,143,Morocco,5320,Producing Animals/Slaughtered,1127,"Meat of camels, fresh or chilled",1994,1994,An,13500,E,Estimated value,
QCL,Crops and livestock products,143,Morocco,5417,Yield/Carcass Weight,1127,"Meat of camels, fresh or chilled",1995,1995,100 g/An,1464,E,Estimated value,
QCL,Crops and livestock products,143,Morocco,5510,Production,1127,"Meat of camels, fresh or chilled",1995,1995,t,2050,E,Estimated value,
QCL,Crops and livestock products,143,Morocco,5320,Producing Animals/Slaughtered,1127,"Meat of camels, fresh or chilled",1995,1995,An,14000,E,Estimated value,
QCL,Crops and livestock products,143,Morocco,5417,Yield/Carcass Weight,1127,"Meat of camels, fresh or chilled",1996,1996,100 g/An,1695,E,Estimated value,
QCL,Crops and livestock products,143,Morocco,5510,Production,1127,"Meat of camels, fresh or chilled",1996,1996,t,2000,E,Estimated value,
QCL,Crops and livestock products,143,Morocco,5320,Producing Animals/Slaughtered,1127,"Meat of camels, fresh or chilled",1996,1996,An,11800,E,Estimated value,
QCL,Crops and livestock products,143,Morocco,5417,Yield/Carcass Weight,1127,"Meat of camels, fresh or chilled",1997,1997,100 g/An,1701,E,Estimated value,
QCL,Crops and livestock products,143,Morocco,5510,Production,1127,"Meat of camels, fresh or chilled",1997,1997,t,2484,E,Estimated value,
QCL,Crops and livestock products,143,Morocco,5320,Producing Animals/Slaughtered,1127,"Meat of camels, fresh or chilled",1997,1997,An,14600,E,Estimated value,
QCL,Crops and livestock products,143,Morocco,5417,Yield/Carcass Weight,1127,"Meat of camels, fresh or chilled",1998,1998,100 g/An,1696,E,Estimated value,
QCL,Crops and livestock products,143,Morocco,5510,Production,1127,"Meat of camels, fresh or chilled",1998,1998,t,2120,E,Estimated value,
QCL,Crops and livestock products,143,Morocco,5320,Producing Animals/Slaughtered,1127,"Meat of camels, fresh or chilled",1998,1998,An,12500,E,Estimated value,
QCL,Crops and livestock products,143,Morocco,5417,Yield/Carcass Weight,1127,"Meat of camels, fresh or chilled",1999,1999,100 g/An,1695,E,Estimated value,
QCL,Crops and livestock products,143,Morocco,5510,Production,1127,"Meat of camels, fresh or chilled",1999,1999,t,2000,A,Official figure,
QCL,Crops and livestock products,143,Morocco,5320,Producing Animals/Slaughtered,1127,"Meat of camels, fresh or chilled",1999,1999,An,11800,E,Estimated value,
QCL,Crops and livestock products,143,Morocco,5417,Yield/Carcass Weight,1127,"Meat of camels, fresh or chilled",2000,2000,100 g/An,1695,E,Estimated value,
QCL,Crops and livestock products,143,Morocco,5510,Production,1127,"Meat of camels, fresh or chilled",2000,2000,t,2000,X,Figure from international organizations,Unofficial figure
QCL,Crops and livestock products,143,Morocco,5320,Producing Animals/Slaughtered,1127,"Meat of camels, fresh or chilled",2000,2000,An,11800,E,Estimated value,
QCL,Crops and livestock products,143,Morocco,5417,Yield/Carcass Weight,1127,"Meat of camels, fresh or chilled",2001,2001,100 g/An,1720,E,Estimated value,
QCL,Crops and livestock products,143,Morocco,5510,Production,1127,"Meat of camels, fresh or chilled",2001,2001,t,2150,E,Estimated value,
QCL,Crops and livestock products,143,Morocco,5320,Producing Animals/Slaughtered,1127,"Meat of camels, fresh or chilled",2001,2001,An,12500,E,Estimated value,
QCL,Crops and livestock products,143,Morocco,5417,Yield/Carcass Weight,1127,"Meat of camels, fresh or chilled",2002,2002,100 g/An,1692,E,Estimated value,
QCL,Crops and livestock products,143,Morocco,5510,Production,1127,"Meat of camels, fresh or chilled",2002,2002,t,2250,E,Estimated value,
QCL,Crops and livestock products,143,Morocco,5320,Producing Animals/Slaughtered,1127,"Meat of camels, fresh or chilled",2002,2002,An,13300,E,Estimated value,
QCL,Crops and livestock products,143,Morocco,5417,Yield/Carcass Weight,1127,"Meat of camels, fresh or chilled",2003,2003,100 g/An,1643,E,Estimated value,
QCL,Crops and livestock products,143,Morocco,5510,Production,1127,"Meat of camels, fresh or chilled",2003,2003,t,2300,E,Estimated value,
QCL,Crops and livestock products,143,Morocco,5320,Producing Animals/Slaughtered,1127,"Meat of camels, fresh or chilled",2003,2003,An,14000,E,Estimated value,
QCL,Crops and livestock products,143,Morocco,5417,Yield/Carcass Weight,1127,"Meat of camels, fresh or chilled",2004,2004,100 g/An,1679,E,Estimated value,
QCL,Crops and livestock products,143,Morocco,5510,Production,1127,"Meat of camels, fresh or chilled",2004,2004,t,2350,E,Estimated value,
QCL,Crops and livestock products,143,Morocco,5320,Producing Animals/Slaughtered,1127,"Meat of camels, fresh or chilled",2004,2004,An,14000,E,Estimated value,
QCL,Crops and livestock products,143,Morocco,5417,Yield/Carcass Weight,1127,"Meat of camels, fresh or chilled",2005,2005,100 g/An,1670,E,Estimated value,
QCL,Crops and livestock products,143,Morocco,5510,Production,1127,"Meat of camels, fresh or chilled",2005,2005,t,2472,A,Official figure,
QCL,Crops and livestock products,143,Morocco,5320,Producing Animals/Slaughtered,1127,"Meat of camels, fresh or chilled",2005,2005,An,14800,E,Estimated value,
QCL,Crops and livestock products,143,Morocco,5417,Yield/Carcass Weight,1127,"Meat of camels, fresh or chilled",2006,2006,100 g/An,1388,A,Official figure,
QCL,Crops and livestock products,143,Morocco,5510,Production,1127,"Meat of camels, fresh or chilled",2006,2006,t,2400,A,Official figure,
QCL,Crops and livestock products,143,Morocco,5320,Producing Animals/Slaughtered,1127,"Meat of camels, fresh or chilled",2006,2006,An,17291,A,Official figure,
QCL,Crops and livestock products,143,Morocco,5417,Yield/Carcass Weight,1127,"Meat of camels, fresh or chilled",2007,2007,100 g/An,1429,A,Official figure,
QCL,Crops and livestock products,143,Morocco,5510,Production,1127,"Meat of camels, fresh or chilled",2007,2007,t,2087,A,Official figure,
QCL,Crops and livestock products,143,Morocco,5320,Producing Animals/Slaughtered,1127,"Meat of camels, fresh or chilled",2007,2007,An,14600,A,Official figure,
QCL,Crops and livestock products,143,Morocco,5417,Yield/Carcass Weight,1127,"Meat of camels, fresh or chilled",2008,2008,100 g/An,1575,E,Estimated value,
QCL,Crops and livestock products,143,Morocco,5510,Production,1127,"Meat of camels, fresh or chilled",2008,2008,t,2520,A,Official figure,
QCL,Crops and livestock products,143,Morocco,5320,Producing Animals/Slaughtered,1127,"Meat of camels, fresh or chilled",2008,2008,An,16000,E,Estimated value,
QCL,Crops and livestock products,143,Morocco,5417,Yield/Carcass Weight,1127,"Meat of camels, fresh or chilled",2009,2009,100 g/An,1480,E,Estimated value,
QCL,Crops and livestock products,143,Morocco,5510,Production,1127,"Meat of camels, fresh or chilled",2009,2009,t,2590,A,Official figure,
QCL,Crops and livestock products,143,Morocco,5320,Producing Animals/Slaughtered,1127,"Meat of camels, fresh or chilled",2009,2009,An,17500,E,Estimated value,
QCL,Crops and livestock products,143,Morocco,5417,Yield/Carcass Weight,1127,"Meat of camels, fresh or chilled",2010,2010,100 g/An,1497,E,Estimated value,
QCL,Crops and livestock products,143,Morocco,5510,Production,1127,"Meat of camels, fresh or chilled",2010,2010,t,2530,A,Official figure,
QCL,Crops and livestock products,143,Morocco,5320,Producing Animals/Slaughtered,1127,"Meat of camels, fresh or chilled",2010,2010,An,16900,E,Estimated value,
QCL,Crops and livestock products,143,Morocco,5417,Yield/Carcass Weight,1127,"Meat of camels, fresh or chilled",2011,2011,100 g/An,2483,E,Estimated value,
QCL,Crops and livestock products,143,Morocco,5510,Production,1127,"Meat of camels, fresh or chilled",2011,2011,t,4296,A,Official figure,
QCL,Crops and livestock products,143,Morocco,5320,Producing Animals/Slaughtered,1127,"Meat of camels, fresh or chilled",2011,2011,An,17300,E,Estimated value,
QCL,Crops and livestock products,143,Morocco,5417,Yield/Carcass Weight,1127,"Meat of camels, fresh or chilled",2012,2012,100 g/An,2925,E,Estimated value,
QCL,Crops and livestock products,143,Morocco,5510,Production,1127,"Meat of camels, fresh or chilled",2012,2012,t,5148,A,Official figure,
QCL,Crops and livestock products,143,Morocco,5320,Producing Animals/Slaughtered,1127,"Meat of camels, fresh or chilled",2012,2012,An,17600,E,Estimated value,
QCL,Crops and livestock products,143,Morocco,5417,Yield/Carcass Weight,1127,"Meat of camels, fresh or chilled",2013,2013,100 g/An,2425,E,Estimated value,
QCL,Crops and livestock products,143,Morocco,5510,Production,1127,"Meat of camels, fresh or chilled",2013,2013,t,4340,A,Official figure,
QCL,Crops and livestock products,143,Morocco,5320,Producing Animals/Slaughtered,1127,"Meat of camels, fresh or chilled",2013,2013,An,17900,E,Estimated value,
QCL,Crops and livestock products,143,Morocco,5417,Yield/Carcass Weight,1127,"Meat of camels, fresh or chilled",2014,2014,100 g/An,2563,E,Estimated value,
QCL,Crops and livestock products,143,Morocco,5510,Production,1127,"Meat of camels, fresh or chilled",2014,2014,t,4292,A,Official figure,
QCL,Crops and livestock products,143,Morocco,5320,Producing Animals/Slaughtered,1127,"Meat of camels, fresh or chilled",2014,2014,An,16747,I,Imputed value,
QCL,Crops and livestock products,143,Morocco,5417,Yield/Carcass Weight,1127,"Meat of camels, fresh or chilled",2015,2015,100 g/An,2702,E,Estimated value,
QCL,Crops and livestock products,143,Morocco,5510,Production,1127,"Meat of camels, fresh or chilled",2015,2015,t,4300,A,Official figure,
QCL,Crops and livestock products,143,Morocco,5320,Producing Animals/Slaughtered,1127,"Meat of camels, fresh or chilled",2015,2015,An,15913,I,Imputed value,
QCL,Crops and livestock products,143,Morocco,5417,Yield/Carcass Weight,1127,"Meat of camels, fresh or chilled",2016,2016,100 g/An,2276,E,Estimated value,
QCL,Crops and livestock products,143,Morocco,5510,Production,1127,"Meat of camels, fresh or chilled",2016,2016,t,3027,A,Official figure,
QCL,Crops and livestock products,143,Morocco,5320,Producing Animals/Slaughtered,1127,"Meat of camels, fresh or chilled",2016,2016,An,13300,E,Estimated value,
QCL,Crops and livestock products,143,Morocco,5417,Yield/Carcass Weight,1127,"Meat of camels, fresh or chilled",2017,2017,100 g/An,2281,E,Estimated value,
QCL,Crops and livestock products,143,Morocco,5510,Production,1127,"Meat of camels, fresh or chilled",2017,2017,t,3000,A,Official figure,
QCL,Crops and livestock products,143,Morocco,5320,Producing Animals/Slaughtered,1127,"Meat of camels, fresh or chilled",2017,2017,An,13150,E,Estimated value,
QCL,Crops and livestock products,143,Morocco,5417,Yield/Carcass Weight,1127,"Meat of camels, fresh or chilled",2018,2018,100 g/An,2164,E,Estimated value,
QCL,Crops and livestock products,143,Morocco,5510,Production,1127,"Meat of camels, fresh or chilled",2018,2018,t,3300,A,Official figure,
QCL,Crops and livestock products,143,Morocco,5320,Producing Animals/Slaughtered,1127,"Meat of camels, fresh or chilled",2018,2018,An,15247,I,Imputed value,
QCL,Crops and livestock products,143,Morocco,5417,Yield/Carcass Weight,1127,"Meat of camels, fresh or chilled",2019,2019,100 g/An,2214,E,Estimated value,
QCL,Crops and livestock products,143,Morocco,5510,Production,1127,"Meat of camels, fresh or chilled",2019,2019,t,3600,A,Official figure,
QCL,Crops and livestock products,143,Morocco,5320,Producing Animals/Slaughtered,1127,"Meat of camels, fresh or chilled",2019,2019,An,16261,I,Imputed value,
QCL,Crops and livestock products,143,Morocco,5417,Yield/Carcass Weight,1127,"Meat of camels, fresh or chilled",2020,2020,100 g/An,2117,E,Estimated value,
QCL,Crops and livestock products,143,Morocco,5510,Production,1127,"Meat of camels, fresh or chilled",2020,2020,t,3400,A,Official figure,
QCL,Crops and livestock products,143,Morocco,5320,Producing Animals/Slaughtered,1127,"Meat of camels, fresh or chilled",2020,2020,An,16062,I,Imputed value,
QCL,Crops and livestock products,143,Morocco,5417,Yield/Carcass Weight,1127,"Meat of camels, fresh or chilled",2021,2021,100 g/An,2120,E,Estimated value,
QCL,Crops and livestock products,143,Morocco,5510,Production,1127,"Meat of camels, fresh or chilled",2021,2021,t,3400,A,Official figure,
QCL,Crops and livestock products,143,Morocco,5320,Producing Animals/Slaughtered,1127,"Meat of camels, fresh or chilled",2021,2021,An,16040,I,Imputed value,
QCL,Crops and livestock products,143,Morocco,5417,Yield/Carcass Weight,1127,"Meat of camels, fresh or chilled",2022,2022,100 g/An,1728,E,Estimated value,
QCL,Crops and livestock products,143,Morocco,5510,Production,1127,"Meat of camels, fresh or chilled",2022,2022,t,2766,A,Official figure,
QCL,Crops and livestock products,143,Morocco,5320,Producing Animals/Slaughtered,1127,"Meat of camels, fresh or chilled",2022,2022,An,16010,I,Imputed value,
QCL,Crops and livestock products,143,Morocco,5417,Yield/Carcass Weight,867,"Meat of cattle with the bone, fresh or chilled",1961,1961,100 g/An,1140,E,Estimated value,
QCL,Crops and livestock products,143,Morocco,5510,Production,867,"Meat of cattle with the bone, fresh or chilled",1961,1961,t,67080,E,Estimated value,
QCL,Crops and livestock products,143,Morocco,5320,Producing Animals/Slaughtered,867,"Meat of cattle with the bone, fresh or chilled",1961,1961,An,588400,E,Estimated value,
QCL,Crops and livestock products,143,Morocco,5417,Yield/Carcass Weight,867,"Meat of cattle with the bone, fresh or chilled",1962,1962,100 g/An,1100,E,Estimated value,
QCL,Crops and livestock products,143,Morocco,5510,Production,867,"Meat of cattle with the bone, fresh or chilled",1962,1962,t,67730,E,Estimated value,
QCL,Crops and livestock products,143,Morocco,5320,Producing Animals/Slaughtered,867,"Meat of cattle with the bone, fresh or chilled",1962,1962,An,615800,E,Estimated value,
QCL,Crops and livestock products,143,Morocco,5417,Yield/Carcass Weight,867,"Meat of cattle with the bone, fresh or chilled",1963,1963,100 g/An,1200,E,Estimated value,
QCL,Crops and livestock products,143,Morocco,5510,Production,867,"Meat of cattle with the bone, fresh or chilled",1963,1963,t,67800,E,Estimated value,
QCL,Crops and livestock products,143,Morocco,5320,Producing Animals/Slaughtered,867,"Meat of cattle with the bone, fresh or chilled",1963,1963,An,564900,E,Estimated value,
QCL,Crops and livestock products,143,Morocco,5417,Yield/Carcass Weight,867,"Meat of cattle with the bone, fresh or chilled",1964,1964,100 g/An,1230,E,Estimated value,
QCL,Crops and livestock products,143,Morocco,5510,Production,867,"Meat of cattle with the bone, fresh or chilled",1964,1964,t,63660,E,Estimated value,
QCL,Crops and livestock products,143,Morocco,5320,Producing Animals/Slaughtered,867,"Meat of cattle with the bone, fresh or chilled",1964,1964,An,517580,E,Estimated value,
QCL,Crops and livestock products,143,Morocco,5417,Yield/Carcass Weight,867,"Meat of cattle with the bone, fresh or chilled",1965,1965,100 g/An,1250,E,Estimated value,
QCL,Crops and livestock products,143,Morocco,5510,Production,867,"Meat of cattle with the bone, fresh or chilled",1965,1965,t,72300,E,Estimated value,
QCL,Crops and livestock products,143,Morocco,5320,Producing Animals/Slaughtered,867,"Meat of cattle with the bone, fresh or chilled",1965,1965,An,578490,E,Estimated value,
QCL,Crops and livestock products,143,Morocco,5417,Yield/Carcass Weight,867,"Meat of cattle with the bone, fresh or chilled",1966,1966,100 g/An,1270,A,Official figure,
QCL,Crops and livestock products,143,Morocco,5510,Production,867,"Meat of cattle with the bone, fresh or chilled",1966,1966,t,79100,A,Official figure,
QCL,Crops and livestock products,143,Morocco,5320,Producing Animals/Slaughtered,867,"Meat of cattle with the bone, fresh or chilled",1966,1966,An,623000,A,Official figure,
QCL,Crops and livestock products,143,Morocco,5417,Yield/Carcass Weight,867,"Meat of cattle with the bone, fresh or chilled",1967,1967,100 g/An,1200,A,Official figure,
QCL,Crops and livestock products,143,Morocco,5510,Production,867,"Meat of cattle with the bone, fresh or chilled",1967,1967,t,81100,A,Official figure,
QCL,Crops and livestock products,143,Morocco,5320,Producing Animals/Slaughtered,867,"Meat of cattle with the bone, fresh or chilled",1967,1967,An,676000,A,Official figure,
QCL,Crops and livestock products,143,Morocco,5417,Yield/Carcass Weight,867,"Meat of cattle with the bone, fresh or chilled",1968,1968,100 g/An,1193,A,Official figure,
QCL,Crops and livestock products,143,Morocco,5510,Production,867,"Meat of cattle with the bone, fresh or chilled",1968,1968,t,87000,A,Official figure,
QCL,Crops and livestock products,143,Morocco,5320,Producing Animals/Slaughtered,867,"Meat of cattle with the bone, fresh or chilled",1968,1968,An,729000,A,Official figure,
QCL,Crops and livestock products,143,Morocco,5417,Yield/Carcass Weight,867,"Meat of cattle with the bone, fresh or chilled",1969,1969,100 g/An,1179,A,Official figure,
QCL,Crops and livestock products,143,Morocco,5510,Production,867,"Meat of cattle with the bone, fresh or chilled",1969,1969,t,92000,A,Official figure,
QCL,Crops and livestock products,143,Morocco,5320,Producing Animals/Slaughtered,867,"Meat of cattle with the bone, fresh or chilled",1969,1969,An,780000,A,Official figure,
QCL,Crops and livestock products,143,Morocco,5417,Yield/Carcass Weight,867,"Meat of cattle with the bone, fresh or chilled",1970,1970,100 g/An,1165,E,Estimated value,
QCL,Crops and livestock products,143,Morocco,5510,Production,867,"Meat of cattle with the bone, fresh or chilled",1970,1970,t,92000,E,Estimated value,
QCL,Crops and livestock products,143,Morocco,5320,Producing Animals/Slaughtered,867,"Meat of cattle with the bone, fresh or chilled",1970,1970,An,790000,E,Estimated value,
QCL,Crops and livestock products,143,Morocco,5417,Yield/Carcass Weight,867,"Meat of cattle with the bone, fresh or chilled",1971,1971,100 g/An,1124,E,Estimated value,
QCL,Crops and livestock products,143,Morocco,5510,Production,867,"Meat of cattle with the bone, fresh or chilled",1971,1971,t,90000,A,Official figure,
QCL,Crops and livestock products,143,Morocco,5320,Producing Animals/Slaughtered,867,"Meat of cattle with the bone, fresh or chilled",1971,1971,An,801000,E,Estimated value,
QCL,Crops and livestock products,143,Morocco,5417,Yield/Carcass Weight,867,"Meat of cattle with the bone, fresh or chilled",1972,1972,100 g/An,1110,A,Official figure,
QCL,Crops and livestock products,143,Morocco,5510,Production,867,"Meat of cattle with the bone, fresh or chilled",1972,1972,t,93000,A,Official figure,
QCL,Crops and livestock products,143,Morocco,5320,Producing Animals/Slaughtered,867,"Meat of cattle with the bone, fresh or chilled",1972,1972,An,837827,A,Official figure,
QCL,Crops and livestock products,143,Morocco,5417,Yield/Carcass Weight,867,"Meat of cattle with the bone, fresh or chilled",1973,1973,100 g/An,1050,A,Official figure,
QCL,Crops and livestock products,143,Morocco,5510,Production,867,"Meat of cattle with the bone, fresh or chilled",1973,1973,t,92000,A,Official figure,
QCL,Crops and livestock products,143,Morocco,5320,Producing Animals/Slaughtered,867,"Meat of cattle with the bone, fresh or chilled",1973,1973,An,876190,A,Official figure,
QCL,Crops and livestock products,143,Morocco,5417,Yield/Carcass Weight,867,"Meat of cattle with the bone, fresh or chilled",1974,1974,100 g/An,1100,A,Official figure,
QCL,Crops and livestock products,143,Morocco,5510,Production,867,"Meat of cattle with the bone, fresh or chilled",1974,1974,t,90000,A,Official figure,
QCL,Crops and livestock products,143,Morocco,5320,Producing Animals/Slaughtered,867,"Meat of cattle with the bone, fresh or chilled",1974,1974,An,818181,A,Official figure,
QCL,Crops and livestock products,143,Morocco,5417,Yield/Carcass Weight,867,"Meat of cattle with the bone, fresh or chilled",1975,1975,100 g/An,1050,E,Estimated value,
QCL,Crops and livestock products,143,Morocco,5510,Production,867,"Meat of cattle with the bone, fresh or chilled",1975,1975,t,81400,X,Figure from international organizations,Unofficial figure
QCL,Crops and livestock products,143,Morocco,5320,Producing Animals/Slaughtered,867,"Meat of cattle with the bone, fresh or chilled",1975,1975,An,775000,E,Estimated value,
QCL,Crops and livestock products,143,Morocco,5417,Yield/Carcass Weight,867,"Meat of cattle with the bone, fresh or chilled",1976,1976,100 g/An,1163,X,Figure from international organizations,
QCL,Crops and livestock products,143,Morocco,5510,Production,867,"Meat of cattle with the bone, fresh or chilled",1976,1976,t,79400,X,Figure from international organizations,Unofficial figure
QCL,Crops and livestock products,143,Morocco,5320,Producing Animals/Slaughtered,867,"Meat of cattle with the bone, fresh or chilled",1976,1976,An,683000,X,Figure from international organizations,Unofficial figure
QCL,Crops and livestock products,143,Morocco,5417,Yield/Carcass Weight,867,"Meat of cattle with the bone, fresh or chilled",1977,1977,100 g/An,1364,E,Estimated value,
QCL,Crops and livestock products,143,Morocco,5510,Production,867,"Meat of cattle with the bone, fresh or chilled",1977,1977,t,90000,A,Official figure,
QCL,Crops and livestock products,143,Morocco,5320,Producing Animals/Slaughtered,867,"Meat of cattle with the bone, fresh or chilled",1977,1977,An,660000,X,Figure from international organizations,Unofficial figure
QCL,Crops and livestock products,143,Morocco,5417,Yield/Carcass Weight,867,"Meat of cattle with the bone, fresh or chilled",1978,1978,100 g/An,1462,E,Estimated value,
QCL,Crops and livestock products,143,Morocco,5510,Production,867,"Meat of cattle with the bone, fresh or chilled",1978,1978,t,95000,A,Official figure,
QCL,Crops and livestock products,143,Morocco,5320,Producing Animals/Slaughtered,867,"Meat of cattle with the bone, fresh or chilled",1978,1978,An,650000,X,Figure from international organizations,Unofficial figure
QCL,Crops and livestock products,143,Morocco,5417,Yield/Carcass Weight,867,"Meat of cattle with the bone, fresh or chilled",1979,1979,100 g/An,1493,E,Estimated value,
QCL,Crops and livestock products,143,Morocco,5510,Production,867,"Meat of cattle with the bone, fresh or chilled",1979,1979,t,100000,A,Official figure,
QCL,Crops and livestock products,143,Morocco,5320,Producing Animals/Slaughtered,867,"Meat of cattle with the bone, fresh or chilled",1979,1979,An,670000,X,Figure from international organizations,Unofficial figure
QCL,Crops and livestock products,143,Morocco,5417,Yield/Carcass Weight,867,"Meat of cattle with the bone, fresh or chilled",1980,1980,100 g/An,1365,A,Official figure,
QCL,Crops and livestock products,143,Morocco,5510,Production,867,"Meat of cattle with the bone, fresh or chilled",1980,1980,t,107000,A,Official figure,
QCL,Crops and livestock products,143,Morocco,5320,Producing Animals/Slaughtered,867,"Meat of cattle with the bone, fresh or chilled",1980,1980,An,784100,A,Official figure,
QCL,Crops and livestock products,143,Morocco,5417,Yield/Carcass Weight,867,"Meat of cattle with the bone, fresh or chilled",1981,1981,100 g/An,1471,A,Official figure,
QCL,Crops and livestock products,143,Morocco,5510,Production,867,"Meat of cattle with the bone, fresh or chilled",1981,1981,t,131000,A,Official figure,
QCL,Crops and livestock products,143,Morocco,5320,Producing Animals/Slaughtered,867,"Meat of cattle with the bone, fresh or chilled",1981,1981,An,890800,A,Official figure,
QCL,Crops and livestock products,143,Morocco,5417,Yield/Carcass Weight,867,"Meat of cattle with the bone, fresh or chilled",1982,1982,100 g/An,1578,E,Estimated value,
QCL,Crops and livestock products,143,Morocco,5510,Production,867,"Meat of cattle with the bone, fresh or chilled",1982,1982,t,150000,E,Estimated value,
QCL,Crops and livestock products,143,Morocco,5320,Producing Animals/Slaughtered,867,"Meat of cattle with the bone, fresh or chilled",1982,1982,An,950665,A,Official figure,
QCL,Crops and livestock products,143,Morocco,5417,Yield/Carcass Weight,867,"Meat of cattle with the bone, fresh or chilled",1983,1983,100 g/An,1770,E,Estimated value,
QCL,Crops and livestock products,143,Morocco,5510,Production,867,"Meat of cattle with the bone, fresh or chilled",1983,1983,t,124000,X,Figure from international organizations,Unofficial figure
QCL,Crops and livestock products,143,Morocco,5320,Producing Animals/Slaughtered,867,"Meat of cattle with the bone, fresh or chilled",1983,1983,An,700400,A,Official figure,
QCL,Crops and livestock products,143,Morocco,5417,Yield/Carcass Weight,867,"Meat of cattle with the bone, fresh or chilled",1984,1984,100 g/An,1702,E,Estimated value,
QCL,Crops and livestock products,143,Morocco,5510,Production,867,"Meat of cattle with the bone, fresh or chilled",1984,1984,t,114900,X,Figure from international organizations,Unofficial figure
QCL,Crops and livestock products,143,Morocco,5320,Producing Animals/Slaughtered,867,"Meat of cattle with the bone, fresh or chilled",1984,1984,An,675000,E,Estimated value,
QCL,Crops and livestock products,143,Morocco,5417,Yield/Carcass Weight,867,"Meat of cattle with the bone, fresh or chilled",1985,1985,100 g/An,1700,E,Estimated value,
QCL,Crops and livestock products,143,Morocco,5510,Production,867,"Meat of cattle with the bone, fresh or chilled",1985,1985,t,85000,E,Estimated value,
QCL,Crops and livestock products,143,Morocco,5320,Producing Animals/Slaughtered,867,"Meat of cattle with the bone, fresh or chilled",1985,1985,An,500000,E,Estimated value,
QCL,Crops and livestock products,143,Morocco,5417,Yield/Carcass Weight,867,"Meat of cattle with the bone, fresh or chilled",1986,1986,100 g/An,1675,E,Estimated value,
QCL,Crops and livestock products,143,Morocco,5510,Production,867,"Meat of cattle with the bone, fresh or chilled",1986,1986,t,103000,E,Estimated value,
QCL,Crops and livestock products,143,Morocco,5320,Producing Animals/Slaughtered,867,"Meat of cattle with the bone, fresh or chilled",1986,1986,An,615000,E,Estimated value,
QCL,Crops and livestock products,143,Morocco,5417,Yield/Carcass Weight,867,"Meat of cattle with the bone, fresh or chilled",1987,1987,100 g/An,1674,E,Estimated value,
QCL,Crops and livestock products,143,Morocco,5510,Production,867,"Meat of cattle with the bone, fresh or chilled",1987,1987,t,118000,E,Estimated value,
QCL,Crops and livestock products,143,Morocco,5320,Producing Animals/Slaughtered,867,"Meat of cattle with the bone, fresh or chilled",1987,1987,An,705000,E,Estimated value,
QCL,Crops and livestock products,143,Morocco,5417,Yield/Carcass Weight,867,"Meat of cattle with the bone, fresh or chilled",1988,1988,100 g/An,1680,E,Estimated value,
QCL,Crops and livestock products,143,Morocco,5510,Production,867,"Meat of cattle with the bone, fresh or chilled",1988,1988,t,122100,E,Estimated value,
QCL,Crops and livestock products,143,Morocco,5320,Producing Animals/Slaughtered,867,"Meat of cattle with the bone, fresh or chilled",1988,1988,An,726845,A,Official figure,
QCL,Crops and livestock products,143,Morocco,5417,Yield/Carcass Weight,867,"Meat of cattle with the bone, fresh or chilled",1989,1989,100 g/An,1866,A,Official figure,
QCL,Crops and livestock products,143,Morocco,5510,Production,867,"Meat of cattle with the bone, fresh or chilled",1989,1989,t,150045,A,Official figure,
QCL,Crops and livestock products,143,Morocco,5320,Producing Animals/Slaughtered,867,"Meat of cattle with the bone, fresh or chilled",1989,1989,An,804195,A,Official figure,
QCL,Crops and livestock products,143,Morocco,5417,Yield/Carcass Weight,867,"Meat of cattle with the bone, fresh or chilled",1990,1990,100 g/An,1625,A,Official figure,
QCL,Crops and livestock products,143,Morocco,5510,Production,867,"Meat of cattle with the bone, fresh or chilled",1990,1990,t,144890,A,Official figure,
QCL,Crops and livestock products,143,Morocco,5320,Producing Animals/Slaughtered,867,"Meat of cattle with the bone, fresh or chilled",1990,1990,An,891851,A,Official figure,
QCL,Crops and livestock products,143,Morocco,5417,Yield/Carcass Weight,867,"Meat of cattle with the bone, fresh or chilled",1991,1991,100 g/An,1638,A,Official figure,
QCL,Crops and livestock products,143,Morocco,5510,Production,867,"Meat of cattle with the bone, fresh or chilled",1991,1991,t,149000,A,Official figure,
QCL,Crops and livestock products,143,Morocco,5320,Producing Animals/Slaughtered,867,"Meat of cattle with the bone, fresh or chilled",1991,1991,An,909688,A,Official figure,
QCL,Crops and livestock products,143,Morocco,5417,Yield/Carcass Weight,867,"Meat of cattle with the bone, fresh or chilled",1992,1992,100 g/An,1343,A,Official figure,
QCL,Crops and livestock products,143,Morocco,5510,Production,867,"Meat of cattle with the bone, fresh or chilled",1992,1992,t,145000,A,Official figure,
QCL,Crops and livestock products,143,Morocco,5320,Producing Animals/Slaughtered,867,"Meat of cattle with the bone, fresh or chilled",1992,1992,An,1080000,A,Official figure,
QCL,Crops and livestock products,143,Morocco,5417,Yield/Carcass Weight,867,"Meat of cattle with the bone, fresh or chilled",1993,1993,100 g/An,1315,A,Official figure,
QCL,Crops and livestock products,143,Morocco,5510,Production,867,"Meat of cattle with the bone, fresh or chilled",1993,1993,t,150000,A,Official figure,
QCL,Crops and livestock products,143,Morocco,5320,Producing Animals/Slaughtered,867,"Meat of cattle with the bone, fresh or chilled",1993,1993,An,1141000,A,Official figure,
QCL,Crops and livestock products,143,Morocco,5417,Yield/Carcass Weight,867,"Meat of cattle with the bone, fresh or chilled",1994,1994,100 g/An,1524,E,Estimated value,
QCL,Crops and livestock products,143,Morocco,5510,Production,867,"Meat of cattle with the bone, fresh or chilled",1994,1994,t,125000,A,Official figure,
QCL,Crops and livestock products,143,Morocco,5320,Producing Animals/Slaughtered,867,"Meat of cattle with the bone, fresh or chilled",1994,1994,An,820000,X,Figure from international organizations,Unofficial figure
QCL,Crops and livestock products,143,Morocco,5417,Yield/Carcass Weight,867,"Meat of cattle with the bone, fresh or chilled",1995,1995,100 g/An,1546,A,Official figure,
QCL,Crops and livestock products,143,Morocco,5510,Production,867,"Meat of cattle with the bone, fresh or chilled",1995,1995,t,122100,A,Official figure,
QCL,Crops and livestock products,143,Morocco,5320,Producing Animals/Slaughtered,867,"Meat of cattle with the bone, fresh or chilled",1995,1995,An,790000,A,Official figure,
QCL,Crops and livestock products,143,Morocco,5417,Yield/Carcass Weight,867,"Meat of cattle with the bone, fresh or chilled",1996,1996,100 g/An,1602,A,Official figure,
QCL,Crops and livestock products,143,Morocco,5510,Production,867,"Meat of cattle with the bone, fresh or chilled",1996,1996,t,103000,A,Official figure,
QCL,Crops and livestock products,143,Morocco,5320,Producing Animals/Slaughtered,867,"Meat of cattle with the bone, fresh or chilled",1996,1996,An,643000,A,Official figure,
QCL,Crops and livestock products,143,Morocco,5417,Yield/Carcass Weight,867,"Meat of cattle with the bone, fresh or chilled",1997,1997,100 g/An,1761,A,Official figure,
QCL,Crops and livestock products,143,Morocco,5510,Production,867,"Meat of cattle with the bone, fresh or chilled",1997,1997,t,125000,A,Official figure,
QCL,Crops and livestock products,143,Morocco,5320,Producing Animals/Slaughtered,867,"Meat of cattle with the bone, fresh or chilled",1997,1997,An,710000,A,Official figure,
QCL,Crops and livestock products,143,Morocco,5417,Yield/Carcass Weight,867,"Meat of cattle with the bone, fresh or chilled",1998,1998,100 g/An,1788,A,Official figure,
QCL,Crops and livestock products,143,Morocco,5510,Production,867,"Meat of cattle with the bone, fresh or chilled",1998,1998,t,120000,A,Official figure,
QCL,Crops and livestock products,143,Morocco,5320,Producing Animals/Slaughtered,867,"Meat of cattle with the bone, fresh or chilled",1998,1998,An,671000,A,Official figure,
QCL,Crops and livestock products,143,Morocco,5417,Yield/Carcass Weight,867,"Meat of cattle with the bone, fresh or chilled",1999,1999,100 g/An,1929,A,Official figure,
QCL,Crops and livestock products,143,Morocco,5510,Production,867,"Meat of cattle with the bone, fresh or chilled",1999,1999,t,135000,A,Official figure,
QCL,Crops and livestock products,143,Morocco,5320,Producing Animals/Slaughtered,867,"Meat of cattle with the bone, fresh or chilled",1999,1999,An,700000,A,Official figure,
QCL,Crops and livestock products,143,Morocco,5417,Yield/Carcass Weight,867,"Meat of cattle with the bone, fresh or chilled",2000,2000,100 g/An,1750,A,Official figure,
QCL,Crops and livestock products,143,Morocco,5510,Production,867,"Meat of cattle with the bone, fresh or chilled",2000,2000,t,140000,A,Official figure,
QCL,Crops and livestock products,143,Morocco,5320,Producing Animals/Slaughtered,867,"Meat of cattle with the bone, fresh or chilled",2000,2000,An,800000,A,Official figure,
QCL,Crops and livestock products,143,Morocco,5417,Yield/Carcass Weight,867,"Meat of cattle with the bone, fresh or chilled",2001,2001,100 g/An,1801,A,Official figure,
QCL,Crops and livestock products,143,Morocco,5510,Production,867,"Meat of cattle with the bone, fresh or chilled",2001,2001,t,145000,A,Official figure,
QCL,Crops and livestock products,143,Morocco,5320,Producing Animals/Slaughtered,867,"Meat of cattle with the bone, fresh or chilled",2001,2001,An,805000,A,Official figure,
QCL,Crops and livestock products,143,Morocco,5417,Yield/Carcass Weight,867,"Meat of cattle with the bone, fresh or chilled",2002,2002,100 g/An,2000,E,Estimated value,
QCL,Crops and livestock products,143,Morocco,5510,Production,867,"Meat of cattle with the bone, fresh or chilled",2002,2002,t,170000,A,Official figure,
QCL,Crops and livestock products,143,Morocco,5320,Producing Animals/Slaughtered,867,"Meat of cattle with the bone, fresh or chilled",2002,2002,An,850000,E,Estimated value,
QCL,Crops and livestock products,143,Morocco,5417,Yield/Carcass Weight,867,"Meat of cattle with the bone, fresh or chilled",2003,2003,100 g/An,1807,E,Estimated value,
QCL,Crops and livestock products,143,Morocco,5510,Production,867,"Meat of cattle with the bone, fresh or chilled",2003,2003,t,150000,A,Official figure,
QCL,Crops and livestock products,143,Morocco,5320,Producing Animals/Slaughtered,867,"Meat of cattle with the bone, fresh or chilled",2003,2003,An,830000,E,Estimated value,
QCL,Crops and livestock products,143,Morocco,5417,Yield/Carcass Weight,867,"Meat of cattle with the bone, fresh or chilled",2004,2004,100 g/An,1728,E,Estimated value,
QCL,Crops and livestock products,143,Morocco,5510,Production,867,"Meat of cattle with the bone, fresh or chilled",2004,2004,t,140000,A,Official figure,
QCL,Crops and livestock products,143,Morocco,5320,Producing Animals/Slaughtered,867,"Meat of cattle with the bone, fresh or chilled",2004,2004,An,810000,E,Estimated value,
QCL,Crops and livestock products,143,Morocco,5417,Yield/Carcass Weight,867,"Meat of cattle with the bone, fresh or chilled",2005,2005,100 g/An,1869,E,Estimated value,
QCL,Crops and livestock products,143,Morocco,5510,Production,867,"Meat of cattle with the bone, fresh or chilled",2005,2005,t,157000,A,Official figure,
QCL,Crops and livestock products,143,Morocco,5320,Producing Animals/Slaughtered,867,"Meat of cattle with the bone, fresh or chilled",2005,2005,An,840000,E,Estimated value,
QCL,Crops and livestock products,143,Morocco,5417,Yield/Carcass Weight,867,"Meat of cattle with the bone, fresh or chilled",2006,2006,100 g/An,2078,A,Official figure,
QCL,Crops and livestock products,143,Morocco,5510,Production,867,"Meat of cattle with the bone, fresh or chilled",2006,2006,t,160000,A,Official figure,
QCL,Crops and livestock products,143,Morocco,5320,Producing Animals/Slaughtered,867,"Meat of cattle with the bone, fresh or chilled",2006,2006,An,770000,A,Official figure,
QCL,Crops and livestock products,143,Morocco,5417,Yield/Carcass Weight,867,"Meat of cattle with the bone, fresh or chilled",2007,2007,100 g/An,1893,A,Official figure,
QCL,Crops and livestock products,143,Morocco,5510,Production,867,"Meat of cattle with the bone, fresh or chilled",2007,2007,t,160000,A,Official figure,
QCL,Crops and livestock products,143,Morocco,5320,Producing Animals/Slaughtered,867,"Meat of cattle with the bone, fresh or chilled",2007,2007,An,845000,A,Official figure,
QCL,Crops and livestock products,143,Morocco,5417,Yield/Carcass Weight,867,"Meat of cattle with the bone, fresh or chilled",2008,2008,100 g/An,1885,A,Official figure,
QCL,Crops and livestock products,143,Morocco,5510,Production,867,"Meat of cattle with the bone, fresh or chilled",2008,2008,t,180000,A,Official figure,
QCL,Crops and livestock products,143,Morocco,5320,Producing Animals/Slaughtered,867,"Meat of cattle with the bone, fresh or chilled",2008,2008,An,955000,A,Official figure,
QCL,Crops and livestock products,143,Morocco,5417,Yield/Carcass Weight,867,"Meat of cattle with the bone, fresh or chilled",2009,2009,100 g/An,1937,A,Official figure,
QCL,Crops and livestock products,143,Morocco,5510,Production,867,"Meat of cattle with the bone, fresh or chilled",2009,2009,t,190000,A,Official figure,
QCL,Crops and livestock products,143,Morocco,5320,Producing Animals/Slaughtered,867,"Meat of cattle with the bone, fresh or chilled",2009,2009,An,981000,A,Official figure,
QCL,Crops and livestock products,143,Morocco,5417,Yield/Carcass Weight,867,"Meat of cattle with the bone, fresh or chilled",2010,2010,100 g/An,2021,E,Estimated value,
QCL,Crops and livestock products,143,Morocco,5510,Production,867,"Meat of cattle with the bone, fresh or chilled",2010,2010,t,192000,A,Official figure,
QCL,Crops and livestock products,143,Morocco,5320,Producing Animals/Slaughtered,867,"Meat of cattle with the bone, fresh or chilled",2010,2010,An,950000,X,Figure from international organizations,Unofficial figure
QCL,Crops and livestock products,143,Morocco,5417,Yield/Carcass Weight,867,"Meat of cattle with the bone, fresh or chilled",2011,2011,100 g/An,1938,E,Estimated value,
QCL,Crops and livestock products,143,Morocco,5510,Production,867,"Meat of cattle with the bone, fresh or chilled",2011,2011,t,198657,A,Official figure,
QCL,Crops and livestock products,143,Morocco,5320,Producing Animals/Slaughtered,867,"Meat of cattle with the bone, fresh or chilled",2011,2011,An,1025000,E,Estimated value,
QCL,Crops and livestock products,143,Morocco,5417,Yield/Carcass Weight,867,"Meat of cattle with the bone, fresh or chilled",2012,2012,100 g/An,1951,E,Estimated value,
QCL,Crops and livestock products,143,Morocco,5510,Production,867,"Meat of cattle with the bone, fresh or chilled",2012,2012,t,204422,A,Official figure,
QCL,Crops and livestock products,143,Morocco,5320,Producing Animals/Slaughtered,867,"Meat of cattle with the bone, fresh or chilled",2012,2012,An,1048000,E,Estimated value,
QCL,Crops and livestock products,143,Morocco,5417,Yield/Carcass Weight,867,"Meat of cattle with the bone, fresh or chilled",2013,2013,100 g/An,1960,E,Estimated value,
QCL,Crops and livestock products,143,Morocco,5510,Production,867,"Meat of cattle with the bone, fresh or chilled",2013,2013,t,254000,A,Official figure,
QCL,Crops and livestock products,143,Morocco,5320,Producing Animals/Slaughtered,867,"Meat of cattle with the bone, fresh or chilled",2013,2013,An,1296000,E,Estimated value,
QCL,Crops and livestock products,143,Morocco,5417,Yield/Carcass Weight,867,"Meat of cattle with the bone, fresh or chilled",2014,2014,100 g/An,2142,E,Estimated value,
QCL,Crops and livestock products,143,Morocco,5510,Production,867,"Meat of cattle with the bone, fresh or chilled",2014,2014,t,259078,A,Official figure,
QCL,Crops and livestock products,143,Morocco,5320,Producing Animals/Slaughtered,867,"Meat of cattle with the bone, fresh or chilled",2014,2014,An,1209627,I,Imputed value,
QCL,Crops and livestock products,143,Morocco,5417,Yield/Carcass Weight,867,"Meat of cattle with the bone, fresh or chilled",2015,2015,100 g/An,2046,E,Estimated value,
QCL,Crops and livestock products,143,Morocco,5510,Production,867,"Meat of cattle with the bone, fresh or chilled",2015,2015,t,245514,A,Official figure,
QCL,Crops and livestock products,143,Morocco,5320,Producing Animals/Slaughtered,867,"Meat of cattle with the bone, fresh or chilled",2015,2015,An,1200000,E,Estimated value,
QCL,Crops and livestock products,143,Morocco,5417,Yield/Carcass Weight,867,"Meat of cattle with the bone, fresh or chilled",2016,2016,100 g/An,2148,E,Estimated value,
QCL,Crops and livestock products,143,Morocco,5510,Production,867,"Meat of cattle with the bone, fresh or chilled",2016,2016,t,257799,A,Official figure,
QCL,Crops and livestock products,143,Morocco,5320,Producing Animals/Slaughtered,867,"Meat of cattle with the bone, fresh or chilled",2016,2016,An,1200000,E,Estimated value,
QCL,Crops and livestock products,143,Morocco,5417,Yield/Carcass Weight,867,"Meat of cattle with the bone, fresh or chilled",2017,2017,100 g/An,2305,E,Estimated value,
QCL,Crops and livestock products,143,Morocco,5510,Production,867,"Meat of cattle with the bone, fresh or chilled",2017,2017,t,276548,A,Official figure,
QCL,Crops and livestock products,143,Morocco,5320,Producing Animals/Slaughtered,867,"Meat of cattle with the bone, fresh or chilled",2017,2017,An,1200000,E,Estimated value,
QCL,Crops and livestock products,143,Morocco,5417,Yield/Carcass Weight,867,"Meat of cattle with the bone, fresh or chilled",2018,2018,100 g/An,2734,E,Estimated value,
QCL,Crops and livestock products,143,Morocco,5510,Production,867,"Meat of cattle with the bone, fresh or chilled",2018,2018,t,281600,A,Official figure,
QCL,Crops and livestock products,143,Morocco,5320,Producing Animals/Slaughtered,867,"Meat of cattle with the bone, fresh or chilled",2018,2018,An,1029805,I,Imputed value,
QCL,Crops and livestock products,143,Morocco,5417,Yield/Carcass Weight,867,"Meat of cattle with the bone, fresh or chilled",2019,2019,100 g/An,2166,E,Estimated value,
QCL,Crops and livestock products,143,Morocco,5510,Production,867,"Meat of cattle with the bone, fresh or chilled",2019,2019,t,283002,A,Official figure,
QCL,Crops and livestock products,143,Morocco,5320,Producing Animals/Slaughtered,867,"Meat of cattle with the bone, fresh or chilled",2019,2019,An,1306396,E,Estimated value,
QCL,Crops and livestock products,143,Morocco,5417,Yield/Carcass Weight,867,"Meat of cattle with the bone, fresh or chilled",2020,2020,100 g/An,2166,E,Estimated value,
QCL,Crops and livestock products,143,Morocco,5510,Production,867,"Meat of cattle with the bone, fresh or chilled",2020,2020,t,282000,A,Official figure,
QCL,Crops and livestock products,143,Morocco,5320,Producing Animals/Slaughtered,867,"Meat of cattle with the bone, fresh or chilled",2020,2020,An,1301770,E,Estimated value,
QCL,Crops and livestock products,143,Morocco,5417,Yield/Carcass Weight,867,"Meat of cattle with the bone, fresh or chilled",2021,2021,100 g/An,2166,E,Estimated value,
QCL,Crops and livestock products,143,Morocco,5510,Production,867,"Meat of cattle with the bone, fresh or chilled",2021,2021,t,282000,A,Official figure,
QCL,Crops and livestock products,143,Morocco,5320,Producing Animals/Slaughtered,867,"Meat of cattle with the bone, fresh or chilled",2021,2021,An,1301770,E,Estimated value,
QCL,Crops and livestock products,143,Morocco,5417,Yield/Carcass Weight,867,"Meat of cattle with the bone, fresh or chilled",2022,2022,100 g/An,2781,E,Estimated value,
QCL,Crops and livestock products,143,Morocco,5510,Production,867,"Meat of cattle with the bone, fresh or chilled",2022,2022,t,256769,A,Official figure,
QCL,Crops and livestock products,143,Morocco,5320,Producing Animals/Slaughtered,867,"Meat of cattle with the bone, fresh or chilled",2022,2022,An,923358,I,Imputed value,
QCL,Crops and livestock products,143,Morocco,5424,Yield/Carcass Weight,1058,"Meat of chickens, fresh or chilled",1961,1961,0.1 g/An,8000,E,Estimated value,
QCL,Crops and livestock products,143,Morocco,5510,Production,1058,"Meat of chickens, fresh or chilled",1961,1961,t,25743,E,Estimated value,
QCL,Crops and livestock products,143,Morocco,5321,Producing Animals/Slaughtered,1058,"Meat of chickens, fresh or chilled",1961,1961,1000 An,32180,E,Estimated value,
QCL,Crops and livestock products,143,Morocco,5424,Yield/Carcass Weight,1058,"Meat of chickens, fresh or chilled",1962,1962,0.1 g/An,8000,E,Estimated value,
QCL,Crops and livestock products,143,Morocco,5510,Production,1058,"Meat of chickens, fresh or chilled",1962,1962,t,25280,E,Estimated value,
QCL,Crops and livestock products,143,Morocco,5321,Producing Animals/Slaughtered,1058,"Meat of chickens, fresh or chilled",1962,1962,1000 An,31600,E,Estimated value,
QCL,Crops and livestock products,143,Morocco,5424,Yield/Carcass Weight,1058,"Meat of chickens, fresh or chilled",1963,1963,0.1 g/An,8000,E,Estimated value,
QCL,Crops and livestock products,143,Morocco,5510,Production,1058,"Meat of chickens, fresh or chilled",1963,1963,t,25496,A,Official figure,
QCL,Crops and livestock products,143,Morocco,5321,Producing Animals/Slaughtered,1058,"Meat of chickens, fresh or chilled",1963,1963,1000 An,31870,E,Estimated value,
QCL,Crops and livestock products,143,Morocco,5424,Yield/Carcass Weight,1058,"Meat of chickens, fresh or chilled",1964,1964,0.1 g/An,8001,E,Estimated value,
QCL,Crops and livestock products,143,Morocco,5510,Production,1058,"Meat of chickens, fresh or chilled",1964,1964,t,27363,A,Official figure,
QCL,Crops and livestock products,143,Morocco,5321,Producing Animals/Slaughtered,1058,"Meat of chickens, fresh or chilled",1964,1964,1000 An,34200,E,Estimated value,
QCL,Crops and livestock products,143,Morocco,5424,Yield/Carcass Weight,1058,"Meat of chickens, fresh or chilled",1965,1965,0.1 g/An,8000,E,Estimated value,
QCL,Crops and livestock products,143,Morocco,5510,Production,1058,"Meat of chickens, fresh or chilled",1965,1965,t,26660,E,Estimated value,
QCL,Crops and livestock products,143,Morocco,5321,Producing Animals/Slaughtered,1058,"Meat of chickens, fresh or chilled",1965,1965,1000 An,33325,E,Estimated value,
QCL,Crops and livestock products,143,Morocco,5424,Yield/Carcass Weight,1058,"Meat of chickens, fresh or chilled",1966,1966,0.1 g/An,8000,E,Estimated value,
QCL,Crops and livestock products,143,Morocco,5510,Production,1058,"Meat of chickens, fresh or chilled",1966,1966,t,27500,E,Estimated value,
QCL,Crops and livestock products,143,Morocco,5321,Producing Animals/Slaughtered,1058,"Meat of chickens, fresh or chilled",1966,1966,1000 An,34375,E,Estimated value,
QCL,Crops and livestock products,143,Morocco,5424,Yield/Carcass Weight,1058,"Meat of chickens, fresh or chilled",1967,1967,0.1 g/An,8000,E,Estimated value,
QCL,Crops and livestock products,143,Morocco,5510,Production,1058,"Meat of chickens, fresh or chilled",1967,1967,t,28000,E,Estimated value,
QCL,Crops and livestock products,143,Morocco,5321,Producing Animals/Slaughtered,1058,"Meat of chickens, fresh or chilled",1967,1967,1000 An,35000,E,Estimated value,
QCL,Crops and livestock products,143,Morocco,5424,Yield/Carcass Weight,1058,"Meat of chickens, fresh or chilled",1968,1968,0.1 g/An,8000,E,Estimated value,
QCL,Crops and livestock products,143,Morocco,5510,Production,1058,"Meat of chickens, fresh or chilled",1968,1968,t,28880,E,Estimated value,
QCL,Crops and livestock products,143,Morocco,5321,Producing Animals/Slaughtered,1058,"Meat of chickens, fresh or chilled",1968,1968,1000 An,36100,E,Estimated value,
QCL,Crops and livestock products,143,Morocco,5424,Yield/Carcass Weight,1058,"Meat of chickens, fresh or chilled",1969,1969,0.1 g/An,8000,E,Estimated value,
QCL,Crops and livestock products,143,Morocco,5510,Production,1058,"Meat of chickens, fresh or chilled",1969,1969,t,29360,E,Estimated value,
QCL,Crops and livestock products,143,Morocco,5321,Producing Animals/Slaughtered,1058,"Meat of chickens, fresh or chilled",1969,1969,1000 An,36700,E,Estimated value,
QCL,Crops and livestock products,143,Morocco,5424,Yield/Carcass Weight,1058,"Meat of chickens, fresh or chilled",1970,1970,0.1 g/An,8000,E,Estimated value,
QCL,Crops and livestock products,143,Morocco,5510,Production,1058,"Meat of chickens, fresh or chilled",1970,1970,t,31200,E,Estimated value,
QCL,Crops and livestock products,143,Morocco,5321,Producing Animals/Slaughtered,1058,"Meat of chickens, fresh or chilled",1970,1970,1000 An,39000,E,Estimated value,
QCL,Crops and livestock products,143,Morocco,5424,Yield/Carcass Weight,1058,"Meat of chickens, fresh or chilled",1971,1971,0.1 g/An,8000,E,Estimated value,
QCL,Crops and livestock products,143,Morocco,5510,Production,1058,"Meat of chickens, fresh or chilled",1971,1971,t,31200,E,Estimated value,
QCL,Crops and livestock products,143,Morocco,5321,Producing Animals/Slaughtered,1058,"Meat of chickens, fresh or chilled",1971,1971,1000 An,39000,E,Estimated value,
QCL,Crops and livestock products,143,Morocco,5424,Yield/Carcass Weight,1058,"Meat of chickens, fresh or chilled",1972,1972,0.1 g/An,8000,E,Estimated value,
QCL,Crops and livestock products,143,Morocco,5510,Production,1058,"Meat of chickens, fresh or chilled",1972,1972,t,37600,E,Estimated value,
QCL,Crops and livestock products,143,Morocco,5321,Producing Animals/Slaughtered,1058,"Meat of chickens, fresh or chilled",1972,1972,1000 An,47000,E,Estimated value,
QCL,Crops and livestock products,143,Morocco,5424,Yield/Carcass Weight,1058,"Meat of chickens, fresh or chilled",1973,1973,0.1 g/An,8000,E,Estimated value,
QCL,Crops and livestock products,143,Morocco,5510,Production,1058,"Meat of chickens, fresh or chilled",1973,1973,t,35000,E,Estimated value,
QCL,Crops and livestock products,143,Morocco,5321,Producing Animals/Slaughtered,1058,"Meat of chickens, fresh or chilled",1973,1973,1000 An,43750,E,Estimated value,
QCL,Crops and livestock products,143,Morocco,5424,Yield/Carcass Weight,1058,"Meat of chickens, fresh or chilled",1974,1974,0.1 g/An,8000,E,Estimated value,
QCL,Crops and livestock products,143,Morocco,5510,Production,1058,"Meat of chickens, fresh or chilled",1974,1974,t,36000,E,Estimated value,
QCL,Crops and livestock products,143,Morocco,5321,Producing Animals/Slaughtered,1058,"Meat of chickens, fresh or chilled",1974,1974,1000 An,45000,E,Estimated value,
QCL,Crops and livestock products,143,Morocco,5424,Yield/Carcass Weight,1058,"Meat of chickens, fresh or chilled",1975,1975,0.1 g/An,8000,E,Estimated value,
QCL,Crops and livestock products,143,Morocco,5510,Production,1058,"Meat of chickens, fresh or chilled",1975,1975,t,43200,E,Estimated value,
QCL,Crops and livestock products,143,Morocco,5321,Producing Animals/Slaughtered,1058,"Meat of chickens, fresh or chilled",1975,1975,1000 An,54000,E,Estimated value,
QCL,Crops and livestock products,143,Morocco,5424,Yield/Carcass Weight,1058,"Meat of chickens, fresh or chilled",1976,1976,0.1 g/An,8000,E,Estimated value,
QCL,Crops and livestock products,143,Morocco,5510,Production,1058,"Meat of chickens, fresh or chilled",1976,1976,t,46400,E,Estimated value,
QCL,Crops and livestock products,143,Morocco,5321,Producing Animals/Slaughtered,1058,"Meat of chickens, fresh or chilled",1976,1976,1000 An,58000,E,Estimated value,
QCL,Crops and livestock products,143,Morocco,5424,Yield/Carcass Weight,1058,"Meat of chickens, fresh or chilled",1977,1977,0.1 g/An,8000,E,Estimated value,
QCL,Crops and livestock products,143,Morocco,5510,Production,1058,"Meat of chickens, fresh or chilled",1977,1977,t,54400,E,Estimated value,
QCL,Crops and livestock products,143,Morocco,5321,Producing Animals/Slaughtered,1058,"Meat of chickens, fresh or chilled",1977,1977,1000 An,68000,E,Estimated value,
QCL,Crops and livestock products,143,Morocco,5424,Yield/Carcass Weight,1058,"Meat of chickens, fresh or chilled",1978,1978,0.1 g/An,8000,E,Estimated value,
QCL,Crops and livestock products,143,Morocco,5510,Production,1058,"Meat of chickens, fresh or chilled",1978,1978,t,57920,E,Estimated value,
QCL,Crops and livestock products,143,Morocco,5321,Producing Animals/Slaughtered,1058,"Meat of chickens, fresh or chilled",1978,1978,1000 An,72400,E,Estimated value,
QCL,Crops and livestock products,143,Morocco,5424,Yield/Carcass Weight,1058,"Meat of chickens, fresh or chilled",1979,1979,0.1 g/An,8000,E,Estimated value,
QCL,Crops and livestock products,143,Morocco,5510,Production,1058,"Meat of chickens, fresh or chilled",1979,1979,t,58080,E,Estimated value,
QCL,Crops and livestock products,143,Morocco,5321,Producing Animals/Slaughtered,1058,"Meat of chickens, fresh or chilled",1979,1979,1000 An,72600,E,Estimated value,
QCL,Crops and livestock products,143,Morocco,5424,Yield/Carcass Weight,1058,"Meat of chickens, fresh or chilled",1980,1980,0.1 g/An,8000,E,Estimated value,
QCL,Crops and livestock products,143,Morocco,5510,Production,1058,"Meat of chickens, fresh or chilled",1980,1980,t,54000,E,Estimated value,
QCL,Crops and livestock products,143,Morocco,5321,Producing Animals/Slaughtered,1058,"Meat of chickens, fresh or chilled",1980,1980,1000 An,67500,E,Estimated value,
QCL,Crops and livestock products,143,Morocco,5424,Yield/Carcass Weight,1058,"Meat of chickens, fresh or chilled",1981,1981,0.1 g/An,8000,E,Estimated value,
QCL,Crops and livestock products,143,Morocco,5510,Production,1058,"Meat of chickens, fresh or chilled",1981,1981,t,52000,E,Estimated value,
QCL,Crops and livestock products,143,Morocco,5321,Producing Animals/Slaughtered,1058,"Meat of chickens, fresh or chilled",1981,1981,1000 An,65000,E,Estimated value,
QCL,Crops and livestock products,143,Morocco,5424,Yield/Carcass Weight,1058,"Meat of chickens, fresh or chilled",1982,1982,0.1 g/An,8000,E,Estimated value,
QCL,Crops and livestock products,143,Morocco,5510,Production,1058,"Meat of chickens, fresh or chilled",1982,1982,t,54400,E,Estimated value,
QCL,Crops and livestock products,143,Morocco,5321,Producing Animals/Slaughtered,1058,"Meat of chickens, fresh or chilled",1982,1982,1000 An,68000,E,Estimated value,
QCL,Crops and livestock products,143,Morocco,5424,Yield/Carcass Weight,1058,"Meat of chickens, fresh or chilled",1983,1983,0.1 g/An,8000,E,Estimated value,
QCL,Crops and livestock products,143,Morocco,5510,Production,1058,"Meat of chickens, fresh or chilled",1983,1983,t,59200,E,Estimated value,
QCL,Crops and livestock products,143,Morocco,5321,Producing Animals/Slaughtered,1058,"Meat of chickens, fresh or chilled",1983,1983,1000 An,74000,E,Estimated value,
QCL,Crops and livestock products,143,Morocco,5424,Yield/Carcass Weight,1058,"Meat of chickens, fresh or chilled",1984,1984,0.1 g/An,8000,E,Estimated value,
QCL,Crops and livestock products,143,Morocco,5510,Production,1058,"Meat of chickens, fresh or chilled",1984,1984,t,64000,E,Estimated value,
QCL,Crops and livestock products,143,Morocco,5321,Producing Animals/Slaughtered,1058,"Meat of chickens, fresh or chilled",1984,1984,1000 An,80000,E,Estimated value,
QCL,Crops and livestock products,143,Morocco,5424,Yield/Carcass Weight,1058,"Meat of chickens, fresh or chilled",1985,1985,0.1 g/An,8000,E,Estimated value,
QCL,Crops and livestock products,143,Morocco,5510,Production,1058,"Meat of chickens, fresh or chilled",1985,1985,t,80000,E,Estimated value,
QCL,Crops and livestock products,143,Morocco,5321,Producing Animals/Slaughtered,1058,"Meat of chickens, fresh or chilled",1985,1985,1000 An,100000,E,Estimated value,
QCL,Crops and livestock products,143,Morocco,5424,Yield/Carcass Weight,1058,"Meat of chickens, fresh or chilled",1986,1986,0.1 g/An,8000,E,Estimated value,
QCL,Crops and livestock products,143,Morocco,5510,Production,1058,"Meat of chickens, fresh or chilled",1986,1986,t,100000,E,Estimated value,
QCL,Crops and livestock products,143,Morocco,5321,Producing Animals/Slaughtered,1058,"Meat of chickens, fresh or chilled",1986,1986,1000 An,125000,E,Estimated value,
QCL,Crops and livestock products,143,Morocco,5424,Yield/Carcass Weight,1058,"Meat of chickens, fresh or chilled",1987,1987,0.1 g/An,8000,E,Estimated value,
QCL,Crops and livestock products,143,Morocco,5510,Production,1058,"Meat of chickens, fresh or chilled",1987,1987,t,129000,A,Official figure,
QCL,Crops and livestock products,143,Morocco,5321,Producing Animals/Slaughtered,1058,"Meat of chickens, fresh or chilled",1987,1987,1000 An,161250,E,Estimated value,
QCL,Crops and livestock products,143,Morocco,5424,Yield/Carcass Weight,1058,"Meat of chickens, fresh or chilled",1988,1988,0.1 g/An,8000,E,Estimated value,
QCL,Crops and livestock products,143,Morocco,5510,Production,1058,"Meat of chickens, fresh or chilled",1988,1988,t,125000,A,Official figure,
QCL,Crops and livestock products,143,Morocco,5321,Producing Animals/Slaughtered,1058,"Meat of chickens, fresh or chilled",1988,1988,1000 An,156250,E,Estimated value,
QCL,Crops and livestock products,143,Morocco,5424,Yield/Carcass Weight,1058,"Meat of chickens, fresh or chilled",1989,1989,0.1 g/An,8000,E,Estimated value,
QCL,Crops and livestock products,143,Morocco,5510,Production,1058,"Meat of chickens, fresh or chilled",1989,1989,t,138000,A,Official figure,
QCL,Crops and livestock products,143,Morocco,5321,Producing Animals/Slaughtered,1058,"Meat of chickens, fresh or chilled",1989,1989,1000 An,172500,E,Estimated value,
QCL,Crops and livestock products,143,Morocco,5424,Yield/Carcass Weight,1058,"Meat of chickens, fresh or chilled",1990,1990,0.1 g/An,8000,E,Estimated value,
QCL,Crops and livestock products,143,Morocco,5510,Production,1058,"Meat of chickens, fresh or chilled",1990,1990,t,147200,A,Official figure,
QCL,Crops and livestock products,143,Morocco,5321,Producing Animals/Slaughtered,1058,"Meat of chickens, fresh or chilled",1990,1990,1000 An,184000,E,Estimated value,
QCL,Crops and livestock products,143,Morocco,5424,Yield/Carcass Weight,1058,"Meat of chickens, fresh or chilled",1991,1991,0.1 g/An,5500,E,Estimated value,
QCL,Crops and livestock products,143,Morocco,5510,Production,1058,"Meat of chickens, fresh or chilled",1991,1991,t,95000,A,Official figure,
QCL,Crops and livestock products,143,Morocco,5321,Producing Animals/Slaughtered,1058,"Meat of chickens, fresh or chilled",1991,1991,1000 An,172727,I,Imputed value,
QCL,Crops and livestock products,143,Morocco,5424,Yield/Carcass Weight,1058,"Meat of chickens, fresh or chilled",1992,1992,0.1 g/An,5500,E,Estimated value,
QCL,Crops and livestock products,143,Morocco,5510,Production,1058,"Meat of chickens, fresh or chilled",1992,1992,t,102000,A,Official figure,
QCL,Crops and livestock products,143,Morocco,5321,Producing Animals/Slaughtered,1058,"Meat of chickens, fresh or chilled",1992,1992,1000 An,185455,I,Imputed value,
QCL,Crops and livestock products,143,Morocco,5424,Yield/Carcass Weight,1058,"Meat of chickens, fresh or chilled",1993,1993,0.1 g/An,5500,E,Estimated value,
QCL,Crops and livestock products,143,Morocco,5510,Production,1058,"Meat of chickens, fresh or chilled",1993,1993,t,90000,A,Official figure,
QCL,Crops and livestock products,143,Morocco,5321,Producing Animals/Slaughtered,1058,"Meat of chickens, fresh or chilled",1993,1993,1000 An,163636,I,Imputed value,
QCL,Crops and livestock products,143,Morocco,5424,Yield/Carcass Weight,1058,"Meat of chickens, fresh or chilled",1994,1994,0.1 g/An,5500,E,Estimated value,
QCL,Crops and livestock products,143,Morocco,5510,Production,1058,"Meat of chickens, fresh or chilled",1994,1994,t,110000,A,Official figure,
QCL,Crops and livestock products,143,Morocco,5321,Producing Animals/Slaughtered,1058,"Meat of chickens, fresh or chilled",1994,1994,1000 An,200000,X,Figure from international organizations,Unofficial figure
QCL,Crops and livestock products,143,Morocco,5424,Yield/Carcass Weight,1058,"Meat of chickens, fresh or chilled",1995,1995,0.1 g/An,5778,E,Estimated value,
QCL,Crops and livestock products,143,Morocco,5510,Production,1058,"Meat of chickens, fresh or chilled",1995,1995,t,130000,A,Official figure,
QCL,Crops and livestock products,143,Morocco,5321,Producing Animals/Slaughtered,1058,"Meat of chickens, fresh or chilled",1995,1995,1000 An,225000,X,Figure from international organizations,Unofficial figure
QCL,Crops and livestock products,143,Morocco,5424,Yield/Carcass Weight,1058,"Meat of chickens, fresh or chilled",1996,1996,0.1 g/An,7500,E,Estimated value,
QCL,Crops and livestock products,143,Morocco,5510,Production,1058,"Meat of chickens, fresh or chilled",1996,1996,t,180000,A,Official figure,
QCL,Crops and livestock products,143,Morocco,5321,Producing Animals/Slaughtered,1058,"Meat of chickens, fresh or chilled",1996,1996,1000 An,240000,E,Estimated value,
QCL,Crops and livestock products,143,Morocco,5424,Yield/Carcass Weight,1058,"Meat of chickens, fresh or chilled",1997,1997,0.1 g/An,8958,E,Estimated value,
QCL,Crops and livestock products,143,Morocco,5510,Production,1058,"Meat of chickens, fresh or chilled",1997,1997,t,215000,A,Official figure,
QCL,Crops and livestock products,143,Morocco,5321,Producing Animals/Slaughtered,1058,"Meat of chickens, fresh or chilled",1997,1997,1000 An,240000,E,Estimated value,
QCL,Crops and livestock products,143,Morocco,5424,Yield/Carcass Weight,1058,"Meat of chickens, fresh or chilled",1998,1998,0.1 g/An,9283,E,Estimated value,
QCL,Crops and livestock products,143,Morocco,5510,Production,1058,"Meat of chickens, fresh or chilled",1998,1998,t,220000,A,Official figure,
QCL,Crops and livestock products,143,Morocco,5321,Producing Animals/Slaughtered,1058,"Meat of chickens, fresh or chilled",1998,1998,1000 An,237000,E,Estimated value,
QCL,Crops and livestock products,143,Morocco,5424,Yield/Carcass Weight,1058,"Meat of chickens, fresh or chilled",1999,1999,0.1 g/An,6741,E,Estimated value,
QCL,Crops and livestock products,143,Morocco,5510,Production,1058,"Meat of chickens, fresh or chilled",1999,1999,t,213000,A,Official figure,
QCL,Crops and livestock products,143,Morocco,5321,Producing Animals/Slaughtered,1058,"Meat of chickens, fresh or chilled",1999,1999,1000 An,316000,E,Estimated value,
QCL,Crops and livestock products,143,Morocco,5424,Yield/Carcass Weight,1058,"Meat of chickens, fresh or chilled",2000,2000,0.1 g/An,6452,A,Official figure,
QCL,Crops and livestock products,143,Morocco,5510,Production,1058,"Meat of chickens, fresh or chilled",2000,2000,t,200000,A,Official figure,
QCL,Crops and livestock products,143,Morocco,5321,Producing Animals/Slaughtered,1058,"Meat of chickens, fresh or chilled",2000,2000,1000 An,310000,A,Official figure,
QCL,Crops and livestock products,143,Morocco,5424,Yield/Carcass Weight,1058,"Meat of chickens, fresh or chilled",2001,2001,0.1 g/An,7302,A,Official figure,
QCL,Crops and livestock products,143,Morocco,5510,Production,1058,"Meat of chickens, fresh or chilled",2001,2001,t,230000,A,Official figure,
QCL,Crops and livestock products,143,Morocco,5321,Producing Animals/Slaughtered,1058,"Meat of chickens, fresh or chilled",2001,2001,1000 An,315000,A,Official figure,
QCL,Crops and livestock products,143,Morocco,5424,Yield/Carcass Weight,1058,"Meat of chickens, fresh or chilled",2002,2002,0.1 g/An,7937,A,Official figure,
QCL,Crops and livestock products,143,Morocco,5510,Production,1058,"Meat of chickens, fresh or chilled",2002,2002,t,250000,A,Official figure,
QCL,Crops and livestock products,143,Morocco,5321,Producing Animals/Slaughtered,1058,"Meat of chickens, fresh or chilled",2002,2002,1000 An,315000,A,Official figure,
QCL,Crops and livestock products,143,Morocco,5424,Yield/Carcass Weight,1058,"Meat of chickens, fresh or chilled",2003,2003,0.1 g/An,8254,E,Estimated value,
QCL,Crops and livestock products,143,Morocco,5510,Production,1058,"Meat of chickens, fresh or chilled",2003,2003,t,260000,A,Official figure,
QCL,Crops and livestock products,143,Morocco,5321,Producing Animals/Slaughtered,1058,"Meat of chickens, fresh or chilled",2003,2003,1000 An,315000,E,Estimated value,
QCL,Crops and livestock products,143,Morocco,5424,Yield/Carcass Weight,1058,"Meat of chickens, fresh or chilled",2004,2004,0.1 g/An,8594,E,Estimated value,
QCL,Crops and livestock products,143,Morocco,5510,Production,1058,"Meat of chickens, fresh or chilled",2004,2004,t,275000,A,Official figure,
QCL,Crops and livestock products,143,Morocco,5321,Producing Animals/Slaughtered,1058,"Meat of chickens, fresh or chilled",2004,2004,1000 An,320000,E,Estimated value,
QCL,Crops and livestock products,143,Morocco,5424,Yield/Carcass Weight,1058,"Meat of chickens, fresh or chilled",2005,2005,0.1 g/An,9375,E,Estimated value,
QCL,Crops and livestock products,143,Morocco,5510,Production,1058,"Meat of chickens, fresh or chilled",2005,2005,t,300000,A,Official figure,
QCL,Crops and livestock products,143,Morocco,5321,Producing Animals/Slaughtered,1058,"Meat of chickens, fresh or chilled",2005,2005,1000 An,320000,E,Estimated value,
QCL,Crops and livestock products,143,Morocco,5424,Yield/Carcass Weight,1058,"Meat of chickens, fresh or chilled",2006,2006,0.1 g/An,8239,E,Estimated value,
QCL,Crops and livestock products,143,Morocco,5510,Production,1058,"Meat of chickens, fresh or chilled",2006,2006,t,290000,A,Official figure,
QCL,Crops and livestock products,143,Morocco,5321,Producing Animals/Slaughtered,1058,"Meat of chickens, fresh or chilled",2006,2006,1000 An,352000,E,Estimated value,
QCL,Crops and livestock products,143,Morocco,5424,Yield/Carcass Weight,1058,"Meat of chickens, fresh or chilled",2007,2007,0.1 g/An,9375,E,Estimated value,
QCL,Crops and livestock products,143,Morocco,5510,Production,1058,"Meat of chickens, fresh or chilled",2007,2007,t,330000,A,Official figure,
QCL,Crops and livestock products,143,Morocco,5321,Producing Animals/Slaughtered,1058,"Meat of chickens, fresh or chilled",2007,2007,1000 An,352000,E,Estimated value,
QCL,Crops and livestock products,143,Morocco,5424,Yield/Carcass Weight,1058,"Meat of chickens, fresh or chilled",2008,2008,0.1 g/An,10541,E,Estimated value,
QCL,Crops and livestock products,143,Morocco,5510,Production,1058,"Meat of chickens, fresh or chilled",2008,2008,t,390000,A,Official figure,
QCL,Crops and livestock products,143,Morocco,5321,Producing Animals/Slaughtered,1058,"Meat of chickens, fresh or chilled",2008,2008,1000 An,370000,E,Estimated value,
QCL,Crops and livestock products,143,Morocco,5424,Yield/Carcass Weight,1058,"Meat of chickens, fresh or chilled",2009,2009,0.1 g/An,9157,E,Estimated value,
QCL,Crops and livestock products,143,Morocco,5510,Production,1058,"Meat of chickens, fresh or chilled",2009,2009,t,380000,A,Official figure,
QCL,Crops and livestock products,143,Morocco,5321,Producing Animals/Slaughtered,1058,"Meat of chickens, fresh or chilled",2009,2009,1000 An,415000,E,Estimated value,
QCL,Crops and livestock products,143,Morocco,5424,Yield/Carcass Weight,1058,"Meat of chickens, fresh or chilled",2010,2010,0.1 g/An,9283,E,Estimated value,
QCL,Crops and livestock products,143,Morocco,5510,Production,1058,"Meat of chickens, fresh or chilled",2010,2010,t,440000,A,Official figure,
QCL,Crops and livestock products,143,Morocco,5321,Producing Animals/Slaughtered,1058,"Meat of chickens, fresh or chilled",2010,2010,1000 An,474000,E,Estimated value,
QCL,Crops and livestock products,143,Morocco,5424,Yield/Carcass Weight,1058,"Meat of chickens, fresh or chilled",2011,2011,0.1 g/An,9200,E,Estimated value,
QCL,Crops and livestock products,143,Morocco,5510,Production,1058,"Meat of chickens, fresh or chilled",2011,2011,t,460000,A,Official figure,
QCL,Crops and livestock products,143,Morocco,5321,Producing Animals/Slaughtered,1058,"Meat of chickens, fresh or chilled",2011,2011,1000 An,500000,E,Estimated value,
QCL,Crops and livestock products,143,Morocco,5424,Yield/Carcass Weight,1058,"Meat of chickens, fresh or chilled",2012,2012,0.1 g/An,8800,E,Estimated value,
QCL,Crops and livestock products,143,Morocco,5510,Production,1058,"Meat of chickens, fresh or chilled",2012,2012,t,440000,A,Official figure,
QCL,Crops and livestock products,143,Morocco,5321,Producing Animals/Slaughtered,1058,"Meat of chickens, fresh or chilled",2012,2012,1000 An,500000,E,Estimated value,
QCL,Crops and livestock products,143,Morocco,5424,Yield/Carcass Weight,1058,"Meat of chickens, fresh or chilled",2013,2013,0.1 g/An,8235,E,Estimated value,
QCL,Crops and livestock products,143,Morocco,5510,Production,1058,"Meat of chickens, fresh or chilled",2013,2013,t,420000,A,Official figure,
QCL,Crops and livestock products,143,Morocco,5321,Producing Animals/Slaughtered,1058,"Meat of chickens, fresh or chilled",2013,2013,1000 An,510000,E,Estimated value,
QCL,Crops and livestock products,143,Morocco,5424,Yield/Carcass Weight,1058,"Meat of chickens, fresh or chilled",2014,2014,0.1 g/An,8884,E,Estimated value,
QCL,Crops and livestock products,143,Morocco,5510,Production,1058,"Meat of chickens, fresh or chilled",2014,2014,t,456000,A,Official figure,
QCL,Crops and livestock products,143,Morocco,5321,Producing Animals/Slaughtered,1058,"Meat of chickens, fresh or chilled",2014,2014,1000 An,513261,I,Imputed value,
QCL,Crops and livestock products,143,Morocco,5424,Yield/Carcass Weight,1058,"Meat of chickens, fresh or chilled",2015,2015,0.1 g/An,9808,E,Estimated value,
QCL,Crops and livestock products,143,Morocco,5510,Production,1058,"Meat of chickens, fresh or chilled",2015,2015,t,520000,A,Official figure,
QCL,Crops and livestock products,143,Morocco,5321,Producing Animals/Slaughtered,1058,"Meat of chickens, fresh or chilled",2015,2015,1000 An,530159,I,Imputed value,
QCL,Crops and livestock products,143,Morocco,5424,Yield/Carcass Weight,1058,"Meat of chickens, fresh or chilled",2016,2016,0.1 g/An,8504,E,Estimated value,
QCL,Crops and livestock products,143,Morocco,5510,Production,1058,"Meat of chickens, fresh or chilled",2016,2016,t,470000,A,Official figure,
QCL,Crops and livestock products,143,Morocco,5321,Producing Animals/Slaughtered,1058,"Meat of chickens, fresh or chilled",2016,2016,1000 An,552657,I,Imputed value,
QCL,Crops and livestock products,143,Morocco,5424,Yield/Carcass Weight,1058,"Meat of chickens, fresh or chilled",2017,2017,0.1 g/An,8868,E,Estimated value,
QCL,Crops and livestock products,143,Morocco,5510,Production,1058,"Meat of chickens, fresh or chilled",2017,2017,t,550000,A,Official figure,
QCL,Crops and livestock products,143,Morocco,5321,Producing Animals/Slaughtered,1058,"Meat of chickens, fresh or chilled",2017,2017,1000 An,620208,I,Imputed value,
QCL,Crops and livestock products,143,Morocco,5424,Yield/Carcass Weight,1058,"Meat of chickens, fresh or chilled",2018,2018,0.1 g/An,9019,E,Estimated value,
QCL,Crops and livestock products,143,Morocco,5510,Production,1058,"Meat of chickens, fresh or chilled",2018,2018,t,570000,A,Official figure,
QCL,Crops and livestock products,143,Morocco,5321,Producing Animals/Slaughtered,1058,"Meat of chickens, fresh or chilled",2018,2018,1000 An,632018,I,Imputed value,
QCL,Crops and livestock products,143,Morocco,5424,Yield/Carcass Weight,1058,"Meat of chickens, fresh or chilled",2019,2019,0.1 g/An,9450,E,Estimated value,
QCL,Crops and livestock products,143,Morocco,5510,Production,1058,"Meat of chickens, fresh or chilled",2019,2019,t,625000,A,Official figure,
QCL,Crops and livestock products,143,Morocco,5321,Producing Animals/Slaughtered,1058,"Meat of chickens, fresh or chilled",2019,2019,1000 An,661348,I,Imputed value,
QCL,Crops and livestock products,143,Morocco,5424,Yield/Carcass Weight,1058,"Meat of chickens, fresh or chilled",2020,2020,0.1 g/An,7853,E,Estimated value,
QCL,Crops and livestock products,143,Morocco,5510,Production,1058,"Meat of chickens, fresh or chilled",2020,2020,t,535000,A,Official figure,
QCL,Crops and livestock products,143,Morocco,5321,Producing Animals/Slaughtered,1058,"Meat of chickens, fresh or chilled",2020,2020,1000 An,681304,I,Imputed value,
QCL,Crops and livestock products,143,Morocco,5424,Yield/Carcass Weight,1058,"Meat of chickens, fresh or chilled",2021,2021,0.1 g/An,7429,E,Estimated value,
QCL,Crops and livestock products,143,Morocco,5510,Production,1058,"Meat of chickens, fresh or chilled",2021,2021,t,525000,A,Official figure,
QCL,Crops and livestock products,143,Morocco,5321,Producing Animals/Slaughtered,1058,"Meat of chickens, fresh or chilled",2021,2021,1000 An,706730,I,Imputed value,
QCL,Crops and livestock products,143,Morocco,5424,Yield/Carcass Weight,1058,"Meat of chickens, fresh or chilled",2022,2022,0.1 g/An,7166,E,Estimated value,
QCL,Crops and livestock products,143,Morocco,5510,Production,1058,"Meat of chickens, fresh or chilled",2022,2022,t,525000,A,Official figure,
QCL,Crops and livestock products,143,Morocco,5321,Producing Animals/Slaughtered,1058,"Meat of chickens, fresh or chilled",2022,2022,1000 An,732623,I,Imputed value,
QCL,Crops and livestock products,143,Morocco,5417,Yield/Carcass Weight,1017,"Meat of goat, fresh or chilled",1961,1961,100 g/An,99,E,Estimated value,
QCL,Crops and livestock products,143,Morocco,5510,Production,1017,"Meat of goat, fresh or chilled",1961,1961,t,20000,A,Official figure,
QCL,Crops and livestock products,143,Morocco,5320,Producing Animals/Slaughtered,1017,"Meat of goat, fresh or chilled",1961,1961,An,2030000,E,Estimated value,
QCL,Crops and livestock products,143,Morocco,5417,Yield/Carcass Weight,1017,"Meat of goat, fresh or chilled",1962,1962,100 g/An,99,E,Estimated value,
QCL,Crops and livestock products,143,Morocco,5510,Production,1017,"Meat of goat, fresh or chilled",1962,1962,t,17900,A,Official figure,
QCL,Crops and livestock products,143,Morocco,5320,Producing Animals/Slaughtered,1017,"Meat of goat, fresh or chilled",1962,1962,An,1800000,E,Estimated value,
QCL,Crops and livestock products,143,Morocco,5417,Yield/Carcass Weight,1017,"Meat of goat, fresh or chilled",1963,1963,100 g/An,95,E,Estimated value,
QCL,Crops and livestock products,143,Morocco,5510,Production,1017,"Meat of goat, fresh or chilled",1963,1963,t,18000,A,Official figure,
QCL,Crops and livestock products,143,Morocco,5320,Producing Animals/Slaughtered,1017,"Meat of goat, fresh or chilled",1963,1963,An,1885000,E,Estimated value,
QCL,Crops and livestock products,143,Morocco,5417,Yield/Carcass Weight,1017,"Meat of goat, fresh or chilled",1964,1964,100 g/An,97,E,Estimated value,
QCL,Crops and livestock products,143,Morocco,5510,Production,1017,"Meat of goat, fresh or chilled",1964,1964,t,18000,A,Official figure,
QCL,Crops and livestock products,143,Morocco,5320,Producing Animals/Slaughtered,1017,"Meat of goat, fresh or chilled",1964,1964,An,1856000,E,Estimated value,
QCL,Crops and livestock products,143,Morocco,5417,Yield/Carcass Weight,1017,"Meat of goat, fresh or chilled",1965,1965,100 g/An,97,A,Official figure,
QCL,Crops and livestock products,143,Morocco,5510,Production,1017,"Meat of goat, fresh or chilled",1965,1965,t,19000,A,Official figure,
QCL,Crops and livestock products,143,Morocco,5320,Producing Animals/Slaughtered,1017,"Meat of goat, fresh or chilled",1965,1965,An,1962000,A,Official figure,
QCL,Crops and livestock products,143,Morocco,5417,Yield/Carcass Weight,1017,"Meat of goat, fresh or chilled",1966,1966,100 g/An,99,A,Official figure,
QCL,Crops and livestock products,143,Morocco,5510,Production,1017,"Meat of goat, fresh or chilled",1966,1966,t,20000,A,Official figure,
QCL,Crops and livestock products,143,Morocco,5320,Producing Animals/Slaughtered,1017,"Meat of goat, fresh or chilled",1966,1966,An,2024200,A,Official figure,
QCL,Crops and livestock products,143,Morocco,5417,Yield/Carcass Weight,1017,"Meat of goat, fresh or chilled",1967,1967,100 g/An,99,A,Official figure,
QCL,Crops and livestock products,143,Morocco,5510,Production,1017,"Meat of goat, fresh or chilled",1967,1967,t,22000,A,Official figure,
QCL,Crops and livestock products,143,Morocco,5320,Producing Animals/Slaughtered,1017,"Meat of goat, fresh or chilled",1967,1967,An,2212700,A,Official figure,
QCL,Crops and livestock products,143,Morocco,5417,Yield/Carcass Weight,1017,"Meat of goat, fresh or chilled",1968,1968,100 g/An,101,A,Official figure,
QCL,Crops and livestock products,143,Morocco,5510,Production,1017,"Meat of goat, fresh or chilled",1968,1968,t,24000,A,Official figure,
QCL,Crops and livestock products,143,Morocco,5320,Producing Animals/Slaughtered,1017,"Meat of goat, fresh or chilled",1968,1968,An,2371040,A,Official figure,
QCL,Crops and livestock products,143,Morocco,5417,Yield/Carcass Weight,1017,"Meat of goat, fresh or chilled",1969,1969,100 g/An,96,A,Official figure,
QCL,Crops and livestock products,143,Morocco,5510,Production,1017,"Meat of goat, fresh or chilled",1969,1969,t,24000,A,Official figure,
QCL,Crops and livestock products,143,Morocco,5320,Producing Animals/Slaughtered,1017,"Meat of goat, fresh or chilled",1969,1969,An,2500000,A,Official figure,
QCL,Crops and livestock products,143,Morocco,5417,Yield/Carcass Weight,1017,"Meat of goat, fresh or chilled",1970,1970,100 g/An,98,E,Estimated value,
QCL,Crops and livestock products,143,Morocco,5510,Production,1017,"Meat of goat, fresh or chilled",1970,1970,t,24500,E,Estimated value,
QCL,Crops and livestock products,143,Morocco,5320,Producing Animals/Slaughtered,1017,"Meat of goat, fresh or chilled",1970,1970,An,2500000,E,Estimated value,
QCL,Crops and livestock products,143,Morocco,5417,Yield/Carcass Weight,1017,"Meat of goat, fresh or chilled",1971,1971,100 g/An,100,A,Official figure,
QCL,Crops and livestock products,143,Morocco,5510,Production,1017,"Meat of goat, fresh or chilled",1971,1971,t,25000,A,Official figure,
QCL,Crops and livestock products,143,Morocco,5320,Producing Animals/Slaughtered,1017,"Meat of goat, fresh or chilled",1971,1971,An,2500000,A,Official figure,
QCL,Crops and livestock products,143,Morocco,5417,Yield/Carcass Weight,1017,"Meat of goat, fresh or chilled",1972,1972,100 g/An,110,A,Official figure,
QCL,Crops and livestock products,143,Morocco,5510,Production,1017,"Meat of goat, fresh or chilled",1972,1972,t,26000,A,Official figure,
QCL,Crops and livestock products,143,Morocco,5320,Producing Animals/Slaughtered,1017,"Meat of goat, fresh or chilled",1972,1972,An,2363636,A,Official figure,
QCL,Crops and livestock products,143,Morocco,5417,Yield/Carcass Weight,1017,"Meat of goat, fresh or chilled",1973,1973,100 g/An,100,A,Official figure,
QCL,Crops and livestock products,143,Morocco,5510,Production,1017,"Meat of goat, fresh or chilled",1973,1973,t,26000,A,Official figure,
QCL,Crops and livestock products,143,Morocco,5320,Producing Animals/Slaughtered,1017,"Meat of goat, fresh or chilled",1973,1973,An,2600000,A,Official figure,
QCL,Crops and livestock products,143,Morocco,5417,Yield/Carcass Weight,1017,"Meat of goat, fresh or chilled",1974,1974,100 g/An,105,A,Official figure,
QCL,Crops and livestock products,143,Morocco,5510,Production,1017,"Meat of goat, fresh or chilled",1974,1974,t,25000,A,Official figure,
QCL,Crops and livestock products,143,Morocco,5320,Producing Animals/Slaughtered,1017,"Meat of goat, fresh or chilled",1974,1974,An,2380952,A,Official figure,
QCL,Crops and livestock products,143,Morocco,5417,Yield/Carcass Weight,1017,"Meat of goat, fresh or chilled",1975,1975,100 g/An,104,X,Figure from international organizations,
QCL,Crops and livestock products,143,Morocco,5510,Production,1017,"Meat of goat, fresh or chilled",1975,1975,t,23000,X,Figure from international organizations,Unofficial figure
QCL,Crops and livestock products,143,Morocco,5320,Producing Animals/Slaughtered,1017,"Meat of goat, fresh or chilled",1975,1975,An,2210000,X,Figure from international organizations,Unofficial figure
QCL,Crops and livestock products,143,Morocco,5417,Yield/Carcass Weight,1017,"Meat of goat, fresh or chilled",1976,1976,100 g/An,115,X,Figure from international organizations,
QCL,Crops and livestock products,143,Morocco,5510,Production,1017,"Meat of goat, fresh or chilled",1976,1976,t,12970,X,Figure from international organizations,Unofficial figure
QCL,Crops and livestock products,143,Morocco,5320,Producing Animals/Slaughtered,1017,"Meat of goat, fresh or chilled",1976,1976,An,1130000,X,Figure from international organizations,Unofficial figure
QCL,Crops and livestock products,143,Morocco,5417,Yield/Carcass Weight,1017,"Meat of goat, fresh or chilled",1977,1977,100 g/An,102,X,Figure from international organizations,
QCL,Crops and livestock products,143,Morocco,5510,Production,1017,"Meat of goat, fresh or chilled",1977,1977,t,14150,X,Figure from international organizations,Unofficial figure
QCL,Crops and livestock products,143,Morocco,5320,Producing Animals/Slaughtered,1017,"Meat of goat, fresh or chilled",1977,1977,An,1387000,X,Figure from international organizations,Unofficial figure
QCL,Crops and livestock products,143,Morocco,5417,Yield/Carcass Weight,1017,"Meat of goat, fresh or chilled",1978,1978,100 g/An,113,X,Figure from international organizations,
QCL,Crops and livestock products,143,Morocco,5510,Production,1017,"Meat of goat, fresh or chilled",1978,1978,t,18000,X,Figure from international organizations,Unofficial figure
QCL,Crops and livestock products,143,Morocco,5320,Producing Animals/Slaughtered,1017,"Meat of goat, fresh or chilled",1978,1978,An,1600000,X,Figure from international organizations,Unofficial figure
QCL,Crops and livestock products,143,Morocco,5417,Yield/Carcass Weight,1017,"Meat of goat, fresh or chilled",1979,1979,100 g/An,100,E,Estimated value,
QCL,Crops and livestock products,143,Morocco,5510,Production,1017,"Meat of goat, fresh or chilled",1979,1979,t,19000,E,Estimated value,
QCL,Crops and livestock products,143,Morocco,5320,Producing Animals/Slaughtered,1017,"Meat of goat, fresh or chilled",1979,1979,An,1900000,X,Figure from international organizations,Unofficial figure
QCL,Crops and livestock products,143,Morocco,5417,Yield/Carcass Weight,1017,"Meat of goat, fresh or chilled",1980,1980,100 g/An,103,E,Estimated value,
QCL,Crops and livestock products,143,Morocco,5510,Production,1017,"Meat of goat, fresh or chilled",1980,1980,t,19000,E,Estimated value,
QCL,Crops and livestock products,143,Morocco,5320,Producing Animals/Slaughtered,1017,"Meat of goat, fresh or chilled",1980,1980,An,1850000,X,Figure from international organizations,Unofficial figure
QCL,Crops and livestock products,143,Morocco,5417,Yield/Carcass Weight,1017,"Meat of goat, fresh or chilled",1981,1981,100 g/An,95,E,Estimated value,
QCL,Crops and livestock products,143,Morocco,5510,Production,1017,"Meat of goat, fresh or chilled",1981,1981,t,15000,E,Estimated value,
QCL,Crops and livestock products,143,Morocco,5320,Producing Animals/Slaughtered,1017,"Meat of goat, fresh or chilled",1981,1981,An,1575400,A,Official figure,
QCL,Crops and livestock products,143,Morocco,5417,Yield/Carcass Weight,1017,"Meat of goat, fresh or chilled",1982,1982,100 g/An,86,A,Official figure,
QCL,Crops and livestock products,143,Morocco,5510,Production,1017,"Meat of goat, fresh or chilled",1982,1982,t,13000,A,Official figure,
QCL,Crops and livestock products,143,Morocco,5320,Producing Animals/Slaughtered,1017,"Meat of goat, fresh or chilled",1982,1982,An,1504900,A,Official figure,
QCL,Crops and livestock products,143,Morocco,5417,Yield/Carcass Weight,1017,"Meat of goat, fresh or chilled",1983,1983,100 g/An,87,A,Official figure,
QCL,Crops and livestock products,143,Morocco,5510,Production,1017,"Meat of goat, fresh or chilled",1983,1983,t,11290,A,Official figure,
QCL,Crops and livestock products,143,Morocco,5320,Producing Animals/Slaughtered,1017,"Meat of goat, fresh or chilled",1983,1983,An,1298500,A,Official figure,
QCL,Crops and livestock products,143,Morocco,5417,Yield/Carcass Weight,1017,"Meat of goat, fresh or chilled",1984,1984,100 g/An,98,A,Official figure,
QCL,Crops and livestock products,143,Morocco,5510,Production,1017,"Meat of goat, fresh or chilled",1984,1984,t,11060,A,Official figure,
QCL,Crops and livestock products,143,Morocco,5320,Producing Animals/Slaughtered,1017,"Meat of goat, fresh or chilled",1984,1984,An,1123640,A,Official figure,
QCL,Crops and livestock products,143,Morocco,5417,Yield/Carcass Weight,1017,"Meat of goat, fresh or chilled",1985,1985,100 g/An,101,E,Estimated value,
QCL,Crops and livestock products,143,Morocco,5510,Production,1017,"Meat of goat, fresh or chilled",1985,1985,t,12100,A,Official figure,
QCL,Crops and livestock products,143,Morocco,5320,Producing Animals/Slaughtered,1017,"Meat of goat, fresh or chilled",1985,1985,An,1200000,E,Estimated value,
QCL,Crops and livestock products,143,Morocco,5417,Yield/Carcass Weight,1017,"Meat of goat, fresh or chilled",1986,1986,100 g/An,133,E,Estimated value,
QCL,Crops and livestock products,143,Morocco,5510,Production,1017,"Meat of goat, fresh or chilled",1986,1986,t,16000,E,Estimated value,
QCL,Crops and livestock products,143,Morocco,5320,Producing Animals/Slaughtered,1017,"Meat of goat, fresh or chilled",1986,1986,An,1200000,E,Estimated value,
QCL,Crops and livestock products,143,Morocco,5417,Yield/Carcass Weight,1017,"Meat of goat, fresh or chilled",1987,1987,100 g/An,133,E,Estimated value,
QCL,Crops and livestock products,143,Morocco,5510,Production,1017,"Meat of goat, fresh or chilled",1987,1987,t,20000,A,Official figure,
QCL,Crops and livestock products,143,Morocco,5320,Producing Animals/Slaughtered,1017,"Meat of goat, fresh or chilled",1987,1987,An,1500000,E,Estimated value,
QCL,Crops and livestock products,143,Morocco,5417,Yield/Carcass Weight,1017,"Meat of goat, fresh or chilled",1988,1988,100 g/An,140,E,Estimated value,
QCL,Crops and livestock products,143,Morocco,5510,Production,1017,"Meat of goat, fresh or chilled",1988,1988,t,20000,E,Estimated value,
QCL,Crops and livestock products,143,Morocco,5320,Producing Animals/Slaughtered,1017,"Meat of goat, fresh or chilled",1988,1988,An,1430000,E,Estimated value,
QCL,Crops and livestock products,143,Morocco,5417,Yield/Carcass Weight,1017,"Meat of goat, fresh or chilled",1989,1989,100 g/An,142,E,Estimated value,
QCL,Crops and livestock products,143,Morocco,5510,Production,1017,"Meat of goat, fresh or chilled",1989,1989,t,23400,E,Estimated value,
QCL,Crops and livestock products,143,Morocco,5320,Producing Animals/Slaughtered,1017,"Meat of goat, fresh or chilled",1989,1989,An,1650000,E,Estimated value,
QCL,Crops and livestock products,143,Morocco,5417,Yield/Carcass Weight,1017,"Meat of goat, fresh or chilled",1990,1990,100 g/An,139,E,Estimated value,
QCL,Crops and livestock products,143,Morocco,5510,Production,1017,"Meat of goat, fresh or chilled",1990,1990,t,21500,E,Estimated value,
QCL,Crops and livestock products,143,Morocco,5320,Producing Animals/Slaughtered,1017,"Meat of goat, fresh or chilled",1990,1990,An,1550000,E,Estimated value,
QCL,Crops and livestock products,143,Morocco,5417,Yield/Carcass Weight,1017,"Meat of goat, fresh or chilled",1991,1991,100 g/An,143,E,Estimated value,
QCL,Crops and livestock products,143,Morocco,5510,Production,1017,"Meat of goat, fresh or chilled",1991,1991,t,20800,A,Official figure,
QCL,Crops and livestock products,143,Morocco,5320,Producing Animals/Slaughtered,1017,"Meat of goat, fresh or chilled",1991,1991,An,1450000,E,Estimated value,
QCL,Crops and livestock products,143,Morocco,5417,Yield/Carcass Weight,1017,"Meat of goat, fresh or chilled",1992,1992,100 g/An,139,E,Estimated value,
QCL,Crops and livestock products,143,Morocco,5510,Production,1017,"Meat of goat, fresh or chilled",1992,1992,t,19500,A,Official figure,
QCL,Crops and livestock products,143,Morocco,5320,Producing Animals/Slaughtered,1017,"Meat of goat, fresh or chilled",1992,1992,An,1400000,E,Estimated value,
QCL,Crops and livestock products,143,Morocco,5417,Yield/Carcass Weight,1017,"Meat of goat, fresh or chilled",1993,1993,100 g/An,142,A,Official figure,
QCL,Crops and livestock products,143,Morocco,5510,Production,1017,"Meat of goat, fresh or chilled",1993,1993,t,20000,A,Official figure,
QCL,Crops and livestock products,143,Morocco,5320,Producing Animals/Slaughtered,1017,"Meat of goat, fresh or chilled",1993,1993,An,1406000,A,Official figure,
QCL,Crops and livestock products,143,Morocco,5417,Yield/Carcass Weight,1017,"Meat of goat, fresh or chilled",1994,1994,100 g/An,141,E,Estimated value,
QCL,Crops and livestock products,143,Morocco,5510,Production,1017,"Meat of goat, fresh or chilled",1994,1994,t,20000,A,Official figure,
QCL,Crops and livestock products,143,Morocco,5320,Producing Animals/Slaughtered,1017,"Meat of goat, fresh or chilled",1994,1994,An,1420000,X,Figure from international organizations,Unofficial figure
QCL,Crops and livestock products,143,Morocco,5417,Yield/Carcass Weight,1017,"Meat of goat, fresh or chilled",1995,1995,100 g/An,140,E,Estimated value,
QCL,Crops and livestock products,143,Morocco,5510,Production,1017,"Meat of goat, fresh or chilled",1995,1995,t,20000,A,Official figure,
QCL,Crops and livestock products,143,Morocco,5320,Producing Animals/Slaughtered,1017,"Meat of goat, fresh or chilled",1995,1995,An,1430000,X,Figure from international organizations,Unofficial figure
QCL,Crops and livestock products,143,Morocco,5417,Yield/Carcass Weight,1017,"Meat of goat, fresh or chilled",1996,1996,100 g/An,154,E,Estimated value,
QCL,Crops and livestock products,143,Morocco,5510,Production,1017,"Meat of goat, fresh or chilled",1996,1996,t,22000,A,Official figure,
QCL,Crops and livestock products,143,Morocco,5320,Producing Animals/Slaughtered,1017,"Meat of goat, fresh or chilled",1996,1996,An,1430000,X,Figure from international organizations,Unofficial figure
QCL,Crops and livestock products,143,Morocco,5417,Yield/Carcass Weight,1017,"Meat of goat, fresh or chilled",1997,1997,100 g/An,149,E,Estimated value,
QCL,Crops and livestock products,143,Morocco,5510,Production,1017,"Meat of goat, fresh or chilled",1997,1997,t,22000,A,Official figure,
QCL,Crops and livestock products,143,Morocco,5320,Producing Animals/Slaughtered,1017,"Meat of goat, fresh or chilled",1997,1997,An,1480000,E,Estimated value,
QCL,Crops and livestock products,143,Morocco,5417,Yield/Carcass Weight,1017,"Meat of goat, fresh or chilled",1998,1998,100 g/An,147,A,Official figure,
QCL,Crops and livestock products,143,Morocco,5510,Production,1017,"Meat of goat, fresh or chilled",1998,1998,t,22000,A,Official figure,
QCL,Crops and livestock products,143,Morocco,5320,Producing Animals/Slaughtered,1017,"Meat of goat, fresh or chilled",1998,1998,An,1500000,A,Official figure,
QCL,Crops and livestock products,143,Morocco,5417,Yield/Carcass Weight,1017,"Meat of goat, fresh or chilled",1999,1999,100 g/An,138,E,Estimated value,
QCL,Crops and livestock products,143,Morocco,5510,Production,1017,"Meat of goat, fresh or chilled",1999,1999,t,20000,A,Official figure,
QCL,Crops and livestock products,143,Morocco,5320,Producing Animals/Slaughtered,1017,"Meat of goat, fresh or chilled",1999,1999,An,1450000,E,Estimated value,
QCL,Crops and livestock products,143,Morocco,5417,Yield/Carcass Weight,1017,"Meat of goat, fresh or chilled",2000,2000,100 g/An,142,E,Estimated value,
QCL,Crops and livestock products,143,Morocco,5510,Production,1017,"Meat of goat, fresh or chilled",2000,2000,t,22000,A,Official figure,
QCL,Crops and livestock products,143,Morocco,5320,Producing Animals/Slaughtered,1017,"Meat of goat, fresh or chilled",2000,2000,An,1550000,E,Estimated value,
QCL,Crops and livestock products,143,Morocco,5417,Yield/Carcass Weight,1017,"Meat of goat, fresh or chilled",2001,2001,100 g/An,128,E,Estimated value,
QCL,Crops and livestock products,143,Morocco,5510,Production,1017,"Meat of goat, fresh or chilled",2001,2001,t,20500,A,Official figure,
QCL,Crops and livestock products,143,Morocco,5320,Producing Animals/Slaughtered,1017,"Meat of goat, fresh or chilled",2001,2001,An,1600000,E,Estimated value,
QCL,Crops and livestock products,143,Morocco,5417,Yield/Carcass Weight,1017,"Meat of goat, fresh or chilled",2002,2002,100 g/An,142,E,Estimated value,
QCL,Crops and livestock products,143,Morocco,5510,Production,1017,"Meat of goat, fresh or chilled",2002,2002,t,22000,A,Official figure,
QCL,Crops and livestock products,143,Morocco,5320,Producing Animals/Slaughtered,1017,"Meat of goat, fresh or chilled",2002,2002,An,1550000,E,Estimated value,
QCL,Crops and livestock products,143,Morocco,5417,Yield/Carcass Weight,1017,"Meat of goat, fresh or chilled",2003,2003,100 g/An,138,E,Estimated value,
QCL,Crops and livestock products,143,Morocco,5510,Production,1017,"Meat of goat, fresh or chilled",2003,2003,t,22000,A,Official figure,
QCL,Crops and livestock products,143,Morocco,5320,Producing Animals/Slaughtered,1017,"Meat of goat, fresh or chilled",2003,2003,An,1600000,E,Estimated value,
QCL,Crops and livestock products,143,Morocco,5417,Yield/Carcass Weight,1017,"Meat of goat, fresh or chilled",2004,2004,100 g/An,116,A,Official figure,
QCL,Crops and livestock products,143,Morocco,5510,Production,1017,"Meat of goat, fresh or chilled",2004,2004,t,23000,A,Official figure,
QCL,Crops and livestock products,143,Morocco,5320,Producing Animals/Slaughtered,1017,"Meat of goat, fresh or chilled",2004,2004,An,1982768,A,Official figure,
QCL,Crops and livestock products,143,Morocco,5417,Yield/Carcass Weight,1017,"Meat of goat, fresh or chilled",2005,2005,100 g/An,112,A,Official figure,
QCL,Crops and livestock products,143,Morocco,5510,Production,1017,"Meat of goat, fresh or chilled",2005,2005,t,22000,A,Official figure,
QCL,Crops and livestock products,143,Morocco,5320,Producing Animals/Slaughtered,1017,"Meat of goat, fresh or chilled",2005,2005,An,1962740,A,Official figure,
QCL,Crops and livestock products,143,Morocco,5417,Yield/Carcass Weight,1017,"Meat of goat, fresh or chilled",2006,2006,100 g/An,114,E,Estimated value,
QCL,Crops and livestock products,143,Morocco,5510,Production,1017,"Meat of goat, fresh or chilled",2006,2006,t,22500,A,Official figure,
QCL,Crops and livestock products,143,Morocco,5320,Producing Animals/Slaughtered,1017,"Meat of goat, fresh or chilled",2006,2006,An,1980000,E,Estimated value,
QCL,Crops and livestock products,143,Morocco,5417,Yield/Carcass Weight,1017,"Meat of goat, fresh or chilled",2007,2007,100 g/An,112,A,Official figure,
QCL,Crops and livestock products,143,Morocco,5510,Production,1017,"Meat of goat, fresh or chilled",2007,2007,t,22000,A,Official figure,
QCL,Crops and livestock products,143,Morocco,5320,Producing Animals/Slaughtered,1017,"Meat of goat, fresh or chilled",2007,2007,An,1970000,A,Official figure,
QCL,Crops and livestock products,143,Morocco,5417,Yield/Carcass Weight,1017,"Meat of goat, fresh or chilled",2008,2008,100 g/An,111,E,Estimated value,
QCL,Crops and livestock products,143,Morocco,5510,Production,1017,"Meat of goat, fresh or chilled",2008,2008,t,22000,A,Official figure,
QCL,Crops and livestock products,143,Morocco,5320,Producing Animals/Slaughtered,1017,"Meat of goat, fresh or chilled",2008,2008,An,1980000,E,Estimated value,
QCL,Crops and livestock products,143,Morocco,5417,Yield/Carcass Weight,1017,"Meat of goat, fresh or chilled",2009,2009,100 g/An,111,E,Estimated value,
QCL,Crops and livestock products,143,Morocco,5510,Production,1017,"Meat of goat, fresh or chilled",2009,2009,t,21670,A,Official figure,
QCL,Crops and livestock products,143,Morocco,5320,Producing Animals/Slaughtered,1017,"Meat of goat, fresh or chilled",2009,2009,An,1952000,E,Estimated value,
QCL,Crops and livestock products,143,Morocco,5417,Yield/Carcass Weight,1017,"Meat of goat, fresh or chilled",2010,2010,100 g/An,112,E,Estimated value,
QCL,Crops and livestock products,143,Morocco,5510,Production,1017,"Meat of goat, fresh or chilled",2010,2010,t,23000,A,Official figure,
QCL,Crops and livestock products,143,Morocco,5320,Producing Animals/Slaughtered,1017,"Meat of goat, fresh or chilled",2010,2010,An,2050000,E,Estimated value,
QCL,Crops and livestock products,143,Morocco,5417,Yield/Carcass Weight,1017,"Meat of goat, fresh or chilled",2011,2011,100 g/An,110,E,Estimated value,
QCL,Crops and livestock products,143,Morocco,5510,Production,1017,"Meat of goat, fresh or chilled",2011,2011,t,23591,A,Official figure,
QCL,Crops and livestock products,143,Morocco,5320,Producing Animals/Slaughtered,1017,"Meat of goat, fresh or chilled",2011,2011,An,2150000,E,Estimated value,
QCL,Crops and livestock products,143,Morocco,5417,Yield/Carcass Weight,1017,"Meat of goat, fresh or chilled",2012,2012,100 g/An,110,E,Estimated value,
QCL,Crops and livestock products,143,Morocco,5510,Production,1017,"Meat of goat, fresh or chilled",2012,2012,t,24276,A,Official figure,
QCL,Crops and livestock products,143,Morocco,5320,Producing Animals/Slaughtered,1017,"Meat of goat, fresh or chilled",2012,2012,An,2200000,E,Estimated value,
QCL,Crops and livestock products,143,Morocco,5417,Yield/Carcass Weight,1017,"Meat of goat, fresh or chilled",2013,2013,100 g/An,110,E,Estimated value,
QCL,Crops and livestock products,143,Morocco,5510,Production,1017,"Meat of goat, fresh or chilled",2013,2013,t,26000,A,Official figure,
QCL,Crops and livestock products,143,Morocco,5320,Producing Animals/Slaughtered,1017,"Meat of goat, fresh or chilled",2013,2013,An,2363000,E,Estimated value,
QCL,Crops and livestock products,143,Morocco,5417,Yield/Carcass Weight,1017,"Meat of goat, fresh or chilled",2014,2014,100 g/An,112,E,Estimated value,
QCL,Crops and livestock products,143,Morocco,5510,Production,1017,"Meat of goat, fresh or chilled",2014,2014,t,26520,A,Official figure,
QCL,Crops and livestock products,143,Morocco,5320,Producing Animals/Slaughtered,1017,"Meat of goat, fresh or chilled",2014,2014,An,2374680,I,Imputed value,
QCL,Crops and livestock products,143,Morocco,5417,Yield/Carcass Weight,1017,"Meat of goat, fresh or chilled",2015,2015,100 g/An,120,E,Estimated value,
QCL,Crops and livestock products,143,Morocco,5510,Production,1017,"Meat of goat, fresh or chilled",2015,2015,t,28437,A,Official figure,
QCL,Crops and livestock products,143,Morocco,5320,Producing Animals/Slaughtered,1017,"Meat of goat, fresh or chilled",2015,2015,An,2372366,I,Imputed value,
QCL,Crops and livestock products,143,Morocco,5417,Yield/Carcass Weight,1017,"Meat of goat, fresh or chilled",2016,2016,100 g/An,140,E,Estimated value,
QCL,Crops and livestock products,143,Morocco,5510,Production,1017,"Meat of goat, fresh or chilled",2016,2016,t,29817,A,Official figure,
QCL,Crops and livestock products,143,Morocco,5320,Producing Animals/Slaughtered,1017,"Meat of goat, fresh or chilled",2016,2016,An,2132658,I,Imputed value,
QCL,Crops and livestock products,143,Morocco,5417,Yield/Carcass Weight,1017,"Meat of goat, fresh or chilled",2017,2017,100 g/An,161,E,Estimated value,
QCL,Crops and livestock products,143,Morocco,5510,Production,1017,"Meat of goat, fresh or chilled",2017,2017,t,31986,A,Official figure,
QCL,Crops and livestock products,143,Morocco,5320,Producing Animals/Slaughtered,1017,"Meat of goat, fresh or chilled",2017,2017,An,1990093,I,Imputed value,
QCL,Crops and livestock products,143,Morocco,5417,Yield/Carcass Weight,1017,"Meat of goat, fresh or chilled",2018,2018,100 g/An,145,E,Estimated value,
QCL,Crops and livestock products,143,Morocco,5510,Production,1017,"Meat of goat, fresh or chilled",2018,2018,t,31959,A,Official figure,
QCL,Crops and livestock products,143,Morocco,5320,Producing Animals/Slaughtered,1017,"Meat of goat, fresh or chilled",2018,2018,An,2201209,I,Imputed value,
QCL,Crops and livestock products,143,Morocco,5417,Yield/Carcass Weight,1017,"Meat of goat, fresh or chilled",2019,2019,100 g/An,139,E,Estimated value,
QCL,Crops and livestock products,143,Morocco,5510,Production,1017,"Meat of goat, fresh or chilled",2019,2019,t,32118,A,Official figure,
QCL,Crops and livestock products,143,Morocco,5320,Producing Animals/Slaughtered,1017,"Meat of goat, fresh or chilled",2019,2019,An,2313884,I,Imputed value,
QCL,Crops and livestock products,143,Morocco,5417,Yield/Carcass Weight,1017,"Meat of goat, fresh or chilled",2020,2020,100 g/An,134,E,Estimated value,
QCL,Crops and livestock products,143,Morocco,5510,Production,1017,"Meat of goat, fresh or chilled",2020,2020,t,31000,A,Official figure,
QCL,Crops and livestock products,143,Morocco,5320,Producing Animals/Slaughtered,1017,"Meat of goat, fresh or chilled",2020,2020,An,2313354,I,Imputed value,
QCL,Crops and livestock products,143,Morocco,5417,Yield/Carcass Weight,1017,"Meat of goat, fresh or chilled",2021,2021,100 g/An,128,E,Estimated value,
QCL,Crops and livestock products,143,Morocco,5510,Production,1017,"Meat of goat, fresh or chilled",2021,2021,t,31000,A,Official figure,
QCL,Crops and livestock products,143,Morocco,5320,Producing Animals/Slaughtered,1017,"Meat of goat, fresh or chilled",2021,2021,An,2421610,I,Imputed value,
QCL,Crops and livestock products,143,Morocco,5417,Yield/Carcass Weight,1017,"Meat of goat, fresh or chilled",2022,2022,100 g/An,128,E,Estimated value,
QCL,Crops and livestock products,143,Morocco,5510,Production,1017,"Meat of goat, fresh or chilled",2022,2022,t,30250,A,Official figure,
QCL,Crops and livestock products,143,Morocco,5320,Producing Animals/Slaughtered,1017,"Meat of goat, fresh or chilled",2022,2022,An,2370486,I,Imputed value,
QCL,Crops and livestock products,143,Morocco,5417,Yield/Carcass Weight,1035,"Meat of pig with the bone, fresh or chilled",1961,1961,100 g/An,491,E,Estimated value,
QCL,Crops and livestock products,143,Morocco,5510,Production,1035,"Meat of pig with the bone, fresh or chilled",1961,1961,t,2200,E,Estimated value,
QCL,Crops and livestock products,143,Morocco,5320,Producing Animals/Slaughtered,1035,"Meat of pig with the bone, fresh or chilled",1961,1961,An,44800,E,Estimated value,
QCL,Crops and livestock products,143,Morocco,5417,Yield/Carcass Weight,1035,"Meat of pig with the bone, fresh or chilled",1962,1962,100 g/An,501,E,Estimated value,
QCL,Crops and livestock products,143,Morocco,5510,Production,1035,"Meat of pig with the bone, fresh or chilled",1962,1962,t,1850,E,Estimated value,
QCL,Crops and livestock products,143,Morocco,5320,Producing Animals/Slaughtered,1035,"Meat of pig with the bone, fresh or chilled",1962,1962,An,36900,E,Estimated value,
QCL,Crops and livestock products,143,Morocco,5417,Yield/Carcass Weight,1035,"Meat of pig with the bone, fresh or chilled",1963,1963,100 g/An,500,E,Estimated value,
QCL,Crops and livestock products,143,Morocco,5510,Production,1035,"Meat of pig with the bone, fresh or chilled",1963,1963,t,1035,E,Estimated value,
QCL,Crops and livestock products,143,Morocco,5320,Producing Animals/Slaughtered,1035,"Meat of pig with the bone, fresh or chilled",1963,1963,An,20700,E,Estimated value,
QCL,Crops and livestock products,143,Morocco,5417,Yield/Carcass Weight,1035,"Meat of pig with the bone, fresh or chilled",1964,1964,100 g/An,465,E,Estimated value,
QCL,Crops and livestock products,143,Morocco,5510,Production,1035,"Meat of pig with the bone, fresh or chilled",1964,1964,t,1000,E,Estimated value,
QCL,Crops and livestock products,143,Morocco,5320,Producing Animals/Slaughtered,1035,"Meat of pig with the bone, fresh or chilled",1964,1964,An,21500,E,Estimated value,
QCL,Crops and livestock products,143,Morocco,5417,Yield/Carcass Weight,1035,"Meat of pig with the bone, fresh or chilled",1965,1965,100 g/An,521,E,Estimated value,
QCL,Crops and livestock products,143,Morocco,5510,Production,1035,"Meat of pig with the bone, fresh or chilled",1965,1965,t,995,E,Estimated value,
QCL,Crops and livestock products,143,Morocco,5320,Producing Animals/Slaughtered,1035,"Meat of pig with the bone, fresh or chilled",1965,1965,An,19100,E,Estimated value,
QCL,Crops and livestock products,143,Morocco,5417,Yield/Carcass Weight,1035,"Meat of pig with the bone, fresh or chilled",1966,1966,100 g/An,583,A,Official figure,
QCL,Crops and livestock products,143,Morocco,5510,Production,1035,"Meat of pig with the bone, fresh or chilled",1966,1966,t,700,A,Official figure,
QCL,Crops and livestock products,143,Morocco,5320,Producing Animals/Slaughtered,1035,"Meat of pig with the bone, fresh or chilled",1966,1966,An,12000,A,Official figure,
QCL,Crops and livestock products,143,Morocco,5417,Yield/Carcass Weight,1035,"Meat of pig with the bone, fresh or chilled",1967,1967,100 g/An,571,A,Official figure,
QCL,Crops and livestock products,143,Morocco,5510,Production,1035,"Meat of pig with the bone, fresh or chilled",1967,1967,t,800,A,Official figure,
QCL,Crops and livestock products,143,Morocco,5320,Producing Animals/Slaughtered,1035,"Meat of pig with the bone, fresh or chilled",1967,1967,An,14000,A,Official figure,
QCL,Crops and livestock products,143,Morocco,5417,Yield/Carcass Weight,1035,"Meat of pig with the bone, fresh or chilled",1968,1968,100 g/An,545,A,Official figure,
QCL,Crops and livestock products,143,Morocco,5510,Production,1035,"Meat of pig with the bone, fresh or chilled",1968,1968,t,1200,A,Official figure,
QCL,Crops and livestock products,143,Morocco,5320,Producing Animals/Slaughtered,1035,"Meat of pig with the bone, fresh or chilled",1968,1968,An,22000,A,Official figure,
QCL,Crops and livestock products,143,Morocco,5417,Yield/Carcass Weight,1035,"Meat of pig with the bone, fresh or chilled",1969,1969,100 g/An,600,E,Estimated value,
QCL,Crops and livestock products,143,Morocco,5510,Production,1035,"Meat of pig with the bone, fresh or chilled",1969,1969,t,1800,A,Official figure,
QCL,Crops and livestock products,143,Morocco,5320,Producing Animals/Slaughtered,1035,"Meat of pig with the bone, fresh or chilled",1969,1969,An,30000,E,Estimated value,
QCL,Crops and livestock products,143,Morocco,5417,Yield/Carcass Weight,1035,"Meat of pig with the bone, fresh or chilled",1970,1970,100 g/An,589,E,Estimated value,
QCL,Crops and livestock products,143,Morocco,5510,Production,1035,"Meat of pig with the bone, fresh or chilled",1970,1970,t,1650,E,Estimated value,
QCL,Crops and livestock products,143,Morocco,5320,Producing Animals/Slaughtered,1035,"Meat of pig with the bone, fresh or chilled",1970,1970,An,28000,E,Estimated value,
QCL,Crops and livestock products,143,Morocco,5417,Yield/Carcass Weight,1035,"Meat of pig with the bone, fresh or chilled",1971,1971,100 g/An,591,E,Estimated value,
QCL,Crops and livestock products,143,Morocco,5510,Production,1035,"Meat of pig with the bone, fresh or chilled",1971,1971,t,2185,A,Official figure,
QCL,Crops and livestock products,143,Morocco,5320,Producing Animals/Slaughtered,1035,"Meat of pig with the bone, fresh or chilled",1971,1971,An,37000,E,Estimated value,
QCL,Crops and livestock products,143,Morocco,5417,Yield/Carcass Weight,1035,"Meat of pig with the bone, fresh or chilled",1972,1972,100 g/An,594,E,Estimated value,
QCL,Crops and livestock products,143,Morocco,5510,Production,1035,"Meat of pig with the bone, fresh or chilled",1972,1972,t,2374,A,Official figure,
QCL,Crops and livestock products,143,Morocco,5320,Producing Animals/Slaughtered,1035,"Meat of pig with the bone, fresh or chilled",1972,1972,An,40000,E,Estimated value,
QCL,Crops and livestock products,143,Morocco,5417,Yield/Carcass Weight,1035,"Meat of pig with the bone, fresh or chilled",1973,1973,100 g/An,608,E,Estimated value,
QCL,Crops and livestock products,143,Morocco,5510,Production,1035,"Meat of pig with the bone, fresh or chilled",1973,1973,t,1884,A,Official figure,
QCL,Crops and livestock products,143,Morocco,5320,Producing Animals/Slaughtered,1035,"Meat of pig with the bone, fresh or chilled",1973,1973,An,31000,E,Estimated value,
QCL,Crops and livestock products,143,Morocco,5417,Yield/Carcass Weight,1035,"Meat of pig with the bone, fresh or chilled",1974,1974,100 g/An,613,E,Estimated value,
QCL,Crops and livestock products,143,Morocco,5510,Production,1035,"Meat of pig with the bone, fresh or chilled",1974,1974,t,1103,A,Official figure,
QCL,Crops and livestock products,143,Morocco,5320,Producing Animals/Slaughtered,1035,"Meat of pig with the bone, fresh or chilled",1974,1974,An,18000,E,Estimated value,
QCL,Crops and livestock products,143,Morocco,5417,Yield/Carcass Weight,1035,"Meat of pig with the bone, fresh or chilled",1975,1975,100 g/An,600,E,Estimated value,
QCL,Crops and livestock products,143,Morocco,5510,Production,1035,"Meat of pig with the bone, fresh or chilled",1975,1975,t,600,X,Figure from international organizations,Unofficial figure
QCL,Crops and livestock products,143,Morocco,5320,Producing Animals/Slaughtered,1035,"Meat of pig with the bone, fresh or chilled",1975,1975,An,10000,E,Estimated value,
QCL,Crops and livestock products,143,Morocco,5417,Yield/Carcass Weight,1035,"Meat of pig with the bone, fresh or chilled",1976,1976,100 g/An,600,E,Estimated value,
QCL,Crops and livestock products,143,Morocco,5510,Production,1035,"Meat of pig with the bone, fresh or chilled",1976,1976,t,540,X,Figure from international organizations,Unofficial figure
QCL,Crops and livestock products,143,Morocco,5320,Producing Animals/Slaughtered,1035,"Meat of pig with the bone, fresh or chilled",1976,1976,An,9000,E,Estimated value,
QCL,Crops and livestock products,143,Morocco,5417,Yield/Carcass Weight,1035,"Meat of pig with the bone, fresh or chilled",1977,1977,100 g/An,600,E,Estimated value,
QCL,Crops and livestock products,143,Morocco,5510,Production,1035,"Meat of pig with the bone, fresh or chilled",1977,1977,t,750,X,Figure from international organizations,Unofficial figure
QCL,Crops and livestock products,143,Morocco,5320,Producing Animals/Slaughtered,1035,"Meat of pig with the bone, fresh or chilled",1977,1977,An,12500,E,Estimated value,
QCL,Crops and livestock products,143,Morocco,5417,Yield/Carcass Weight,1035,"Meat of pig with the bone, fresh or chilled",1978,1978,100 g/An,608,E,Estimated value,
QCL,Crops and livestock products,143,Morocco,5510,Production,1035,"Meat of pig with the bone, fresh or chilled",1978,1978,t,638,X,Figure from international organizations,Unofficial figure
QCL,Crops and livestock products,143,Morocco,5320,Producing Animals/Slaughtered,1035,"Meat of pig with the bone, fresh or chilled",1978,1978,An,10500,E,Estimated value,
QCL,Crops and livestock products,143,Morocco,5417,Yield/Carcass Weight,1035,"Meat of pig with the bone, fresh or chilled",1979,1979,100 g/An,600,E,Estimated value,
QCL,Crops and livestock products,143,Morocco,5510,Production,1035,"Meat of pig with the bone, fresh or chilled",1979,1979,t,576,X,Figure from international organizations,Unofficial figure
QCL,Crops and livestock products,143,Morocco,5320,Producing Animals/Slaughtered,1035,"Meat of pig with the bone, fresh or chilled",1979,1979,An,9600,E,Estimated value,
QCL,Crops and livestock products,143,Morocco,5417,Yield/Carcass Weight,1035,"Meat of pig with the bone, fresh or chilled",1980,1980,100 g/An,584,E,Estimated value,
QCL,Crops and livestock products,143,Morocco,5510,Production,1035,"Meat of pig with the bone, fresh or chilled",1980,1980,t,580,X,Figure from international organizations,Unofficial figure
QCL,Crops and livestock products,143,Morocco,5320,Producing Animals/Slaughtered,1035,"Meat of pig with the bone, fresh or chilled",1980,1980,An,9940,A,Official figure,
QCL,Crops and livestock products,143,Morocco,5417,Yield/Carcass Weight,1035,"Meat of pig with the bone, fresh or chilled",1981,1981,100 g/An,848,E,Estimated value,
QCL,Crops and livestock products,143,Morocco,5510,Production,1035,"Meat of pig with the bone, fresh or chilled",1981,1981,t,600,X,Figure from international organizations,Unofficial figure
QCL,Crops and livestock products,143,Morocco,5320,Producing Animals/Slaughtered,1035,"Meat of pig with the bone, fresh or chilled",1981,1981,An,7073,A,Official figure,
QCL,Crops and livestock products,143,Morocco,5417,Yield/Carcass Weight,1035,"Meat of pig with the bone, fresh or chilled",1982,1982,100 g/An,684,A,Official figure,
QCL,Crops and livestock products,143,Morocco,5510,Production,1035,"Meat of pig with the bone, fresh or chilled",1982,1982,t,650,A,Official figure,
QCL,Crops and livestock products,143,Morocco,5320,Producing Animals/Slaughtered,1035,"Meat of pig with the bone, fresh or chilled",1982,1982,An,9500,A,Official figure,
QCL,Crops and livestock products,143,Morocco,5417,Yield/Carcass Weight,1035,"Meat of pig with the bone, fresh or chilled",1983,1983,100 g/An,742,A,Official figure,
QCL,Crops and livestock products,143,Morocco,5510,Production,1035,"Meat of pig with the bone, fresh or chilled",1983,1983,t,660,A,Official figure,
QCL,Crops and livestock products,143,Morocco,5320,Producing Animals/Slaughtered,1035,"Meat of pig with the bone, fresh or chilled",1983,1983,An,8900,A,Official figure,
QCL,Crops and livestock products,143,Morocco,5417,Yield/Carcass Weight,1035,"Meat of pig with the bone, fresh or chilled",1984,1984,100 g/An,606,A,Official figure,
QCL,Crops and livestock products,143,Morocco,5510,Production,1035,"Meat of pig with the bone, fresh or chilled",1984,1984,t,660,A,Official figure,
QCL,Crops and livestock products,143,Morocco,5320,Producing Animals/Slaughtered,1035,"Meat of pig with the bone, fresh or chilled",1984,1984,An,10900,A,Official figure,
QCL,Crops and livestock products,143,Morocco,5417,Yield/Carcass Weight,1035,"Meat of pig with the bone, fresh or chilled",1985,1985,100 g/An,373,E,Estimated value,
QCL,Crops and livestock products,143,Morocco,5510,Production,1035,"Meat of pig with the bone, fresh or chilled",1985,1985,t,410,A,Official figure,
QCL,Crops and livestock products,143,Morocco,5320,Producing Animals/Slaughtered,1035,"Meat of pig with the bone, fresh or chilled",1985,1985,An,11000,E,Estimated value,
QCL,Crops and livestock products,143,Morocco,5417,Yield/Carcass Weight,1035,"Meat of pig with the bone, fresh or chilled",1986,1986,100 g/An,392,E,Estimated value,
QCL,Crops and livestock products,143,Morocco,5510,Production,1035,"Meat of pig with the bone, fresh or chilled",1986,1986,t,455,A,Official figure,
QCL,Crops and livestock products,143,Morocco,5320,Producing Animals/Slaughtered,1035,"Meat of pig with the bone, fresh or chilled",1986,1986,An,11600,E,Estimated value,
QCL,Crops and livestock products,143,Morocco,5417,Yield/Carcass Weight,1035,"Meat of pig with the bone, fresh or chilled",1987,1987,100 g/An,500,E,Estimated value,
QCL,Crops and livestock products,143,Morocco,5510,Production,1035,"Meat of pig with the bone, fresh or chilled",1987,1987,t,600,A,Official figure,
QCL,Crops and livestock products,143,Morocco,5320,Producing Animals/Slaughtered,1035,"Meat of pig with the bone, fresh or chilled",1987,1987,An,12000,E,Estimated value,
QCL,Crops and livestock products,143,Morocco,5417,Yield/Carcass Weight,1035,"Meat of pig with the bone, fresh or chilled",1988,1988,100 g/An,488,E,Estimated value,
QCL,Crops and livestock products,143,Morocco,5510,Production,1035,"Meat of pig with the bone, fresh or chilled",1988,1988,t,600,A,Official figure,
QCL,Crops and livestock products,143,Morocco,5320,Producing Animals/Slaughtered,1035,"Meat of pig with the bone, fresh or chilled",1988,1988,An,12300,E,Estimated value,
QCL,Crops and livestock products,143,Morocco,5417,Yield/Carcass Weight,1035,"Meat of pig with the bone, fresh or chilled",1989,1989,100 g/An,516,E,Estimated value,
QCL,Crops and livestock products,143,Morocco,5510,Production,1035,"Meat of pig with the bone, fresh or chilled",1989,1989,t,640,A,Official figure,
QCL,Crops and livestock products,143,Morocco,5320,Producing Animals/Slaughtered,1035,"Meat of pig with the bone, fresh or chilled",1989,1989,An,12400,E,Estimated value,
QCL,Crops and livestock products,143,Morocco,5417,Yield/Carcass Weight,1035,"Meat of pig with the bone, fresh or chilled",1990,1990,100 g/An,551,E,Estimated value,
QCL,Crops and livestock products,143,Morocco,5510,Production,1035,"Meat of pig with the bone, fresh or chilled",1990,1990,t,700,A,Official figure,
QCL,Crops and livestock products,143,Morocco,5320,Producing Animals/Slaughtered,1035,"Meat of pig with the bone, fresh or chilled",1990,1990,An,12700,E,Estimated value,
QCL,Crops and livestock products,143,Morocco,5417,Yield/Carcass Weight,1035,"Meat of pig with the bone, fresh or chilled",1991,1991,100 g/An,511,E,Estimated value,
QCL,Crops and livestock products,143,Morocco,5510,Production,1035,"Meat of pig with the bone, fresh or chilled",1991,1991,t,700,A,Official figure,
QCL,Crops and livestock products,143,Morocco,5320,Producing Animals/Slaughtered,1035,"Meat of pig with the bone, fresh or chilled",1991,1991,An,13700,E,Estimated value,
QCL,Crops and livestock products,143,Morocco,5417,Yield/Carcass Weight,1035,"Meat of pig with the bone, fresh or chilled",1992,1992,100 g/An,510,E,Estimated value,
QCL,Crops and livestock products,143,Morocco,5510,Production,1035,"Meat of pig with the bone, fresh or chilled",1992,1992,t,719,E,Estimated value,
QCL,Crops and livestock products,143,Morocco,5320,Producing Animals/Slaughtered,1035,"Meat of pig with the bone, fresh or chilled",1992,1992,An,14100,E,Estimated value,
QCL,Crops and livestock products,143,Morocco,5417,Yield/Carcass Weight,1035,"Meat of pig with the bone, fresh or chilled",1993,1993,100 g/An,490,E,Estimated value,
QCL,Crops and livestock products,143,Morocco,5510,Production,1035,"Meat of pig with the bone, fresh or chilled",1993,1993,t,710,E,Estimated value,
QCL,Crops and livestock products,143,Morocco,5320,Producing Animals/Slaughtered,1035,"Meat of pig with the bone, fresh or chilled",1993,1993,An,14500,E,Estimated value,
QCL,Crops and livestock products,143,Morocco,5417,Yield/Carcass Weight,1035,"Meat of pig with the bone, fresh or chilled",1994,1994,100 g/An,503,E,Estimated value,
QCL,Crops and livestock products,143,Morocco,5510,Production,1035,"Meat of pig with the bone, fresh or chilled",1994,1994,t,730,E,Estimated value,
QCL,Crops and livestock products,143,Morocco,5320,Producing Animals/Slaughtered,1035,"Meat of pig with the bone, fresh or chilled",1994,1994,An,14500,E,Estimated value,
QCL,Crops and livestock products,143,Morocco,5417,Yield/Carcass Weight,1035,"Meat of pig with the bone, fresh or chilled",1995,1995,100 g/An,503,E,Estimated value,
QCL,Crops and livestock products,143,Morocco,5510,Production,1035,"Meat of pig with the bone, fresh or chilled",1995,1995,t,730,E,Estimated value,
QCL,Crops and livestock products,143,Morocco,5320,Producing Animals/Slaughtered,1035,"Meat of pig with the bone, fresh or chilled",1995,1995,An,14500,E,Estimated value,
QCL,Crops and livestock products,143,Morocco,5417,Yield/Carcass Weight,1035,"Meat of pig with the bone, fresh or chilled",1996,1996,100 g/An,503,E,Estimated value,
QCL,Crops and livestock products,143,Morocco,5510,Production,1035,"Meat of pig with the bone, fresh or chilled",1996,1996,t,730,E,Estimated value,
QCL,Crops and livestock products,143,Morocco,5320,Producing Animals/Slaughtered,1035,"Meat of pig with the bone, fresh or chilled",1996,1996,An,14500,E,Estimated value,
QCL,Crops and livestock products,143,Morocco,5417,Yield/Carcass Weight,1035,"Meat of pig with the bone, fresh or chilled",1997,1997,100 g/An,517,E,Estimated value,
QCL,Crops and livestock products,143,Morocco,5510,Production,1035,"Meat of pig with the bone, fresh or chilled",1997,1997,t,750,A,Official figure,
QCL,Crops and livestock products,143,Morocco,5320,Producing Animals/Slaughtered,1035,"Meat of pig with the bone, fresh or chilled",1997,1997,An,14500,E,Estimated value,
QCL,Crops and livestock products,143,Morocco,5417,Yield/Carcass Weight,1035,"Meat of pig with the bone, fresh or chilled",1998,1998,100 g/An,467,A,Official figure,
QCL,Crops and livestock products,143,Morocco,5510,Production,1035,"Meat of pig with the bone, fresh or chilled",1998,1998,t,560,A,Official figure,
QCL,Crops and livestock products,143,Morocco,5320,Producing Animals/Slaughtered,1035,"Meat of pig with the bone, fresh or chilled",1998,1998,An,12000,A,Official figure,
QCL,Crops and livestock products,143,Morocco,5417,Yield/Carcass Weight,1035,"Meat of pig with the bone, fresh or chilled",1999,1999,100 g/An,500,E,Estimated value,
QCL,Crops and livestock products,143,Morocco,5510,Production,1035,"Meat of pig with the bone, fresh or chilled",1999,1999,t,600,A,Official figure,
QCL,Crops and livestock products,143,Morocco,5320,Producing Animals/Slaughtered,1035,"Meat of pig with the bone, fresh or chilled",1999,1999,An,12000,E,Estimated value,
QCL,Crops and livestock products,143,Morocco,5417,Yield/Carcass Weight,1035,"Meat of pig with the bone, fresh or chilled",2000,2000,100 g/An,500,E,Estimated value,
QCL,Crops and livestock products,143,Morocco,5510,Production,1035,"Meat of pig with the bone, fresh or chilled",2000,2000,t,600,X,Figure from international organizations,Unofficial figure
QCL,Crops and livestock products,143,Morocco,5320,Producing Animals/Slaughtered,1035,"Meat of pig with the bone, fresh or chilled",2000,2000,An,12000,E,Estimated value,
QCL,Crops and livestock products,143,Morocco,5417,Yield/Carcass Weight,1035,"Meat of pig with the bone, fresh or chilled",2001,2001,100 g/An,500,E,Estimated value,
QCL,Crops and livestock products,143,Morocco,5510,Production,1035,"Meat of pig with the bone, fresh or chilled",2001,2001,t,600,E,Estimated value,
QCL,Crops and livestock products,143,Morocco,5320,Producing Animals/Slaughtered,1035,"Meat of pig with the bone, fresh or chilled",2001,2001,An,12000,E,Estimated value,
QCL,Crops and livestock products,143,Morocco,5417,Yield/Carcass Weight,1035,"Meat of pig with the bone, fresh or chilled",2002,2002,100 g/An,500,E,Estimated value,
QCL,Crops and livestock products,143,Morocco,5510,Production,1035,"Meat of pig with the bone, fresh or chilled",2002,2002,t,600,E,Estimated value,
QCL,Crops and livestock products,143,Morocco,5320,Producing Animals/Slaughtered,1035,"Meat of pig with the bone, fresh or chilled",2002,2002,An,12000,E,Estimated value,
QCL,Crops and livestock products,143,Morocco,5417,Yield/Carcass Weight,1035,"Meat of pig with the bone, fresh or chilled",2003,2003,100 g/An,500,E,Estimated value,
QCL,Crops and livestock products,143,Morocco,5510,Production,1035,"Meat of pig with the bone, fresh or chilled",2003,2003,t,600,E,Estimated value,
QCL,Crops and livestock products,143,Morocco,5320,Producing Animals/Slaughtered,1035,"Meat of pig with the bone, fresh or chilled",2003,2003,An,12000,E,Estimated value,
QCL,Crops and livestock products,143,Morocco,5417,Yield/Carcass Weight,1035,"Meat of pig with the bone, fresh or chilled",2004,2004,100 g/An,500,E,Estimated value,
QCL,Crops and livestock products,143,Morocco,5510,Production,1035,"Meat of pig with the bone, fresh or chilled",2004,2004,t,600,E,Estimated value,
QCL,Crops and livestock products,143,Morocco,5320,Producing Animals/Slaughtered,1035,"Meat of pig with the bone, fresh or chilled",2004,2004,An,12000,E,Estimated value,
QCL,Crops and livestock products,143,Morocco,5417,Yield/Carcass Weight,1035,"Meat of pig with the bone, fresh or chilled",2005,2005,100 g/An,500,E,Estimated value,
QCL,Crops and livestock products,143,Morocco,5510,Production,1035,"Meat of pig with the bone, fresh or chilled",2005,2005,t,600,E,Estimated value,
QCL,Crops and livestock products,143,Morocco,5320,Producing Animals/Slaughtered,1035,"Meat of pig with the bone, fresh or chilled",2005,2005,An,12000,E,Estimated value,
QCL,Crops and livestock products,143,Morocco,5417,Yield/Carcass Weight,1035,"Meat of pig with the bone, fresh or chilled",2006,2006,100 g/An,500,E,Estimated value,
QCL,Crops and livestock products,143,Morocco,5510,Production,1035,"Meat of pig with the bone, fresh or chilled",2006,2006,t,600,E,Estimated value,
QCL,Crops and livestock products,143,Morocco,5320,Producing Animals/Slaughtered,1035,"Meat of pig with the bone, fresh or chilled",2006,2006,An,12000,E,Estimated value,
QCL,Crops and livestock products,143,Morocco,5417,Yield/Carcass Weight,1035,"Meat of pig with the bone, fresh or chilled",2007,2007,100 g/An,500,E,Estimated value,
QCL,Crops and livestock products,143,Morocco,5510,Production,1035,"Meat of pig with the bone, fresh or chilled",2007,2007,t,600,E,Estimated value,
QCL,Crops and livestock products,143,Morocco,5320,Producing Animals/Slaughtered,1035,"Meat of pig with the bone, fresh or chilled",2007,2007,An,12000,E,Estimated value,
QCL,Crops and livestock products,143,Morocco,5417,Yield/Carcass Weight,1035,"Meat of pig with the bone, fresh or chilled",2008,2008,100 g/An,500,E,Estimated value,
QCL,Crops and livestock products,143,Morocco,5510,Production,1035,"Meat of pig with the bone, fresh or chilled",2008,2008,t,600,E,Estimated value,
QCL,Crops and livestock products,143,Morocco,5320,Producing Animals/Slaughtered,1035,"Meat of pig with the bone, fresh or chilled",2008,2008,An,12000,E,Estimated value,
QCL,Crops and livestock products,143,Morocco,5417,Yield/Carcass Weight,1035,"Meat of pig with the bone, fresh or chilled",2009,2009,100 g/An,500,E,Estimated value,
QCL,Crops and livestock products,143,Morocco,5510,Production,1035,"Meat of pig with the bone, fresh or chilled",2009,2009,t,600,E,Estimated value,
QCL,Crops and livestock products,143,Morocco,5320,Producing Animals/Slaughtered,1035,"Meat of pig with the bone, fresh or chilled",2009,2009,An,12000,E,Estimated value,
QCL,Crops and livestock products,143,Morocco,5417,Yield/Carcass Weight,1035,"Meat of pig with the bone, fresh or chilled",2010,2010,100 g/An,500,E,Estimated value,
QCL,Crops and livestock products,143,Morocco,5510,Production,1035,"Meat of pig with the bone, fresh or chilled",2010,2010,t,650,E,Estimated value,
QCL,Crops and livestock products,143,Morocco,5320,Producing Animals/Slaughtered,1035,"Meat of pig with the bone, fresh or chilled",2010,2010,An,13000,E,Estimated value,
QCL,Crops and livestock products,143,Morocco,5417,Yield/Carcass Weight,1035,"Meat of pig with the bone, fresh or chilled",2011,2011,100 g/An,500,E,Estimated value,
QCL,Crops and livestock products,143,Morocco,5510,Production,1035,"Meat of pig with the bone, fresh or chilled",2011,2011,t,625,E,Estimated value,
QCL,Crops and livestock products,143,Morocco,5320,Producing Animals/Slaughtered,1035,"Meat of pig with the bone, fresh or chilled",2011,2011,An,12500,E,Estimated value,
QCL,Crops and livestock products,143,Morocco,5417,Yield/Carcass Weight,1035,"Meat of pig with the bone, fresh or chilled",2012,2012,100 g/An,485,E,Estimated value,
QCL,Crops and livestock products,143,Morocco,5510,Production,1035,"Meat of pig with the bone, fresh or chilled",2012,2012,t,630,E,Estimated value,
QCL,Crops and livestock products,143,Morocco,5320,Producing Animals/Slaughtered,1035,"Meat of pig with the bone, fresh or chilled",2012,2012,An,13000,E,Estimated value,
QCL,Crops and livestock products,143,Morocco,5417,Yield/Carcass Weight,1035,"Meat of pig with the bone, fresh or chilled",2013,2013,100 g/An,500,E,Estimated value,
QCL,Crops and livestock products,143,Morocco,5510,Production,1035,"Meat of pig with the bone, fresh or chilled",2013,2013,t,650,E,Estimated value,
QCL,Crops and livestock products,143,Morocco,5320,Producing Animals/Slaughtered,1035,"Meat of pig with the bone, fresh or chilled",2013,2013,An,13000,E,Estimated value,
QCL,Crops and livestock products,143,Morocco,5417,Yield/Carcass Weight,1035,"Meat of pig with the bone, fresh or chilled",2014,2014,100 g/An,498,E,Estimated value,
QCL,Crops and livestock products,143,Morocco,5510,Production,1035,"Meat of pig with the bone, fresh or chilled",2014,2014,t,629.63,I,Imputed value,
QCL,Crops and livestock products,143,Morocco,5320,Producing Animals/Slaughtered,1035,"Meat of pig with the bone, fresh or chilled",2014,2014,An,12645,I,Imputed value,
QCL,Crops and livestock products,143,Morocco,5417,Yield/Carcass Weight,1035,"Meat of pig with the bone, fresh or chilled",2015,2015,100 g/An,497,E,Estimated value,
QCL,Crops and livestock products,143,Morocco,5510,Production,1035,"Meat of pig with the bone, fresh or chilled",2015,2015,t,618.06,I,Imputed value,
QCL,Crops and livestock products,143,Morocco,5320,Producing Animals/Slaughtered,1035,"Meat of pig with the bone, fresh or chilled",2015,2015,An,12446,I,Imputed value,
QCL,Crops and livestock products,143,Morocco,5417,Yield/Carcass Weight,1035,"Meat of pig with the bone, fresh or chilled",2016,2016,100 g/An,496,E,Estimated value,
QCL,Crops and livestock products,143,Morocco,5510,Production,1035,"Meat of pig with the bone, fresh or chilled",2016,2016,t,617.11,I,Imputed value,
QCL,Crops and livestock products,143,Morocco,5320,Producing Animals/Slaughtered,1035,"Meat of pig with the bone, fresh or chilled",2016,2016,An,12442,I,Imputed value,
QCL,Crops and livestock products,143,Morocco,5417,Yield/Carcass Weight,1035,"Meat of pig with the bone, fresh or chilled",2017,2017,100 g/An,496,E,Estimated value,
QCL,Crops and livestock products,143,Morocco,5510,Production,1035,"Meat of pig with the bone, fresh or chilled",2017,2017,t,614.98,I,Imputed value,
QCL,Crops and livestock products,143,Morocco,5320,Producing Animals/Slaughtered,1035,"Meat of pig with the bone, fresh or chilled",2017,2017,An,12398,I,Imputed value,
QCL,Crops and livestock products,143,Morocco,5417,Yield/Carcass Weight,1035,"Meat of pig with the bone, fresh or chilled",2018,2018,100 g/An,496,E,Estimated value,
QCL,Crops and livestock products,143,Morocco,5510,Production,1035,"Meat of pig with the bone, fresh or chilled",2018,2018,t,607.98,I,Imputed value,
QCL,Crops and livestock products,143,Morocco,5320,Producing Animals/Slaughtered,1035,"Meat of pig with the bone, fresh or chilled",2018,2018,An,12259,I,Imputed value,
QCL,Crops and livestock products,143,Morocco,5417,Yield/Carcass Weight,1035,"Meat of pig with the bone, fresh or chilled",2019,2019,100 g/An,497,E,Estimated value,
QCL,Crops and livestock products,143,Morocco,5510,Production,1035,"Meat of pig with the bone, fresh or chilled",2019,2019,t,610.34,I,Imputed value,
QCL,Crops and livestock products,143,Morocco,5320,Producing Animals/Slaughtered,1035,"Meat of pig with the bone, fresh or chilled",2019,2019,An,12288,I,Imputed value,
QCL,Crops and livestock products,143,Morocco,5417,Yield/Carcass Weight,1035,"Meat of pig with the bone, fresh or chilled",2020,2020,100 g/An,498,E,Estimated value,
QCL,Crops and livestock products,143,Morocco,5510,Production,1035,"Meat of pig with the bone, fresh or chilled",2020,2020,t,616.38,I,Imputed value,
QCL,Crops and livestock products,143,Morocco,5320,Producing Animals/Slaughtered,1035,"Meat of pig with the bone, fresh or chilled",2020,2020,An,12377,I,Imputed value,
QCL,Crops and livestock products,143,Morocco,5417,Yield/Carcass Weight,1035,"Meat of pig with the bone, fresh or chilled",2021,2021,100 g/An,498,E,Estimated value,
QCL,Crops and livestock products,143,Morocco,5510,Production,1035,"Meat of pig with the bone, fresh or chilled",2021,2021,t,617.21,I,Imputed value,
QCL,Crops and livestock products,143,Morocco,5320,Producing Animals/Slaughtered,1035,"Meat of pig with the bone, fresh or chilled",2021,2021,An,12393,I,Imputed value,
QCL,Crops and livestock products,143,Morocco,5417,Yield/Carcass Weight,1035,"Meat of pig with the bone, fresh or chilled",2022,2022,100 g/An,498,E,Estimated value,
QCL,Crops and livestock products,143,Morocco,5510,Production,1035,"Meat of pig with the bone, fresh or chilled",2022,2022,t,618.1,I,Imputed value,
QCL,Crops and livestock products,143,Morocco,5320,Producing Animals/Slaughtered,1035,"Meat of pig with the bone, fresh or chilled",2022,2022,An,12411,I,Imputed value,
QCL,Crops and livestock products,143,Morocco,5417,Yield/Carcass Weight,977,"Meat of sheep, fresh or chilled",1961,1961,100 g/An,118,E,Estimated value,
QCL,Crops and livestock products,143,Morocco,5510,Production,977,"Meat of sheep, fresh or chilled",1961,1961,t,45200,E,Estimated value,
QCL,Crops and livestock products,143,Morocco,5320,Producing Animals/Slaughtered,977,"Meat of sheep, fresh or chilled",1961,1961,An,3830310,E,Estimated value,
QCL,Crops and livestock products,143,Morocco,5417,Yield/Carcass Weight,977,"Meat of sheep, fresh or chilled",1962,1962,100 g/An,122,E,Estimated value,
QCL,Crops and livestock products,143,Morocco,5510,Production,977,"Meat of sheep, fresh or chilled",1962,1962,t,36900,E,Estimated value,
QCL,Crops and livestock products,143,Morocco,5320,Producing Animals/Slaughtered,977,"Meat of sheep, fresh or chilled",1962,1962,An,3024530,E,Estimated value,
QCL,Crops and livestock products,143,Morocco,5417,Yield/Carcass Weight,977,"Meat of sheep, fresh or chilled",1963,1963,100 g/An,130,E,Estimated value,
QCL,Crops and livestock products,143,Morocco,5510,Production,977,"Meat of sheep, fresh or chilled",1963,1963,t,30800,E,Estimated value,
QCL,Crops and livestock products,143,Morocco,5320,Producing Animals/Slaughtered,977,"Meat of sheep, fresh or chilled",1963,1963,An,2369710,E,Estimated value,
QCL,Crops and livestock products,143,Morocco,5417,Yield/Carcass Weight,977,"Meat of sheep, fresh or chilled",1964,1964,100 g/An,123,E,Estimated value,
QCL,Crops and livestock products,143,Morocco,5510,Production,977,"Meat of sheep, fresh or chilled",1964,1964,t,33160,E,Estimated value,
QCL,Crops and livestock products,143,Morocco,5320,Producing Animals/Slaughtered,977,"Meat of sheep, fresh or chilled",1964,1964,An,2695940,E,Estimated value,
QCL,Crops and livestock products,143,Morocco,5417,Yield/Carcass Weight,977,"Meat of sheep, fresh or chilled",1965,1965,100 g/An,124,E,Estimated value,
QCL,Crops and livestock products,143,Morocco,5510,Production,977,"Meat of sheep, fresh or chilled",1965,1965,t,38660,E,Estimated value,
QCL,Crops and livestock products,143,Morocco,5320,Producing Animals/Slaughtered,977,"Meat of sheep, fresh or chilled",1965,1965,An,3117478,E,Estimated value,
QCL,Crops and livestock products,143,Morocco,5417,Yield/Carcass Weight,977,"Meat of sheep, fresh or chilled",1966,1966,100 g/An,122,A,Official figure,
QCL,Crops and livestock products,143,Morocco,5510,Production,977,"Meat of sheep, fresh or chilled",1966,1966,t,40000,A,Official figure,
QCL,Crops and livestock products,143,Morocco,5320,Producing Animals/Slaughtered,977,"Meat of sheep, fresh or chilled",1966,1966,An,3280000,A,Official figure,
QCL,Crops and livestock products,143,Morocco,5417,Yield/Carcass Weight,977,"Meat of sheep, fresh or chilled",1967,1967,100 g/An,122,A,Official figure,
QCL,Crops and livestock products,143,Morocco,5510,Production,977,"Meat of sheep, fresh or chilled",1967,1967,t,42700,A,Official figure,
QCL,Crops and livestock products,143,Morocco,5320,Producing Animals/Slaughtered,977,"Meat of sheep, fresh or chilled",1967,1967,An,3500000,A,Official figure,
QCL,Crops and livestock products,143,Morocco,5417,Yield/Carcass Weight,977,"Meat of sheep, fresh or chilled",1968,1968,100 g/An,123,A,Official figure,
QCL,Crops and livestock products,143,Morocco,5510,Production,977,"Meat of sheep, fresh or chilled",1968,1968,t,47000,A,Official figure,
QCL,Crops and livestock products,143,Morocco,5320,Producing Animals/Slaughtered,977,"Meat of sheep, fresh or chilled",1968,1968,An,3835000,A,Official figure,
QCL,Crops and livestock products,143,Morocco,5417,Yield/Carcass Weight,977,"Meat of sheep, fresh or chilled",1969,1969,100 g/An,114,A,Official figure,
QCL,Crops and livestock products,143,Morocco,5510,Production,977,"Meat of sheep, fresh or chilled",1969,1969,t,45000,A,Official figure,
QCL,Crops and livestock products,143,Morocco,5320,Producing Animals/Slaughtered,977,"Meat of sheep, fresh or chilled",1969,1969,An,3950000,A,Official figure,
QCL,Crops and livestock products,143,Morocco,5417,Yield/Carcass Weight,977,"Meat of sheep, fresh or chilled",1970,1970,100 g/An,113,E,Estimated value,
QCL,Crops and livestock products,143,Morocco,5510,Production,977,"Meat of sheep, fresh or chilled",1970,1970,t,46300,E,Estimated value,
QCL,Crops and livestock products,143,Morocco,5320,Producing Animals/Slaughtered,977,"Meat of sheep, fresh or chilled",1970,1970,An,4100000,E,Estimated value,
QCL,Crops and livestock products,143,Morocco,5417,Yield/Carcass Weight,977,"Meat of sheep, fresh or chilled",1971,1971,100 g/An,108,A,Official figure,
QCL,Crops and livestock products,143,Morocco,5510,Production,977,"Meat of sheep, fresh or chilled",1971,1971,t,49000,A,Official figure,
QCL,Crops and livestock products,143,Morocco,5320,Producing Animals/Slaughtered,977,"Meat of sheep, fresh or chilled",1971,1971,An,4524760,A,Official figure,
QCL,Crops and livestock products,143,Morocco,5417,Yield/Carcass Weight,977,"Meat of sheep, fresh or chilled",1972,1972,100 g/An,116,A,Official figure,
QCL,Crops and livestock products,143,Morocco,5510,Production,977,"Meat of sheep, fresh or chilled",1972,1972,t,50000,A,Official figure,
QCL,Crops and livestock products,143,Morocco,5320,Producing Animals/Slaughtered,977,"Meat of sheep, fresh or chilled",1972,1972,An,4310344,A,Official figure,
QCL,Crops and livestock products,143,Morocco,5417,Yield/Carcass Weight,977,"Meat of sheep, fresh or chilled",1973,1973,100 g/An,104,A,Official figure,
QCL,Crops and livestock products,143,Morocco,5510,Production,977,"Meat of sheep, fresh or chilled",1973,1973,t,50000,A,Official figure,
QCL,Crops and livestock products,143,Morocco,5320,Producing Animals/Slaughtered,977,"Meat of sheep, fresh or chilled",1973,1973,An,4807692,A,Official figure,
QCL,Crops and livestock products,143,Morocco,5417,Yield/Carcass Weight,977,"Meat of sheep, fresh or chilled",1974,1974,100 g/An,104,A,Official figure,
QCL,Crops and livestock products,143,Morocco,5510,Production,977,"Meat of sheep, fresh or chilled",1974,1974,t,50000,A,Official figure,
QCL,Crops and livestock products,143,Morocco,5320,Producing Animals/Slaughtered,977,"Meat of sheep, fresh or chilled",1974,1974,An,4807692,A,Official figure,
QCL,Crops and livestock products,143,Morocco,5417,Yield/Carcass Weight,977,"Meat of sheep, fresh or chilled",1975,1975,100 g/An,104,E,Estimated value,
QCL,Crops and livestock products,143,Morocco,5510,Production,977,"Meat of sheep, fresh or chilled",1975,1975,t,43300,E,Estimated value,
QCL,Crops and livestock products,143,Morocco,5320,Producing Animals/Slaughtered,977,"Meat of sheep, fresh or chilled",1975,1975,An,4160000,X,Figure from international organizations,Unofficial figure
QCL,Crops and livestock products,143,Morocco,5417,Yield/Carcass Weight,977,"Meat of sheep, fresh or chilled",1976,1976,100 g/An,113,X,Figure from international organizations,
QCL,Crops and livestock products,143,Morocco,5510,Production,977,"Meat of sheep, fresh or chilled",1976,1976,t,40600,X,Figure from international organizations,Unofficial figure
QCL,Crops and livestock products,143,Morocco,5320,Producing Animals/Slaughtered,977,"Meat of sheep, fresh or chilled",1976,1976,An,3590000,X,Figure from international organizations,Unofficial figure
QCL,Crops and livestock products,143,Morocco,5417,Yield/Carcass Weight,977,"Meat of sheep, fresh or chilled",1977,1977,100 g/An,129,E,Estimated value,
QCL,Crops and livestock products,143,Morocco,5510,Production,977,"Meat of sheep, fresh or chilled",1977,1977,t,47000,A,Official figure,
QCL,Crops and livestock products,143,Morocco,5320,Producing Animals/Slaughtered,977,"Meat of sheep, fresh or chilled",1977,1977,An,3653000,X,Figure from international organizations,Unofficial figure
QCL,Crops and livestock products,143,Morocco,5417,Yield/Carcass Weight,977,"Meat of sheep, fresh or chilled",1978,1978,100 g/An,129,E,Estimated value,
QCL,Crops and livestock products,143,Morocco,5510,Production,977,"Meat of sheep, fresh or chilled",1978,1978,t,50000,A,Official figure,
QCL,Crops and livestock products,143,Morocco,5320,Producing Animals/Slaughtered,977,"Meat of sheep, fresh or chilled",1978,1978,An,3870000,X,Figure from international organizations,Unofficial figure
QCL,Crops and livestock products,143,Morocco,5417,Yield/Carcass Weight,977,"Meat of sheep, fresh or chilled",1979,1979,100 g/An,137,E,Estimated value,
QCL,Crops and livestock products,143,Morocco,5510,Production,977,"Meat of sheep, fresh or chilled",1979,1979,t,50000,A,Official figure,
QCL,Crops and livestock products,143,Morocco,5320,Producing Animals/Slaughtered,977,"Meat of sheep, fresh or chilled",1979,1979,An,3650000,X,Figure from international organizations,Unofficial figure
QCL,Crops and livestock products,143,Morocco,5417,Yield/Carcass Weight,977,"Meat of sheep, fresh or chilled",1980,1980,100 g/An,119,E,Estimated value,
QCL,Crops and livestock products,143,Morocco,5510,Production,977,"Meat of sheep, fresh or chilled",1980,1980,t,52000,A,Official figure,
QCL,Crops and livestock products,143,Morocco,5320,Producing Animals/Slaughtered,977,"Meat of sheep, fresh or chilled",1980,1980,An,4365000,X,Figure from international organizations,Unofficial figure
QCL,Crops and livestock products,143,Morocco,5417,Yield/Carcass Weight,977,"Meat of sheep, fresh or chilled",1981,1981,100 g/An,133,E,Estimated value,
QCL,Crops and livestock products,143,Morocco,5510,Production,977,"Meat of sheep, fresh or chilled",1981,1981,t,65000,A,Official figure,
QCL,Crops and livestock products,143,Morocco,5320,Producing Animals/Slaughtered,977,"Meat of sheep, fresh or chilled",1981,1981,An,4900000,X,Figure from international organizations,Unofficial figure
QCL,Crops and livestock products,143,Morocco,5417,Yield/Carcass Weight,977,"Meat of sheep, fresh or chilled",1982,1982,100 g/An,122,E,Estimated value,
QCL,Crops and livestock products,143,Morocco,5510,Production,977,"Meat of sheep, fresh or chilled",1982,1982,t,46000,E,Estimated value,
QCL,Crops and livestock products,143,Morocco,5320,Producing Animals/Slaughtered,977,"Meat of sheep, fresh or chilled",1982,1982,An,3784750,A,Official figure,
QCL,Crops and livestock products,143,Morocco,5417,Yield/Carcass Weight,977,"Meat of sheep, fresh or chilled",1983,1983,100 g/An,116,A,Official figure,
QCL,Crops and livestock products,143,Morocco,5510,Production,977,"Meat of sheep, fresh or chilled",1983,1983,t,47400,A,Official figure,
QCL,Crops and livestock products,143,Morocco,5320,Producing Animals/Slaughtered,977,"Meat of sheep, fresh or chilled",1983,1983,An,4080428,A,Official figure,
QCL,Crops and livestock products,143,Morocco,5417,Yield/Carcass Weight,977,"Meat of sheep, fresh or chilled",1984,1984,100 g/An,127,A,Official figure,
QCL,Crops and livestock products,143,Morocco,5510,Production,977,"Meat of sheep, fresh or chilled",1984,1984,t,49970,A,Official figure,
QCL,Crops and livestock products,143,Morocco,5320,Producing Animals/Slaughtered,977,"Meat of sheep, fresh or chilled",1984,1984,An,3930500,A,Official figure,
QCL,Crops and livestock products,143,Morocco,5417,Yield/Carcass Weight,977,"Meat of sheep, fresh or chilled",1985,1985,100 g/An,136,E,Estimated value,
QCL,Crops and livestock products,143,Morocco,5510,Production,977,"Meat of sheep, fresh or chilled",1985,1985,t,54440,A,Official figure,
QCL,Crops and livestock products,143,Morocco,5320,Producing Animals/Slaughtered,977,"Meat of sheep, fresh or chilled",1985,1985,An,4000000,E,Estimated value,
QCL,Crops and livestock products,143,Morocco,5417,Yield/Carcass Weight,977,"Meat of sheep, fresh or chilled",1986,1986,100 g/An,119,E,Estimated value,
QCL,Crops and livestock products,143,Morocco,5510,Production,977,"Meat of sheep, fresh or chilled",1986,1986,t,51030,A,Official figure,
QCL,Crops and livestock products,143,Morocco,5320,Producing Animals/Slaughtered,977,"Meat of sheep, fresh or chilled",1986,1986,An,4300000,E,Estimated value,
QCL,Crops and livestock products,143,Morocco,5417,Yield/Carcass Weight,977,"Meat of sheep, fresh or chilled",1987,1987,100 g/An,144,A,Official figure,
QCL,Crops and livestock products,143,Morocco,5510,Production,977,"Meat of sheep, fresh or chilled",1987,1987,t,64200,A,Official figure,
QCL,Crops and livestock products,143,Morocco,5320,Producing Animals/Slaughtered,977,"Meat of sheep, fresh or chilled",1987,1987,An,4450000,A,Official figure,
QCL,Crops and livestock products,143,Morocco,5417,Yield/Carcass Weight,977,"Meat of sheep, fresh or chilled",1988,1988,100 g/An,182,E,Estimated value,
QCL,Crops and livestock products,143,Morocco,5510,Production,977,"Meat of sheep, fresh or chilled",1988,1988,t,90995,A,Official figure,
QCL,Crops and livestock products,143,Morocco,5320,Producing Animals/Slaughtered,977,"Meat of sheep, fresh or chilled",1988,1988,An,5000000,E,Estimated value,
QCL,Crops and livestock products,143,Morocco,5417,Yield/Carcass Weight,977,"Meat of sheep, fresh or chilled",1989,1989,100 g/An,178,E,Estimated value,
QCL,Crops and livestock products,143,Morocco,5510,Production,977,"Meat of sheep, fresh or chilled",1989,1989,t,103120,A,Official figure,
QCL,Crops and livestock products,143,Morocco,5320,Producing Animals/Slaughtered,977,"Meat of sheep, fresh or chilled",1989,1989,An,5800000,E,Estimated value,
QCL,Crops and livestock products,143,Morocco,5417,Yield/Carcass Weight,977,"Meat of sheep, fresh or chilled",1990,1990,100 g/An,179,E,Estimated value,
QCL,Crops and livestock products,143,Morocco,5510,Production,977,"Meat of sheep, fresh or chilled",1990,1990,t,100335,A,Official figure,
QCL,Crops and livestock products,143,Morocco,5320,Producing Animals/Slaughtered,977,"Meat of sheep, fresh or chilled",1990,1990,An,5600000,E,Estimated value,
QCL,Crops and livestock products,143,Morocco,5417,Yield/Carcass Weight,977,"Meat of sheep, fresh or chilled",1991,1991,100 g/An,187,E,Estimated value,
QCL,Crops and livestock products,143,Morocco,5510,Production,977,"Meat of sheep, fresh or chilled",1991,1991,t,99214,A,Official figure,
QCL,Crops and livestock products,143,Morocco,5320,Producing Animals/Slaughtered,977,"Meat of sheep, fresh or chilled",1991,1991,An,5300000,E,Estimated value,
QCL,Crops and livestock products,143,Morocco,5417,Yield/Carcass Weight,977,"Meat of sheep, fresh or chilled",1992,1992,100 g/An,181,E,Estimated value,
QCL,Crops and livestock products,143,Morocco,5510,Production,977,"Meat of sheep, fresh or chilled",1992,1992,t,108805,A,Official figure,
QCL,Crops and livestock products,143,Morocco,5320,Producing Animals/Slaughtered,977,"Meat of sheep, fresh or chilled",1992,1992,An,6020000,E,Estimated value,
QCL,Crops and livestock products,143,Morocco,5417,Yield/Carcass Weight,977,"Meat of sheep, fresh or chilled",1993,1993,100 g/An,202,A,Official figure,
QCL,Crops and livestock products,143,Morocco,5510,Production,977,"Meat of sheep, fresh or chilled",1993,1993,t,102459,A,Official figure,
QCL,Crops and livestock products,143,Morocco,5320,Producing Animals/Slaughtered,977,"Meat of sheep, fresh or chilled",1993,1993,An,5077000,A,Official figure,
QCL,Crops and livestock products,143,Morocco,5417,Yield/Carcass Weight,977,"Meat of sheep, fresh or chilled",1994,1994,100 g/An,180,E,Estimated value,
QCL,Crops and livestock products,143,Morocco,5510,Production,977,"Meat of sheep, fresh or chilled",1994,1994,t,104570,A,Official figure,
QCL,Crops and livestock products,143,Morocco,5320,Producing Animals/Slaughtered,977,"Meat of sheep, fresh or chilled",1994,1994,An,5800000,X,Figure from international organizations,Unofficial figure
QCL,Crops and livestock products,143,Morocco,5417,Yield/Carcass Weight,977,"Meat of sheep, fresh or chilled",1995,1995,100 g/An,184,E,Estimated value,
QCL,Crops and livestock products,143,Morocco,5510,Production,977,"Meat of sheep, fresh or chilled",1995,1995,t,112000,A,Official figure,
QCL,Crops and livestock products,143,Morocco,5320,Producing Animals/Slaughtered,977,"Meat of sheep, fresh or chilled",1995,1995,An,6100000,X,Figure from international organizations,Unofficial figure
QCL,Crops and livestock products,143,Morocco,5417,Yield/Carcass Weight,977,"Meat of sheep, fresh or chilled",1996,1996,100 g/An,150,E,Estimated value,
QCL,Crops and livestock products,143,Morocco,5510,Production,977,"Meat of sheep, fresh or chilled",1996,1996,t,90000,A,Official figure,
QCL,Crops and livestock products,143,Morocco,5320,Producing Animals/Slaughtered,977,"Meat of sheep, fresh or chilled",1996,1996,An,6000000,X,Figure from international organizations,Unofficial figure
QCL,Crops and livestock products,143,Morocco,5417,Yield/Carcass Weight,977,"Meat of sheep, fresh or chilled",1997,1997,100 g/An,185,E,Estimated value,
QCL,Crops and livestock products,143,Morocco,5510,Production,977,"Meat of sheep, fresh or chilled",1997,1997,t,120000,A,Official figure,
QCL,Crops and livestock products,143,Morocco,5320,Producing Animals/Slaughtered,977,"Meat of sheep, fresh or chilled",1997,1997,An,6500000,E,Estimated value,
QCL,Crops and livestock products,143,Morocco,5417,Yield/Carcass Weight,977,"Meat of sheep, fresh or chilled",1998,1998,100 g/An,185,A,Official figure,
QCL,Crops and livestock products,143,Morocco,5510,Production,977,"Meat of sheep, fresh or chilled",1998,1998,t,115000,A,Official figure,
QCL,Crops and livestock products,143,Morocco,5320,Producing Animals/Slaughtered,977,"Meat of sheep, fresh or chilled",1998,1998,An,6200000,A,Official figure,
QCL,Crops and livestock products,143,Morocco,5417,Yield/Carcass Weight,977,"Meat of sheep, fresh or chilled",1999,1999,100 g/An,185,E,Estimated value,
QCL,Crops and livestock products,143,Morocco,5510,Production,977,"Meat of sheep, fresh or chilled",1999,1999,t,126000,A,Official figure,
QCL,Crops and livestock products,143,Morocco,5320,Producing Animals/Slaughtered,977,"Meat of sheep, fresh or chilled",1999,1999,An,6800000,E,Estimated value,
QCL,Crops and livestock products,143,Morocco,5417,Yield/Carcass Weight,977,"Meat of sheep, fresh or chilled",2000,2000,100 g/An,174,E,Estimated value,
QCL,Crops and livestock products,143,Morocco,5510,Production,977,"Meat of sheep, fresh or chilled",2000,2000,t,125000,A,Official figure,
QCL,Crops and livestock products,143,Morocco,5320,Producing Animals/Slaughtered,977,"Meat of sheep, fresh or chilled",2000,2000,An,7200000,E,Estimated value,
QCL,Crops and livestock products,143,Morocco,5417,Yield/Carcass Weight,977,"Meat of sheep, fresh or chilled",2001,2001,100 g/An,174,E,Estimated value,
QCL,Crops and livestock products,143,Morocco,5510,Production,977,"Meat of sheep, fresh or chilled",2001,2001,t,125000,A,Official figure,
QCL,Crops and livestock products,143,Morocco,5320,Producing Animals/Slaughtered,977,"Meat of sheep, fresh or chilled",2001,2001,An,7200000,E,Estimated value,
QCL,Crops and livestock products,143,Morocco,5417,Yield/Carcass Weight,977,"Meat of sheep, fresh or chilled",2002,2002,100 g/An,159,E,Estimated value,
QCL,Crops and livestock products,143,Morocco,5510,Production,977,"Meat of sheep, fresh or chilled",2002,2002,t,110000,A,Official figure,
QCL,Crops and livestock products,143,Morocco,5320,Producing Animals/Slaughtered,977,"Meat of sheep, fresh or chilled",2002,2002,An,6900000,E,Estimated value,
QCL,Crops and livestock products,143,Morocco,5417,Yield/Carcass Weight,977,"Meat of sheep, fresh or chilled",2003,2003,100 g/An,150,E,Estimated value,
QCL,Crops and livestock products,143,Morocco,5510,Production,977,"Meat of sheep, fresh or chilled",2003,2003,t,105000,A,Official figure,
QCL,Crops and livestock products,143,Morocco,5320,Producing Animals/Slaughtered,977,"Meat of sheep, fresh or chilled",2003,2003,An,7000000,E,Estimated value,
QCL,Crops and livestock products,143,Morocco,5417,Yield/Carcass Weight,977,"Meat of sheep, fresh or chilled",2004,2004,100 g/An,146,E,Estimated value,
QCL,Crops and livestock products,143,Morocco,5510,Production,977,"Meat of sheep, fresh or chilled",2004,2004,t,105000,A,Official figure,
QCL,Crops and livestock products,143,Morocco,5320,Producing Animals/Slaughtered,977,"Meat of sheep, fresh or chilled",2004,2004,An,7200000,E,Estimated value,
QCL,Crops and livestock products,143,Morocco,5417,Yield/Carcass Weight,977,"Meat of sheep, fresh or chilled",2005,2005,100 g/An,162,E,Estimated value,
QCL,Crops and livestock products,143,Morocco,5510,Production,977,"Meat of sheep, fresh or chilled",2005,2005,t,115000,A,Official figure,
QCL,Crops and livestock products,143,Morocco,5320,Producing Animals/Slaughtered,977,"Meat of sheep, fresh or chilled",2005,2005,An,7100000,E,Estimated value,
QCL,Crops and livestock products,143,Morocco,5417,Yield/Carcass Weight,977,"Meat of sheep, fresh or chilled",2006,2006,100 g/An,142,A,Official figure,
QCL,Crops and livestock products,143,Morocco,5510,Production,977,"Meat of sheep, fresh or chilled",2006,2006,t,120000,A,Official figure,
QCL,Crops and livestock products,143,Morocco,5320,Producing Animals/Slaughtered,977,"Meat of sheep, fresh or chilled",2006,2006,An,8480000,A,Official figure,
QCL,Crops and livestock products,143,Morocco,5417,Yield/Carcass Weight,977,"Meat of sheep, fresh or chilled",2007,2007,100 g/An,143,A,Official figure,
QCL,Crops and livestock products,143,Morocco,5510,Production,977,"Meat of sheep, fresh or chilled",2007,2007,t,120000,A,Official figure,
QCL,Crops and livestock products,143,Morocco,5320,Producing Animals/Slaughtered,977,"Meat of sheep, fresh or chilled",2007,2007,An,8420000,A,Official figure,
QCL,Crops and livestock products,143,Morocco,5417,Yield/Carcass Weight,977,"Meat of sheep, fresh or chilled",2008,2008,100 g/An,142,E,Estimated value,
QCL,Crops and livestock products,143,Morocco,5510,Production,977,"Meat of sheep, fresh or chilled",2008,2008,t,121000,A,Official figure,
QCL,Crops and livestock products,143,Morocco,5320,Producing Animals/Slaughtered,977,"Meat of sheep, fresh or chilled",2008,2008,An,8520000,E,Estimated value,
QCL,Crops and livestock products,143,Morocco,5417,Yield/Carcass Weight,977,"Meat of sheep, fresh or chilled",2009,2009,100 g/An,143,E,Estimated value,
QCL,Crops and livestock products,143,Morocco,5510,Production,977,"Meat of sheep, fresh or chilled",2009,2009,t,134000,A,Official figure,
QCL,Crops and livestock products,143,Morocco,5320,Producing Animals/Slaughtered,977,"Meat of sheep, fresh or chilled",2009,2009,An,9370000,E,Estimated value,
QCL,Crops and livestock products,143,Morocco,5417,Yield/Carcass Weight,977,"Meat of sheep, fresh or chilled",2010,2010,100 g/An,143,E,Estimated value,
QCL,Crops and livestock products,143,Morocco,5510,Production,977,"Meat of sheep, fresh or chilled",2010,2010,t,139000,A,Official figure,
QCL,Crops and livestock products,143,Morocco,5320,Producing Animals/Slaughtered,977,"Meat of sheep, fresh or chilled",2010,2010,An,9720000,E,Estimated value,
QCL,Crops and livestock products,143,Morocco,5417,Yield/Carcass Weight,977,"Meat of sheep, fresh or chilled",2011,2011,100 g/An,143,E,Estimated value,
QCL,Crops and livestock products,143,Morocco,5510,Production,977,"Meat of sheep, fresh or chilled",2011,2011,t,143430,A,Official figure,
QCL,Crops and livestock products,143,Morocco,5320,Producing Animals/Slaughtered,977,"Meat of sheep, fresh or chilled",2011,2011,An,10050000,E,Estimated value,
QCL,Crops and livestock products,143,Morocco,5417,Yield/Carcass Weight,977,"Meat of sheep, fresh or chilled",2012,2012,100 g/An,143,E,Estimated value,
QCL,Crops and livestock products,143,Morocco,5510,Production,977,"Meat of sheep, fresh or chilled",2012,2012,t,147592,A,Official figure,
QCL,Crops and livestock products,143,Morocco,5320,Producing Animals/Slaughtered,977,"Meat of sheep, fresh or chilled",2012,2012,An,10350000,E,Estimated value,
QCL,Crops and livestock products,143,Morocco,5417,Yield/Carcass Weight,977,"Meat of sheep, fresh or chilled",2013,2013,100 g/An,112,E,Estimated value,
QCL,Crops and livestock products,143,Morocco,5510,Production,977,"Meat of sheep, fresh or chilled",2013,2013,t,118000,A,Official figure,
QCL,Crops and livestock products,143,Morocco,5320,Producing Animals/Slaughtered,977,"Meat of sheep, fresh or chilled",2013,2013,An,10500000,E,Estimated value,
QCL,Crops and livestock products,143,Morocco,5417,Yield/Carcass Weight,977,"Meat of sheep, fresh or chilled",2014,2014,100 g/An,114,E,Estimated value,
QCL,Crops and livestock products,143,Morocco,5510,Production,977,"Meat of sheep, fresh or chilled",2014,2014,t,120359,A,Official figure,
QCL,Crops and livestock products,143,Morocco,5320,Producing Animals/Slaughtered,977,"Meat of sheep, fresh or chilled",2014,2014,An,10517565,I,Imputed value,
QCL,Crops and livestock products,143,Morocco,5417,Yield/Carcass Weight,977,"Meat of sheep, fresh or chilled",2015,2015,100 g/An,155,E,Estimated value,
QCL,Crops and livestock products,143,Morocco,5510,Production,977,"Meat of sheep, fresh or chilled",2015,2015,t,156993,A,Official figure,
QCL,Crops and livestock products,143,Morocco,5320,Producing Animals/Slaughtered,977,"Meat of sheep, fresh or chilled",2015,2015,An,10133607,I,Imputed value,
QCL,Crops and livestock products,143,Morocco,5417,Yield/Carcass Weight,977,"Meat of sheep, fresh or chilled",2016,2016,100 g/An,146,E,Estimated value,
QCL,Crops and livestock products,143,Morocco,5510,Production,977,"Meat of sheep, fresh or chilled",2016,2016,t,160945,A,Official figure,
QCL,Crops and livestock products,143,Morocco,5320,Producing Animals/Slaughtered,977,"Meat of sheep, fresh or chilled",2016,2016,An,11042651,I,Imputed value,
QCL,Crops and livestock products,143,Morocco,5417,Yield/Carcass Weight,977,"Meat of sheep, fresh or chilled",2017,2017,100 g/An,155,E,Estimated value,
QCL,Crops and livestock products,143,Morocco,5510,Production,977,"Meat of sheep, fresh or chilled",2017,2017,t,172650,A,Official figure,
QCL,Crops and livestock products,143,Morocco,5320,Producing Animals/Slaughtered,977,"Meat of sheep, fresh or chilled",2017,2017,An,11121793,I,Imputed value,
QCL,Crops and livestock products,143,Morocco,5417,Yield/Carcass Weight,977,"Meat of sheep, fresh or chilled",2018,2018,100 g/An,158,E,Estimated value,
QCL,Crops and livestock products,143,Morocco,5510,Production,977,"Meat of sheep, fresh or chilled",2018,2018,t,177885,A,Official figure,
QCL,Crops and livestock products,143,Morocco,5320,Producing Animals/Slaughtered,977,"Meat of sheep, fresh or chilled",2018,2018,An,11226277,I,Imputed value,
QCL,Crops and livestock products,143,Morocco,5417,Yield/Carcass Weight,977,"Meat of sheep, fresh or chilled",2019,2019,100 g/An,145,E,Estimated value,
QCL,Crops and livestock products,143,Morocco,5510,Production,977,"Meat of sheep, fresh or chilled",2019,2019,t,178770,A,Official figure,
QCL,Crops and livestock products,143,Morocco,5320,Producing Animals/Slaughtered,977,"Meat of sheep, fresh or chilled",2019,2019,An,12320796,I,Imputed value,
QCL,Crops and livestock products,143,Morocco,5417,Yield/Carcass Weight,977,"Meat of sheep, fresh or chilled",2020,2020,100 g/An,141,E,Estimated value,
QCL,Crops and livestock products,143,Morocco,5510,Production,977,"Meat of sheep, fresh or chilled",2020,2020,t,179000,A,Official figure,
QCL,Crops and livestock products,143,Morocco,5320,Producing Animals/Slaughtered,977,"Meat of sheep, fresh or chilled",2020,2020,An,12736135,I,Imputed value,
QCL,Crops and livestock products,143,Morocco,5417,Yield/Carcass Weight,977,"Meat of sheep, fresh or chilled",2021,2021,100 g/An,135,E,Estimated value,
QCL,Crops and livestock products,143,Morocco,5510,Production,977,"Meat of sheep, fresh or chilled",2021,2021,t,179000,A,Official figure,
QCL,Crops and livestock products,143,Morocco,5320,Producing Animals/Slaughtered,977,"Meat of sheep, fresh or chilled",2021,2021,An,13238875,I,Imputed value,
QCL,Crops and livestock products,143,Morocco,5417,Yield/Carcass Weight,977,"Meat of sheep, fresh or chilled",2022,2022,100 g/An,128,E,Estimated value,
QCL,Crops and livestock products,143,Morocco,5510,Production,977,"Meat of sheep, fresh or chilled",2022,2022,t,163981,A,Official figure,
QCL,Crops and livestock products,143,Morocco,5320,Producing Animals/Slaughtered,977,"Meat of sheep, fresh or chilled",2022,2022,An,12829054,I,Imputed value,
QCL,Crops and livestock products,143,Morocco,5321,Producing Animals/Slaughtered,1080,"Meat of turkeys, fresh or chilled",1961,1961,1000 An,0,M,"Missing value (data cannot exist, not applicable)",
QCL,Crops and livestock products,143,Morocco,5321,Producing Animals/Slaughtered,1080,"Meat of turkeys, fresh or chilled",1962,1962,1000 An,0,M,"Missing value (data cannot exist, not applicable)",
QCL,Crops and livestock products,143,Morocco,5321,Producing Animals/Slaughtered,1080,"Meat of turkeys, fresh or chilled",1963,1963,1000 An,0,M,"Missing value (data cannot exist, not applicable)",
QCL,Crops and livestock products,143,Morocco,5321,Producing Animals/Slaughtered,1080,"Meat of turkeys, fresh or chilled",1964,1964,1000 An,0,M,"Missing value (data cannot exist, not applicable)",
QCL,Crops and livestock products,143,Morocco,5321,Producing Animals/Slaughtered,1080,"Meat of turkeys, fresh or chilled",1965,1965,1000 An,0,M,"Missing value (data cannot exist, not applicable)",
QCL,Crops and livestock products,143,Morocco,5321,Producing Animals/Slaughtered,1080,"Meat of turkeys, fresh or chilled",1966,1966,1000 An,0,M,"Missing value (data cannot exist, not applicable)",
QCL,Crops and livestock products,143,Morocco,5321,Producing Animals/Slaughtered,1080,"Meat of turkeys, fresh or chilled",1967,1967,1000 An,0,M,"Missing value (data cannot exist, not applicable)",
QCL,Crops and livestock products,143,Morocco,5321,Producing Animals/Slaughtered,1080,"Meat of turkeys, fresh or chilled",1968,1968,1000 An,0,M,"Missing value (data cannot exist, not applicable)",
QCL,Crops and livestock products,143,Morocco,5321,Producing Animals/Slaughtered,1080,"Meat of turkeys, fresh or chilled",1969,1969,1000 An,0,M,"Missing value (data cannot exist, not applicable)",
QCL,Crops and livestock products,143,Morocco,5321,Producing Animals/Slaughtered,1080,"Meat of turkeys, fresh or chilled",1970,1970,1000 An,0,M,"Missing value (data cannot exist, not applicable)",
QCL,Crops and livestock products,143,Morocco,5321,Producing Animals/Slaughtered,1080,"Meat of turkeys, fresh or chilled",1971,1971,1000 An,0,M,"Missing value (data cannot exist, not applicable)",
QCL,Crops and livestock products,143,Morocco,5321,Producing Animals/Slaughtered,1080,"Meat of turkeys, fresh or chilled",1972,1972,1000 An,0,M,"Missing value (data cannot exist, not applicable)",
QCL,Crops and livestock products,143,Morocco,5321,Producing Animals/Slaughtered,1080,"Meat of turkeys, fresh or chilled",1973,1973,1000 An,0,M,"Missing value (data cannot exist, not applicable)",
QCL,Crops and livestock products,143,Morocco,5321,Producing Animals/Slaughtered,1080,"Meat of turkeys, fresh or chilled",1974,1974,1000 An,0,M,"Missing value (data cannot exist, not applicable)",
QCL,Crops and livestock products,143,Morocco,5321,Producing Animals/Slaughtered,1080,"Meat of turkeys, fresh or chilled",1975,1975,1000 An,0,M,"Missing value (data cannot exist, not applicable)",
QCL,Crops and livestock products,143,Morocco,5321,Producing Animals/Slaughtered,1080,"Meat of turkeys, fresh or chilled",1976,1976,1000 An,0,M,"Missing value (data cannot exist, not applicable)",
QCL,Crops and livestock products,143,Morocco,5321,Producing Animals/Slaughtered,1080,"Meat of turkeys, fresh or chilled",1977,1977,1000 An,0,M,"Missing value (data cannot exist, not applicable)",
QCL,Crops and livestock products,143,Morocco,5321,Producing Animals/Slaughtered,1080,"Meat of turkeys, fresh or chilled",1978,1978,1000 An,0,M,"Missing value (data cannot exist, not applicable)",
QCL,Crops and livestock products,143,Morocco,5321,Producing Animals/Slaughtered,1080,"Meat of turkeys, fresh or chilled",1979,1979,1000 An,0,M,"Missing value (data cannot exist, not applicable)",
QCL,Crops and livestock products,143,Morocco,5321,Producing Animals/Slaughtered,1080,"Meat of turkeys, fresh or chilled",1980,1980,1000 An,0,M,"Missing value (data cannot exist, not applicable)",
QCL,Crops and livestock products,143,Morocco,5321,Producing Animals/Slaughtered,1080,"Meat of turkeys, fresh or chilled",1981,1981,1000 An,0,M,"Missing value (data cannot exist, not applicable)",
QCL,Crops and livestock products,143,Morocco,5321,Producing Animals/Slaughtered,1080,"Meat of turkeys, fresh or chilled",1982,1982,1000 An,0,M,"Missing value (data cannot exist, not applicable)",
QCL,Crops and livestock products,143,Morocco,5321,Producing Animals/Slaughtered,1080,"Meat of turkeys, fresh or chilled",1983,1983,1000 An,0,M,"Missing value (data cannot exist, not applicable)",
QCL,Crops and livestock products,143,Morocco,5321,Producing Animals/Slaughtered,1080,"Meat of turkeys, fresh or chilled",1984,1984,1000 An,0,M,"Missing value (data cannot exist, not applicable)",
QCL,Crops and livestock products,143,Morocco,5321,Producing Animals/Slaughtered,1080,"Meat of turkeys, fresh or chilled",1985,1985,1000 An,0,M,"Missing value (data cannot exist, not applicable)",
QCL,Crops and livestock products,143,Morocco,5321,Producing Animals/Slaughtered,1080,"Meat of turkeys, fresh or chilled",1986,1986,1000 An,0,M,"Missing value (data cannot exist, not applicable)",
QCL,Crops and livestock products,143,Morocco,5321,Producing Animals/Slaughtered,1080,"Meat of turkeys, fresh or chilled",1987,1987,1000 An,0,M,"Missing value (data cannot exist, not applicable)",
QCL,Crops and livestock products,143,Morocco,5321,Producing Animals/Slaughtered,1080,"Meat of turkeys, fresh or chilled",1988,1988,1000 An,0,M,"Missing value (data cannot exist, not applicable)",
QCL,Crops and livestock products,143,Morocco,5321,Producing Animals/Slaughtered,1080,"Meat of turkeys, fresh or chilled",1989,1989,1000 An,0,M,"Missing value (data cannot exist, not applicable)",
QCL,Crops and livestock products,143,Morocco,5510,Production,1080,"Meat of turkeys, fresh or chilled",1999,1999,t,0,M,"Missing value (data cannot exist, not applicable)",
QCL,Crops and livestock products,143,Morocco,5321,Producing Animals/Slaughtered,1080,"Meat of turkeys, fresh or chilled",1999,1999,1000 An,0,M,"Missing value (data cannot exist, not applicable)",
QCL,Crops and livestock products,143,Morocco,5424,Yield/Carcass Weight,1080,"Meat of turkeys, fresh or chilled",2000,2000,0.1 g/An,50000,E,Estimated value,
QCL,Crops and livestock products,143,Morocco,5510,Production,1080,"Meat of turkeys, fresh or chilled",2000,2000,t,3000,A,Official figure,
QCL,Crops and livestock products,143,Morocco,5321,Producing Animals/Slaughtered,1080,"Meat of turkeys, fresh or chilled",2000,2000,1000 An,600,E,Estimated value,
QCL,Crops and livestock products,143,Morocco,5424,Yield/Carcass Weight,1080,"Meat of turkeys, fresh or chilled",2001,2001,0.1 g/An,50000,E,Estimated value,
QCL,Crops and livestock products,143,Morocco,5510,Production,1080,"Meat of turkeys, fresh or chilled",2001,2001,t,5000,A,Official figure,
QCL,Crops and livestock products,143,Morocco,5321,Producing Animals/Slaughtered,1080,"Meat of turkeys, fresh or chilled",2001,2001,1000 An,1000,E,Estimated value,
QCL,Crops and livestock products,143,Morocco,5424,Yield/Carcass Weight,1080,"Meat of turkeys, fresh or chilled",2002,2002,0.1 g/An,50000,E,Estimated value,
QCL,Crops and livestock products,143,Morocco,5510,Production,1080,"Meat of turkeys, fresh or chilled",2002,2002,t,10500,A,Official figure,
QCL,Crops and livestock products,143,Morocco,5321,Producing Animals/Slaughtered,1080,"Meat of turkeys, fresh or chilled",2002,2002,1000 An,2100,E,Estimated value,
QCL,Crops and livestock products,143,Morocco,5424,Yield/Carcass Weight,1080,"Meat of turkeys, fresh or chilled",2003,2003,0.1 g/An,50000,E,Estimated value,
QCL,Crops and livestock products,143,Morocco,5510,Production,1080,"Meat of turkeys, fresh or chilled",2003,2003,t,12000,A,Official figure,
QCL,Crops and livestock products,143,Morocco,5321,Producing Animals/Slaughtered,1080,"Meat of turkeys, fresh or chilled",2003,2003,1000 An,2400,E,Estimated value,
QCL,Crops and livestock products,143,Morocco,5424,Yield/Carcass Weight,1080,"Meat of turkeys, fresh or chilled",2004,2004,0.1 g/An,50000,E,Estimated value,
QCL,Crops and livestock products,143,Morocco,5510,Production,1080,"Meat of turkeys, fresh or chilled",2004,2004,t,17500,A,Official figure,
QCL,Crops and livestock products,143,Morocco,5321,Producing Animals/Slaughtered,1080,"Meat of turkeys, fresh or chilled",2004,2004,1000 An,3500,E,Estimated value,
QCL,Crops and livestock products,143,Morocco,5424,Yield/Carcass Weight,1080,"Meat of turkeys, fresh or chilled",2005,2005,0.1 g/An,50000,E,Estimated value,
QCL,Crops and livestock products,143,Morocco,5510,Production,1080,"Meat of turkeys, fresh or chilled",2005,2005,t,38000,A,Official figure,
QCL,Crops and livestock products,143,Morocco,5321,Producing Animals/Slaughtered,1080,"Meat of turkeys, fresh or chilled",2005,2005,1000 An,7600,E,Estimated value,
QCL,Crops and livestock products,143,Morocco,5424,Yield/Carcass Weight,1080,"Meat of turkeys, fresh or chilled",2006,2006,0.1 g/An,50000,E,Estimated value,
QCL,Crops and livestock products,143,Morocco,5510,Production,1080,"Meat of turkeys, fresh or chilled",2006,2006,t,30000,A,Official figure,
QCL,Crops and livestock products,143,Morocco,5321,Producing Animals/Slaughtered,1080,"Meat of turkeys, fresh or chilled",2006,2006,1000 An,6000,E,Estimated value,
QCL,Crops and livestock products,143,Morocco,5424,Yield/Carcass Weight,1080,"Meat of turkeys, fresh or chilled",2007,2007,0.1 g/An,50000,E,Estimated value,
QCL,Crops and livestock products,143,Morocco,5510,Production,1080,"Meat of turkeys, fresh or chilled",2007,2007,t,40000,A,Official figure,
QCL,Crops and livestock products,143,Morocco,5321,Producing Animals/Slaughtered,1080,"Meat of turkeys, fresh or chilled",2007,2007,1000 An,8000,E,Estimated value,
QCL,Crops and livestock products,143,Morocco,5424,Yield/Carcass Weight,1080,"Meat of turkeys, fresh or chilled",2008,2008,0.1 g/An,50000,E,Estimated value,
QCL,Crops and livestock products,143,Morocco,5510,Production,1080,"Meat of turkeys, fresh or chilled",2008,2008,t,50000,A,Official figure,
QCL,Crops and livestock products,143,Morocco,5321,Producing Animals/Slaughtered,1080,"Meat of turkeys, fresh or chilled",2008,2008,1000 An,10000,E,Estimated value,
QCL,Crops and livestock products,143,Morocco,5424,Yield/Carcass Weight,1080,"Meat of turkeys, fresh or chilled",2009,2009,0.1 g/An,54864,E,Estimated value,
QCL,Crops and livestock products,143,Morocco,5510,Production,1080,"Meat of turkeys, fresh or chilled",2009,2009,t,60000,A,Official figure,
QCL,Crops and livestock products,143,Morocco,5321,Producing Animals/Slaughtered,1080,"Meat of turkeys, fresh or chilled",2009,2009,1000 An,10936,I,Imputed value,
QCL,Crops and livestock products,143,Morocco,5424,Yield/Carcass Weight,1080,"Meat of turkeys, fresh or chilled",2010,2010,0.1 g/An,55602,E,Estimated value,
QCL,Crops and livestock products,143,Morocco,5510,Production,1080,"Meat of turkeys, fresh or chilled",2010,2010,t,70000,A,Official figure,
QCL,Crops and livestock products,143,Morocco,5321,Producing Animals/Slaughtered,1080,"Meat of turkeys, fresh or chilled",2010,2010,1000 An,12589,I,Imputed value,
QCL,Crops and livestock products,143,Morocco,5424,Yield/Carcass Weight,1080,"Meat of turkeys, fresh or chilled",2011,2011,0.1 g/An,56335,E,Estimated value,
QCL,Crops and livestock products,143,Morocco,5510,Production,1080,"Meat of turkeys, fresh or chilled",2011,2011,t,80000,A,Official figure,
QCL,Crops and livestock products,143,Morocco,5321,Producing Animals/Slaughtered,1080,"Meat of turkeys, fresh or chilled",2011,2011,1000 An,14201,I,Imputed value,
QCL,Crops and livestock products,143,Morocco,5424,Yield/Carcass Weight,1080,"Meat of turkeys, fresh or chilled",2012,2012,0.1 g/An,47738,E,Estimated value,
QCL,Crops and livestock products,143,Morocco,5510,Production,1080,"Meat of turkeys, fresh or chilled",2012,2012,t,70000,A,Official figure,
QCL,Crops and livestock products,143,Morocco,5321,Producing Animals/Slaughtered,1080,"Meat of turkeys, fresh or chilled",2012,2012,1000 An,14663,I,Imputed value,
QCL,Crops and livestock products,143,Morocco,5424,Yield/Carcass Weight,1080,"Meat of turkeys, fresh or chilled",2013,2013,0.1 g/An,49584,E,Estimated value,
QCL,Crops and livestock products,143,Morocco,5510,Production,1080,"Meat of turkeys, fresh or chilled",2013,2013,t,75000,A,Official figure,
QCL,Crops and livestock products,143,Morocco,5321,Producing Animals/Slaughtered,1080,"Meat of turkeys, fresh or chilled",2013,2013,1000 An,15126,I,Imputed value,
QCL,Crops and livestock products,143,Morocco,5424,Yield/Carcass Weight,1080,"Meat of turkeys, fresh or chilled",2014,2014,0.1 g/An,50037,E,Estimated value,
QCL,Crops and livestock products,143,Morocco,5510,Production,1080,"Meat of turkeys, fresh or chilled",2014,2014,t,78000,A,Official figure,
QCL,Crops and livestock products,143,Morocco,5321,Producing Animals/Slaughtered,1080,"Meat of turkeys, fresh or chilled",2014,2014,1000 An,15589,I,Imputed value,
QCL,Crops and livestock products,143,Morocco,5424,Yield/Carcass Weight,1080,"Meat of turkeys, fresh or chilled",2015,2015,0.1 g/An,56053,E,Estimated value,
QCL,Crops and livestock products,143,Morocco,5510,Production,1080,"Meat of turkeys, fresh or chilled",2015,2015,t,90000,A,Official figure,
QCL,Crops and livestock products,143,Morocco,5321,Producing Animals/Slaughtered,1080,"Meat of turkeys, fresh or chilled",2015,2015,1000 An,16056,I,Imputed value,
QCL,Crops and livestock products,143,Morocco,5424,Yield/Carcass Weight,1080,"Meat of turkeys, fresh or chilled",2016,2016,0.1 g/An,47889,E,Estimated value,
QCL,Crops and livestock products,143,Morocco,5510,Production,1080,"Meat of turkeys, fresh or chilled",2016,2016,t,90000,A,Official figure,
QCL,Crops and livestock products,143,Morocco,5321,Producing Animals/Slaughtered,1080,"Meat of turkeys, fresh or chilled",2016,2016,1000 An,18793,I,Imputed value,
QCL,Crops and livestock products,143,Morocco,5424,Yield/Carcass Weight,1080,"Meat of turkeys, fresh or chilled",2017,2017,0.1 g/An,43512,E,Estimated value,
QCL,Crops and livestock products,143,Morocco,5510,Production,1080,"Meat of turkeys, fresh or chilled",2017,2017,t,90000,A,Official figure,
QCL,Crops and livestock products,143,Morocco,5321,Producing Animals/Slaughtered,1080,"Meat of turkeys, fresh or chilled",2017,2017,1000 An,20684,I,Imputed value,
QCL,Crops and livestock products,143,Morocco,5424,Yield/Carcass Weight,1080,"Meat of turkeys, fresh or chilled",2018,2018,0.1 g/An,49825,E,Estimated value,
QCL,Crops and livestock products,143,Morocco,5510,Production,1080,"Meat of turkeys, fresh or chilled",2018,2018,t,100000,A,Official figure,
QCL,Crops and livestock products,143,Morocco,5321,Producing Animals/Slaughtered,1080,"Meat of turkeys, fresh or chilled",2018,2018,1000 An,20070,I,Imputed value,
QCL,Crops and livestock products,143,Morocco,5424,Yield/Carcass Weight,1080,"Meat of turkeys, fresh or chilled",2019,2019,0.1 g/An,52347,E,Estimated value,
QCL,Crops and livestock products,143,Morocco,5510,Production,1080,"Meat of turkeys, fresh or chilled",2019,2019,t,107000,A,Official figure,
QCL,Crops and livestock products,143,Morocco,5321,Producing Animals/Slaughtered,1080,"Meat of turkeys, fresh or chilled",2019,2019,1000 An,20441,I,Imputed value,
QCL,Crops and livestock products,143,Morocco,5424,Yield/Carcass Weight,1080,"Meat of turkeys, fresh or chilled",2020,2020,0.1 g/An,48013,E,Estimated value,
QCL,Crops and livestock products,143,Morocco,5510,Production,1080,"Meat of turkeys, fresh or chilled",2020,2020,t,100000,A,Official figure,
QCL,Crops and livestock products,143,Morocco,5321,Producing Animals/Slaughtered,1080,"Meat of turkeys, fresh or chilled",2020,2020,1000 An,20828,I,Imputed value,
QCL,Crops and livestock products,143,Morocco,5424,Yield/Carcass Weight,1080,"Meat of turkeys, fresh or chilled",2021,2021,0.1 g/An,53185,E,Estimated value,
QCL,Crops and livestock products,143,Morocco,5510,Production,1080,"Meat of turkeys, fresh or chilled",2021,2021,t,115000,A,Official figure,
QCL,Crops and livestock products,143,Morocco,5321,Producing Animals/Slaughtered,1080,"Meat of turkeys, fresh or chilled",2021,2021,1000 An,21623,I,Imputed value,
QCL,Crops and livestock products,143,Morocco,5424,Yield/Carcass Weight,1080,"Meat of turkeys, fresh or chilled",2022,2022,0.1 g/An,53493,E,Estimated value,
QCL,Crops and livestock products,143,Morocco,5510,Production,1080,"Meat of turkeys, fresh or chilled",2022,2022,t,120000,A,Official figure,
QCL,Crops and livestock products,143,Morocco,5321,Producing Animals/Slaughtered,1080,"Meat of turkeys, fresh or chilled",2022,2022,1000 An,22433,I,Imputed value,
QCL,Crops and livestock products,143,Morocco,5312,Area harvested,79,Millet,1961,1961,ha,8115,A,Official figure,
QCL,Crops and livestock products,143,Morocco,5419,Yield,79,Millet,1961,1961,100 g/ha,3512,A,Official figure,
QCL,Crops and livestock products,143,Morocco,5510,Production,79,Millet,1961,1961,t,2850,A,Official figure,
QCL,Crops and livestock products,143,Morocco,5312,Area harvested,79,Millet,1962,1962,ha,14387,A,Official figure,
QCL,Crops and livestock products,143,Morocco,5419,Yield,79,Millet,1962,1962,100 g/ha,5198,A,Official figure,
QCL,Crops and livestock products,143,Morocco,5510,Production,79,Millet,1962,1962,t,7479,A,Official figure,
QCL,Crops and livestock products,143,Morocco,5312,Area harvested,79,Millet,1963,1963,ha,8635,A,Official figure,
QCL,Crops and livestock products,143,Morocco,5419,Yield,79,Millet,1963,1963,100 g/ha,6369,A,Official figure,
QCL,Crops and livestock products,143,Morocco,5510,Production,79,Millet,1963,1963,t,5500,A,Official figure,
QCL,Crops and livestock products,143,Morocco,5312,Area harvested,79,Millet,1964,1964,ha,10000,A,Official figure,
QCL,Crops and livestock products,143,Morocco,5419,Yield,79,Millet,1964,1964,100 g/ha,5500,A,Official figure,
QCL,Crops and livestock products,143,Morocco,5510,Production,79,Millet,1964,1964,t,5500,A,Official figure,
QCL,Crops and livestock products,143,Morocco,5312,Area harvested,79,Millet,1965,1965,ha,17300,A,Official figure,
QCL,Crops and livestock products,143,Morocco,5419,Yield,79,Millet,1965,1965,100 g/ha,5029,A,Official figure,
QCL,Crops and livestock products,143,Morocco,5510,Production,79,Millet,1965,1965,t,8700,A,Official figure,
QCL,Crops and livestock products,143,Morocco,5312,Area harvested,79,Millet,1966,1966,ha,5600,A,Official figure,
QCL,Crops and livestock products,143,Morocco,5419,Yield,79,Millet,1966,1966,100 g/ha,3821,A,Official figure,
QCL,Crops and livestock products,143,Morocco,5510,Production,79,Millet,1966,1966,t,2140,A,Official figure,
QCL,Crops and livestock products,143,Morocco,5312,Area harvested,79,Millet,1967,1967,ha,6600,A,Official figure,
QCL,Crops and livestock products,143,Morocco,5419,Yield,79,Millet,1967,1967,100 g/ha,4697,A,Official figure,
QCL,Crops and livestock products,143,Morocco,5510,Production,79,Millet,1967,1967,t,3100,A,Official figure,
QCL,Crops and livestock products,143,Morocco,5312,Area harvested,79,Millet,1968,1968,ha,6000,A,Official figure,
QCL,Crops and livestock products,143,Morocco,5419,Yield,79,Millet,1968,1968,100 g/ha,8833,A,Official figure,
QCL,Crops and livestock products,143,Morocco,5510,Production,79,Millet,1968,1968,t,5300,A,Official figure,
QCL,Crops and livestock products,143,Morocco,5312,Area harvested,79,Millet,1969,1969,ha,7700,A,Official figure,
QCL,Crops and livestock products,143,Morocco,5419,Yield,79,Millet,1969,1969,100 g/ha,2987,A,Official figure,
QCL,Crops and livestock products,143,Morocco,5510,Production,79,Millet,1969,1969,t,2300,A,Official figure,
QCL,Crops and livestock products,143,Morocco,5312,Area harvested,79,Millet,1970,1970,ha,7000,E,Estimated value,
QCL,Crops and livestock products,143,Morocco,5419,Yield,79,Millet,1970,1970,100 g/ha,8571,E,Estimated value,
QCL,Crops and livestock products,143,Morocco,5510,Production,79,Millet,1970,1970,t,6000,A,Official figure,
QCL,Crops and livestock products,143,Morocco,5312,Area harvested,79,Millet,1971,1971,ha,7425,A,Official figure,
QCL,Crops and livestock products,143,Morocco,5419,Yield,79,Millet,1971,1971,100 g/ha,6789,A,Official figure,
QCL,Crops and livestock products,143,Morocco,5510,Production,79,Millet,1971,1971,t,5041,A,Official figure,
QCL,Crops and livestock products,143,Morocco,5312,Area harvested,79,Millet,1972,1972,ha,6800,E,Estimated value,
QCL,Crops and livestock products,143,Morocco,5419,Yield,79,Millet,1972,1972,100 g/ha,5882,E,Estimated value,
QCL,Crops and livestock products,143,Morocco,5510,Production,79,Millet,1972,1972,t,4000,E,Estimated value,
QCL,Crops and livestock products,143,Morocco,5312,Area harvested,79,Millet,1973,1973,ha,4700,A,Official figure,
QCL,Crops and livestock products,143,Morocco,5419,Yield,79,Millet,1973,1973,100 g/ha,6809,A,Official figure,
QCL,Crops and livestock products,143,Morocco,5510,Production,79,Millet,1973,1973,t,3200,A,Official figure,
QCL,Crops and livestock products,143,Morocco,5312,Area harvested,79,Millet,1974,1974,ha,4300,X,Figure from international organizations,Unofficial figure
QCL,Crops and livestock products,143,Morocco,5419,Yield,79,Millet,1974,1974,100 g/ha,6744,X,Figure from international organizations,
QCL,Crops and livestock products,143,Morocco,5510,Production,79,Millet,1974,1974,t,2900,X,Figure from international organizations,Unofficial figure
QCL,Crops and livestock products,143,Morocco,5312,Area harvested,79,Millet,1975,1975,ha,4000,E,Estimated value,
QCL,Crops and livestock products,143,Morocco,5419,Yield,79,Millet,1975,1975,100 g/ha,7250,E,Estimated value,
QCL,Crops and livestock products,143,Morocco,5510,Production,79,Millet,1975,1975,t,2900,E,Estimated value,
QCL,Crops and livestock products,143,Morocco,5312,Area harvested,79,Millet,1976,1976,ha,4300,E,Estimated value,
QCL,Crops and livestock products,143,Morocco,5419,Yield,79,Millet,1976,1976,100 g/ha,7442,E,Estimated value,
QCL,Crops and livestock products,143,Morocco,5510,Production,79,Millet,1976,1976,t,3200,E,Estimated value,
QCL,Crops and livestock products,143,Morocco,5312,Area harvested,79,Millet,1977,1977,ha,4300,E,Estimated value,
QCL,Crops and livestock products,143,Morocco,5419,Yield,79,Millet,1977,1977,100 g/ha,7442,E,Estimated value,
QCL,Crops and livestock products,143,Morocco,5510,Production,79,Millet,1977,1977,t,3200,E,Estimated value,
QCL,Crops and livestock products,143,Morocco,5312,Area harvested,79,Millet,1978,1978,ha,4400,E,Estimated value,
QCL,Crops and livestock products,143,Morocco,5419,Yield,79,Millet,1978,1978,100 g/ha,7500,E,Estimated value,
QCL,Crops and livestock products,143,Morocco,5510,Production,79,Millet,1978,1978,t,3300,E,Estimated value,
QCL,Crops and livestock products,143,Morocco,5312,Area harvested,79,Millet,1979,1979,ha,4400,E,Estimated value,
QCL,Crops and livestock products,143,Morocco,5419,Yield,79,Millet,1979,1979,100 g/ha,7727,E,Estimated value,
QCL,Crops and livestock products,143,Morocco,5510,Production,79,Millet,1979,1979,t,3400,E,Estimated value,
QCL,Crops and livestock products,143,Morocco,5312,Area harvested,79,Millet,1980,1980,ha,4500,E,Estimated value,
QCL,Crops and livestock products,143,Morocco,5419,Yield,79,Millet,1980,1980,100 g/ha,7778,E,Estimated value,
QCL,Crops and livestock products,143,Morocco,5510,Production,79,Millet,1980,1980,t,3500,E,Estimated value,
QCL,Crops and livestock products,143,Morocco,5312,Area harvested,79,Millet,1981,1981,ha,4000,E,Estimated value,
QCL,Crops and livestock products,143,Morocco,5419,Yield,79,Millet,1981,1981,100 g/ha,9000,E,Estimated value,
QCL,Crops and livestock products,143,Morocco,5510,Production,79,Millet,1981,1981,t,3600,E,Estimated value,
QCL,Crops and livestock products,143,Morocco,5312,Area harvested,79,Millet,1982,1982,ha,4400,E,Estimated value,
QCL,Crops and livestock products,143,Morocco,5419,Yield,79,Millet,1982,1982,100 g/ha,10909,E,Estimated value,
QCL,Crops and livestock products,143,Morocco,5510,Production,79,Millet,1982,1982,t,4800,E,Estimated value,
QCL,Crops and livestock products,143,Morocco,5312,Area harvested,79,Millet,1983,1983,ha,5000,E,Estimated value,
QCL,Crops and livestock products,143,Morocco,5419,Yield,79,Millet,1983,1983,100 g/ha,8000,E,Estimated value,
QCL,Crops and livestock products,143,Morocco,5510,Production,79,Millet,1983,1983,t,4000,E,Estimated value,
QCL,Crops and livestock products,143,Morocco,5312,Area harvested,79,Millet,1984,1984,ha,5000,E,Estimated value,
QCL,Crops and livestock products,143,Morocco,5419,Yield,79,Millet,1984,1984,100 g/ha,8000,E,Estimated value,
QCL,Crops and livestock products,143,Morocco,5510,Production,79,Millet,1984,1984,t,4000,E,Estimated value,
QCL,Crops and livestock products,143,Morocco,5312,Area harvested,79,Millet,1985,1985,ha,5000,E,Estimated value,
QCL,Crops and livestock products,143,Morocco,5419,Yield,79,Millet,1985,1985,100 g/ha,8000,E,Estimated value,
QCL,Crops and livestock products,143,Morocco,5510,Production,79,Millet,1985,1985,t,4000,E,Estimated value,
QCL,Crops and livestock products,143,Morocco,5312,Area harvested,79,Millet,1986,1986,ha,5000,E,Estimated value,
QCL,Crops and livestock products,143,Morocco,5419,Yield,79,Millet,1986,1986,100 g/ha,8000,E,Estimated value,
QCL,Crops and livestock products,143,Morocco,5510,Production,79,Millet,1986,1986,t,4000,E,Estimated value,
QCL,Crops and livestock products,143,Morocco,5312,Area harvested,79,Millet,1987,1987,ha,5100,A,Official figure,
QCL,Crops and livestock products,143,Morocco,5419,Yield,79,Millet,1987,1987,100 g/ha,10078,A,Official figure,
QCL,Crops and livestock products,143,Morocco,5510,Production,79,Millet,1987,1987,t,5140,A,Official figure,
QCL,Crops and livestock products,143,Morocco,5312,Area harvested,79,Millet,1988,1988,ha,5200,A,Official figure,
QCL,Crops and livestock products,143,Morocco,5419,Yield,79,Millet,1988,1988,100 g/ha,8442,A,Official figure,
QCL,Crops and livestock products,143,Morocco,5510,Production,79,Millet,1988,1988,t,4390,A,Official figure,
QCL,Crops and livestock products,143,Morocco,5312,Area harvested,79,Millet,1989,1989,ha,3700,A,Official figure,
QCL,Crops and livestock products,143,Morocco,5419,Yield,79,Millet,1989,1989,100 g/ha,14595,A,Official figure,
QCL,Crops and livestock products,143,Morocco,5510,Production,79,Millet,1989,1989,t,5400,A,Official figure,
QCL,Crops and livestock products,143,Morocco,5312,Area harvested,79,Millet,1990,1990,ha,5200,E,Estimated value,
QCL,Crops and livestock products,143,Morocco,5419,Yield,79,Millet,1990,1990,100 g/ha,10000,E,Estimated value,
QCL,Crops and livestock products,143,Morocco,5510,Production,79,Millet,1990,1990,t,5200,E,Estimated value,
QCL,Crops and livestock products,143,Morocco,5312,Area harvested,79,Millet,1991,1991,ha,5300,E,Estimated value,
QCL,Crops and livestock products,143,Morocco,5419,Yield,79,Millet,1991,1991,100 g/ha,10000,E,Estimated value,
QCL,Crops and livestock products,143,Morocco,5510,Production,79,Millet,1991,1991,t,5300,E,Estimated value,
QCL,Crops and livestock products,143,Morocco,5312,Area harvested,79,Millet,1992,1992,ha,5480,I,Imputed value,
QCL,Crops and livestock products,143,Morocco,5419,Yield,79,Millet,1992,1992,100 g/ha,10734,E,Estimated value,
QCL,Crops and livestock products,143,Morocco,5510,Production,79,Millet,1992,1992,t,5882.19,I,Imputed value,
QCL,Crops and livestock products,143,Morocco,5312,Area harvested,79,Millet,1993,1993,ha,5500,E,Estimated value,
QCL,Crops and livestock products,143,Morocco,5419,Yield,79,Millet,1993,1993,100 g/ha,10000,E,Estimated value,
QCL,Crops and livestock products,143,Morocco,5510,Production,79,Millet,1993,1993,t,5500,E,Estimated value,
QCL,Crops and livestock products,143,Morocco,5312,Area harvested,79,Millet,1994,1994,ha,5400,E,Estimated value,
QCL,Crops and livestock products,143,Morocco,5419,Yield,79,Millet,1994,1994,100 g/ha,14815,E,Estimated value,
QCL,Crops and livestock products,143,Morocco,5510,Production,79,Millet,1994,1994,t,8000,E,Estimated value,
QCL,Crops and livestock products,143,Morocco,5312,Area harvested,79,Millet,1995,1995,ha,5575,I,Imputed value,
QCL,Crops and livestock products,143,Morocco,5419,Yield,79,Millet,1995,1995,100 g/ha,14350,E,Estimated value,
QCL,Crops and livestock products,143,Morocco,5510,Production,79,Millet,1995,1995,t,8000,X,Figure from international organizations,Unofficial figure
QCL,Crops and livestock products,143,Morocco,5312,Area harvested,79,Millet,1996,1996,ha,5038,I,Imputed value,
QCL,Crops and livestock products,143,Morocco,5419,Yield,79,Millet,1996,1996,100 g/ha,15311,E,Estimated value,
QCL,Crops and livestock products,143,Morocco,5510,Production,79,Millet,1996,1996,t,7713.28,I,Imputed value,
QCL,Crops and livestock products,143,Morocco,5312,Area harvested,79,Millet,1997,1997,ha,5500,E,Estimated value,
QCL,Crops and livestock products,143,Morocco,5419,Yield,79,Millet,1997,1997,100 g/ha,16182,E,Estimated value,
QCL,Crops and livestock products,143,Morocco,5510,Production,79,Millet,1997,1997,t,8900.28,I,Imputed value,
QCL,Crops and livestock products,143,Morocco,5312,Area harvested,79,Millet,1998,1998,ha,4505,I,Imputed value,
QCL,Crops and livestock products,143,Morocco,5419,Yield,79,Millet,1998,1998,100 g/ha,16970,E,Estimated value,
QCL,Crops and livestock products,143,Morocco,5510,Production,79,Millet,1998,1998,t,7645.18,I,Imputed value,
QCL,Crops and livestock products,143,Morocco,5312,Area harvested,79,Millet,1999,1999,ha,3801,I,Imputed value,
QCL,Crops and livestock products,143,Morocco,5419,Yield,79,Millet,1999,1999,100 g/ha,18415,E,Estimated value,
QCL,Crops and livestock products,143,Morocco,5510,Production,79,Millet,1999,1999,t,7000,E,Estimated value,
QCL,Crops and livestock products,143,Morocco,5312,Area harvested,79,Millet,2000,2000,ha,4710,I,Imputed value,
QCL,Crops and livestock products,143,Morocco,5419,Yield,79,Millet,2000,2000,100 g/ha,16932,E,Estimated value,
QCL,Crops and livestock products,143,Morocco,5510,Production,79,Millet,2000,2000,t,7975,A,Official figure,
QCL,Crops and livestock products,143,Morocco,5312,Area harvested,79,Millet,2001,2001,ha,4626,I,Imputed value,
QCL,Crops and livestock products,143,Morocco,5419,Yield,79,Millet,2001,2001,100 g/ha,17293,E,Estimated value,
QCL,Crops and livestock products,143,Morocco,5510,Production,79,Millet,2001,2001,t,8000,E,Estimated value,
QCL,Crops and livestock products,143,Morocco,5312,Area harvested,79,Millet,2002,2002,ha,4330,I,Imputed value,
QCL,Crops and livestock products,143,Morocco,5419,Yield,79,Millet,2002,2002,100 g/ha,17597,E,Estimated value,
QCL,Crops and livestock products,143,Morocco,5510,Production,79,Millet,2002,2002,t,7619.97,I,Imputed value,
QCL,Crops and livestock products,143,Morocco,5312,Area harvested,79,Millet,2003,2003,ha,4157,I,Imputed value,
QCL,Crops and livestock products,143,Morocco,5419,Yield,79,Millet,2003,2003,100 g/ha,17903,E,Estimated value,
QCL,Crops and livestock products,143,Morocco,5510,Production,79,Millet,2003,2003,t,7441.94,I,Imputed value,
QCL,Crops and livestock products,143,Morocco,5312,Area harvested,79,Millet,2004,2004,ha,3988,I,Imputed value,
QCL,Crops and livestock products,143,Morocco,5419,Yield,79,Millet,2004,2004,100 g/ha,18209,E,Estimated value,
QCL,Crops and livestock products,143,Morocco,5510,Production,79,Millet,2004,2004,t,7261.77,I,Imputed value,
QCL,Crops and livestock products,143,Morocco,5312,Area harvested,79,Millet,2005,2005,ha,3923,I,Imputed value,
QCL,Crops and livestock products,143,Morocco,5419,Yield,79,Millet,2005,2005,100 g/ha,18528,E,Estimated value,
QCL,Crops and livestock products,143,Morocco,5510,Production,79,Millet,2005,2005,t,7269.25,I,Imputed value,
QCL,Crops and livestock products,143,Morocco,5312,Area harvested,79,Millet,2006,2006,ha,3742,I,Imputed value,
QCL,Crops and livestock products,143,Morocco,5419,Yield,79,Millet,2006,2006,100 g/ha,18877,E,Estimated value,
QCL,Crops and livestock products,143,Morocco,5510,Production,79,Millet,2006,2006,t,7064.31,I,Imputed value,
QCL,Crops and livestock products,143,Morocco,5312,Area harvested,79,Millet,2007,2007,ha,3500,E,Estimated value,
QCL,Crops and livestock products,143,Morocco,5419,Yield,79,Millet,2007,2007,100 g/ha,20000,E,Estimated value,
QCL,Crops and livestock products,143,Morocco,5510,Production,79,Millet,2007,2007,t,7000,E,Estimated value,
QCL,Crops and livestock products,143,Morocco,5312,Area harvested,79,Millet,2008,2008,ha,3000,E,Estimated value,
QCL,Crops and livestock products,143,Morocco,5419,Yield,79,Millet,2008,2008,100 g/ha,20933,E,Estimated value,
QCL,Crops and livestock products,143,Morocco,5510,Production,79,Millet,2008,2008,t,6280,E,Estimated value,
QCL,Crops and livestock products,143,Morocco,5312,Area harvested,79,Millet,2009,2009,ha,2746,I,Imputed value,
QCL,Crops and livestock products,143,Morocco,5419,Yield,79,Millet,2009,2009,100 g/ha,20029,E,Estimated value,
QCL,Crops and livestock products,143,Morocco,5510,Production,79,Millet,2009,2009,t,5500,E,Estimated value,
QCL,Crops and livestock products,143,Morocco,5312,Area harvested,79,Millet,2010,2010,ha,2989,I,Imputed value,
QCL,Crops and livestock products,143,Morocco,5419,Yield,79,Millet,2010,2010,100 g/ha,20073,E,Estimated value,
QCL,Crops and livestock products,143,Morocco,5510,Production,79,Millet,2010,2010,t,6000,E,Estimated value,
QCL,Crops and livestock products,143,Morocco,5312,Area harvested,79,Millet,2011,2011,ha,3000,E,Estimated value,
QCL,Crops and livestock products,143,Morocco,5419,Yield,79,Millet,2011,2011,100 g/ha,20000,E,Estimated value,
QCL,Crops and livestock products,143,Morocco,5510,Production,79,Millet,2011,2011,t,6000,E,Estimated value,
QCL,Crops and livestock products,143,Morocco,5312,Area harvested,79,Millet,2012,2012,ha,2800,E,Estimated value,
QCL,Crops and livestock products,143,Morocco,5419,Yield,79,Millet,2012,2012,100 g/ha,19643,E,Estimated value,
QCL,Crops and livestock products,143,Morocco,5510,Production,79,Millet,2012,2012,t,5500,E,Estimated value,
QCL,Crops and livestock products,143,Morocco,5312,Area harvested,79,Millet,2013,2013,ha,2900,E,Estimated value,
QCL,Crops and livestock products,143,Morocco,5419,Yield,79,Millet,2013,2013,100 g/ha,19655,E,Estimated value,
QCL,Crops and livestock products,143,Morocco,5510,Production,79,Millet,2013,2013,t,5700,E,Estimated value,
QCL,Crops and livestock products,143,Morocco,5312,Area harvested,79,Millet,2014,2014,ha,2744,I,Imputed value,
QCL,Crops and livestock products,143,Morocco,5419,Yield,79,Millet,2014,2014,100 g/ha,20293,E,Estimated value,
QCL,Crops and livestock products,143,Morocco,5510,Production,79,Millet,2014,2014,t,5567.41,I,Imputed value,
QCL,Crops and livestock products,143,Morocco,5312,Area harvested,79,Millet,2015,2015,ha,2360,I,Imputed value,
QCL,Crops and livestock products,143,Morocco,5419,Yield,79,Millet,2015,2015,100 g/ha,20989,E,Estimated value,
QCL,Crops and livestock products,143,Morocco,5510,Production,79,Millet,2015,2015,t,4952.5,I,Imputed value,
QCL,Crops and livestock products,143,Morocco,5312,Area harvested,79,Millet,2016,2016,ha,2668,E,Estimated value,
QCL,Crops and livestock products,143,Morocco,5419,Yield,79,Millet,2016,2016,100 g/ha,20267,E,Estimated value,
QCL,Crops and livestock products,143,Morocco,5510,Production,79,Millet,2016,2016,t,5406.64,E,Estimated value,
QCL,Crops and livestock products,143,Morocco,5312,Area harvested,79,Millet,2017,2017,ha,2697,I,Imputed value,
QCL,Crops and livestock products,143,Morocco,5419,Yield,79,Millet,2017,2017,100 g/ha,20410,E,Estimated value,
QCL,Crops and livestock products,143,Morocco,5510,Production,79,Millet,2017,2017,t,5504.96,I,Imputed value,
QCL,Crops and livestock products,143,Morocco,5312,Area harvested,79,Millet,2018,2018,ha,2644,I,Imputed value,
QCL,Crops and livestock products,143,Morocco,5419,Yield,79,Millet,2018,2018,100 g/ha,20660,E,Estimated value,
QCL,Crops and livestock products,143,Morocco,5510,Production,79,Millet,2018,2018,t,5462.23,I,Imputed value,
QCL,Crops and livestock products,143,Morocco,5312,Area harvested,79,Millet,2019,2019,ha,2470,I,Imputed value,
QCL,Crops and livestock products,143,Morocco,5419,Yield,79,Millet,2019,2019,100 g/ha,20963,E,Estimated value,
QCL,Crops and livestock products,143,Morocco,5510,Production,79,Millet,2019,2019,t,5178.75,I,Imputed value,
QCL,Crops and livestock products,143,Morocco,5312,Area harvested,79,Millet,2020,2020,ha,2604,E,Estimated value,
QCL,Crops and livestock products,143,Morocco,5419,Yield,79,Millet,2020,2020,100 g/ha,19487,E,Estimated value,
QCL,Crops and livestock products,143,Morocco,5510,Production,79,Millet,2020,2020,t,5074.12,I,Imputed value,
QCL,Crops and livestock products,143,Morocco,5312,Area harvested,79,Millet,2021,2021,ha,2573,E,Estimated value,
QCL,Crops and livestock products,143,Morocco,5419,Yield,79,Millet,2021,2021,100 g/ha,20362,E,Estimated value,
QCL,Crops and livestock products,143,Morocco,5510,Production,79,Millet,2021,2021,t,5238.37,E,Estimated value,
QCL,Crops and livestock products,143,Morocco,5312,Area harvested,79,Millet,2022,2022,ha,2549,E,Estimated value,
QCL,Crops and livestock products,143,Morocco,5419,Yield,79,Millet,2022,2022,100 g/ha,20258,E,Estimated value,
QCL,Crops and livestock products,143,Morocco,5510,Production,79,Millet,2022,2022,t,5163.75,E,Estimated value,
QCL,Crops and livestock products,143,Morocco,5510,Production,165,Molasses,1961,1961,t,3500,I,Imputed value,
QCL,Crops and livestock products,143,Morocco,5510,Production,165,Molasses,1962,1962,t,3500,I,Imputed value,
QCL,Crops and livestock products,143,Morocco,5510,Production,165,Molasses,1963,1963,t,3663.5,I,Imputed value,
QCL,Crops and livestock products,143,Morocco,5510,Production,165,Molasses,1964,1964,t,9043.5,I,Imputed value,
QCL,Crops and livestock products,143,Morocco,5510,Production,165,Molasses,1965,1965,t,8747.5,I,Imputed value,
QCL,Crops and livestock products,143,Morocco,5510,Production,165,Molasses,1966,1966,t,19100,I,Imputed value,
QCL,Crops and livestock products,143,Morocco,5510,Production,165,Molasses,1967,1967,t,18200,I,Imputed value,
QCL,Crops and livestock products,143,Morocco,5510,Production,165,Molasses,1968,1968,t,37397,I,Imputed value,
QCL,Crops and livestock products,143,Morocco,5510,Production,165,Molasses,1969,1969,t,44935,I,Imputed value,
QCL,Crops and livestock products,143,Morocco,5510,Production,165,Molasses,1970,1970,t,55700,I,Imputed value,
QCL,Crops and livestock products,143,Morocco,5510,Production,165,Molasses,1971,1971,t,79195,I,Imputed value,
QCL,Crops and livestock products,143,Morocco,5510,Production,165,Molasses,1972,1972,t,83850,I,Imputed value,
QCL,Crops and livestock products,143,Morocco,5510,Production,165,Molasses,1973,1973,t,64634,I,Imputed value,
QCL,Crops and livestock products,143,Morocco,5510,Production,165,Molasses,1974,1974,t,97681,I,Imputed value,
QCL,Crops and livestock products,143,Morocco,5510,Production,165,Molasses,1975,1975,t,92736,I,Imputed value,
QCL,Crops and livestock products,143,Morocco,5510,Production,165,Molasses,1976,1976,t,121960.5,I,Imputed value,
QCL,Crops and livestock products,143,Morocco,5510,Production,165,Molasses,1977,1977,t,82556.5,I,Imputed value,
QCL,Crops and livestock products,143,Morocco,5510,Production,165,Molasses,1978,1978,t,136645,I,Imputed value,
QCL,Crops and livestock products,143,Morocco,5510,Production,165,Molasses,1979,1979,t,123399.45,I,Imputed value,
QCL,Crops and livestock products,143,Morocco,5510,Production,165,Molasses,1980,1980,t,130832.5,I,Imputed value,
QCL,Crops and livestock products,143,Morocco,5510,Production,165,Molasses,1981,1981,t,136435,I,Imputed value,
QCL,Crops and livestock products,143,Morocco,5510,Production,165,Molasses,1982,1982,t,141197.5,I,Imputed value,
QCL,Crops and livestock products,143,Morocco,5510,Production,165,Molasses,1983,1983,t,166174,I,Imputed value,
QCL,Crops and livestock products,143,Morocco,5510,Production,165,Molasses,1984,1984,t,165021.5,I,Imputed value,
QCL,Crops and livestock products,143,Morocco,5510,Production,165,Molasses,1985,1985,t,148250,I,Imputed value,
QCL,Crops and livestock products,143,Morocco,5510,Production,165,Molasses,1986,1986,t,170852,I,Imputed value,
QCL,Crops and livestock products,143,Morocco,5510,Production,165,Molasses,1987,1987,t,178543.84,I,Imputed value,
QCL,Crops and livestock products,143,Morocco,5510,Production,165,Molasses,1988,1988,t,202729.9,I,Imputed value,
QCL,Crops and livestock products,143,Morocco,5510,Production,165,Molasses,1989,1989,t,191651.73,I,Imputed value,
QCL,Crops and livestock products,143,Morocco,5510,Production,165,Molasses,1990,1990,t,198641.7,I,Imputed value,
QCL,Crops and livestock products,143,Morocco,5510,Production,165,Molasses,1991,1991,t,201579.02,I,Imputed value,
QCL,Crops and livestock products,143,Morocco,5510,Production,165,Molasses,1992,1992,t,186013.72,I,Imputed value,
QCL,Crops and livestock products,143,Morocco,5510,Production,165,Molasses,1993,1993,t,198725.14,I,Imputed value,
QCL,Crops and livestock products,143,Morocco,5510,Production,165,Molasses,1994,1994,t,201894.56,I,Imputed value,
QCL,Crops and livestock products,143,Morocco,5510,Production,165,Molasses,1995,1995,t,186077.3,I,Imputed value,
QCL,Crops and livestock products,143,Morocco,5510,Production,165,Molasses,1996,1996,t,181060.5,I,Imputed value,
QCL,Crops and livestock products,143,Morocco,5510,Production,165,Molasses,1997,1997,t,166472.58,I,Imputed value,
QCL,Crops and livestock products,143,Morocco,5510,Production,165,Molasses,1998,1998,t,202525.02,I,Imputed value,
QCL,Crops and livestock products,143,Morocco,5510,Production,165,Molasses,1999,1999,t,228820.56,I,Imputed value,
QCL,Crops and livestock products,143,Morocco,5510,Production,165,Molasses,2000,2000,t,214522.34,I,Imputed value,
QCL,Crops and livestock products,143,Morocco,5510,Production,165,Molasses,2001,2001,t,196078.94,I,Imputed value,
QCL,Crops and livestock products,143,Morocco,5510,Production,165,Molasses,2002,2002,t,195303.08,I,Imputed value,
QCL,Crops and livestock products,143,Morocco,5510,Production,165,Molasses,2003,2003,t,214641.75,I,Imputed value,
QCL,Crops and livestock products,143,Morocco,5510,Production,165,Molasses,2004,2004,t,201514.5,I,Imputed value,
QCL,Crops and livestock products,143,Morocco,5510,Production,165,Molasses,2005,2005,t,202540.73,I,Imputed value,
QCL,Crops and livestock products,143,Morocco,5510,Production,165,Molasses,2006,2006,t,176158.66,I,Imputed value,
QCL,Crops and livestock products,143,Morocco,5510,Production,165,Molasses,2007,2007,t,169650.5,I,Imputed value,
QCL,Crops and livestock products,143,Morocco,5510,Production,165,Molasses,2008,2008,t,190452.16,I,Imputed value,
QCL,Crops and livestock products,143,Morocco,5510,Production,165,Molasses,2009,2009,t,176943.81,I,Imputed value,
QCL,Crops and livestock products,143,Morocco,5510,Production,165,Molasses,2010,2010,t,144000,X,Figure from international organizations,Unofficial figure
QCL,Crops and livestock products,143,Morocco,5510,Production,165,Molasses,2011,2011,t,203000,X,Figure from international organizations,Unofficial figure
QCL,Crops and livestock products,143,Morocco,5510,Production,165,Molasses,2012,2012,t,147000,I,Imputed value,
QCL,Crops and livestock products,143,Morocco,5510,Production,165,Molasses,2013,2013,t,113000,X,Figure from international organizations,Unofficial figure
QCL,Crops and livestock products,143,Morocco,5510,Production,165,Molasses,2014,2014,t,148000,X,Figure from international organizations,Unofficial figure
QCL,Crops and livestock products,143,Morocco,5510,Production,165,Molasses,2015,2015,t,155000,X,Figure from international organizations,Unofficial figure
QCL,Crops and livestock products,143,Morocco,5510,Production,165,Molasses,2016,2016,t,155000,X,Figure from international organizations,Unofficial figure
QCL,Crops and livestock products,143,Morocco,5510,Production,165,Molasses,2017,2017,t,135000,X,Figure from international organizations,Unofficial figure
QCL,Crops and livestock products,143,Morocco,5510,Production,165,Molasses,2018,2018,t,145000,X,Figure from international organizations,Unofficial figure
QCL,Crops and livestock products,143,Morocco,5510,Production,165,Molasses,2019,2019,t,155000,X,Figure from international organizations,Unofficial figure
QCL,Crops and livestock products,143,Morocco,5510,Production,165,Molasses,2020,2020,t,158000,X,Figure from international organizations,Unofficial figure
QCL,Crops and livestock products,143,Morocco,5510,Production,165,Molasses,2021,2021,t,117205.74,I,Imputed value,
QCL,Crops and livestock products,143,Morocco,5111,Stocks,1110,Mules and hinnies,1961,1961,An,220000,A,Official figure,
QCL,Crops and livestock products,143,Morocco,5111,Stocks,1110,Mules and hinnies,1962,1962,An,272000,A,Official figure,
QCL,Crops and livestock products,143,Morocco,5111,Stocks,1110,Mules and hinnies,1963,1963,An,275000,A,Official figure,
QCL,Crops and livestock products,143,Morocco,5111,Stocks,1110,Mules and hinnies,1964,1964,An,380000,A,Official figure,
QCL,Crops and livestock products,143,Morocco,5111,Stocks,1110,Mules and hinnies,1965,1965,An,320000,E,Estimated value,
QCL,Crops and livestock products,143,Morocco,5111,Stocks,1110,Mules and hinnies,1966,1966,An,350000,E,Estimated value,
QCL,Crops and livestock products,143,Morocco,5111,Stocks,1110,Mules and hinnies,1967,1967,An,380000,A,Official figure,
QCL,Crops and livestock products,143,Morocco,5111,Stocks,1110,Mules and hinnies,1968,1968,An,390000,E,Estimated value,
QCL,Crops and livestock products,143,Morocco,5111,Stocks,1110,Mules and hinnies,1969,1969,An,395000,E,Estimated value,
QCL,Crops and livestock products,143,Morocco,5111,Stocks,1110,Mules and hinnies,1970,1970,An,380000,E,Estimated value,
QCL,Crops and livestock products,143,Morocco,5111,Stocks,1110,Mules and hinnies,1971,1971,An,360000,A,Official figure,
QCL,Crops and livestock products,143,Morocco,5111,Stocks,1110,Mules and hinnies,1972,1972,An,362000,A,Official figure,
QCL,Crops and livestock products,143,Morocco,5111,Stocks,1110,Mules and hinnies,1973,1973,An,360000,A,Official figure,
QCL,Crops and livestock products,143,Morocco,5111,Stocks,1110,Mules and hinnies,1974,1974,An,360000,A,Official figure,
QCL,Crops and livestock products,143,Morocco,5111,Stocks,1110,Mules and hinnies,1975,1975,An,380000,E,Estimated value,
QCL,Crops and livestock products,143,Morocco,5111,Stocks,1110,Mules and hinnies,1976,1976,An,390000,E,Estimated value,
QCL,Crops and livestock products,143,Morocco,5111,Stocks,1110,Mules and hinnies,1977,1977,An,400000,E,Estimated value,
QCL,Crops and livestock products,143,Morocco,5111,Stocks,1110,Mules and hinnies,1978,1978,An,430000,E,Estimated value,
QCL,Crops and livestock products,143,Morocco,5111,Stocks,1110,Mules and hinnies,1979,1979,An,451804,A,Official figure,
QCL,Crops and livestock products,143,Morocco,5111,Stocks,1110,Mules and hinnies,1980,1980,An,453004,A,Official figure,
QCL,Crops and livestock products,143,Morocco,5111,Stocks,1110,Mules and hinnies,1981,1981,An,443773,A,Official figure,
QCL,Crops and livestock products,143,Morocco,5111,Stocks,1110,Mules and hinnies,1982,1982,An,463590,A,Official figure,
QCL,Crops and livestock products,143,Morocco,5111,Stocks,1110,Mules and hinnies,1983,1983,An,455985,A,Official figure,
QCL,Crops and livestock products,143,Morocco,5111,Stocks,1110,Mules and hinnies,1984,1984,An,448835,A,Official figure,
QCL,Crops and livestock products,143,Morocco,5111,Stocks,1110,Mules and hinnies,1985,1985,An,474680,A,Official figure,
QCL,Crops and livestock products,143,Morocco,5111,Stocks,1110,Mules and hinnies,1986,1986,An,493898,A,Official figure,
QCL,Crops and livestock products,143,Morocco,5111,Stocks,1110,Mules and hinnies,1987,1987,An,523770,A,Official figure,
QCL,Crops and livestock products,143,Morocco,5111,Stocks,1110,Mules and hinnies,1988,1988,An,511262,A,Official figure,
QCL,Crops and livestock products,143,Morocco,5111,Stocks,1110,Mules and hinnies,1989,1989,An,515122,A,Official figure,
QCL,Crops and livestock products,143,Morocco,5111,Stocks,1110,Mules and hinnies,1990,1990,An,522831,A,Official figure,
QCL,Crops and livestock products,143,Morocco,5111,Stocks,1110,Mules and hinnies,1991,1991,An,529100,A,Official figure,
QCL,Crops and livestock products,143,Morocco,5111,Stocks,1110,Mules and hinnies,1992,1992,An,528426,A,Official figure,
QCL,Crops and livestock products,143,Morocco,5111,Stocks,1110,Mules and hinnies,1993,1993,An,525900,A,Official figure,
QCL,Crops and livestock products,143,Morocco,5111,Stocks,1110,Mules and hinnies,1994,1994,An,527000,A,Official figure,
QCL,Crops and livestock products,143,Morocco,5111,Stocks,1110,Mules and hinnies,1995,1995,An,539700,A,Official figure,
QCL,Crops and livestock products,143,Morocco,5111,Stocks,1110,Mules and hinnies,1996,1996,An,522800,A,Official figure,
QCL,Crops and livestock products,143,Morocco,5111,Stocks,1110,Mules and hinnies,1997,1997,An,515900,A,Official figure,
QCL,Crops and livestock products,143,Morocco,5111,Stocks,1110,Mules and hinnies,1998,1998,An,523900,A,Official figure,
QCL,Crops and livestock products,143,Morocco,5111,Stocks,1110,Mules and hinnies,1999,1999,An,526600,A,Official figure,
QCL,Crops and livestock products,143,Morocco,5111,Stocks,1110,Mules and hinnies,2000,2000,An,510500,A,Official figure,
QCL,Crops and livestock products,143,Morocco,5111,Stocks,1110,Mules and hinnies,2001,2001,An,508900,A,Official figure,
QCL,Crops and livestock products,143,Morocco,5111,Stocks,1110,Mules and hinnies,2002,2002,An,510800,A,Official figure,
QCL,Crops and livestock products,143,Morocco,5111,Stocks,1110,Mules and hinnies,2003,2003,An,545300,A,Official figure,
QCL,Crops and livestock products,143,Morocco,5111,Stocks,1110,Mules and hinnies,2004,2004,An,557400,A,Official figure,
QCL,Crops and livestock products,143,Morocco,5111,Stocks,1110,Mules and hinnies,2005,2005,An,533700,A,Official figure,
QCL,Crops and livestock products,143,Morocco,5111,Stocks,1110,Mules and hinnies,2006,2006,An,526000,A,Official figure,
QCL,Crops and livestock products,143,Morocco,5111,Stocks,1110,Mules and hinnies,2007,2007,An,513900,A,Official figure,
QCL,Crops and livestock products,143,Morocco,5111,Stocks,1110,Mules and hinnies,2008,2008,An,515300,A,Official figure,
QCL,Crops and livestock products,143,Morocco,5111,Stocks,1110,Mules and hinnies,2009,2009,An,505200,A,Official figure,
QCL,Crops and livestock products,143,Morocco,5111,Stocks,1110,Mules and hinnies,2010,2010,An,148780,A,Official figure,
QCL,Crops and livestock products,143,Morocco,5111,Stocks,1110,Mules and hinnies,2011,2011,An,465240,A,Official figure,
QCL,Crops and livestock products,143,Morocco,5111,Stocks,1110,Mules and hinnies,2012,2012,An,456880,A,Official figure,
QCL,Crops and livestock products,143,Morocco,5111,Stocks,1110,Mules and hinnies,2013,2013,An,453330,A,Official figure,
QCL,Crops and livestock products,143,Morocco,5111,Stocks,1110,Mules and hinnies,2014,2014,An,446000,A,Official figure,
QCL,Crops and livestock products,143,Morocco,5111,Stocks,1110,Mules and hinnies,2015,2015,An,420000,A,Official figure,
QCL,Crops and livestock products,143,Morocco,5111,Stocks,1110,Mules and hinnies,2016,2016,An,385000,A,Official figure,
QCL,Crops and livestock products,143,Morocco,5111,Stocks,1110,Mules and hinnies,2017,2017,An,392000,A,Official figure,
QCL,Crops and livestock products,143,Morocco,5111,Stocks,1110,Mules and hinnies,2018,2018,An,390000,A,Official figure,
QCL,Crops and livestock products,143,Morocco,5111,Stocks,1110,Mules and hinnies,2019,2019,An,385000,A,Official figure,
QCL,Crops and livestock products,143,Morocco,5111,Stocks,1110,Mules and hinnies,2020,2020,An,387000,A,Official figure,
QCL,Crops and livestock products,143,Morocco,5111,Stocks,1110,Mules and hinnies,2021,2021,An,381990,A,Official figure,
QCL,Crops and livestock products,143,Morocco,5111,Stocks,1110,Mules and hinnies,2022,2022,An,381990,A,Official figure,
QCL,Crops and livestock products,143,Morocco,5510,Production,449,Mushrooms and truffles,1961,1961,t,300,E,Estimated value,
QCL,Crops and livestock products,143,Morocco,5510,Production,449,Mushrooms and truffles,1962,1962,t,300,E,Estimated value,
QCL,Crops and livestock products,143,Morocco,5510,Production,449,Mushrooms and truffles,1963,1963,t,300,E,Estimated value,
QCL,Crops and livestock products,143,Morocco,5510,Production,449,Mushrooms and truffles,1964,1964,t,300,E,Estimated value,
QCL,Crops and livestock products,143,Morocco,5510,Production,449,Mushrooms and truffles,1965,1965,t,400,E,Estimated value,
QCL,Crops and livestock products,143,Morocco,5510,Production,449,Mushrooms and truffles,1966,1966,t,400,E,Estimated value,
QCL,Crops and livestock products,143,Morocco,5510,Production,449,Mushrooms and truffles,1967,1967,t,400,E,Estimated value,
QCL,Crops and livestock products,143,Morocco,5510,Production,449,Mushrooms and truffles,1968,1968,t,500,E,Estimated value,
QCL,Crops and livestock products,143,Morocco,5510,Production,449,Mushrooms and truffles,1969,1969,t,500,E,Estimated value,
QCL,Crops and livestock products,143,Morocco,5510,Production,449,Mushrooms and truffles,1970,1970,t,500,E,Estimated value,
QCL,Crops and livestock products,143,Morocco,5510,Production,449,Mushrooms and truffles,1971,1971,t,600,E,Estimated value,
QCL,Crops and livestock products,143,Morocco,5510,Production,449,Mushrooms and truffles,1972,1972,t,600,E,Estimated value,
QCL,Crops and livestock products,143,Morocco,5510,Production,449,Mushrooms and truffles,1973,1973,t,800,E,Estimated value,
QCL,Crops and livestock products,143,Morocco,5510,Production,449,Mushrooms and truffles,1974,1974,t,680,E,Estimated value,
QCL,Crops and livestock products,143,Morocco,5510,Production,449,Mushrooms and truffles,1975,1975,t,650,E,Estimated value,
QCL,Crops and livestock products,143,Morocco,5510,Production,449,Mushrooms and truffles,1976,1976,t,650,E,Estimated value,
QCL,Crops and livestock products,143,Morocco,5510,Production,449,Mushrooms and truffles,1977,1977,t,630,E,Estimated value,
QCL,Crops and livestock products,143,Morocco,5510,Production,449,Mushrooms and truffles,1978,1978,t,630,E,Estimated value,
QCL,Crops and livestock products,143,Morocco,5510,Production,449,Mushrooms and truffles,1979,1979,t,600,E,Estimated value,
QCL,Crops and livestock products,143,Morocco,5510,Production,449,Mushrooms and truffles,1980,1980,t,600,E,Estimated value,
QCL,Crops and livestock products,143,Morocco,5510,Production,449,Mushrooms and truffles,1981,1981,t,620,E,Estimated value,
QCL,Crops and livestock products,143,Morocco,5510,Production,449,Mushrooms and truffles,1982,1982,t,620,E,Estimated value,
QCL,Crops and livestock products,143,Morocco,5510,Production,449,Mushrooms and truffles,1983,1983,t,630,E,Estimated value,
QCL,Crops and livestock products,143,Morocco,5510,Production,449,Mushrooms and truffles,1984,1984,t,630,E,Estimated value,
QCL,Crops and livestock products,143,Morocco,5510,Production,449,Mushrooms and truffles,1985,1985,t,630,E,Estimated value,
QCL,Crops and livestock products,143,Morocco,5510,Production,449,Mushrooms and truffles,1986,1986,t,630,E,Estimated value,
QCL,Crops and livestock products,143,Morocco,5510,Production,449,Mushrooms and truffles,1987,1987,t,630,E,Estimated value,
QCL,Crops and livestock products,143,Morocco,5510,Production,449,Mushrooms and truffles,1988,1988,t,630,E,Estimated value,
QCL,Crops and livestock products,143,Morocco,5510,Production,449,Mushrooms and truffles,1989,1989,t,800,E,Estimated value,
QCL,Crops and livestock products,143,Morocco,5510,Production,449,Mushrooms and truffles,1990,1990,t,1000,E,Estimated value,
QCL,Crops and livestock products,143,Morocco,5510,Production,449,Mushrooms and truffles,1991,1991,t,1500,E,Estimated value,
QCL,Crops and livestock products,143,Morocco,5510,Production,449,Mushrooms and truffles,1992,1992,t,1700,E,Estimated value,
QCL,Crops and livestock products,143,Morocco,5510,Production,449,Mushrooms and truffles,1993,1993,t,1600,E,Estimated value,
QCL,Crops and livestock products,143,Morocco,5510,Production,449,Mushrooms and truffles,1994,1994,t,1700,E,Estimated value,
QCL,Crops and livestock products,143,Morocco,5510,Production,449,Mushrooms and truffles,1995,1995,t,1714.43,I,Imputed value,
QCL,Crops and livestock products,143,Morocco,5510,Production,449,Mushrooms and truffles,1996,1996,t,1700,A,Official figure,
QCL,Crops and livestock products,143,Morocco,5510,Production,449,Mushrooms and truffles,1997,1997,t,1714.69,I,Imputed value,
QCL,Crops and livestock products,143,Morocco,5510,Production,449,Mushrooms and truffles,1998,1998,t,1750,E,Estimated value,
QCL,Crops and livestock products,143,Morocco,5510,Production,449,Mushrooms and truffles,1999,1999,t,1777.43,I,Imputed value,
QCL,Crops and livestock products,143,Morocco,5510,Production,449,Mushrooms and truffles,2000,2000,t,1800,E,Estimated value,
QCL,Crops and livestock products,143,Morocco,5510,Production,449,Mushrooms and truffles,2001,2001,t,1824.23,I,Imputed value,
QCL,Crops and livestock products,143,Morocco,5510,Production,449,Mushrooms and truffles,2002,2002,t,1850,E,Estimated value,
QCL,Crops and livestock products,143,Morocco,5510,Production,449,Mushrooms and truffles,2003,2003,t,1874.74,I,Imputed value,
QCL,Crops and livestock products,143,Morocco,5510,Production,449,Mushrooms and truffles,2004,2004,t,1900,E,Estimated value,
QCL,Crops and livestock products,143,Morocco,5510,Production,449,Mushrooms and truffles,2005,2005,t,1923.47,I,Imputed value,
QCL,Crops and livestock products,143,Morocco,5510,Production,449,Mushrooms and truffles,2006,2006,t,1958.38,I,Imputed value,
QCL,Crops and livestock products,143,Morocco,5510,Production,449,Mushrooms and truffles,2007,2007,t,1935.54,I,Imputed value,
QCL,Crops and livestock products,143,Morocco,5510,Production,449,Mushrooms and truffles,2008,2008,t,1953.1,I,Imputed value,
QCL,Crops and livestock products,143,Morocco,5510,Production,449,Mushrooms and truffles,2009,2009,t,1970.66,I,Imputed value,
QCL,Crops and livestock products,143,Morocco,5510,Production,449,Mushrooms and truffles,2010,2010,t,1988.21,I,Imputed value,
QCL,Crops and livestock products,143,Morocco,5510,Production,449,Mushrooms and truffles,2011,2011,t,2005.77,I,Imputed value,
QCL,Crops and livestock products,143,Morocco,5510,Production,449,Mushrooms and truffles,2012,2012,t,2023.32,I,Imputed value,
QCL,Crops and livestock products,143,Morocco,5510,Production,449,Mushrooms and truffles,2013,2013,t,2040.88,I,Imputed value,
QCL,Crops and livestock products,143,Morocco,5510,Production,449,Mushrooms and truffles,2014,2014,t,2069.19,I,Imputed value,
QCL,Crops and livestock products,143,Morocco,5510,Production,449,Mushrooms and truffles,2015,2015,t,2097.21,I,Imputed value,
QCL,Crops and livestock products,143,Morocco,5510,Production,449,Mushrooms and truffles,2016,2016,t,2112.1,I,Imputed value,
QCL,Crops and livestock products,143,Morocco,5510,Production,449,Mushrooms and truffles,2017,2017,t,2135.12,I,Imputed value,
QCL,Crops and livestock products,143,Morocco,5510,Production,449,Mushrooms and truffles,2018,2018,t,2146.62,I,Imputed value,
QCL,Crops and livestock products,143,Morocco,5510,Production,449,Mushrooms and truffles,2019,2019,t,2176.39,I,Imputed value,
QCL,Crops and livestock products,143,Morocco,5510,Production,449,Mushrooms and truffles,2020,2020,t,2184.6,I,Imputed value,
QCL,Crops and livestock products,143,Morocco,5510,Production,449,Mushrooms and truffles,2021,2021,t,2200.84,I,Imputed value,
QCL,Crops and livestock products,143,Morocco,5510,Production,449,Mushrooms and truffles,2022,2022,t,2219.66,I,Imputed value,
QCL,Crops and livestock products,143,Morocco,5510,Production,1182,Natural honey,1961,1961,t,2000,A,Official figure,
QCL,Crops and livestock products,143,Morocco,5510,Production,1182,Natural honey,1962,1962,t,2000,A,Official figure,
QCL,Crops and livestock products,143,Morocco,5510,Production,1182,Natural honey,1963,1963,t,2000,A,Official figure,
QCL,Crops and livestock products,143,Morocco,5510,Production,1182,Natural honey,1964,1964,t,2000,E,Estimated value,
QCL,Crops and livestock products,143,Morocco,5510,Production,1182,Natural honey,1965,1965,t,1500,A,Official figure,
QCL,Crops and livestock products,143,Morocco,5510,Production,1182,Natural honey,1966,1966,t,650,A,Official figure,
QCL,Crops and livestock products,143,Morocco,5510,Production,1182,Natural honey,1967,1967,t,1000,E,Estimated value,
QCL,Crops and livestock products,143,Morocco,5510,Production,1182,Natural honey,1968,1968,t,1200,E,Estimated value,
QCL,Crops and livestock products,143,Morocco,5510,Production,1182,Natural honey,1969,1969,t,1300,E,Estimated value,
QCL,Crops and livestock products,143,Morocco,5510,Production,1182,Natural honey,1970,1970,t,2250,A,Official figure,
QCL,Crops and livestock products,143,Morocco,5510,Production,1182,Natural honey,1971,1971,t,2660,A,Official figure,
QCL,Crops and livestock products,143,Morocco,5510,Production,1182,Natural honey,1972,1972,t,7000,A,Official figure,
QCL,Crops and livestock products,143,Morocco,5510,Production,1182,Natural honey,1973,1973,t,3550,A,Official figure,
QCL,Crops and livestock products,143,Morocco,5510,Production,1182,Natural honey,1974,1974,t,2430,A,Official figure,
QCL,Crops and livestock products,143,Morocco,5510,Production,1182,Natural honey,1975,1975,t,1000,X,Figure from international organizations,Unofficial figure
QCL,Crops and livestock products,143,Morocco,5510,Production,1182,Natural honey,1976,1976,t,1170,A,Official figure,
QCL,Crops and livestock products,143,Morocco,5510,Production,1182,Natural honey,1977,1977,t,1950,A,Official figure,
QCL,Crops and livestock products,143,Morocco,5510,Production,1182,Natural honey,1978,1978,t,4600,A,Official figure,
QCL,Crops and livestock products,143,Morocco,5510,Production,1182,Natural honey,1979,1979,t,4600,A,Official figure,
QCL,Crops and livestock products,143,Morocco,5510,Production,1182,Natural honey,1980,1980,t,6300,A,Official figure,
QCL,Crops and livestock products,143,Morocco,5510,Production,1182,Natural honey,1981,1981,t,2700,A,Official figure,
QCL,Crops and livestock products,143,Morocco,5510,Production,1182,Natural honey,1982,1982,t,2700,A,Official figure,
QCL,Crops and livestock products,143,Morocco,5510,Production,1182,Natural honey,1983,1983,t,2800,A,Official figure,
QCL,Crops and livestock products,143,Morocco,5510,Production,1182,Natural honey,1984,1984,t,2800,A,Official figure,
QCL,Crops and livestock products,143,Morocco,5510,Production,1182,Natural honey,1985,1985,t,3100,A,Official figure,
QCL,Crops and livestock products,143,Morocco,5510,Production,1182,Natural honey,1986,1986,t,3100,A,Official figure,
QCL,Crops and livestock products,143,Morocco,5510,Production,1182,Natural honey,1987,1987,t,3100,E,Estimated value,
QCL,Crops and livestock products,143,Morocco,5510,Production,1182,Natural honey,1988,1988,t,3140,E,Estimated value,
QCL,Crops and livestock products,143,Morocco,5510,Production,1182,Natural honey,1989,1989,t,3160,E,Estimated value,
QCL,Crops and livestock products,143,Morocco,5510,Production,1182,Natural honey,1990,1990,t,2885,A,Official figure,
QCL,Crops and livestock products,143,Morocco,5510,Production,1182,Natural honey,1991,1991,t,2885,A,Official figure,
QCL,Crops and livestock products,143,Morocco,5510,Production,1182,Natural honey,1992,1992,t,3000,A,Official figure,
QCL,Crops and livestock products,143,Morocco,5510,Production,1182,Natural honey,1993,1993,t,2700,A,Official figure,
QCL,Crops and livestock products,143,Morocco,5510,Production,1182,Natural honey,1994,1994,t,2700,A,Official figure,
QCL,Crops and livestock products,143,Morocco,5510,Production,1182,Natural honey,1995,1995,t,2200,A,Official figure,
QCL,Crops and livestock products,143,Morocco,5510,Production,1182,Natural honey,1996,1996,t,3500,A,Official figure,
QCL,Crops and livestock products,143,Morocco,5510,Production,1182,Natural honey,1997,1997,t,3500,A,Official figure,
QCL,Crops and livestock products,143,Morocco,5510,Production,1182,Natural honey,1998,1998,t,2500,A,Official figure,
QCL,Crops and livestock products,143,Morocco,5510,Production,1182,Natural honey,1999,1999,t,2500,A,Official figure,
QCL,Crops and livestock products,143,Morocco,5510,Production,1182,Natural honey,2000,2000,t,2500,A,Official figure,
QCL,Crops and livestock products,143,Morocco,5510,Production,1182,Natural honey,2001,2001,t,2500,A,Official figure,
QCL,Crops and livestock products,143,Morocco,5510,Production,1182,Natural honey,2002,2002,t,2500,A,Official figure,
QCL,Crops and livestock products,143,Morocco,5510,Production,1182,Natural honey,2003,2003,t,2900,A,Official figure,
QCL,Crops and livestock products,143,Morocco,5510,Production,1182,Natural honey,2004,2004,t,2400,A,Official figure,
QCL,Crops and livestock products,143,Morocco,5510,Production,1182,Natural honey,2005,2005,t,3000,A,Official figure,
QCL,Crops and livestock products,143,Morocco,5510,Production,1182,Natural honey,2006,2006,t,3500,A,Official figure,
QCL,Crops and livestock products,143,Morocco,5510,Production,1182,Natural honey,2007,2007,t,3000,A,Official figure,
QCL,Crops and livestock products,143,Morocco,5510,Production,1182,Natural honey,2008,2008,t,3500,A,Official figure,
QCL,Crops and livestock products,143,Morocco,5510,Production,1182,Natural honey,2009,2009,t,3000,A,Official figure,
QCL,Crops and livestock products,143,Morocco,5510,Production,1182,Natural honey,2010,2010,t,3500,A,Official figure,
QCL,Crops and livestock products,143,Morocco,5510,Production,1182,Natural honey,2011,2011,t,3500,A,Official figure,
QCL,Crops and livestock products,143,Morocco,5510,Production,1182,Natural honey,2012,2012,t,3500,A,Official figure,
QCL,Crops and livestock products,143,Morocco,5510,Production,1182,Natural honey,2013,2013,t,3500,A,Official figure,
QCL,Crops and livestock products,143,Morocco,5510,Production,1182,Natural honey,2014,2014,t,3800,A,Official figure,
QCL,Crops and livestock products,143,Morocco,5510,Production,1182,Natural honey,2015,2015,t,3900,A,Official figure,
QCL,Crops and livestock products,143,Morocco,5510,Production,1182,Natural honey,2016,2016,t,4800,A,Official figure,
QCL,Crops and livestock products,143,Morocco,5510,Production,1182,Natural honey,2017,2017,t,6000,A,Official figure,
QCL,Crops and livestock products,143,Morocco,5510,Production,1182,Natural honey,2018,2018,t,7430,A,Official figure,
QCL,Crops and livestock products,143,Morocco,5510,Production,1182,Natural honey,2019,2019,t,7960,A,Official figure,
QCL,Crops and livestock products,143,Morocco,5510,Production,1182,Natural honey,2020,2020,t,8000,A,Official figure,
QCL,Crops and livestock products,143,Morocco,5510,Production,1182,Natural honey,2021,2021,t,7300,A,Official figure,
QCL,Crops and livestock products,143,Morocco,5510,Production,1182,Natural honey,2022,2022,t,7500,A,Official figure,
QCL,Crops and livestock products,143,Morocco,5312,Area harvested,75,Oats,1961,1961,ha,26672,A,Official figure,
QCL,Crops and livestock products,143,Morocco,5419,Yield,75,Oats,1961,1961,100 g/ha,5249,A,Official figure,
QCL,Crops and livestock products,143,Morocco,5510,Production,75,Oats,1961,1961,t,14000,A,Official figure,
QCL,Crops and livestock products,143,Morocco,5312,Area harvested,75,Oats,1962,1962,ha,20295,A,Official figure,
QCL,Crops and livestock products,143,Morocco,5419,Yield,75,Oats,1962,1962,100 g/ha,10840,A,Official figure,
QCL,Crops and livestock products,143,Morocco,5510,Production,75,Oats,1962,1962,t,22000,A,Official figure,
QCL,Crops and livestock products,143,Morocco,5312,Area harvested,75,Oats,1963,1963,ha,24000,A,Official figure,
QCL,Crops and livestock products,143,Morocco,5419,Yield,75,Oats,1963,1963,100 g/ha,6250,A,Official figure,
QCL,Crops and livestock products,143,Morocco,5510,Production,75,Oats,1963,1963,t,15000,A,Official figure,
QCL,Crops and livestock products,143,Morocco,5312,Area harvested,75,Oats,1964,1964,ha,23000,A,Official figure,
QCL,Crops and livestock products,143,Morocco,5419,Yield,75,Oats,1964,1964,100 g/ha,9130,A,Official figure,
QCL,Crops and livestock products,143,Morocco,5510,Production,75,Oats,1964,1964,t,21000,A,Official figure,
QCL,Crops and livestock products,143,Morocco,5312,Area harvested,75,Oats,1965,1965,ha,22650,A,Official figure,
QCL,Crops and livestock products,143,Morocco,5419,Yield,75,Oats,1965,1965,100 g/ha,8830,A,Official figure,
QCL,Crops and livestock products,143,Morocco,5510,Production,75,Oats,1965,1965,t,20000,A,Official figure,
QCL,Crops and livestock products,143,Morocco,5312,Area harvested,75,Oats,1966,1966,ha,22000,A,Official figure,
QCL,Crops and livestock products,143,Morocco,5419,Yield,75,Oats,1966,1966,100 g/ha,5909,A,Official figure,
QCL,Crops and livestock products,143,Morocco,5510,Production,75,Oats,1966,1966,t,13000,A,Official figure,
QCL,Crops and livestock products,143,Morocco,5312,Area harvested,75,Oats,1967,1967,ha,14000,A,Official figure,
QCL,Crops and livestock products,143,Morocco,5419,Yield,75,Oats,1967,1967,100 g/ha,8571,A,Official figure,
QCL,Crops and livestock products,143,Morocco,5510,Production,75,Oats,1967,1967,t,12000,A,Official figure,
QCL,Crops and livestock products,143,Morocco,5312,Area harvested,75,Oats,1968,1968,ha,21000,A,Official figure,
QCL,Crops and livestock products,143,Morocco,5419,Yield,75,Oats,1968,1968,100 g/ha,10205,A,Official figure,
QCL,Crops and livestock products,143,Morocco,5510,Production,75,Oats,1968,1968,t,21430,A,Official figure,
QCL,Crops and livestock products,143,Morocco,5312,Area harvested,75,Oats,1969,1969,ha,23000,A,Official figure,
QCL,Crops and livestock products,143,Morocco,5419,Yield,75,Oats,1969,1969,100 g/ha,4696,A,Official figure,
QCL,Crops and livestock products,143,Morocco,5510,Production,75,Oats,1969,1969,t,10800,A,Official figure,
QCL,Crops and livestock products,143,Morocco,5312,Area harvested,75,Oats,1970,1970,ha,19000,A,Official figure,
QCL,Crops and livestock products,143,Morocco,5419,Yield,75,Oats,1970,1970,100 g/ha,6368,A,Official figure,
QCL,Crops and livestock products,143,Morocco,5510,Production,75,Oats,1970,1970,t,12100,A,Official figure,
QCL,Crops and livestock products,143,Morocco,5312,Area harvested,75,Oats,1971,1971,ha,19000,A,Official figure,
QCL,Crops and livestock products,143,Morocco,5419,Yield,75,Oats,1971,1971,100 g/ha,8053,A,Official figure,
QCL,Crops and livestock products,143,Morocco,5510,Production,75,Oats,1971,1971,t,15300,A,Official figure,
QCL,Crops and livestock products,143,Morocco,5312,Area harvested,75,Oats,1972,1972,ha,24200,A,Official figure,
QCL,Crops and livestock products,143,Morocco,5419,Yield,75,Oats,1972,1972,100 g/ha,9760,A,Official figure,
QCL,Crops and livestock products,143,Morocco,5510,Production,75,Oats,1972,1972,t,23620,A,Official figure,
QCL,Crops and livestock products,143,Morocco,5312,Area harvested,75,Oats,1973,1973,ha,20200,A,Official figure,
QCL,Crops and livestock products,143,Morocco,5419,Yield,75,Oats,1973,1973,100 g/ha,6040,A,Official figure,
QCL,Crops and livestock products,143,Morocco,5510,Production,75,Oats,1973,1973,t,12200,A,Official figure,
QCL,Crops and livestock products,143,Morocco,5312,Area harvested,75,Oats,1974,1974,ha,19900,A,Official figure,
QCL,Crops and livestock products,143,Morocco,5419,Yield,75,Oats,1974,1974,100 g/ha,9950,A,Official figure,
QCL,Crops and livestock products,143,Morocco,5510,Production,75,Oats,1974,1974,t,19800,A,Official figure,
QCL,Crops and livestock products,143,Morocco,5312,Area harvested,75,Oats,1975,1975,ha,32300,A,Official figure,
QCL,Crops and livestock products,143,Morocco,5419,Yield,75,Oats,1975,1975,100 g/ha,8854,A,Official figure,
QCL,Crops and livestock products,143,Morocco,5510,Production,75,Oats,1975,1975,t,28600,A,Official figure,
QCL,Crops and livestock products,143,Morocco,5312,Area harvested,75,Oats,1976,1976,ha,30700,A,Official figure,
QCL,Crops and livestock products,143,Morocco,5419,Yield,75,Oats,1976,1976,100 g/ha,11805,A,Official figure,
QCL,Crops and livestock products,143,Morocco,5510,Production,75,Oats,1976,1976,t,36240,A,Official figure,
QCL,Crops and livestock products,143,Morocco,5312,Area harvested,75,Oats,1977,1977,ha,27400,A,Official figure,
QCL,Crops and livestock products,143,Morocco,5419,Yield,75,Oats,1977,1977,100 g/ha,2850,A,Official figure,
QCL,Crops and livestock products,143,Morocco,5510,Production,75,Oats,1977,1977,t,7810,A,Official figure,
QCL,Crops and livestock products,143,Morocco,5312,Area harvested,75,Oats,1978,1978,ha,25700,A,Official figure,
QCL,Crops and livestock products,143,Morocco,5419,Yield,75,Oats,1978,1978,100 g/ha,4409,A,Official figure,
QCL,Crops and livestock products,143,Morocco,5510,Production,75,Oats,1978,1978,t,11330,A,Official figure,
QCL,Crops and livestock products,143,Morocco,5312,Area harvested,75,Oats,1979,1979,ha,14800,A,Official figure,
QCL,Crops and livestock products,143,Morocco,5419,Yield,75,Oats,1979,1979,100 g/ha,4000,A,Official figure,
QCL,Crops and livestock products,143,Morocco,5510,Production,75,Oats,1979,1979,t,5920,A,Official figure,
QCL,Crops and livestock products,143,Morocco,5312,Area harvested,75,Oats,1980,1980,ha,28700,A,Official figure,
QCL,Crops and livestock products,143,Morocco,5419,Yield,75,Oats,1980,1980,100 g/ha,11488,A,Official figure,
QCL,Crops and livestock products,143,Morocco,5510,Production,75,Oats,1980,1980,t,32970,A,Official figure,
QCL,Crops and livestock products,143,Morocco,5312,Area harvested,75,Oats,1981,1981,ha,52200,A,Official figure,
QCL,Crops and livestock products,143,Morocco,5419,Yield,75,Oats,1981,1981,100 g/ha,5226,A,Official figure,
QCL,Crops and livestock products,143,Morocco,5510,Production,75,Oats,1981,1981,t,27280,A,Official figure,
QCL,Crops and livestock products,143,Morocco,5312,Area harvested,75,Oats,1982,1982,ha,68600,A,Official figure,
QCL,Crops and livestock products,143,Morocco,5419,Yield,75,Oats,1982,1982,100 g/ha,10818,A,Official figure,
QCL,Crops and livestock products,143,Morocco,5510,Production,75,Oats,1982,1982,t,74210,A,Official figure,
QCL,Crops and livestock products,143,Morocco,5312,Area harvested,75,Oats,1983,1983,ha,49200,A,Official figure,
QCL,Crops and livestock products,143,Morocco,5419,Yield,75,Oats,1983,1983,100 g/ha,8996,A,Official figure,
QCL,Crops and livestock products,143,Morocco,5510,Production,75,Oats,1983,1983,t,44260,A,Official figure,
QCL,Crops and livestock products,143,Morocco,5312,Area harvested,75,Oats,1984,1984,ha,54700,A,Official figure,
QCL,Crops and livestock products,143,Morocco,5419,Yield,75,Oats,1984,1984,100 g/ha,8069,A,Official figure,
QCL,Crops and livestock products,143,Morocco,5510,Production,75,Oats,1984,1984,t,44140,A,Official figure,
QCL,Crops and livestock products,143,Morocco,5312,Area harvested,75,Oats,1985,1985,ha,46500,A,Official figure,
QCL,Crops and livestock products,143,Morocco,5419,Yield,75,Oats,1985,1985,100 g/ha,7688,A,Official figure,
QCL,Crops and livestock products,143,Morocco,5510,Production,75,Oats,1985,1985,t,35750,A,Official figure,
QCL,Crops and livestock products,143,Morocco,5312,Area harvested,75,Oats,1986,1986,ha,53000,A,Official figure,
QCL,Crops and livestock products,143,Morocco,5419,Yield,75,Oats,1986,1986,100 g/ha,14481,A,Official figure,
QCL,Crops and livestock products,143,Morocco,5510,Production,75,Oats,1986,1986,t,76750,A,Official figure,
QCL,Crops and livestock products,143,Morocco,5312,Area harvested,75,Oats,1987,1987,ha,46700,A,Official figure,
QCL,Crops and livestock products,143,Morocco,5419,Yield,75,Oats,1987,1987,100 g/ha,7079,A,Official figure,
QCL,Crops and livestock products,143,Morocco,5510,Production,75,Oats,1987,1987,t,33060,A,Official figure,
QCL,Crops and livestock products,143,Morocco,5312,Area harvested,75,Oats,1988,1988,ha,53600,A,Official figure,
QCL,Crops and livestock products,143,Morocco,5419,Yield,75,Oats,1988,1988,100 g/ha,10487,A,Official figure,
QCL,Crops and livestock products,143,Morocco,5510,Production,75,Oats,1988,1988,t,56210,A,Official figure,
QCL,Crops and livestock products,143,Morocco,5312,Area harvested,75,Oats,1989,1989,ha,54300,A,Official figure,
QCL,Crops and livestock products,143,Morocco,5419,Yield,75,Oats,1989,1989,100 g/ha,10742,A,Official figure,
QCL,Crops and livestock products,143,Morocco,5510,Production,75,Oats,1989,1989,t,58330,A,Official figure,
QCL,Crops and livestock products,143,Morocco,5312,Area harvested,75,Oats,1990,1990,ha,42600,A,Official figure,
QCL,Crops and livestock products,143,Morocco,5419,Yield,75,Oats,1990,1990,100 g/ha,11089,A,Official figure,
QCL,Crops and livestock products,143,Morocco,5510,Production,75,Oats,1990,1990,t,47240,A,Official figure,
QCL,Crops and livestock products,143,Morocco,5312,Area harvested,75,Oats,1991,1991,ha,54000,A,Official figure,
QCL,Crops and livestock products,143,Morocco,5419,Yield,75,Oats,1991,1991,100 g/ha,14150,A,Official figure,
QCL,Crops and livestock products,143,Morocco,5510,Production,75,Oats,1991,1991,t,76410,A,Official figure,
QCL,Crops and livestock products,143,Morocco,5312,Area harvested,75,Oats,1992,1992,ha,42600,A,Official figure,
QCL,Crops and livestock products,143,Morocco,5419,Yield,75,Oats,1992,1992,100 g/ha,6786,A,Official figure,
QCL,Crops and livestock products,143,Morocco,5510,Production,75,Oats,1992,1992,t,28910,A,Official figure,
QCL,Crops and livestock products,143,Morocco,5312,Area harvested,75,Oats,1993,1993,ha,54000,A,Official figure,
QCL,Crops and livestock products,143,Morocco,5419,Yield,75,Oats,1993,1993,100 g/ha,5950,A,Official figure,
QCL,Crops and livestock products,143,Morocco,5510,Production,75,Oats,1993,1993,t,32130,A,Official figure,
QCL,Crops and livestock products,143,Morocco,5312,Area harvested,75,Oats,1994,1994,ha,68800,A,Official figure,
QCL,Crops and livestock products,143,Morocco,5419,Yield,75,Oats,1994,1994,100 g/ha,12366,A,Official figure,
QCL,Crops and livestock products,143,Morocco,5510,Production,75,Oats,1994,1994,t,85080,A,Official figure,
QCL,Crops and livestock products,143,Morocco,5312,Area harvested,75,Oats,1995,1995,ha,20500,A,Official figure,
QCL,Crops and livestock products,143,Morocco,5419,Yield,75,Oats,1995,1995,100 g/ha,4946,A,Official figure,
QCL,Crops and livestock products,143,Morocco,5510,Production,75,Oats,1995,1995,t,10140,A,Official figure,
QCL,Crops and livestock products,143,Morocco,5312,Area harvested,75,Oats,1996,1996,ha,36000,A,Official figure,
QCL,Crops and livestock products,143,Morocco,5419,Yield,75,Oats,1996,1996,100 g/ha,8933,A,Official figure,
QCL,Crops and livestock products,143,Morocco,5510,Production,75,Oats,1996,1996,t,32160,A,Official figure,
QCL,Crops and livestock products,143,Morocco,5312,Area harvested,75,Oats,1997,1997,ha,37600,A,Official figure,
QCL,Crops and livestock products,143,Morocco,5419,Yield,75,Oats,1997,1997,100 g/ha,6266,A,Official figure,
QCL,Crops and livestock products,143,Morocco,5510,Production,75,Oats,1997,1997,t,23560,A,Official figure,
QCL,Crops and livestock products,143,Morocco,5312,Area harvested,75,Oats,1998,1998,ha,34300,A,Official figure,
QCL,Crops and livestock products,143,Morocco,5419,Yield,75,Oats,1998,1998,100 g/ha,7146,A,Official figure,
QCL,Crops and livestock products,143,Morocco,5510,Production,75,Oats,1998,1998,t,24510,A,Official figure,
QCL,Crops and livestock products,143,Morocco,5312,Area harvested,75,Oats,1999,1999,ha,29900,A,Official figure,
QCL,Crops and livestock products,143,Morocco,5419,Yield,75,Oats,1999,1999,100 g/ha,4736,A,Official figure,
QCL,Crops and livestock products,143,Morocco,5510,Production,75,Oats,1999,1999,t,14160,A,Official figure,
QCL,Crops and livestock products,143,Morocco,5312,Area harvested,75,Oats,2000,2000,ha,19500,A,Official figure,
QCL,Crops and livestock products,143,Morocco,5419,Yield,75,Oats,2000,2000,100 g/ha,2979,A,Official figure,
QCL,Crops and livestock products,143,Morocco,5510,Production,75,Oats,2000,2000,t,5810,A,Official figure,
QCL,Crops and livestock products,143,Morocco,5312,Area harvested,75,Oats,2001,2001,ha,27400,A,Official figure,
QCL,Crops and livestock products,143,Morocco,5419,Yield,75,Oats,2001,2001,100 g/ha,5347,A,Official figure,
QCL,Crops and livestock products,143,Morocco,5510,Production,75,Oats,2001,2001,t,14650,A,Official figure,
QCL,Crops and livestock products,143,Morocco,5312,Area harvested,75,Oats,2002,2002,ha,20000,A,Official figure,
QCL,Crops and livestock products,143,Morocco,5419,Yield,75,Oats,2002,2002,100 g/ha,7105,A,Official figure,
QCL,Crops and livestock products,143,Morocco,5510,Production,75,Oats,2002,2002,t,14210,A,Official figure,
QCL,Crops and livestock products,143,Morocco,5312,Area harvested,75,Oats,2003,2003,ha,22400,A,Official figure,
QCL,Crops and livestock products,143,Morocco,5419,Yield,75,Oats,2003,2003,100 g/ha,7853,A,Official figure,
QCL,Crops and livestock products,143,Morocco,5510,Production,75,Oats,2003,2003,t,17590,A,Official figure,
QCL,Crops and livestock products,143,Morocco,5312,Area harvested,75,Oats,2004,2004,ha,19500,A,Official figure,
QCL,Crops and livestock products,143,Morocco,5419,Yield,75,Oats,2004,2004,100 g/ha,8703,A,Official figure,
QCL,Crops and livestock products,143,Morocco,5510,Production,75,Oats,2004,2004,t,16970,A,Official figure,
QCL,Crops and livestock products,143,Morocco,5312,Area harvested,75,Oats,2005,2005,ha,26300,A,Official figure,
QCL,Crops and livestock products,143,Morocco,5419,Yield,75,Oats,2005,2005,100 g/ha,6133,A,Official figure,
QCL,Crops and livestock products,143,Morocco,5510,Production,75,Oats,2005,2005,t,16130,A,Official figure,
QCL,Crops and livestock products,143,Morocco,5312,Area harvested,75,Oats,2006,2006,ha,17900,A,Official figure,
QCL,Crops and livestock products,143,Morocco,5419,Yield,75,Oats,2006,2006,100 g/ha,9279,A,Official figure,
QCL,Crops and livestock products,143,Morocco,5510,Production,75,Oats,2006,2006,t,16610,A,Official figure,
QCL,Crops and livestock products,143,Morocco,5312,Area harvested,75,Oats,2007,2007,ha,22400,A,Official figure,
QCL,Crops and livestock products,143,Morocco,5419,Yield,75,Oats,2007,2007,100 g/ha,2879,A,Official figure,
QCL,Crops and livestock products,143,Morocco,5510,Production,75,Oats,2007,2007,t,6450,A,Official figure,
QCL,Crops and livestock products,143,Morocco,5312,Area harvested,75,Oats,2008,2008,ha,23100,A,Official figure,
QCL,Crops and livestock products,143,Morocco,5419,Yield,75,Oats,2008,2008,100 g/ha,7113,A,Official figure,
QCL,Crops and livestock products,143,Morocco,5510,Production,75,Oats,2008,2008,t,16430,A,Official figure,
QCL,Crops and livestock products,143,Morocco,5312,Area harvested,75,Oats,2009,2009,ha,25600,A,Official figure,
QCL,Crops and livestock products,143,Morocco,5419,Yield,75,Oats,2009,2009,100 g/ha,9684,A,Official figure,
QCL,Crops and livestock products,143,Morocco,5510,Production,75,Oats,2009,2009,t,24790,A,Official figure,
QCL,Crops and livestock products,143,Morocco,5312,Area harvested,75,Oats,2010,2010,ha,29600,A,Official figure,
QCL,Crops and livestock products,143,Morocco,5419,Yield,75,Oats,2010,2010,100 g/ha,12459,A,Official figure,
QCL,Crops and livestock products,143,Morocco,5510,Production,75,Oats,2010,2010,t,36880,A,Official figure,
QCL,Crops and livestock products,143,Morocco,5312,Area harvested,75,Oats,2011,2011,ha,54230,A,Official figure,
QCL,Crops and livestock products,143,Morocco,5419,Yield,75,Oats,2011,2011,100 g/ha,17651,A,Official figure,
QCL,Crops and livestock products,143,Morocco,5510,Production,75,Oats,2011,2011,t,95720,A,Official figure,
QCL,Crops and livestock products,143,Morocco,5312,Area harvested,75,Oats,2012,2012,ha,47390,A,Official figure,
QCL,Crops and livestock products,143,Morocco,5419,Yield,75,Oats,2012,2012,100 g/ha,11829,A,Official figure,
QCL,Crops and livestock products,143,Morocco,5510,Production,75,Oats,2012,2012,t,56057,A,Official figure,
QCL,Crops and livestock products,143,Morocco,5312,Area harvested,75,Oats,2013,2013,ha,32277,A,Official figure,
QCL,Crops and livestock products,143,Morocco,5419,Yield,75,Oats,2013,2013,100 g/ha,14354,A,Official figure,
QCL,Crops and livestock products,143,Morocco,5510,Production,75,Oats,2013,2013,t,46331.33,A,Official figure,
QCL,Crops and livestock products,143,Morocco,5312,Area harvested,75,Oats,2014,2014,ha,41832,A,Official figure,
QCL,Crops and livestock products,143,Morocco,5419,Yield,75,Oats,2014,2014,100 g/ha,8753,A,Official figure,
QCL,Crops and livestock products,143,Morocco,5510,Production,75,Oats,2014,2014,t,36617.6,A,Official figure,
QCL,Crops and livestock products,143,Morocco,5312,Area harvested,75,Oats,2015,2015,ha,36907,A,Official figure,
QCL,Crops and livestock products,143,Morocco,5419,Yield,75,Oats,2015,2015,100 g/ha,11404,A,Official figure,
QCL,Crops and livestock products,143,Morocco,5510,Production,75,Oats,2015,2015,t,42088.64,A,Official figure,
QCL,Crops and livestock products,143,Morocco,5312,Area harvested,75,Oats,2016,2016,ha,24798,A,Official figure,
QCL,Crops and livestock products,143,Morocco,5419,Yield,75,Oats,2016,2016,100 g/ha,6098,A,Official figure,
QCL,Crops and livestock products,143,Morocco,5510,Production,75,Oats,2016,2016,t,15123,A,Official figure,
QCL,Crops and livestock products,143,Morocco,5312,Area harvested,75,Oats,2017,2017,ha,29813,A,Official figure,
QCL,Crops and livestock products,143,Morocco,5419,Yield,75,Oats,2017,2017,100 g/ha,11708,A,Official figure,
QCL,Crops and livestock products,143,Morocco,5510,Production,75,Oats,2017,2017,t,34906,A,Official figure,
QCL,Crops and livestock products,143,Morocco,5312,Area harvested,75,Oats,2018,2018,ha,12275,A,Official figure,
QCL,Crops and livestock products,143,Morocco,5419,Yield,75,Oats,2018,2018,100 g/ha,17453,A,Official figure,
QCL,Crops and livestock products,143,Morocco,5510,Production,75,Oats,2018,2018,t,21424,A,Official figure,
QCL,Crops and livestock products,143,Morocco,5312,Area harvested,75,Oats,2019,2019,ha,13079,A,Official figure,
QCL,Crops and livestock products,143,Morocco,5419,Yield,75,Oats,2019,2019,100 g/ha,6490,A,Official figure,
QCL,Crops and livestock products,143,Morocco,5510,Production,75,Oats,2019,2019,t,8488.1,A,Official figure,
QCL,Crops and livestock products,143,Morocco,5312,Area harvested,75,Oats,2020,2020,ha,15009,A,Official figure,
QCL,Crops and livestock products,143,Morocco,5419,Yield,75,Oats,2020,2020,100 g/ha,3699,A,Official figure,
QCL,Crops and livestock products,143,Morocco,5510,Production,75,Oats,2020,2020,t,5551.4,A,Official figure,
QCL,Crops and livestock products,143,Morocco,5312,Area harvested,75,Oats,2021,2021,ha,17845,A,Official figure,
QCL,Crops and livestock products,143,Morocco,5419,Yield,75,Oats,2021,2021,100 g/ha,3581,A,Official figure,
QCL,Crops and livestock products,143,Morocco,5510,Production,75,Oats,2021,2021,t,6390,A,Official figure,
QCL,Crops and livestock products,143,Morocco,5312,Area harvested,75,Oats,2022,2022,ha,13040,A,Official figure,
QCL,Crops and livestock products,143,Morocco,5419,Yield,75,Oats,2022,2022,100 g/ha,2868,A,Official figure,
QCL,Crops and livestock products,143,Morocco,5510,Production,75,Oats,2022,2022,t,3740,A,Official figure,
QCL,Crops and livestock products,143,Morocco,5510,Production,334,Oil of linseed,1961,1961,t,466.14,I,Imputed value,
QCL,Crops and livestock products,143,Morocco,5510,Production,334,Oil of linseed,1962,1962,t,786.76,I,Imputed value,
QCL,Crops and livestock products,143,Morocco,5510,Production,334,Oil of linseed,1963,1963,t,924.46,I,Imputed value,
QCL,Crops and livestock products,143,Morocco,5510,Production,334,Oil of linseed,1964,1964,t,2397.27,I,Imputed value,
QCL,Crops and livestock products,143,Morocco,5510,Production,334,Oil of linseed,1965,1965,t,1088,I,Imputed value,
QCL,Crops and livestock products,143,Morocco,5510,Production,334,Oil of linseed,1966,1966,t,947.58,I,Imputed value,
QCL,Crops and livestock products,143,Morocco,5510,Production,334,Oil of linseed,1967,1967,t,151.07,I,Imputed value,
QCL,Crops and livestock products,143,Morocco,5510,Production,334,Oil of linseed,1968,1968,t,2272.15,I,Imputed value,
QCL,Crops and livestock products,143,Morocco,5510,Production,334,Oil of linseed,1969,1969,t,253.13,I,Imputed value,
QCL,Crops and livestock products,143,Morocco,5510,Production,334,Oil of linseed,1970,1970,t,1817.85,I,Imputed value,
QCL,Crops and livestock products,143,Morocco,5510,Production,334,Oil of linseed,1971,1971,t,1280.17,I,Imputed value,
QCL,Crops and livestock products,143,Morocco,5510,Production,334,Oil of linseed,1972,1972,t,1100.68,I,Imputed value,
QCL,Crops and livestock products,143,Morocco,5510,Production,334,Oil of linseed,1973,1973,t,999.33,I,Imputed value,
QCL,Crops and livestock products,143,Morocco,5510,Production,334,Oil of linseed,1974,1974,t,837.15,I,Imputed value,
QCL,Crops and livestock products,143,Morocco,5510,Production,334,Oil of linseed,1975,1975,t,579.9,I,Imputed value,
QCL,Crops and livestock products,143,Morocco,5510,Production,334,Oil of linseed,1976,1976,t,113.39,I,Imputed value,
QCL,Crops and livestock products,143,Morocco,5510,Production,334,Oil of linseed,1977,1977,t,566.87,I,Imputed value,
QCL,Crops and livestock products,143,Morocco,5510,Production,334,Oil of linseed,1978,1978,t,0,A,Official figure,
QCL,Crops and livestock products,143,Morocco,5510,Production,334,Oil of linseed,1979,1979,t,0,A,Official figure,
QCL,Crops and livestock products,143,Morocco,5510,Production,334,Oil of linseed,1980,1980,t,0,A,Official figure,
QCL,Crops and livestock products,143,Morocco,5510,Production,334,Oil of linseed,1981,1981,t,0,A,Official figure,
QCL,Crops and livestock products,143,Morocco,5510,Production,334,Oil of linseed,1982,1982,t,0,A,Official figure,
QCL,Crops and livestock products,143,Morocco,5510,Production,334,Oil of linseed,1983,1983,t,0,A,Official figure,
QCL,Crops and livestock products,143,Morocco,5510,Production,334,Oil of linseed,1984,1984,t,0,A,Official figure,
QCL,Crops and livestock products,143,Morocco,5510,Production,334,Oil of linseed,1985,1985,t,0,A,Official figure,
QCL,Crops and livestock products,143,Morocco,5510,Production,334,Oil of linseed,1986,1986,t,0,A,Official figure,
QCL,Crops and livestock products,143,Morocco,5510,Production,334,Oil of linseed,1987,1987,t,0,A,Official figure,
QCL,Crops and livestock products,143,Morocco,5510,Production,334,Oil of linseed,1988,1988,t,6.27,I,Imputed value,
QCL,Crops and livestock products,143,Morocco,5510,Production,334,Oil of linseed,1989,1989,t,0,A,Official figure,
QCL,Crops and livestock products,143,Morocco,5510,Production,334,Oil of linseed,1990,1990,t,0,A,Official figure,
QCL,Crops and livestock products,143,Morocco,5510,Production,334,Oil of linseed,1991,1991,t,0,A,Official figure,
QCL,Crops and livestock products,143,Morocco,5510,Production,334,Oil of linseed,1992,1992,t,6.6,I,Imputed value,
QCL,Crops and livestock products,143,Morocco,5510,Production,334,Oil of linseed,1993,1993,t,148.41,I,Imputed value,
QCL,Crops and livestock products,143,Morocco,5510,Production,334,Oil of linseed,1994,1994,t,74.2,I,Imputed value,
QCL,Crops and livestock products,143,Morocco,5510,Production,334,Oil of linseed,1995,1995,t,78.82,I,Imputed value,
QCL,Crops and livestock products,143,Morocco,5510,Production,334,Oil of linseed,1996,1996,t,171.17,I,Imputed value,
QCL,Crops and livestock products,143,Morocco,5510,Production,334,Oil of linseed,1997,1997,t,191.28,I,Imputed value,
QCL,Crops and livestock products,143,Morocco,5510,Production,334,Oil of linseed,1998,1998,t,117.08,I,Imputed value,
QCL,Crops and livestock products,143,Morocco,5510,Production,334,Oil of linseed,1999,1999,t,264.5,I,Imputed value,
QCL,Crops and livestock products,143,Morocco,5510,Production,334,Oil of linseed,2000,2000,t,157.3,I,Imputed value,
QCL,Crops and livestock products,143,Morocco,5510,Production,334,Oil of linseed,2001,2001,t,164.9,I,Imputed value,
QCL,Crops and livestock products,143,Morocco,5510,Production,334,Oil of linseed,2002,2002,t,152.36,I,Imputed value,
QCL,Crops and livestock products,143,Morocco,5510,Production,334,Oil of linseed,2003,2003,t,224.92,I,Imputed value,
QCL,Crops and livestock products,143,Morocco,5510,Production,334,Oil of linseed,2004,2004,t,69.26,I,Imputed value,
QCL,Crops and livestock products,143,Morocco,5510,Production,334,Oil of linseed,2005,2005,t,370.04,I,Imputed value,
QCL,Crops and livestock products,143,Morocco,5510,Production,334,Oil of linseed,2006,2006,t,200.52,I,Imputed value,
QCL,Crops and livestock products,143,Morocco,5510,Production,334,Oil of linseed,2007,2007,t,134.89,I,Imputed value,
QCL,Crops and livestock products,143,Morocco,5510,Production,334,Oil of linseed,2008,2008,t,259.84,I,Imputed value,
QCL,Crops and livestock products,143,Morocco,5510,Production,334,Oil of linseed,2009,2009,t,280.66,I,Imputed value,
QCL,Crops and livestock products,143,Morocco,5510,Production,334,Oil of linseed,2010,2010,t,360.13,I,Imputed value,
QCL,Crops and livestock products,143,Morocco,5510,Production,334,Oil of linseed,2011,2011,t,84.75,I,Imputed value,
QCL,Crops and livestock products,143,Morocco,5510,Production,334,Oil of linseed,2012,2012,t,422.14,I,Imputed value,
QCL,Crops and livestock products,143,Morocco,5510,Production,334,Oil of linseed,2013,2013,t,952.13,I,Imputed value,
QCL,Crops and livestock products,143,Morocco,5510,Production,334,Oil of linseed,2014,2014,t,449.76,I,Imputed value,
QCL,Crops and livestock products,143,Morocco,5510,Production,334,Oil of linseed,2015,2015,t,279.54,I,Imputed value,
QCL,Crops and livestock products,143,Morocco,5510,Production,334,Oil of linseed,2016,2016,t,424.2,I,Imputed value,
QCL,Crops and livestock products,143,Morocco,5510,Production,334,Oil of linseed,2017,2017,t,664.72,I,Imputed value,
QCL,Crops and livestock products,143,Morocco,5510,Production,334,Oil of linseed,2018,2018,t,518.31,I,Imputed value,
QCL,Crops and livestock products,143,Morocco,5510,Production,334,Oil of linseed,2019,2019,t,207.63,I,Imputed value,
QCL,Crops and livestock products,143,Morocco,5510,Production,334,Oil of linseed,2020,2020,t,437.39,I,Imputed value,
QCL,Crops and livestock products,143,Morocco,5510,Production,334,Oil of linseed,2021,2021,t,811.7,I,Imputed value,
QCL,Crops and livestock products,143,Morocco,5510,Production,60,Oil of maize,1961,1961,t,0,A,Official figure,
QCL,Crops and livestock products,143,Morocco,5510,Production,60,Oil of maize,1962,1962,t,0,A,Official figure,
QCL,Crops and livestock products,143,Morocco,5510,Production,60,Oil of maize,1963,1963,t,0,A,Official figure,
QCL,Crops and livestock products,143,Morocco,5510,Production,60,Oil of maize,1964,1964,t,0,A,Official figure,
QCL,Crops and livestock products,143,Morocco,5510,Production,60,Oil of maize,1965,1965,t,0,A,Official figure,
QCL,Crops and livestock products,143,Morocco,5510,Production,60,Oil of maize,1966,1966,t,0,A,Official figure,
QCL,Crops and livestock products,143,Morocco,5510,Production,60,Oil of maize,1967,1967,t,0,A,Official figure,
QCL,Crops and livestock products,143,Morocco,5510,Production,60,Oil of maize,1968,1968,t,0,A,Official figure,
QCL,Crops and livestock products,143,Morocco,5510,Production,60,Oil of maize,1969,1969,t,0,A,Official figure,
QCL,Crops and livestock products,143,Morocco,5510,Production,60,Oil of maize,1970,1970,t,0,A,Official figure,
QCL,Crops and livestock products,143,Morocco,5510,Production,60,Oil of maize,1971,1971,t,0,A,Official figure,
QCL,Crops and livestock products,143,Morocco,5510,Production,60,Oil of maize,1972,1972,t,0,A,Official figure,
QCL,Crops and livestock products,143,Morocco,5510,Production,60,Oil of maize,1973,1973,t,0,A,Official figure,
QCL,Crops and livestock products,143,Morocco,5510,Production,60,Oil of maize,1974,1974,t,0,A,Official figure,
QCL,Crops and livestock products,143,Morocco,5510,Production,60,Oil of maize,1975,1975,t,0,A,Official figure,
QCL,Crops and livestock products,143,Morocco,5510,Production,60,Oil of maize,1976,1976,t,337.5,I,Imputed value,
QCL,Crops and livestock products,143,Morocco,5510,Production,60,Oil of maize,1977,1977,t,562.5,I,Imputed value,
QCL,Crops and livestock products,143,Morocco,5510,Production,60,Oil of maize,1978,1978,t,675,I,Imputed value,
QCL,Crops and livestock products,143,Morocco,5510,Production,60,Oil of maize,1979,1979,t,900,I,Imputed value,
QCL,Crops and livestock products,143,Morocco,5510,Production,60,Oil of maize,1980,1980,t,1125,I,Imputed value,
QCL,Crops and livestock products,143,Morocco,5510,Production,60,Oil of maize,1981,1981,t,1350,I,Imputed value,
QCL,Crops and livestock products,143,Morocco,5510,Production,60,Oil of maize,1982,1982,t,1350,I,Imputed value,
QCL,Crops and livestock products,143,Morocco,5510,Production,60,Oil of maize,1983,1983,t,675,I,Imputed value,
QCL,Crops and livestock products,143,Morocco,5510,Production,60,Oil of maize,1984,1984,t,765,I,Imputed value,
QCL,Crops and livestock products,143,Morocco,5510,Production,60,Oil of maize,1985,1985,t,765,I,Imputed value,
QCL,Crops and livestock products,143,Morocco,5510,Production,60,Oil of maize,1986,1986,t,720,I,Imputed value,
QCL,Crops and livestock products,143,Morocco,5510,Production,60,Oil of maize,1987,1987,t,720,I,Imputed value,
QCL,Crops and livestock products,143,Morocco,5510,Production,60,Oil of maize,1988,1988,t,720,I,Imputed value,
QCL,Crops and livestock products,143,Morocco,5510,Production,60,Oil of maize,1989,1989,t,675,I,Imputed value,
QCL,Crops and livestock products,143,Morocco,5510,Production,60,Oil of maize,1990,1990,t,675,I,Imputed value,
QCL,Crops and livestock products,143,Morocco,5510,Production,60,Oil of maize,1991,1991,t,675,I,Imputed value,
QCL,Crops and livestock products,143,Morocco,5510,Production,60,Oil of maize,1992,1992,t,675,I,Imputed value,
QCL,Crops and livestock products,143,Morocco,5510,Production,60,Oil of maize,1993,1993,t,675,I,Imputed value,
QCL,Crops and livestock products,143,Morocco,5510,Production,60,Oil of maize,1994,1994,t,675,I,Imputed value,
QCL,Crops and livestock products,143,Morocco,5510,Production,60,Oil of maize,1995,1995,t,675,I,Imputed value,
QCL,Crops and livestock products,143,Morocco,5510,Production,60,Oil of maize,1996,1996,t,675,I,Imputed value,
QCL,Crops and livestock products,143,Morocco,5510,Production,60,Oil of maize,1997,1997,t,675,I,Imputed value,
QCL,Crops and livestock products,143,Morocco,5510,Production,60,Oil of maize,1998,1998,t,675,I,Imputed value,
QCL,Crops and livestock products,143,Morocco,5510,Production,60,Oil of maize,1999,1999,t,675,I,Imputed value,
QCL,Crops and livestock products,143,Morocco,5510,Production,60,Oil of maize,2000,2000,t,675,I,Imputed value,
QCL,Crops and livestock products,143,Morocco,5510,Production,60,Oil of maize,2001,2001,t,675,I,Imputed value,
QCL,Crops and livestock products,143,Morocco,5510,Production,60,Oil of maize,2002,2002,t,675,I,Imputed value,
QCL,Crops and livestock products,143,Morocco,5510,Production,60,Oil of maize,2003,2003,t,675,I,Imputed value,
QCL,Crops and livestock products,143,Morocco,5510,Production,60,Oil of maize,2004,2004,t,675,I,Imputed value,
QCL,Crops and livestock products,143,Morocco,5510,Production,60,Oil of maize,2005,2005,t,675,I,Imputed value,
QCL,Crops and livestock products,143,Morocco,5510,Production,60,Oil of maize,2006,2006,t,675,I,Imputed value,
QCL,Crops and livestock products,143,Morocco,5510,Production,60,Oil of maize,2007,2007,t,675,I,Imputed value,
QCL,Crops and livestock products,143,Morocco,5510,Production,60,Oil of maize,2008,2008,t,675,I,Imputed value,
QCL,Crops and livestock products,143,Morocco,5510,Production,60,Oil of maize,2009,2009,t,675,I,Imputed value,
QCL,Crops and livestock products,143,Morocco,5510,Production,60,Oil of maize,2010,2010,t,748.57,I,Imputed value,
QCL,Crops and livestock products,143,Morocco,5510,Production,60,Oil of maize,2011,2011,t,607.83,I,Imputed value,
QCL,Crops and livestock products,143,Morocco,5510,Production,60,Oil of maize,2012,2012,t,727.38,I,Imputed value,
QCL,Crops and livestock products,143,Morocco,5510,Production,60,Oil of maize,2013,2013,t,817.19,I,Imputed value,
QCL,Crops and livestock products,143,Morocco,5510,Production,60,Oil of maize,2014,2014,t,753.09,I,Imputed value,
QCL,Crops and livestock products,143,Morocco,5510,Production,60,Oil of maize,2015,2015,t,753.57,I,Imputed value,
QCL,Crops and livestock products,143,Morocco,5510,Production,60,Oil of maize,2016,2016,t,775.89,I,Imputed value,
QCL,Crops and livestock products,143,Morocco,5510,Production,60,Oil of maize,2017,2017,t,851.75,I,Imputed value,
QCL,Crops and livestock products,143,Morocco,5510,Production,60,Oil of maize,2018,2018,t,750.77,I,Imputed value,
QCL,Crops and livestock products,143,Morocco,5510,Production,60,Oil of maize,2019,2019,t,944.04,I,Imputed value,
QCL,Crops and livestock products,143,Morocco,5510,Production,60,Oil of maize,2020,2020,t,981.07,I,Imputed value,
QCL,Crops and livestock products,143,Morocco,5510,Production,60,Oil of maize,2021,2021,t,859.39,I,Imputed value,
QCL,Crops and livestock products,143,Morocco,5510,Production,258,Oil of palm kernel,1961,1961,t,220.95,I,Imputed value,
QCL,Crops and livestock products,143,Morocco,5510,Production,258,Oil of palm kernel,1962,1962,t,283.05,I,Imputed value,
QCL,Crops and livestock products,143,Morocco,5510,Production,258,Oil of palm kernel,1963,1963,t,556.65,I,Imputed value,
QCL,Crops and livestock products,143,Morocco,5510,Production,258,Oil of palm kernel,1964,1964,t,450,I,Imputed value,
QCL,Crops and livestock products,143,Morocco,5510,Production,258,Oil of palm kernel,1965,1965,t,316.35,I,Imputed value,
QCL,Crops and livestock products,143,Morocco,5510,Production,258,Oil of palm kernel,1966,1966,t,1101.15,I,Imputed value,
QCL,Crops and livestock products,143,Morocco,5510,Production,258,Oil of palm kernel,1967,1967,t,732.15,I,Imputed value,
QCL,Crops and livestock products,143,Morocco,5510,Production,258,Oil of palm kernel,1968,1968,t,159.75,I,Imputed value,
QCL,Crops and livestock products,143,Morocco,5510,Production,258,Oil of palm kernel,1969,1969,t,90.45,I,Imputed value,
QCL,Crops and livestock products,143,Morocco,5510,Production,258,Oil of palm kernel,1970,1970,t,289.8,I,Imputed value,
QCL,Crops and livestock products,143,Morocco,5510,Production,258,Oil of palm kernel,1971,1971,t,378.9,I,Imputed value,
QCL,Crops and livestock products,143,Morocco,5510,Production,258,Oil of palm kernel,1972,1972,t,0,A,Official figure,
QCL,Crops and livestock products,143,Morocco,5510,Production,258,Oil of palm kernel,1973,1973,t,0,A,Official figure,
QCL,Crops and livestock products,143,Morocco,5510,Production,258,Oil of palm kernel,1974,1974,t,0,A,Official figure,
QCL,Crops and livestock products,143,Morocco,5510,Production,258,Oil of palm kernel,1975,1975,t,0,A,Official figure,
QCL,Crops and livestock products,143,Morocco,5510,Production,258,Oil of palm kernel,1976,1976,t,0,A,Official figure,
QCL,Crops and livestock products,143,Morocco,5510,Production,258,Oil of palm kernel,1977,1977,t,0,A,Official figure,
QCL,Crops and livestock products,143,Morocco,5510,Production,258,Oil of palm kernel,1978,1978,t,0,A,Official figure,
QCL,Crops and livestock products,143,Morocco,5510,Production,258,Oil of palm kernel,1979,1979,t,0,A,Official figure,
QCL,Crops and livestock products,143,Morocco,5510,Production,258,Oil of palm kernel,1980,1980,t,0,A,Official figure,
QCL,Crops and livestock products,143,Morocco,5510,Production,258,Oil of palm kernel,1981,1981,t,0,A,Official figure,
QCL,Crops and livestock products,143,Morocco,5510,Production,258,Oil of palm kernel,1982,1982,t,0,A,Official figure,
QCL,Crops and livestock products,143,Morocco,5510,Production,258,Oil of palm kernel,1983,1983,t,0,A,Official figure,
QCL,Crops and livestock products,143,Morocco,5510,Production,258,Oil of palm kernel,1984,1984,t,0,A,Official figure,
QCL,Crops and livestock products,143,Morocco,5510,Production,258,Oil of palm kernel,1985,1985,t,0,A,Official figure,
QCL,Crops and livestock products,143,Morocco,5510,Production,258,Oil of palm kernel,1986,1986,t,0,A,Official figure,
QCL,Crops and livestock products,143,Morocco,5510,Production,258,Oil of palm kernel,1987,1987,t,0,A,Official figure,
QCL,Crops and livestock products,143,Morocco,5510,Production,258,Oil of palm kernel,1988,1988,t,0,A,Official figure,
QCL,Crops and livestock products,143,Morocco,5510,Production,258,Oil of palm kernel,1989,1989,t,0,A,Official figure,
QCL,Crops and livestock products,143,Morocco,5510,Production,258,Oil of palm kernel,1990,1990,t,0,A,Official figure,
QCL,Crops and livestock products,143,Morocco,5510,Production,258,Oil of palm kernel,1991,1991,t,0,A,Official figure,
QCL,Crops and livestock products,143,Morocco,5510,Production,258,Oil of palm kernel,1992,1992,t,0,A,Official figure,
QCL,Crops and livestock products,143,Morocco,5510,Production,258,Oil of palm kernel,1993,1993,t,0,I,Imputed value,
QCL,Crops and livestock products,143,Morocco,5510,Production,258,Oil of palm kernel,1994,1994,t,0,I,Imputed value,
QCL,Crops and livestock products,143,Morocco,5510,Production,258,Oil of palm kernel,1995,1995,t,7.65,I,Imputed value,
QCL,Crops and livestock products,143,Morocco,5510,Production,258,Oil of palm kernel,1996,1996,t,0,I,Imputed value,
QCL,Crops and livestock products,143,Morocco,5510,Production,258,Oil of palm kernel,1997,1997,t,0,I,Imputed value,
QCL,Crops and livestock products,143,Morocco,5510,Production,258,Oil of palm kernel,1998,1998,t,1.8,I,Imputed value,
QCL,Crops and livestock products,143,Morocco,5510,Production,258,Oil of palm kernel,1999,1999,t,0,I,Imputed value,
QCL,Crops and livestock products,143,Morocco,5510,Production,258,Oil of palm kernel,2000,2000,t,0,I,Imputed value,
QCL,Crops and livestock products,143,Morocco,5510,Production,258,Oil of palm kernel,2001,2001,t,0,I,Imputed value,
QCL,Crops and livestock products,143,Morocco,5510,Production,258,Oil of palm kernel,2002,2002,t,18,I,Imputed value,
QCL,Crops and livestock products,143,Morocco,5510,Production,258,Oil of palm kernel,2003,2003,t,4.05,I,Imputed value,
QCL,Crops and livestock products,143,Morocco,5510,Production,258,Oil of palm kernel,2004,2004,t,0,I,Imputed value,
QCL,Crops and livestock products,143,Morocco,5510,Production,258,Oil of palm kernel,2005,2005,t,0,I,Imputed value,
QCL,Crops and livestock products,143,Morocco,5510,Production,258,Oil of palm kernel,2006,2006,t,10,E,Estimated value,
QCL,Crops and livestock products,143,Morocco,5510,Production,258,Oil of palm kernel,2007,2007,t,0,E,Estimated value,
QCL,Crops and livestock products,143,Morocco,5510,Production,258,Oil of palm kernel,2008,2008,t,8.55,I,Imputed value,
QCL,Crops and livestock products,143,Morocco,5510,Production,258,Oil of palm kernel,2009,2009,t,0,I,Imputed value,
QCL,Crops and livestock products,143,Morocco,5510,Production,258,Oil of palm kernel,2010,2010,t,0,I,Imputed value,
QCL,Crops and livestock products,143,Morocco,5510,Production,258,Oil of palm kernel,2011,2011,t,0,I,Imputed value,
QCL,Crops and livestock products,143,Morocco,5510,Production,258,Oil of palm kernel,2012,2012,t,0,I,Imputed value,
QCL,Crops and livestock products,143,Morocco,5510,Production,258,Oil of palm kernel,2013,2013,t,0,I,Imputed value,
QCL,Crops and livestock products,143,Morocco,5510,Production,258,Oil of palm kernel,2014,2014,t,0,E,Estimated value,
QCL,Crops and livestock products,143,Morocco,5510,Production,258,Oil of palm kernel,2015,2015,t,0,I,Imputed value,
QCL,Crops and livestock products,143,Morocco,5510,Production,258,Oil of palm kernel,2016,2016,t,0,I,Imputed value,
QCL,Crops and livestock products,143,Morocco,5510,Production,258,Oil of palm kernel,2017,2017,t,0,I,Imputed value,
QCL,Crops and livestock products,143,Morocco,5510,Production,258,Oil of palm kernel,2018,2018,t,0,I,Imputed value,
QCL,Crops and livestock products,143,Morocco,5510,Production,261,Olive oil,1961,1961,t,13900,E,Estimated value,
QCL,Crops and livestock products,143,Morocco,5510,Production,261,Olive oil,1962,1962,t,14400,E,Estimated value,
QCL,Crops and livestock products,143,Morocco,5510,Production,261,Olive oil,1963,1963,t,20500,E,Estimated value,
QCL,Crops and livestock products,143,Morocco,5510,Production,261,Olive oil,1964,1964,t,16900,E,Estimated value,
QCL,Crops and livestock products,143,Morocco,5510,Production,261,Olive oil,1965,1965,t,28600,E,Estimated value,
QCL,Crops and livestock products,143,Morocco,5510,Production,261,Olive oil,1966,1966,t,28600,X,Figure from international organizations,Unofficial figure
QCL,Crops and livestock products,143,Morocco,5510,Production,261,Olive oil,1967,1967,t,13700,X,Figure from international organizations,Unofficial figure
QCL,Crops and livestock products,143,Morocco,5510,Production,261,Olive oil,1968,1968,t,63500,X,Figure from international organizations,Unofficial figure
QCL,Crops and livestock products,143,Morocco,5510,Production,261,Olive oil,1969,1969,t,37300,X,Figure from international organizations,Unofficial figure
QCL,Crops and livestock products,143,Morocco,5510,Production,261,Olive oil,1970,1970,t,12300,X,Figure from international organizations,Unofficial figure
QCL,Crops and livestock products,143,Morocco,5510,Production,261,Olive oil,1971,1971,t,61900,X,Figure from international organizations,Unofficial figure
QCL,Crops and livestock products,143,Morocco,5510,Production,261,Olive oil,1972,1972,t,18300,X,Figure from international organizations,Unofficial figure
QCL,Crops and livestock products,143,Morocco,5510,Production,261,Olive oil,1973,1973,t,27200,X,Figure from international organizations,Unofficial figure
QCL,Crops and livestock products,143,Morocco,5510,Production,261,Olive oil,1974,1974,t,24500,X,Figure from international organizations,Unofficial figure
QCL,Crops and livestock products,143,Morocco,5510,Production,261,Olive oil,1975,1975,t,38000,X,Figure from international organizations,Unofficial figure
QCL,Crops and livestock products,143,Morocco,5510,Production,261,Olive oil,1976,1976,t,35000,X,Figure from international organizations,Unofficial figure
QCL,Crops and livestock products,143,Morocco,5510,Production,261,Olive oil,1977,1977,t,15000,X,Figure from international organizations,Unofficial figure
QCL,Crops and livestock products,143,Morocco,5510,Production,261,Olive oil,1978,1978,t,20000,X,Figure from international organizations,Unofficial figure
QCL,Crops and livestock products,143,Morocco,5510,Production,261,Olive oil,1979,1979,t,35000,X,Figure from international organizations,Unofficial figure
QCL,Crops and livestock products,143,Morocco,5510,Production,261,Olive oil,1980,1980,t,22000,X,Figure from international organizations,Unofficial figure
QCL,Crops and livestock products,143,Morocco,5510,Production,261,Olive oil,1981,1981,t,18000,X,Figure from international organizations,Unofficial figure
QCL,Crops and livestock products,143,Morocco,5510,Production,261,Olive oil,1982,1982,t,45000,X,Figure from international organizations,Unofficial figure
QCL,Crops and livestock products,143,Morocco,5510,Production,261,Olive oil,1983,1983,t,23000,A,Official figure,
QCL,Crops and livestock products,143,Morocco,5510,Production,261,Olive oil,1984,1984,t,27000,X,Figure from international organizations,Unofficial figure
QCL,Crops and livestock products,143,Morocco,5510,Production,261,Olive oil,1985,1985,t,40000,A,Official figure,
QCL,Crops and livestock products,143,Morocco,5510,Production,261,Olive oil,1986,1986,t,35000,X,Figure from international organizations,Unofficial figure
QCL,Crops and livestock products,143,Morocco,5510,Production,261,Olive oil,1987,1987,t,38000,A,Official figure,
QCL,Crops and livestock products,143,Morocco,5510,Production,261,Olive oil,1988,1988,t,38000,A,Official figure,
QCL,Crops and livestock products,143,Morocco,5510,Production,261,Olive oil,1989,1989,t,65000,A,Official figure,
QCL,Crops and livestock products,143,Morocco,5510,Production,261,Olive oil,1990,1990,t,75000,A,Official figure,
QCL,Crops and livestock products,143,Morocco,5510,Production,261,Olive oil,1991,1991,t,55000,A,Official figure,
QCL,Crops and livestock products,143,Morocco,5510,Production,261,Olive oil,1992,1992,t,38000,A,Official figure,
QCL,Crops and livestock products,143,Morocco,5510,Production,261,Olive oil,1993,1993,t,40000,A,Official figure,
QCL,Crops and livestock products,143,Morocco,5510,Production,261,Olive oil,1994,1994,t,45000,A,Official figure,
QCL,Crops and livestock products,143,Morocco,5510,Production,261,Olive oil,1995,1995,t,35000,A,Official figure,
QCL,Crops and livestock products,143,Morocco,5510,Production,261,Olive oil,1996,1996,t,80000,A,Official figure,
QCL,Crops and livestock products,143,Morocco,5510,Production,261,Olive oil,1997,1997,t,50000,A,Official figure,
QCL,Crops and livestock products,143,Morocco,5510,Production,261,Olive oil,1998,1998,t,60000,A,Official figure,
QCL,Crops and livestock products,143,Morocco,5510,Production,261,Olive oil,1999,1999,t,65000,A,Official figure,
QCL,Crops and livestock products,143,Morocco,5510,Production,261,Olive oil,2000,2000,t,40000,A,Official figure,
QCL,Crops and livestock products,143,Morocco,5510,Production,261,Olive oil,2001,2001,t,35000,A,Official figure,
QCL,Crops and livestock products,143,Morocco,5510,Production,261,Olive oil,2002,2002,t,60000,A,Official figure,
QCL,Crops and livestock products,143,Morocco,5510,Production,261,Olive oil,2003,2003,t,45000,A,Official figure,
QCL,Crops and livestock products,143,Morocco,5510,Production,261,Olive oil,2004,2004,t,100000,A,Official figure,
QCL,Crops and livestock products,143,Morocco,5510,Production,261,Olive oil,2005,2005,t,50000,A,Official figure,
QCL,Crops and livestock products,143,Morocco,5510,Production,261,Olive oil,2006,2006,t,75000,A,Official figure,
QCL,Crops and livestock products,143,Morocco,5510,Production,261,Olive oil,2007,2007,t,75000,A,Official figure,
QCL,Crops and livestock products,143,Morocco,5510,Production,261,Olive oil,2008,2008,t,75000,A,Official figure,
QCL,Crops and livestock products,143,Morocco,5510,Production,261,Olive oil,2009,2009,t,111600,X,Figure from international organizations,Unofficial figure
QCL,Crops and livestock products,143,Morocco,5510,Production,261,Olive oil,2010,2010,t,146700,X,Figure from international organizations,Unofficial figure
QCL,Crops and livestock products,143,Morocco,5510,Production,261,Olive oil,2011,2011,t,133500,X,Figure from international organizations,Unofficial figure
QCL,Crops and livestock products,143,Morocco,5510,Production,261,Olive oil,2012,2012,t,120100,X,Figure from international organizations,Unofficial figure
QCL,Crops and livestock products,143,Morocco,5510,Production,261,Olive oil,2013,2013,t,117900,X,Figure from international organizations,Unofficial figure
QCL,Crops and livestock products,143,Morocco,5510,Production,261,Olive oil,2014,2014,t,137400,X,Figure from international organizations,Unofficial figure
QCL,Crops and livestock products,143,Morocco,5510,Production,261,Olive oil,2015,2015,t,135300,X,Figure from international organizations,Unofficial figure
QCL,Crops and livestock products,143,Morocco,5510,Production,261,Olive oil,2016,2016,t,134700,X,Figure from international organizations,Unofficial figure
QCL,Crops and livestock products,143,Morocco,5510,Production,261,Olive oil,2017,2017,t,130600,X,Figure from international organizations,Unofficial figure
QCL,Crops and livestock products,143,Morocco,5510,Production,261,Olive oil,2018,2018,t,178400,X,Figure from international organizations,Unofficial figure
QCL,Crops and livestock products,143,Morocco,5510,Production,261,Olive oil,2019,2019,t,204200,X,Figure from international organizations,Unofficial figure
QCL,Crops and livestock products,143,Morocco,5510,Production,261,Olive oil,2020,2020,t,164600,X,Figure from international organizations,Unofficial figure
QCL,Crops and livestock products,143,Morocco,5510,Production,261,Olive oil,2021,2021,t,194900,X,Figure from international organizations,Unofficial figure
QCL,Crops and livestock products,143,Morocco,5312,Area harvested,260,Olives,1961,1961,ha,155000,E,Estimated value,
QCL,Crops and livestock products,143,Morocco,5419,Yield,260,Olives,1961,1961,100 g/ha,9006,E,Estimated value,
QCL,Crops and livestock products,143,Morocco,5510,Production,260,Olives,1961,1961,t,139600,A,Official figure,
QCL,Crops and livestock products,143,Morocco,5312,Area harvested,260,Olives,1962,1962,ha,160000,E,Estimated value,
QCL,Crops and livestock products,143,Morocco,5419,Yield,260,Olives,1962,1962,100 g/ha,9063,E,Estimated value,
QCL,Crops and livestock products,143,Morocco,5510,Production,260,Olives,1962,1962,t,145000,A,Official figure,
QCL,Crops and livestock products,143,Morocco,5312,Area harvested,260,Olives,1963,1963,ha,230000,E,Estimated value,
QCL,Crops and livestock products,143,Morocco,5419,Yield,260,Olives,1963,1963,100 g/ha,8696,E,Estimated value,
QCL,Crops and livestock products,143,Morocco,5510,Production,260,Olives,1963,1963,t,200000,A,Official figure,
QCL,Crops and livestock products,143,Morocco,5312,Area harvested,260,Olives,1964,1964,ha,200000,E,Estimated value,
QCL,Crops and livestock products,143,Morocco,5419,Yield,260,Olives,1964,1964,100 g/ha,8850,E,Estimated value,
QCL,Crops and livestock products,143,Morocco,5510,Production,260,Olives,1964,1964,t,177000,A,Official figure,
QCL,Crops and livestock products,143,Morocco,5312,Area harvested,260,Olives,1965,1965,ha,300000,E,Estimated value,
QCL,Crops and livestock products,143,Morocco,5419,Yield,260,Olives,1965,1965,100 g/ha,8903,E,Estimated value,
QCL,Crops and livestock products,143,Morocco,5510,Production,260,Olives,1965,1965,t,267100,A,Official figure,
QCL,Crops and livestock products,143,Morocco,5312,Area harvested,260,Olives,1966,1966,ha,270000,E,Estimated value,
QCL,Crops and livestock products,143,Morocco,5419,Yield,260,Olives,1966,1966,100 g/ha,8889,E,Estimated value,
QCL,Crops and livestock products,143,Morocco,5510,Production,260,Olives,1966,1966,t,240000,A,Official figure,
QCL,Crops and livestock products,143,Morocco,5312,Area harvested,260,Olives,1967,1967,ha,170000,E,Estimated value,
QCL,Crops and livestock products,143,Morocco,5419,Yield,260,Olives,1967,1967,100 g/ha,8941,E,Estimated value,
QCL,Crops and livestock products,143,Morocco,5510,Production,260,Olives,1967,1967,t,152000,A,Official figure,
QCL,Crops and livestock products,143,Morocco,5312,Area harvested,260,Olives,1968,1968,ha,550000,E,Estimated value,
QCL,Crops and livestock products,143,Morocco,5419,Yield,260,Olives,1968,1968,100 g/ha,8927,E,Estimated value,
QCL,Crops and livestock products,143,Morocco,5510,Production,260,Olives,1968,1968,t,491000,A,Official figure,
QCL,Crops and livestock products,143,Morocco,5312,Area harvested,260,Olives,1969,1969,ha,350000,E,Estimated value,
QCL,Crops and livestock products,143,Morocco,5419,Yield,260,Olives,1969,1969,100 g/ha,9143,E,Estimated value,
QCL,Crops and livestock products,143,Morocco,5510,Production,260,Olives,1969,1969,t,320000,A,Official figure,
QCL,Crops and livestock products,143,Morocco,5312,Area harvested,260,Olives,1970,1970,ha,180000,E,Estimated value,
QCL,Crops and livestock products,143,Morocco,5419,Yield,260,Olives,1970,1970,100 g/ha,8889,E,Estimated value,
QCL,Crops and livestock products,143,Morocco,5510,Production,260,Olives,1970,1970,t,160000,A,Official figure,
QCL,Crops and livestock products,143,Morocco,5312,Area harvested,260,Olives,1971,1971,ha,560000,E,Estimated value,
QCL,Crops and livestock products,143,Morocco,5419,Yield,260,Olives,1971,1971,100 g/ha,9036,E,Estimated value,
QCL,Crops and livestock products,143,Morocco,5510,Production,260,Olives,1971,1971,t,506000,A,Official figure,
QCL,Crops and livestock products,143,Morocco,5312,Area harvested,260,Olives,1972,1972,ha,220000,E,Estimated value,
QCL,Crops and livestock products,143,Morocco,5419,Yield,260,Olives,1972,1972,100 g/ha,8864,E,Estimated value,
QCL,Crops and livestock products,143,Morocco,5510,Production,260,Olives,1972,1972,t,195000,A,Official figure,
QCL,Crops and livestock products,143,Morocco,5312,Area harvested,260,Olives,1973,1973,ha,280000,E,Estimated value,
QCL,Crops and livestock products,143,Morocco,5419,Yield,260,Olives,1973,1973,100 g/ha,9096,E,Estimated value,
QCL,Crops and livestock products,143,Morocco,5510,Production,260,Olives,1973,1973,t,254700,A,Official figure,
QCL,Crops and livestock products,143,Morocco,5312,Area harvested,260,Olives,1974,1974,ha,294700,A,Official figure,
QCL,Crops and livestock products,143,Morocco,5419,Yield,260,Olives,1974,1974,100 g/ha,7428,A,Official figure,
QCL,Crops and livestock products,143,Morocco,5510,Production,260,Olives,1974,1974,t,218900,A,Official figure,
QCL,Crops and livestock products,143,Morocco,5312,Area harvested,260,Olives,1975,1975,ha,314400,A,Official figure,
QCL,Crops and livestock products,143,Morocco,5419,Yield,260,Olives,1975,1975,100 g/ha,9930,A,Official figure,
QCL,Crops and livestock products,143,Morocco,5510,Production,260,Olives,1975,1975,t,312200,A,Official figure,
QCL,Crops and livestock products,143,Morocco,5312,Area harvested,260,Olives,1976,1976,ha,340000,E,Estimated value,
QCL,Crops and livestock products,143,Morocco,5419,Yield,260,Olives,1976,1976,100 g/ha,8941,E,Estimated value,
QCL,Crops and livestock products,143,Morocco,5510,Production,260,Olives,1976,1976,t,304000,A,Official figure,
QCL,Crops and livestock products,143,Morocco,5312,Area harvested,260,Olives,1977,1977,ha,200000,E,Estimated value,
QCL,Crops and livestock products,143,Morocco,5419,Yield,260,Olives,1977,1977,100 g/ha,9000,E,Estimated value,
QCL,Crops and livestock products,143,Morocco,5510,Production,260,Olives,1977,1977,t,180000,X,Figure from international organizations,Unofficial figure
QCL,Crops and livestock products,143,Morocco,5312,Area harvested,260,Olives,1978,1978,ha,220000,E,Estimated value,
QCL,Crops and livestock products,143,Morocco,5419,Yield,260,Olives,1978,1978,100 g/ha,9091,E,Estimated value,
QCL,Crops and livestock products,143,Morocco,5510,Production,260,Olives,1978,1978,t,200000,X,Figure from international organizations,Unofficial figure
QCL,Crops and livestock products,143,Morocco,5312,Area harvested,260,Olives,1979,1979,ha,430000,E,Estimated value,
QCL,Crops and livestock products,143,Morocco,5419,Yield,260,Olives,1979,1979,100 g/ha,9070,E,Estimated value,
QCL,Crops and livestock products,143,Morocco,5510,Production,260,Olives,1979,1979,t,390000,X,Figure from international organizations,Unofficial figure
QCL,Crops and livestock products,143,Morocco,5312,Area harvested,260,Olives,1980,1980,ha,300000,E,Estimated value,
QCL,Crops and livestock products,143,Morocco,5419,Yield,260,Olives,1980,1980,100 g/ha,8900,E,Estimated value,
QCL,Crops and livestock products,143,Morocco,5510,Production,260,Olives,1980,1980,t,267000,E,Estimated value,
QCL,Crops and livestock products,143,Morocco,5312,Area harvested,260,Olives,1981,1981,ha,242100,A,Official figure,
QCL,Crops and livestock products,143,Morocco,5419,Yield,260,Olives,1981,1981,100 g/ha,8261,E,Estimated value,
QCL,Crops and livestock products,143,Morocco,5510,Production,260,Olives,1981,1981,t,200000,E,Estimated value,
QCL,Crops and livestock products,143,Morocco,5312,Area harvested,260,Olives,1982,1982,ha,259700,A,Official figure,
QCL,Crops and livestock products,143,Morocco,5419,Yield,260,Olives,1982,1982,100 g/ha,16671,A,Official figure,
QCL,Crops and livestock products,143,Morocco,5510,Production,260,Olives,1982,1982,t,432950,A,Official figure,
QCL,Crops and livestock products,143,Morocco,5312,Area harvested,260,Olives,1983,1983,ha,281900,A,Official figure,
QCL,Crops and livestock products,143,Morocco,5419,Yield,260,Olives,1983,1983,100 g/ha,9716,A,Official figure,
QCL,Crops and livestock products,143,Morocco,5510,Production,260,Olives,1983,1983,t,273900,A,Official figure,
QCL,Crops and livestock products,143,Morocco,5312,Area harvested,260,Olives,1984,1984,ha,286600,A,Official figure,
QCL,Crops and livestock products,143,Morocco,5419,Yield,260,Olives,1984,1984,100 g/ha,11399,A,Official figure,
QCL,Crops and livestock products,143,Morocco,5510,Production,260,Olives,1984,1984,t,326700,A,Official figure,
QCL,Crops and livestock products,143,Morocco,5312,Area harvested,260,Olives,1985,1985,ha,293200,A,Official figure,
QCL,Crops and livestock products,143,Morocco,5419,Yield,260,Olives,1985,1985,100 g/ha,12551,A,Official figure,
QCL,Crops and livestock products,143,Morocco,5510,Production,260,Olives,1985,1985,t,368000,A,Official figure,
QCL,Crops and livestock products,143,Morocco,5312,Area harvested,260,Olives,1986,1986,ha,301500,A,Official figure,
QCL,Crops and livestock products,143,Morocco,5419,Yield,260,Olives,1986,1986,100 g/ha,13267,A,Official figure,
QCL,Crops and livestock products,143,Morocco,5510,Production,260,Olives,1986,1986,t,400000,A,Official figure,
QCL,Crops and livestock products,143,Morocco,5312,Area harvested,260,Olives,1987,1987,ha,274200,A,Official figure,
QCL,Crops and livestock products,143,Morocco,5419,Yield,260,Olives,1987,1987,100 g/ha,16556,A,Official figure,
QCL,Crops and livestock products,143,Morocco,5510,Production,260,Olives,1987,1987,t,453960,A,Official figure,
QCL,Crops and livestock products,143,Morocco,5312,Area harvested,260,Olives,1988,1988,ha,331900,A,Official figure,
QCL,Crops and livestock products,143,Morocco,5419,Yield,260,Olives,1988,1988,100 g/ha,10455,A,Official figure,
QCL,Crops and livestock products,143,Morocco,5510,Production,260,Olives,1988,1988,t,347000,A,Official figure,
QCL,Crops and livestock products,143,Morocco,5312,Area harvested,260,Olives,1989,1989,ha,360300,A,Official figure,
QCL,Crops and livestock products,143,Morocco,5419,Yield,260,Olives,1989,1989,100 g/ha,18041,A,Official figure,
QCL,Crops and livestock products,143,Morocco,5510,Production,260,Olives,1989,1989,t,650000,A,Official figure,
QCL,Crops and livestock products,143,Morocco,5312,Area harvested,260,Olives,1990,1990,ha,365000,A,Official figure,
QCL,Crops and livestock products,143,Morocco,5419,Yield,260,Olives,1990,1990,100 g/ha,10849,A,Official figure,
QCL,Crops and livestock products,143,Morocco,5510,Production,260,Olives,1990,1990,t,396000,A,Official figure,
QCL,Crops and livestock products,143,Morocco,5312,Area harvested,260,Olives,1991,1991,ha,360000,A,Official figure,
QCL,Crops and livestock products,143,Morocco,5419,Yield,260,Olives,1991,1991,100 g/ha,15278,A,Official figure,
QCL,Crops and livestock products,143,Morocco,5510,Production,260,Olives,1991,1991,t,550000,A,Official figure,
QCL,Crops and livestock products,143,Morocco,5312,Area harvested,260,Olives,1992,1992,ha,395000,A,Official figure,
QCL,Crops and livestock products,143,Morocco,5419,Yield,260,Olives,1992,1992,100 g/ha,9620,A,Official figure,
QCL,Crops and livestock products,143,Morocco,5510,Production,260,Olives,1992,1992,t,380000,A,Official figure,
QCL,Crops and livestock products,143,Morocco,5312,Area harvested,260,Olives,1993,1993,ha,412000,A,Official figure,
QCL,Crops and livestock products,143,Morocco,5419,Yield,260,Olives,1993,1993,100 g/ha,10146,A,Official figure,
QCL,Crops and livestock products,143,Morocco,5510,Production,260,Olives,1993,1993,t,418000,A,Official figure,
QCL,Crops and livestock products,143,Morocco,5312,Area harvested,260,Olives,1994,1994,ha,430000,A,Official figure,
QCL,Crops and livestock products,143,Morocco,5419,Yield,260,Olives,1994,1994,100 g/ha,11628,A,Official figure,
QCL,Crops and livestock products,143,Morocco,5510,Production,260,Olives,1994,1994,t,500000,A,Official figure,
QCL,Crops and livestock products,143,Morocco,5312,Area harvested,260,Olives,1995,1995,ha,415200,A,Official figure,
QCL,Crops and livestock products,143,Morocco,5419,Yield,260,Olives,1995,1995,100 g/ha,10510,A,Official figure,
QCL,Crops and livestock products,143,Morocco,5510,Production,260,Olives,1995,1995,t,436360,A,Official figure,
QCL,Crops and livestock products,143,Morocco,5312,Area harvested,260,Olives,1996,1996,ha,418800,A,Official figure,
QCL,Crops and livestock products,143,Morocco,5419,Yield,260,Olives,1996,1996,100 g/ha,21688,A,Official figure,
QCL,Crops and livestock products,143,Morocco,5510,Production,260,Olives,1996,1996,t,908300,A,Official figure,
QCL,Crops and livestock products,143,Morocco,5312,Area harvested,260,Olives,1997,1997,ha,426600,A,Official figure,
QCL,Crops and livestock products,143,Morocco,5419,Yield,260,Olives,1997,1997,100 g/ha,12133,A,Official figure,
QCL,Crops and livestock products,143,Morocco,5510,Production,260,Olives,1997,1997,t,517600,A,Official figure,
QCL,Crops and livestock products,143,Morocco,5312,Area harvested,260,Olives,1998,1998,ha,520000,A,Official figure,
QCL,Crops and livestock products,143,Morocco,5419,Yield,260,Olives,1998,1998,100 g/ha,13626,A,Official figure,
QCL,Crops and livestock products,143,Morocco,5510,Production,260,Olives,1998,1998,t,708550,A,Official figure,
QCL,Crops and livestock products,143,Morocco,5312,Area harvested,260,Olives,1999,1999,ha,520000,A,Official figure,
QCL,Crops and livestock products,143,Morocco,5419,Yield,260,Olives,1999,1999,100 g/ha,9149,A,Official figure,
QCL,Crops and livestock products,143,Morocco,5510,Production,260,Olives,1999,1999,t,475750,A,Official figure,
QCL,Crops and livestock products,143,Morocco,5312,Area harvested,260,Olives,2000,2000,ha,540000,A,Official figure,
QCL,Crops and livestock products,143,Morocco,5419,Yield,260,Olives,2000,2000,100 g/ha,7407,A,Official figure,
QCL,Crops and livestock products,143,Morocco,5510,Production,260,Olives,2000,2000,t,400000,A,Official figure,
QCL,Crops and livestock products,143,Morocco,5312,Area harvested,260,Olives,2001,2001,ha,550000,A,Official figure,
QCL,Crops and livestock products,143,Morocco,5419,Yield,260,Olives,2001,2001,100 g/ha,7636,A,Official figure,
QCL,Crops and livestock products,143,Morocco,5510,Production,260,Olives,2001,2001,t,420000,A,Official figure,
QCL,Crops and livestock products,143,Morocco,5312,Area harvested,260,Olives,2002,2002,ha,477300,A,Official figure,
QCL,Crops and livestock products,143,Morocco,5419,Yield,260,Olives,2002,2002,100 g/ha,9537,A,Official figure,
QCL,Crops and livestock products,143,Morocco,5510,Production,260,Olives,2002,2002,t,455200,A,Official figure,
QCL,Crops and livestock products,143,Morocco,5312,Area harvested,260,Olives,2003,2003,ha,481000,A,Official figure,
QCL,Crops and livestock products,143,Morocco,5419,Yield,260,Olives,2003,2003,100 g/ha,17258,A,Official figure,
QCL,Crops and livestock products,143,Morocco,5510,Production,260,Olives,2003,2003,t,830100,A,Official figure,
QCL,Crops and livestock products,143,Morocco,5312,Area harvested,260,Olives,2004,2004,ha,590000,A,Official figure,
QCL,Crops and livestock products,143,Morocco,5419,Yield,260,Olives,2004,2004,100 g/ha,8475,A,Official figure,
QCL,Crops and livestock products,143,Morocco,5510,Production,260,Olives,2004,2004,t,500000,A,Official figure,
QCL,Crops and livestock products,143,Morocco,5312,Area harvested,260,Olives,2005,2005,ha,600000,A,Official figure,
QCL,Crops and livestock products,143,Morocco,5419,Yield,260,Olives,2005,2005,100 g/ha,12500,A,Official figure,
QCL,Crops and livestock products,143,Morocco,5510,Production,260,Olives,2005,2005,t,750000,A,Official figure,
QCL,Crops and livestock products,143,Morocco,5312,Area harvested,260,Olives,2006,2006,ha,522800,A,Official figure,
QCL,Crops and livestock products,143,Morocco,5419,Yield,260,Olives,2006,2006,100 g/ha,12074,A,Official figure,
QCL,Crops and livestock products,143,Morocco,5510,Production,260,Olives,2006,2006,t,631210,A,Official figure,
QCL,Crops and livestock products,143,Morocco,5312,Area harvested,260,Olives,2007,2007,ha,530900,A,Official figure,
QCL,Crops and livestock products,143,Morocco,5419,Yield,260,Olives,2007,2007,100 g/ha,12415,A,Official figure,
QCL,Crops and livestock products,143,Morocco,5510,Production,260,Olives,2007,2007,t,659100,A,Official figure,
QCL,Crops and livestock products,143,Morocco,5312,Area harvested,260,Olives,2008,2008,ha,547600,A,Official figure,
QCL,Crops and livestock products,143,Morocco,5419,Yield,260,Olives,2008,2008,100 g/ha,13977,A,Official figure,
QCL,Crops and livestock products,143,Morocco,5510,Production,260,Olives,2008,2008,t,765380,A,Official figure,
QCL,Crops and livestock products,143,Morocco,5312,Area harvested,260,Olives,2009,2009,ha,665400,A,Official figure,
QCL,Crops and livestock products,143,Morocco,5419,Yield,260,Olives,2009,2009,100 g/ha,12774,A,Official figure,
QCL,Crops and livestock products,143,Morocco,5510,Production,260,Olives,2009,2009,t,850000,A,Official figure,
QCL,Crops and livestock products,143,Morocco,5312,Area harvested,260,Olives,2010,2010,ha,830481,A,Official figure,
QCL,Crops and livestock products,143,Morocco,5419,Yield,260,Olives,2010,2010,100 g/ha,18140,A,Official figure,
QCL,Crops and livestock products,143,Morocco,5510,Production,260,Olives,2010,2010,t,1506473,A,Official figure,
QCL,Crops and livestock products,143,Morocco,5312,Area harvested,260,Olives,2011,2011,ha,900743,A,Official figure,
QCL,Crops and livestock products,143,Morocco,5419,Yield,260,Olives,2011,2011,100 g/ha,15719,A,Official figure,
QCL,Crops and livestock products,143,Morocco,5510,Production,260,Olives,2011,2011,t,1415902,A,Official figure,
QCL,Crops and livestock products,143,Morocco,5312,Area harvested,260,Olives,2012,2012,ha,968123,A,Official figure,
QCL,Crops and livestock products,143,Morocco,5419,Yield,260,Olives,2012,2012,100 g/ha,13591,A,Official figure,
QCL,Crops and livestock products,143,Morocco,5510,Production,260,Olives,2012,2012,t,1315794,A,Official figure,
QCL,Crops and livestock products,143,Morocco,5312,Area harvested,260,Olives,2013,2013,ha,922235,A,Official figure,
QCL,Crops and livestock products,143,Morocco,5419,Yield,260,Olives,2013,2013,100 g/ha,12813,A,Official figure,
QCL,Crops and livestock products,143,Morocco,5510,Production,260,Olives,2013,2013,t,1181675.91,A,Official figure,
QCL,Crops and livestock products,143,Morocco,5312,Area harvested,260,Olives,2014,2014,ha,946818,A,Official figure,
QCL,Crops and livestock products,143,Morocco,5419,Yield,260,Olives,2014,2014,100 g/ha,16616,A,Official figure,
QCL,Crops and livestock products,143,Morocco,5510,Production,260,Olives,2014,2014,t,1573206.49,A,Official figure,
QCL,Crops and livestock products,143,Morocco,5312,Area harvested,260,Olives,2015,2015,ha,1006491,A,Official figure,
QCL,Crops and livestock products,143,Morocco,5419,Yield,260,Olives,2015,2015,100 g/ha,11369,A,Official figure,
QCL,Crops and livestock products,143,Morocco,5510,Production,260,Olives,2015,2015,t,1144237.93,A,Official figure,
QCL,Crops and livestock products,143,Morocco,5312,Area harvested,260,Olives,2016,2016,ha,1008365,A,Official figure,
QCL,Crops and livestock products,143,Morocco,5419,Yield,260,Olives,2016,2016,100 g/ha,14044,A,Official figure,
QCL,Crops and livestock products,143,Morocco,5510,Production,260,Olives,2016,2016,t,1416106.53,A,Official figure,
QCL,Crops and livestock products,143,Morocco,5312,Area harvested,260,Olives,2017,2017,ha,1020569,A,Official figure,
QCL,Crops and livestock products,143,Morocco,5419,Yield,260,Olives,2017,2017,100 g/ha,10182,A,Official figure,
QCL,Crops and livestock products,143,Morocco,5510,Production,260,Olives,2017,2017,t,1039116.84,A,Official figure,
QCL,Crops and livestock products,143,Morocco,5312,Area harvested,260,Olives,2018,2018,ha,1045186,A,Official figure,
QCL,Crops and livestock products,143,Morocco,5419,Yield,260,Olives,2018,2018,100 g/ha,14940,A,Official figure,
QCL,Crops and livestock products,143,Morocco,5510,Production,260,Olives,2018,2018,t,1561465.2,A,Official figure,
QCL,Crops and livestock products,143,Morocco,5312,Area harvested,260,Olives,2019,2019,ha,1073493,A,Official figure,
QCL,Crops and livestock products,143,Morocco,5419,Yield,260,Olives,2019,2019,100 g/ha,17813,A,Official figure,
QCL,Crops and livestock products,143,Morocco,5510,Production,260,Olives,2019,2019,t,1912237.71,A,Official figure,
QCL,Crops and livestock products,143,Morocco,5312,Area harvested,260,Olives,2020,2020,ha,1068895,A,Official figure,
QCL,Crops and livestock products,143,Morocco,5419,Yield,260,Olives,2020,2020,100 g/ha,13184,A,Official figure,
QCL,Crops and livestock products,143,Morocco,5510,Production,260,Olives,2020,2020,t,1409266.45,A,Official figure,
QCL,Crops and livestock products,143,Morocco,5312,Area harvested,260,Olives,2021,2021,ha,1104083,A,Official figure,
QCL,Crops and livestock products,143,Morocco,5419,Yield,260,Olives,2021,2021,100 g/ha,14406,A,Official figure,
QCL,Crops and livestock products,143,Morocco,5510,Production,260,Olives,2021,2021,t,1590504,A,Official figure,
QCL,Crops and livestock products,143,Morocco,5312,Area harvested,260,Olives,2022,2022,ha,1201308,A,Official figure,
QCL,Crops and livestock products,143,Morocco,5419,Yield,260,Olives,2022,2022,100 g/ha,16383,A,Official figure,
QCL,Crops and livestock products,143,Morocco,5510,Production,260,Olives,2022,2022,t,1968110.94,A,Official figure,
QCL,Crops and livestock products,143,Morocco,5312,Area harvested,403,"Onions and shallots, dry (excluding dehydrated)",1961,1961,ha,3400,A,Official figure,
QCL,Crops and livestock products,143,Morocco,5419,Yield,403,"Onions and shallots, dry (excluding dehydrated)",1961,1961,100 g/ha,82353,A,Official figure,
QCL,Crops and livestock products,143,Morocco,5510,Production,403,"Onions and shallots, dry (excluding dehydrated)",1961,1961,t,28000,A,Official figure,
QCL,Crops and livestock products,143,Morocco,5312,Area harvested,403,"Onions and shallots, dry (excluding dehydrated)",1962,1962,ha,4000,A,Official figure,
QCL,Crops and livestock products,143,Morocco,5419,Yield,403,"Onions and shallots, dry (excluding dehydrated)",1962,1962,100 g/ha,117500,A,Official figure,
QCL,Crops and livestock products,143,Morocco,5510,Production,403,"Onions and shallots, dry (excluding dehydrated)",1962,1962,t,47000,A,Official figure,
QCL,Crops and livestock products,143,Morocco,5312,Area harvested,403,"Onions and shallots, dry (excluding dehydrated)",1963,1963,ha,4118,A,Official figure,
QCL,Crops and livestock products,143,Morocco,5419,Yield,403,"Onions and shallots, dry (excluding dehydrated)",1963,1963,100 g/ha,85478,A,Official figure,
QCL,Crops and livestock products,143,Morocco,5510,Production,403,"Onions and shallots, dry (excluding dehydrated)",1963,1963,t,35200,A,Official figure,
QCL,Crops and livestock products,143,Morocco,5312,Area harvested,403,"Onions and shallots, dry (excluding dehydrated)",1964,1964,ha,6000,A,Official figure,
QCL,Crops and livestock products,143,Morocco,5419,Yield,403,"Onions and shallots, dry (excluding dehydrated)",1964,1964,100 g/ha,111667,A,Official figure,
QCL,Crops and livestock products,143,Morocco,5510,Production,403,"Onions and shallots, dry (excluding dehydrated)",1964,1964,t,67000,A,Official figure,
QCL,Crops and livestock products,143,Morocco,5312,Area harvested,403,"Onions and shallots, dry (excluding dehydrated)",1965,1965,ha,7427,A,Official figure,
QCL,Crops and livestock products,143,Morocco,5419,Yield,403,"Onions and shallots, dry (excluding dehydrated)",1965,1965,100 g/ha,99246,A,Official figure,
QCL,Crops and livestock products,143,Morocco,5510,Production,403,"Onions and shallots, dry (excluding dehydrated)",1965,1965,t,73710,A,Official figure,
QCL,Crops and livestock products,143,Morocco,5312,Area harvested,403,"Onions and shallots, dry (excluding dehydrated)",1966,1966,ha,6039,A,Official figure,
QCL,Crops and livestock products,143,Morocco,5419,Yield,403,"Onions and shallots, dry (excluding dehydrated)",1966,1966,100 g/ha,87486,A,Official figure,
QCL,Crops and livestock products,143,Morocco,5510,Production,403,"Onions and shallots, dry (excluding dehydrated)",1966,1966,t,52833,A,Official figure,
QCL,Crops and livestock products,143,Morocco,5312,Area harvested,403,"Onions and shallots, dry (excluding dehydrated)",1967,1967,ha,7000,A,Official figure,
QCL,Crops and livestock products,143,Morocco,5419,Yield,403,"Onions and shallots, dry (excluding dehydrated)",1967,1967,100 g/ha,90000,A,Official figure,
QCL,Crops and livestock products,143,Morocco,5510,Production,403,"Onions and shallots, dry (excluding dehydrated)",1967,1967,t,63000,A,Official figure,
QCL,Crops and livestock products,143,Morocco,5312,Area harvested,403,"Onions and shallots, dry (excluding dehydrated)",1968,1968,ha,7780,A,Official figure,
QCL,Crops and livestock products,143,Morocco,5419,Yield,403,"Onions and shallots, dry (excluding dehydrated)",1968,1968,100 g/ha,89974,E,Estimated value,
QCL,Crops and livestock products,143,Morocco,5510,Production,403,"Onions and shallots, dry (excluding dehydrated)",1968,1968,t,70000,E,Estimated value,
QCL,Crops and livestock products,143,Morocco,5312,Area harvested,403,"Onions and shallots, dry (excluding dehydrated)",1969,1969,ha,8000,E,Estimated value,
QCL,Crops and livestock products,143,Morocco,5419,Yield,403,"Onions and shallots, dry (excluding dehydrated)",1969,1969,100 g/ha,100000,E,Estimated value,
QCL,Crops and livestock products,143,Morocco,5510,Production,403,"Onions and shallots, dry (excluding dehydrated)",1969,1969,t,80000,E,Estimated value,
QCL,Crops and livestock products,143,Morocco,5312,Area harvested,403,"Onions and shallots, dry (excluding dehydrated)",1970,1970,ha,8000,E,Estimated value,
QCL,Crops and livestock products,143,Morocco,5419,Yield,403,"Onions and shallots, dry (excluding dehydrated)",1970,1970,100 g/ha,100000,E,Estimated value,
QCL,Crops and livestock products,143,Morocco,5510,Production,403,"Onions and shallots, dry (excluding dehydrated)",1970,1970,t,80000,E,Estimated value,
QCL,Crops and livestock products,143,Morocco,5312,Area harvested,403,"Onions and shallots, dry (excluding dehydrated)",1971,1971,ha,10000,E,Estimated value,
QCL,Crops and livestock products,143,Morocco,5419,Yield,403,"Onions and shallots, dry (excluding dehydrated)",1971,1971,100 g/ha,100000,E,Estimated value,
QCL,Crops and livestock products,143,Morocco,5510,Production,403,"Onions and shallots, dry (excluding dehydrated)",1971,1971,t,100000,E,Estimated value,
QCL,Crops and livestock products,143,Morocco,5312,Area harvested,403,"Onions and shallots, dry (excluding dehydrated)",1972,1972,ha,10000,E,Estimated value,
QCL,Crops and livestock products,143,Morocco,5419,Yield,403,"Onions and shallots, dry (excluding dehydrated)",1972,1972,100 g/ha,100000,E,Estimated value,
QCL,Crops and livestock products,143,Morocco,5510,Production,403,"Onions and shallots, dry (excluding dehydrated)",1972,1972,t,100000,E,Estimated value,
QCL,Crops and livestock products,143,Morocco,5312,Area harvested,403,"Onions and shallots, dry (excluding dehydrated)",1973,1973,ha,13000,E,Estimated value,
QCL,Crops and livestock products,143,Morocco,5419,Yield,403,"Onions and shallots, dry (excluding dehydrated)",1973,1973,100 g/ha,92308,E,Estimated value,
QCL,Crops and livestock products,143,Morocco,5510,Production,403,"Onions and shallots, dry (excluding dehydrated)",1973,1973,t,120000,E,Estimated value,
QCL,Crops and livestock products,143,Morocco,5312,Area harvested,403,"Onions and shallots, dry (excluding dehydrated)",1974,1974,ha,15000,E,Estimated value,
QCL,Crops and livestock products,143,Morocco,5419,Yield,403,"Onions and shallots, dry (excluding dehydrated)",1974,1974,100 g/ha,96667,E,Estimated value,
QCL,Crops and livestock products,143,Morocco,5510,Production,403,"Onions and shallots, dry (excluding dehydrated)",1974,1974,t,145000,E,Estimated value,
QCL,Crops and livestock products,143,Morocco,5312,Area harvested,403,"Onions and shallots, dry (excluding dehydrated)",1975,1975,ha,15000,E,Estimated value,
QCL,Crops and livestock products,143,Morocco,5419,Yield,403,"Onions and shallots, dry (excluding dehydrated)",1975,1975,100 g/ha,103333,E,Estimated value,
QCL,Crops and livestock products,143,Morocco,5510,Production,403,"Onions and shallots, dry (excluding dehydrated)",1975,1975,t,155000,E,Estimated value,
QCL,Crops and livestock products,143,Morocco,5312,Area harvested,403,"Onions and shallots, dry (excluding dehydrated)",1976,1976,ha,16000,E,Estimated value,
QCL,Crops and livestock products,143,Morocco,5419,Yield,403,"Onions and shallots, dry (excluding dehydrated)",1976,1976,100 g/ha,103125,E,Estimated value,
QCL,Crops and livestock products,143,Morocco,5510,Production,403,"Onions and shallots, dry (excluding dehydrated)",1976,1976,t,165000,E,Estimated value,
QCL,Crops and livestock products,143,Morocco,5312,Area harvested,403,"Onions and shallots, dry (excluding dehydrated)",1977,1977,ha,16000,E,Estimated value,
QCL,Crops and livestock products,143,Morocco,5419,Yield,403,"Onions and shallots, dry (excluding dehydrated)",1977,1977,100 g/ha,109375,E,Estimated value,
QCL,Crops and livestock products,143,Morocco,5510,Production,403,"Onions and shallots, dry (excluding dehydrated)",1977,1977,t,175000,E,Estimated value,
QCL,Crops and livestock products,143,Morocco,5312,Area harvested,403,"Onions and shallots, dry (excluding dehydrated)",1978,1978,ha,18000,E,Estimated value,
QCL,Crops and livestock products,143,Morocco,5419,Yield,403,"Onions and shallots, dry (excluding dehydrated)",1978,1978,100 g/ha,111111,E,Estimated value,
QCL,Crops and livestock products,143,Morocco,5510,Production,403,"Onions and shallots, dry (excluding dehydrated)",1978,1978,t,200000,E,Estimated value,
QCL,Crops and livestock products,143,Morocco,5312,Area harvested,403,"Onions and shallots, dry (excluding dehydrated)",1979,1979,ha,18000,X,Figure from international organizations,Unofficial figure
QCL,Crops and livestock products,143,Morocco,5419,Yield,403,"Onions and shallots, dry (excluding dehydrated)",1979,1979,100 g/ha,111111,E,Estimated value,
QCL,Crops and livestock products,143,Morocco,5510,Production,403,"Onions and shallots, dry (excluding dehydrated)",1979,1979,t,200000,E,Estimated value,
QCL,Crops and livestock products,143,Morocco,5312,Area harvested,403,"Onions and shallots, dry (excluding dehydrated)",1980,1980,ha,12400,A,Official figure,
QCL,Crops and livestock products,143,Morocco,5419,Yield,403,"Onions and shallots, dry (excluding dehydrated)",1980,1980,100 g/ha,120968,E,Estimated value,
QCL,Crops and livestock products,143,Morocco,5510,Production,403,"Onions and shallots, dry (excluding dehydrated)",1980,1980,t,150000,E,Estimated value,
QCL,Crops and livestock products,143,Morocco,5312,Area harvested,403,"Onions and shallots, dry (excluding dehydrated)",1981,1981,ha,9400,A,Official figure,
QCL,Crops and livestock products,143,Morocco,5419,Yield,403,"Onions and shallots, dry (excluding dehydrated)",1981,1981,100 g/ha,127660,E,Estimated value,
QCL,Crops and livestock products,143,Morocco,5510,Production,403,"Onions and shallots, dry (excluding dehydrated)",1981,1981,t,120000,E,Estimated value,
QCL,Crops and livestock products,143,Morocco,5312,Area harvested,403,"Onions and shallots, dry (excluding dehydrated)",1982,1982,ha,16100,A,Official figure,
QCL,Crops and livestock products,143,Morocco,5419,Yield,403,"Onions and shallots, dry (excluding dehydrated)",1982,1982,100 g/ha,124224,E,Estimated value,
QCL,Crops and livestock products,143,Morocco,5510,Production,403,"Onions and shallots, dry (excluding dehydrated)",1982,1982,t,200000,E,Estimated value,
QCL,Crops and livestock products,143,Morocco,5312,Area harvested,403,"Onions and shallots, dry (excluding dehydrated)",1983,1983,ha,12800,A,Official figure,
QCL,Crops and livestock products,143,Morocco,5419,Yield,403,"Onions and shallots, dry (excluding dehydrated)",1983,1983,100 g/ha,117969,E,Estimated value,
QCL,Crops and livestock products,143,Morocco,5510,Production,403,"Onions and shallots, dry (excluding dehydrated)",1983,1983,t,151000,E,Estimated value,
QCL,Crops and livestock products,143,Morocco,5312,Area harvested,403,"Onions and shallots, dry (excluding dehydrated)",1984,1984,ha,20900,A,Official figure,
QCL,Crops and livestock products,143,Morocco,5419,Yield,403,"Onions and shallots, dry (excluding dehydrated)",1984,1984,100 g/ha,107278,A,Official figure,
QCL,Crops and livestock products,143,Morocco,5510,Production,403,"Onions and shallots, dry (excluding dehydrated)",1984,1984,t,224210,A,Official figure,
QCL,Crops and livestock products,143,Morocco,5312,Area harvested,403,"Onions and shallots, dry (excluding dehydrated)",1985,1985,ha,14300,A,Official figure,
QCL,Crops and livestock products,143,Morocco,5419,Yield,403,"Onions and shallots, dry (excluding dehydrated)",1985,1985,100 g/ha,144364,A,Official figure,
QCL,Crops and livestock products,143,Morocco,5510,Production,403,"Onions and shallots, dry (excluding dehydrated)",1985,1985,t,206440,A,Official figure,
QCL,Crops and livestock products,143,Morocco,5312,Area harvested,403,"Onions and shallots, dry (excluding dehydrated)",1986,1986,ha,16000,A,Official figure,
QCL,Crops and livestock products,143,Morocco,5419,Yield,403,"Onions and shallots, dry (excluding dehydrated)",1986,1986,100 g/ha,203938,A,Official figure,
QCL,Crops and livestock products,143,Morocco,5510,Production,403,"Onions and shallots, dry (excluding dehydrated)",1986,1986,t,326300,A,Official figure,
QCL,Crops and livestock products,143,Morocco,5312,Area harvested,403,"Onions and shallots, dry (excluding dehydrated)",1987,1987,ha,16300,A,Official figure,
QCL,Crops and livestock products,143,Morocco,5419,Yield,403,"Onions and shallots, dry (excluding dehydrated)",1987,1987,100 g/ha,162546,A,Official figure,
QCL,Crops and livestock products,143,Morocco,5510,Production,403,"Onions and shallots, dry (excluding dehydrated)",1987,1987,t,264950,A,Official figure,
QCL,Crops and livestock products,143,Morocco,5312,Area harvested,403,"Onions and shallots, dry (excluding dehydrated)",1988,1988,ha,21100,A,Official figure,
QCL,Crops and livestock products,143,Morocco,5419,Yield,403,"Onions and shallots, dry (excluding dehydrated)",1988,1988,100 g/ha,142512,A,Official figure,
QCL,Crops and livestock products,143,Morocco,5510,Production,403,"Onions and shallots, dry (excluding dehydrated)",1988,1988,t,300700,A,Official figure,
QCL,Crops and livestock products,143,Morocco,5312,Area harvested,403,"Onions and shallots, dry (excluding dehydrated)",1989,1989,ha,16200,A,Official figure,
QCL,Crops and livestock products,143,Morocco,5419,Yield,403,"Onions and shallots, dry (excluding dehydrated)",1989,1989,100 g/ha,191559,A,Official figure,
QCL,Crops and livestock products,143,Morocco,5510,Production,403,"Onions and shallots, dry (excluding dehydrated)",1989,1989,t,310325,A,Official figure,
QCL,Crops and livestock products,143,Morocco,5312,Area harvested,403,"Onions and shallots, dry (excluding dehydrated)",1990,1990,ha,17529,A,Official figure,
QCL,Crops and livestock products,143,Morocco,5419,Yield,403,"Onions and shallots, dry (excluding dehydrated)",1990,1990,100 g/ha,185919,A,Official figure,
QCL,Crops and livestock products,143,Morocco,5510,Production,403,"Onions and shallots, dry (excluding dehydrated)",1990,1990,t,325898,A,Official figure,
QCL,Crops and livestock products,143,Morocco,5312,Area harvested,403,"Onions and shallots, dry (excluding dehydrated)",1991,1991,ha,19911,A,Official figure,
QCL,Crops and livestock products,143,Morocco,5419,Yield,403,"Onions and shallots, dry (excluding dehydrated)",1991,1991,100 g/ha,207338,A,Official figure,
QCL,Crops and livestock products,143,Morocco,5510,Production,403,"Onions and shallots, dry (excluding dehydrated)",1991,1991,t,412831,A,Official figure,
QCL,Crops and livestock products,143,Morocco,5312,Area harvested,403,"Onions and shallots, dry (excluding dehydrated)",1992,1992,ha,18016,A,Official figure,
QCL,Crops and livestock products,143,Morocco,5419,Yield,403,"Onions and shallots, dry (excluding dehydrated)",1992,1992,100 g/ha,194963,A,Official figure,
QCL,Crops and livestock products,143,Morocco,5510,Production,403,"Onions and shallots, dry (excluding dehydrated)",1992,1992,t,351245,A,Official figure,
QCL,Crops and livestock products,143,Morocco,5312,Area harvested,403,"Onions and shallots, dry (excluding dehydrated)",1993,1993,ha,18600,A,Official figure,
QCL,Crops and livestock products,143,Morocco,5419,Yield,403,"Onions and shallots, dry (excluding dehydrated)",1993,1993,100 g/ha,175323,A,Official figure,
QCL,Crops and livestock products,143,Morocco,5510,Production,403,"Onions and shallots, dry (excluding dehydrated)",1993,1993,t,326100,A,Official figure,
QCL,Crops and livestock products,143,Morocco,5312,Area harvested,403,"Onions and shallots, dry (excluding dehydrated)",1994,1994,ha,18770,A,Official figure,
QCL,Crops and livestock products,143,Morocco,5419,Yield,403,"Onions and shallots, dry (excluding dehydrated)",1994,1994,100 g/ha,195365,A,Official figure,
QCL,Crops and livestock products,143,Morocco,5510,Production,403,"Onions and shallots, dry (excluding dehydrated)",1994,1994,t,366700,A,Official figure,
QCL,Crops and livestock products,143,Morocco,5312,Area harvested,403,"Onions and shallots, dry (excluding dehydrated)",1995,1995,ha,18509,A,Official figure,
QCL,Crops and livestock products,143,Morocco,5419,Yield,403,"Onions and shallots, dry (excluding dehydrated)",1995,1995,100 g/ha,219321,A,Official figure,
QCL,Crops and livestock products,143,Morocco,5510,Production,403,"Onions and shallots, dry (excluding dehydrated)",1995,1995,t,405942,A,Official figure,
QCL,Crops and livestock products,143,Morocco,5312,Area harvested,403,"Onions and shallots, dry (excluding dehydrated)",1996,1996,ha,24520,A,Official figure,
QCL,Crops and livestock products,143,Morocco,5419,Yield,403,"Onions and shallots, dry (excluding dehydrated)",1996,1996,100 g/ha,191517,A,Official figure,
QCL,Crops and livestock products,143,Morocco,5510,Production,403,"Onions and shallots, dry (excluding dehydrated)",1996,1996,t,469600,A,Official figure,
QCL,Crops and livestock products,143,Morocco,5312,Area harvested,403,"Onions and shallots, dry (excluding dehydrated)",1997,1997,ha,28350,A,Official figure,
QCL,Crops and livestock products,143,Morocco,5419,Yield,403,"Onions and shallots, dry (excluding dehydrated)",1997,1997,100 g/ha,199506,A,Official figure,
QCL,Crops and livestock products,143,Morocco,5510,Production,403,"Onions and shallots, dry (excluding dehydrated)",1997,1997,t,565600,A,Official figure,
QCL,Crops and livestock products,143,Morocco,5312,Area harvested,403,"Onions and shallots, dry (excluding dehydrated)",1998,1998,ha,26300,A,Official figure,
QCL,Crops and livestock products,143,Morocco,5419,Yield,403,"Onions and shallots, dry (excluding dehydrated)",1998,1998,100 g/ha,214943,A,Official figure,
QCL,Crops and livestock products,143,Morocco,5510,Production,403,"Onions and shallots, dry (excluding dehydrated)",1998,1998,t,565300,A,Official figure,
QCL,Crops and livestock products,143,Morocco,5312,Area harvested,403,"Onions and shallots, dry (excluding dehydrated)",1999,1999,ha,27550,A,Official figure,
QCL,Crops and livestock products,143,Morocco,5419,Yield,403,"Onions and shallots, dry (excluding dehydrated)",1999,1999,100 g/ha,189985,A,Official figure,
QCL,Crops and livestock products,143,Morocco,5510,Production,403,"Onions and shallots, dry (excluding dehydrated)",1999,1999,t,523410,A,Official figure,
QCL,Crops and livestock products,143,Morocco,5312,Area harvested,403,"Onions and shallots, dry (excluding dehydrated)",2000,2000,ha,24705,A,Official figure,
QCL,Crops and livestock products,143,Morocco,5419,Yield,403,"Onions and shallots, dry (excluding dehydrated)",2000,2000,100 g/ha,140971,A,Official figure,
QCL,Crops and livestock products,143,Morocco,5510,Production,403,"Onions and shallots, dry (excluding dehydrated)",2000,2000,t,348270,A,Official figure,
QCL,Crops and livestock products,143,Morocco,5312,Area harvested,403,"Onions and shallots, dry (excluding dehydrated)",2001,2001,ha,29635,A,Official figure,
QCL,Crops and livestock products,143,Morocco,5419,Yield,403,"Onions and shallots, dry (excluding dehydrated)",2001,2001,100 g/ha,180084,A,Official figure,
QCL,Crops and livestock products,143,Morocco,5510,Production,403,"Onions and shallots, dry (excluding dehydrated)",2001,2001,t,533680,A,Official figure,
QCL,Crops and livestock products,143,Morocco,5312,Area harvested,403,"Onions and shallots, dry (excluding dehydrated)",2002,2002,ha,28985,A,Official figure,
QCL,Crops and livestock products,143,Morocco,5419,Yield,403,"Onions and shallots, dry (excluding dehydrated)",2002,2002,100 g/ha,210333,A,Official figure,
QCL,Crops and livestock products,143,Morocco,5510,Production,403,"Onions and shallots, dry (excluding dehydrated)",2002,2002,t,609650,A,Official figure,
QCL,Crops and livestock products,143,Morocco,5312,Area harvested,403,"Onions and shallots, dry (excluding dehydrated)",2003,2003,ha,30300,A,Official figure,
QCL,Crops and livestock products,143,Morocco,5419,Yield,403,"Onions and shallots, dry (excluding dehydrated)",2003,2003,100 g/ha,225815,A,Official figure,
QCL,Crops and livestock products,143,Morocco,5510,Production,403,"Onions and shallots, dry (excluding dehydrated)",2003,2003,t,684220,A,Official figure,
QCL,Crops and livestock products,143,Morocco,5312,Area harvested,403,"Onions and shallots, dry (excluding dehydrated)",2004,2004,ha,31590,A,Official figure,
QCL,Crops and livestock products,143,Morocco,5419,Yield,403,"Onions and shallots, dry (excluding dehydrated)",2004,2004,100 g/ha,278107,A,Official figure,
QCL,Crops and livestock products,143,Morocco,5510,Production,403,"Onions and shallots, dry (excluding dehydrated)",2004,2004,t,878540,A,Official figure,
QCL,Crops and livestock products,143,Morocco,5312,Area harvested,403,"Onions and shallots, dry (excluding dehydrated)",2005,2005,ha,28500,A,Official figure,
QCL,Crops and livestock products,143,Morocco,5419,Yield,403,"Onions and shallots, dry (excluding dehydrated)",2005,2005,100 g/ha,251295,A,Official figure,
QCL,Crops and livestock products,143,Morocco,5510,Production,403,"Onions and shallots, dry (excluding dehydrated)",2005,2005,t,716190,A,Official figure,
QCL,Crops and livestock products,143,Morocco,5312,Area harvested,403,"Onions and shallots, dry (excluding dehydrated)",2006,2006,ha,29510,A,Official figure,
QCL,Crops and livestock products,143,Morocco,5419,Yield,403,"Onions and shallots, dry (excluding dehydrated)",2006,2006,100 g/ha,298780,A,Official figure,
QCL,Crops and livestock products,143,Morocco,5510,Production,403,"Onions and shallots, dry (excluding dehydrated)",2006,2006,t,881700,A,Official figure,
QCL,Crops and livestock products,143,Morocco,5312,Area harvested,403,"Onions and shallots, dry (excluding dehydrated)",2007,2007,ha,26235,A,Official figure,
QCL,Crops and livestock products,143,Morocco,5419,Yield,403,"Onions and shallots, dry (excluding dehydrated)",2007,2007,100 g/ha,266978,A,Official figure,
QCL,Crops and livestock products,143,Morocco,5510,Production,403,"Onions and shallots, dry (excluding dehydrated)",2007,2007,t,700417,A,Official figure,
QCL,Crops and livestock products,143,Morocco,5312,Area harvested,403,"Onions and shallots, dry (excluding dehydrated)",2008,2008,ha,27900,A,Official figure,
QCL,Crops and livestock products,143,Morocco,5419,Yield,403,"Onions and shallots, dry (excluding dehydrated)",2008,2008,100 g/ha,237326,A,Official figure,
QCL,Crops and livestock products,143,Morocco,5510,Production,403,"Onions and shallots, dry (excluding dehydrated)",2008,2008,t,662140,A,Official figure,
QCL,Crops and livestock products,143,Morocco,5312,Area harvested,403,"Onions and shallots, dry (excluding dehydrated)",2009,2009,ha,29100,A,Official figure,
QCL,Crops and livestock products,143,Morocco,5419,Yield,403,"Onions and shallots, dry (excluding dehydrated)",2009,2009,100 g/ha,275464,A,Official figure,
QCL,Crops and livestock products,143,Morocco,5510,Production,403,"Onions and shallots, dry (excluding dehydrated)",2009,2009,t,801600,A,Official figure,
QCL,Crops and livestock products,143,Morocco,5312,Area harvested,403,"Onions and shallots, dry (excluding dehydrated)",2010,2010,ha,30155,A,Official figure,
QCL,Crops and livestock products,143,Morocco,5419,Yield,403,"Onions and shallots, dry (excluding dehydrated)",2010,2010,100 g/ha,272284,A,Official figure,
QCL,Crops and livestock products,143,Morocco,5510,Production,403,"Onions and shallots, dry (excluding dehydrated)",2010,2010,t,821072,A,Official figure,
QCL,Crops and livestock products,143,Morocco,5312,Area harvested,403,"Onions and shallots, dry (excluding dehydrated)",2011,2011,ha,30690,A,Official figure,
QCL,Crops and livestock products,143,Morocco,5419,Yield,403,"Onions and shallots, dry (excluding dehydrated)",2011,2011,100 g/ha,280519,A,Official figure,
QCL,Crops and livestock products,143,Morocco,5510,Production,403,"Onions and shallots, dry (excluding dehydrated)",2011,2011,t,860913,A,Official figure,
QCL,Crops and livestock products,143,Morocco,5312,Area harvested,403,"Onions and shallots, dry (excluding dehydrated)",2012,2012,ha,30424,A,Official figure,
QCL,Crops and livestock products,143,Morocco,5419,Yield,403,"Onions and shallots, dry (excluding dehydrated)",2012,2012,100 g/ha,281279,A,Official figure,
QCL,Crops and livestock products,143,Morocco,5510,Production,403,"Onions and shallots, dry (excluding dehydrated)",2012,2012,t,855764,A,Official figure,
QCL,Crops and livestock products,143,Morocco,5312,Area harvested,403,"Onions and shallots, dry (excluding dehydrated)",2013,2013,ha,33654,A,Official figure,
QCL,Crops and livestock products,143,Morocco,5419,Yield,403,"Onions and shallots, dry (excluding dehydrated)",2013,2013,100 g/ha,276306,A,Official figure,
QCL,Crops and livestock products,143,Morocco,5510,Production,403,"Onions and shallots, dry (excluding dehydrated)",2013,2013,t,929866,A,Official figure,
QCL,Crops and livestock products,143,Morocco,5312,Area harvested,403,"Onions and shallots, dry (excluding dehydrated)",2014,2014,ha,29349,A,Official figure,
QCL,Crops and livestock products,143,Morocco,5419,Yield,403,"Onions and shallots, dry (excluding dehydrated)",2014,2014,100 g/ha,277249,A,Official figure,
QCL,Crops and livestock products,143,Morocco,5510,Production,403,"Onions and shallots, dry (excluding dehydrated)",2014,2014,t,813707,A,Official figure,
QCL,Crops and livestock products,143,Morocco,5312,Area harvested,403,"Onions and shallots, dry (excluding dehydrated)",2015,2015,ha,32288,A,Official figure,
QCL,Crops and livestock products,143,Morocco,5419,Yield,403,"Onions and shallots, dry (excluding dehydrated)",2015,2015,100 g/ha,256668,A,Official figure,
QCL,Crops and livestock products,143,Morocco,5510,Production,403,"Onions and shallots, dry (excluding dehydrated)",2015,2015,t,828715.5,A,Official figure,
QCL,Crops and livestock products,143,Morocco,5312,Area harvested,403,"Onions and shallots, dry (excluding dehydrated)",2016,2016,ha,25089,A,Official figure,
QCL,Crops and livestock products,143,Morocco,5419,Yield,403,"Onions and shallots, dry (excluding dehydrated)",2016,2016,100 g/ha,273286,A,Official figure,
QCL,Crops and livestock products,143,Morocco,5510,Production,403,"Onions and shallots, dry (excluding dehydrated)",2016,2016,t,685647,A,Official figure,
QCL,Crops and livestock products,143,Morocco,5312,Area harvested,403,"Onions and shallots, dry (excluding dehydrated)",2017,2017,ha,27805,A,Official figure,
QCL,Crops and livestock products,143,Morocco,5419,Yield,403,"Onions and shallots, dry (excluding dehydrated)",2017,2017,100 g/ha,271222,A,Official figure,
QCL,Crops and livestock products,143,Morocco,5510,Production,403,"Onions and shallots, dry (excluding dehydrated)",2017,2017,t,754129,A,Official figure,
QCL,Crops and livestock products,143,Morocco,5312,Area harvested,403,"Onions and shallots, dry (excluding dehydrated)",2018,2018,ha,36733,A,Official figure,
QCL,Crops and livestock products,143,Morocco,5419,Yield,403,"Onions and shallots, dry (excluding dehydrated)",2018,2018,100 g/ha,259930,A,Official figure,
QCL,Crops and livestock products,143,Morocco,5510,Production,403,"Onions and shallots, dry (excluding dehydrated)",2018,2018,t,954801,A,Official figure,
QCL,Crops and livestock products,143,Morocco,5312,Area harvested,403,"Onions and shallots, dry (excluding dehydrated)",2019,2019,ha,29177,A,Official figure,
QCL,Crops and livestock products,143,Morocco,5419,Yield,403,"Onions and shallots, dry (excluding dehydrated)",2019,2019,100 g/ha,301744,A,Official figure,
QCL,Crops and livestock products,143,Morocco,5510,Production,403,"Onions and shallots, dry (excluding dehydrated)",2019,2019,t,880399,A,Official figure,
QCL,Crops and livestock products,143,Morocco,5312,Area harvested,403,"Onions and shallots, dry (excluding dehydrated)",2020,2020,ha,31862,A,Official figure,
QCL,Crops and livestock products,143,Morocco,5419,Yield,403,"Onions and shallots, dry (excluding dehydrated)",2020,2020,100 g/ha,260150,A,Official figure,
QCL,Crops and livestock products,143,Morocco,5510,Production,403,"Onions and shallots, dry (excluding dehydrated)",2020,2020,t,828901.2,A,Official figure,
QCL,Crops and livestock products,143,Morocco,5312,Area harvested,403,"Onions and shallots, dry (excluding dehydrated)",2021,2021,ha,28423,A,Official figure,
QCL,Crops and livestock products,143,Morocco,5419,Yield,403,"Onions and shallots, dry (excluding dehydrated)",2021,2021,100 g/ha,300929,A,Official figure,
QCL,Crops and livestock products,143,Morocco,5510,Production,403,"Onions and shallots, dry (excluding dehydrated)",2021,2021,t,855331,A,Official figure,
QCL,Crops and livestock products,143,Morocco,5312,Area harvested,403,"Onions and shallots, dry (excluding dehydrated)",2022,2022,ha,25392,A,Official figure,
QCL,Crops and livestock products,143,Morocco,5419,Yield,403,"Onions and shallots, dry (excluding dehydrated)",2022,2022,100 g/ha,316001,A,Official figure,
QCL,Crops and livestock products,143,Morocco,5510,Production,403,"Onions and shallots, dry (excluding dehydrated)",2022,2022,t,802388.7,A,Official figure,
QCL,Crops and livestock products,143,Morocco,5312,Area harvested,402,"Onions and shallots, green",1961,1961,ha,430,E,Estimated value,
QCL,Crops and livestock products,143,Morocco,5419,Yield,402,"Onions and shallots, green",1961,1961,100 g/ha,116279,E,Estimated value,
QCL,Crops and livestock products,143,Morocco,5510,Production,402,"Onions and shallots, green",1961,1961,t,5000,E,Estimated value,
QCL,Crops and livestock products,143,Morocco,5312,Area harvested,402,"Onions and shallots, green",1962,1962,ha,450,E,Estimated value,
QCL,Crops and livestock products,143,Morocco,5419,Yield,402,"Onions and shallots, green",1962,1962,100 g/ha,115556,E,Estimated value,
QCL,Crops and livestock products,143,Morocco,5510,Production,402,"Onions and shallots, green",1962,1962,t,5200,E,Estimated value,
QCL,Crops and livestock products,143,Morocco,5312,Area harvested,402,"Onions and shallots, green",1963,1963,ha,450,E,Estimated value,
QCL,Crops and livestock products,143,Morocco,5419,Yield,402,"Onions and shallots, green",1963,1963,100 g/ha,120000,E,Estimated value,
QCL,Crops and livestock products,143,Morocco,5510,Production,402,"Onions and shallots, green",1963,1963,t,5400,E,Estimated value,
QCL,Crops and livestock products,143,Morocco,5312,Area harvested,402,"Onions and shallots, green",1964,1964,ha,450,E,Estimated value,
QCL,Crops and livestock products,143,Morocco,5419,Yield,402,"Onions and shallots, green",1964,1964,100 g/ha,120000,E,Estimated value,
QCL,Crops and livestock products,143,Morocco,5510,Production,402,"Onions and shallots, green",1964,1964,t,5400,E,Estimated value,
QCL,Crops and livestock products,143,Morocco,5312,Area harvested,402,"Onions and shallots, green",1965,1965,ha,500,E,Estimated value,
QCL,Crops and livestock products,143,Morocco,5419,Yield,402,"Onions and shallots, green",1965,1965,100 g/ha,116000,E,Estimated value,
QCL,Crops and livestock products,143,Morocco,5510,Production,402,"Onions and shallots, green",1965,1965,t,5800,E,Estimated value,
QCL,Crops and livestock products,143,Morocco,5312,Area harvested,402,"Onions and shallots, green",1966,1966,ha,500,E,Estimated value,
QCL,Crops and livestock products,143,Morocco,5419,Yield,402,"Onions and shallots, green",1966,1966,100 g/ha,120000,E,Estimated value,
QCL,Crops and livestock products,143,Morocco,5510,Production,402,"Onions and shallots, green",1966,1966,t,6000,E,Estimated value,
QCL,Crops and livestock products,143,Morocco,5312,Area harvested,402,"Onions and shallots, green",1967,1967,ha,550,E,Estimated value,
QCL,Crops and livestock products,143,Morocco,5419,Yield,402,"Onions and shallots, green",1967,1967,100 g/ha,127273,E,Estimated value,
QCL,Crops and livestock products,143,Morocco,5510,Production,402,"Onions and shallots, green",1967,1967,t,7000,E,Estimated value,
QCL,Crops and livestock products,143,Morocco,5312,Area harvested,402,"Onions and shallots, green",1968,1968,ha,550,E,Estimated value,
QCL,Crops and livestock products,143,Morocco,5419,Yield,402,"Onions and shallots, green",1968,1968,100 g/ha,127273,E,Estimated value,
QCL,Crops and livestock products,143,Morocco,5510,Production,402,"Onions and shallots, green",1968,1968,t,7000,E,Estimated value,
QCL,Crops and livestock products,143,Morocco,5312,Area harvested,402,"Onions and shallots, green",1969,1969,ha,600,E,Estimated value,
QCL,Crops and livestock products,143,Morocco,5419,Yield,402,"Onions and shallots, green",1969,1969,100 g/ha,133333,E,Estimated value,
QCL,Crops and livestock products,143,Morocco,5510,Production,402,"Onions and shallots, green",1969,1969,t,8000,E,Estimated value,
QCL,Crops and livestock products,143,Morocco,5312,Area harvested,402,"Onions and shallots, green",1970,1970,ha,600,E,Estimated value,
QCL,Crops and livestock products,143,Morocco,5419,Yield,402,"Onions and shallots, green",1970,1970,100 g/ha,133333,E,Estimated value,
QCL,Crops and livestock products,143,Morocco,5510,Production,402,"Onions and shallots, green",1970,1970,t,8000,E,Estimated value,
QCL,Crops and livestock products,143,Morocco,5312,Area harvested,402,"Onions and shallots, green",1971,1971,ha,700,E,Estimated value,
QCL,Crops and livestock products,143,Morocco,5419,Yield,402,"Onions and shallots, green",1971,1971,100 g/ha,142857,E,Estimated value,
QCL,Crops and livestock products,143,Morocco,5510,Production,402,"Onions and shallots, green",1971,1971,t,10000,E,Estimated value,
QCL,Crops and livestock products,143,Morocco,5312,Area harvested,402,"Onions and shallots, green",1972,1972,ha,800,E,Estimated value,
QCL,Crops and livestock products,143,Morocco,5419,Yield,402,"Onions and shallots, green",1972,1972,100 g/ha,150000,E,Estimated value,
QCL,Crops and livestock products,143,Morocco,5510,Production,402,"Onions and shallots, green",1972,1972,t,12000,E,Estimated value,
QCL,Crops and livestock products,143,Morocco,5312,Area harvested,402,"Onions and shallots, green",1973,1973,ha,800,E,Estimated value,
QCL,Crops and livestock products,143,Morocco,5419,Yield,402,"Onions and shallots, green",1973,1973,100 g/ha,187500,E,Estimated value,
QCL,Crops and livestock products,143,Morocco,5510,Production,402,"Onions and shallots, green",1973,1973,t,15000,E,Estimated value,
QCL,Crops and livestock products,143,Morocco,5312,Area harvested,402,"Onions and shallots, green",1974,1974,ha,750,E,Estimated value,
QCL,Crops and livestock products,143,Morocco,5419,Yield,402,"Onions and shallots, green",1974,1974,100 g/ha,160000,E,Estimated value,
QCL,Crops and livestock products,143,Morocco,5510,Production,402,"Onions and shallots, green",1974,1974,t,12000,E,Estimated value,
QCL,Crops and livestock products,143,Morocco,5312,Area harvested,402,"Onions and shallots, green",1975,1975,ha,750,E,Estimated value,
QCL,Crops and livestock products,143,Morocco,5419,Yield,402,"Onions and shallots, green",1975,1975,100 g/ha,173333,E,Estimated value,
QCL,Crops and livestock products,143,Morocco,5510,Production,402,"Onions and shallots, green",1975,1975,t,13000,E,Estimated value,
QCL,Crops and livestock products,143,Morocco,5312,Area harvested,402,"Onions and shallots, green",1976,1976,ha,800,E,Estimated value,
QCL,Crops and livestock products,143,Morocco,5419,Yield,402,"Onions and shallots, green",1976,1976,100 g/ha,187500,E,Estimated value,
QCL,Crops and livestock products,143,Morocco,5510,Production,402,"Onions and shallots, green",1976,1976,t,15000,E,Estimated value,
QCL,Crops and livestock products,143,Morocco,5312,Area harvested,402,"Onions and shallots, green",1977,1977,ha,800,E,Estimated value,
QCL,Crops and livestock products,143,Morocco,5419,Yield,402,"Onions and shallots, green",1977,1977,100 g/ha,187500,E,Estimated value,
QCL,Crops and livestock products,143,Morocco,5510,Production,402,"Onions and shallots, green",1977,1977,t,15000,E,Estimated value,
QCL,Crops and livestock products,143,Morocco,5312,Area harvested,402,"Onions and shallots, green",1978,1978,ha,800,E,Estimated value,
QCL,Crops and livestock products,143,Morocco,5419,Yield,402,"Onions and shallots, green",1978,1978,100 g/ha,175000,E,Estimated value,
QCL,Crops and livestock products,143,Morocco,5510,Production,402,"Onions and shallots, green",1978,1978,t,14000,E,Estimated value,
QCL,Crops and livestock products,143,Morocco,5312,Area harvested,402,"Onions and shallots, green",1979,1979,ha,820,E,Estimated value,
QCL,Crops and livestock products,143,Morocco,5419,Yield,402,"Onions and shallots, green",1979,1979,100 g/ha,175610,E,Estimated value,
QCL,Crops and livestock products,143,Morocco,5510,Production,402,"Onions and shallots, green",1979,1979,t,14400,E,Estimated value,
QCL,Crops and livestock products,143,Morocco,5312,Area harvested,402,"Onions and shallots, green",1980,1980,ha,830,E,Estimated value,
QCL,Crops and livestock products,143,Morocco,5419,Yield,402,"Onions and shallots, green",1980,1980,100 g/ha,178313,E,Estimated value,
QCL,Crops and livestock products,143,Morocco,5510,Production,402,"Onions and shallots, green",1980,1980,t,14800,E,Estimated value,
QCL,Crops and livestock products,143,Morocco,5312,Area harvested,402,"Onions and shallots, green",1981,1981,ha,830,E,Estimated value,
QCL,Crops and livestock products,143,Morocco,5419,Yield,402,"Onions and shallots, green",1981,1981,100 g/ha,156627,E,Estimated value,
QCL,Crops and livestock products,143,Morocco,5510,Production,402,"Onions and shallots, green",1981,1981,t,13000,A,Official figure,
QCL,Crops and livestock products,143,Morocco,5312,Area harvested,402,"Onions and shallots, green",1982,1982,ha,840,E,Estimated value,
QCL,Crops and livestock products,143,Morocco,5419,Yield,402,"Onions and shallots, green",1982,1982,100 g/ha,142857,E,Estimated value,
QCL,Crops and livestock products,143,Morocco,5510,Production,402,"Onions and shallots, green",1982,1982,t,12000,A,Official figure,
QCL,Crops and livestock products,143,Morocco,5312,Area harvested,402,"Onions and shallots, green",1983,1983,ha,850,E,Estimated value,
QCL,Crops and livestock products,143,Morocco,5419,Yield,402,"Onions and shallots, green",1983,1983,100 g/ha,134941,E,Estimated value,
QCL,Crops and livestock products,143,Morocco,5510,Production,402,"Onions and shallots, green",1983,1983,t,11470,A,Official figure,
QCL,Crops and livestock products,143,Morocco,5312,Area harvested,402,"Onions and shallots, green",1984,1984,ha,850,E,Estimated value,
QCL,Crops and livestock products,143,Morocco,5419,Yield,402,"Onions and shallots, green",1984,1984,100 g/ha,117647,E,Estimated value,
QCL,Crops and livestock products,143,Morocco,5510,Production,402,"Onions and shallots, green",1984,1984,t,10000,E,Estimated value,
QCL,Crops and livestock products,143,Morocco,5312,Area harvested,402,"Onions and shallots, green",1985,1985,ha,860,E,Estimated value,
QCL,Crops and livestock products,143,Morocco,5419,Yield,402,"Onions and shallots, green",1985,1985,100 g/ha,116279,E,Estimated value,
QCL,Crops and livestock products,143,Morocco,5510,Production,402,"Onions and shallots, green",1985,1985,t,10000,E,Estimated value,
QCL,Crops and livestock products,143,Morocco,5312,Area harvested,402,"Onions and shallots, green",1986,1986,ha,880,E,Estimated value,
QCL,Crops and livestock products,143,Morocco,5419,Yield,402,"Onions and shallots, green",1986,1986,100 g/ha,125000,E,Estimated value,
QCL,Crops and livestock products,143,Morocco,5510,Production,402,"Onions and shallots, green",1986,1986,t,11000,E,Estimated value,
QCL,Crops and livestock products,143,Morocco,5312,Area harvested,402,"Onions and shallots, green",1987,1987,ha,890,E,Estimated value,
QCL,Crops and livestock products,143,Morocco,5419,Yield,402,"Onions and shallots, green",1987,1987,100 g/ha,123596,E,Estimated value,
QCL,Crops and livestock products,143,Morocco,5510,Production,402,"Onions and shallots, green",1987,1987,t,11000,E,Estimated value,
QCL,Crops and livestock products,143,Morocco,5312,Area harvested,402,"Onions and shallots, green",1988,1988,ha,900,E,Estimated value,
QCL,Crops and livestock products,143,Morocco,5419,Yield,402,"Onions and shallots, green",1988,1988,100 g/ha,122222,E,Estimated value,
QCL,Crops and livestock products,143,Morocco,5510,Production,402,"Onions and shallots, green",1988,1988,t,11000,E,Estimated value,
QCL,Crops and livestock products,143,Morocco,5312,Area harvested,402,"Onions and shallots, green",1989,1989,ha,900,E,Estimated value,
QCL,Crops and livestock products,143,Morocco,5419,Yield,402,"Onions and shallots, green",1989,1989,100 g/ha,133333,E,Estimated value,
QCL,Crops and livestock products,143,Morocco,5510,Production,402,"Onions and shallots, green",1989,1989,t,12000,E,Estimated value,
QCL,Crops and livestock products,143,Morocco,5312,Area harvested,402,"Onions and shallots, green",1990,1990,ha,910,E,Estimated value,
QCL,Crops and livestock products,143,Morocco,5419,Yield,402,"Onions and shallots, green",1990,1990,100 g/ha,147681,E,Estimated value,
QCL,Crops and livestock products,143,Morocco,5510,Production,402,"Onions and shallots, green",1990,1990,t,13439,E,Estimated value,
QCL,Crops and livestock products,143,Morocco,5312,Area harvested,402,"Onions and shallots, green",1991,1991,ha,920,E,Estimated value,
QCL,Crops and livestock products,143,Morocco,5419,Yield,402,"Onions and shallots, green",1991,1991,100 g/ha,144212,E,Estimated value,
QCL,Crops and livestock products,143,Morocco,5510,Production,402,"Onions and shallots, green",1991,1991,t,13267.52,I,Imputed value,
QCL,Crops and livestock products,143,Morocco,5312,Area harvested,402,"Onions and shallots, green",1992,1992,ha,898,I,Imputed value,
QCL,Crops and livestock products,143,Morocco,5419,Yield,402,"Onions and shallots, green",1992,1992,100 g/ha,144702,E,Estimated value,
QCL,Crops and livestock products,143,Morocco,5510,Production,402,"Onions and shallots, green",1992,1992,t,13000,E,Estimated value,
QCL,Crops and livestock products,143,Morocco,5312,Area harvested,402,"Onions and shallots, green",1993,1993,ha,907,I,Imputed value,
QCL,Crops and livestock products,143,Morocco,5419,Yield,402,"Onions and shallots, green",1993,1993,100 g/ha,145191,E,Estimated value,
QCL,Crops and livestock products,143,Morocco,5510,Production,402,"Onions and shallots, green",1993,1993,t,13175.35,I,Imputed value,
QCL,Crops and livestock products,143,Morocco,5312,Area harvested,402,"Onions and shallots, green",1994,1994,ha,947,I,Imputed value,
QCL,Crops and livestock products,143,Morocco,5419,Yield,402,"Onions and shallots, green",1994,1994,100 g/ha,142812,E,Estimated value,
QCL,Crops and livestock products,143,Morocco,5510,Production,402,"Onions and shallots, green",1994,1994,t,13523.8,I,Imputed value,
QCL,Crops and livestock products,143,Morocco,5312,Area harvested,402,"Onions and shallots, green",1995,1995,ha,974,I,Imputed value,
QCL,Crops and livestock products,143,Morocco,5419,Yield,402,"Onions and shallots, green",1995,1995,100 g/ha,141554,E,Estimated value,
QCL,Crops and livestock products,143,Morocco,5510,Production,402,"Onions and shallots, green",1995,1995,t,13781.41,I,Imputed value,
QCL,Crops and livestock products,143,Morocco,5312,Area harvested,402,"Onions and shallots, green",1996,1996,ha,980,E,Estimated value,
QCL,Crops and livestock products,143,Morocco,5419,Yield,402,"Onions and shallots, green",1996,1996,100 g/ha,142857,E,Estimated value,
QCL,Crops and livestock products,143,Morocco,5510,Production,402,"Onions and shallots, green",1996,1996,t,14000,E,Estimated value,
QCL,Crops and livestock products,143,Morocco,5312,Area harvested,402,"Onions and shallots, green",1997,1997,ha,996,I,Imputed value,
QCL,Crops and livestock products,143,Morocco,5419,Yield,402,"Onions and shallots, green",1997,1997,100 g/ha,144354,E,Estimated value,
QCL,Crops and livestock products,143,Morocco,5510,Production,402,"Onions and shallots, green",1997,1997,t,14379.65,I,Imputed value,
QCL,Crops and livestock products,143,Morocco,5312,Area harvested,402,"Onions and shallots, green",1998,1998,ha,1006,I,Imputed value,
QCL,Crops and livestock products,143,Morocco,5419,Yield,402,"Onions and shallots, green",1998,1998,100 g/ha,146319,E,Estimated value,
QCL,Crops and livestock products,143,Morocco,5510,Production,402,"Onions and shallots, green",1998,1998,t,14713.15,I,Imputed value,
QCL,Crops and livestock products,143,Morocco,5312,Area harvested,402,"Onions and shallots, green",1999,1999,ha,1000,E,Estimated value,
QCL,Crops and livestock products,143,Morocco,5419,Yield,402,"Onions and shallots, green",1999,1999,100 g/ha,150000,E,Estimated value,
QCL,Crops and livestock products,143,Morocco,5510,Production,402,"Onions and shallots, green",1999,1999,t,15000,E,Estimated value,
QCL,Crops and livestock products,143,Morocco,5312,Area harvested,402,"Onions and shallots, green",2000,2000,ha,1054,I,Imputed value,
QCL,Crops and livestock products,143,Morocco,5419,Yield,402,"Onions and shallots, green",2000,2000,100 g/ha,147102,E,Estimated value,
QCL,Crops and livestock products,143,Morocco,5510,Production,402,"Onions and shallots, green",2000,2000,t,15500.42,I,Imputed value,
QCL,Crops and livestock products,143,Morocco,5312,Area harvested,402,"Onions and shallots, green",2001,2001,ha,1100,E,Estimated value,
QCL,Crops and livestock products,143,Morocco,5419,Yield,402,"Onions and shallots, green",2001,2001,100 g/ha,145455,E,Estimated value,
QCL,Crops and livestock products,143,Morocco,5510,Production,402,"Onions and shallots, green",2001,2001,t,16000,E,Estimated value,
QCL,Crops and livestock products,143,Morocco,5312,Area harvested,402,"Onions and shallots, green",2002,2002,ha,1116,I,Imputed value,
QCL,Crops and livestock products,143,Morocco,5419,Yield,402,"Onions and shallots, green",2002,2002,100 g/ha,146623,E,Estimated value,
QCL,Crops and livestock products,143,Morocco,5510,Production,402,"Onions and shallots, green",2002,2002,t,16362.03,I,Imputed value,
QCL,Crops and livestock products,143,Morocco,5312,Area harvested,402,"Onions and shallots, green",2003,2003,ha,1137,I,Imputed value,
QCL,Crops and livestock products,143,Morocco,5419,Yield,402,"Onions and shallots, green",2003,2003,100 g/ha,147428,E,Estimated value,
QCL,Crops and livestock products,143,Morocco,5510,Production,402,"Onions and shallots, green",2003,2003,t,16762.95,I,Imputed value,
QCL,Crops and livestock products,143,Morocco,5312,Area harvested,402,"Onions and shallots, green",2004,2004,ha,1150,E,Estimated value,
QCL,Crops and livestock products,143,Morocco,5419,Yield,402,"Onions and shallots, green",2004,2004,100 g/ha,147826,E,Estimated value,
QCL,Crops and livestock products,143,Morocco,5510,Production,402,"Onions and shallots, green",2004,2004,t,17000,E,Estimated value,
QCL,Crops and livestock products,143,Morocco,5312,Area harvested,402,"Onions and shallots, green",2005,2005,ha,1197,I,Imputed value,
QCL,Crops and livestock products,143,Morocco,5419,Yield,402,"Onions and shallots, green",2005,2005,100 g/ha,147765,E,Estimated value,
QCL,Crops and livestock products,143,Morocco,5510,Production,402,"Onions and shallots, green",2005,2005,t,17693.78,I,Imputed value,
QCL,Crops and livestock products,143,Morocco,5312,Area harvested,402,"Onions and shallots, green",2006,2006,ha,1250,E,Estimated value,
QCL,Crops and livestock products,143,Morocco,5419,Yield,402,"Onions and shallots, green",2006,2006,100 g/ha,144000,E,Estimated value,
QCL,Crops and livestock products,143,Morocco,5510,Production,402,"Onions and shallots, green",2006,2006,t,18000,E,Estimated value,
QCL,Crops and livestock products,143,Morocco,5312,Area harvested,402,"Onions and shallots, green",2007,2007,ha,1217,I,Imputed value,
QCL,Crops and livestock products,143,Morocco,5419,Yield,402,"Onions and shallots, green",2007,2007,100 g/ha,143133,E,Estimated value,
QCL,Crops and livestock products,143,Morocco,5510,Production,402,"Onions and shallots, green",2007,2007,t,17414.7,I,Imputed value,
QCL,Crops and livestock products,143,Morocco,5312,Area harvested,402,"Onions and shallots, green",2008,2008,ha,1160,E,Estimated value,
QCL,Crops and livestock products,143,Morocco,5419,Yield,402,"Onions and shallots, green",2008,2008,100 g/ha,131897,E,Estimated value,
QCL,Crops and livestock products,143,Morocco,5510,Production,402,"Onions and shallots, green",2008,2008,t,15300,E,Estimated value,
QCL,Crops and livestock products,143,Morocco,5312,Area harvested,402,"Onions and shallots, green",2009,2009,ha,1240,E,Estimated value,
QCL,Crops and livestock products,143,Morocco,5419,Yield,402,"Onions and shallots, green",2009,2009,100 g/ha,149194,E,Estimated value,
QCL,Crops and livestock products,143,Morocco,5510,Production,402,"Onions and shallots, green",2009,2009,t,18500,E,Estimated value,
QCL,Crops and livestock products,143,Morocco,5312,Area harvested,402,"Onions and shallots, green",2010,2010,ha,1300,E,Estimated value,
QCL,Crops and livestock products,143,Morocco,5419,Yield,402,"Onions and shallots, green",2010,2010,100 g/ha,200000,E,Estimated value,
QCL,Crops and livestock products,143,Morocco,5510,Production,402,"Onions and shallots, green",2010,2010,t,26000,E,Estimated value,
QCL,Crops and livestock products,143,Morocco,5312,Area harvested,402,"Onions and shallots, green",2011,2011,ha,1344,I,Imputed value,
QCL,Crops and livestock products,143,Morocco,5419,Yield,402,"Onions and shallots, green",2011,2011,100 g/ha,198581,E,Estimated value,
QCL,Crops and livestock products,143,Morocco,5510,Production,402,"Onions and shallots, green",2011,2011,t,26694.55,I,Imputed value,
QCL,Crops and livestock products,143,Morocco,5312,Area harvested,402,"Onions and shallots, green",2012,2012,ha,1400,E,Estimated value,
QCL,Crops and livestock products,143,Morocco,5419,Yield,402,"Onions and shallots, green",2012,2012,100 g/ha,214286,E,Estimated value,
QCL,Crops and livestock products,143,Morocco,5510,Production,402,"Onions and shallots, green",2012,2012,t,30000,E,Estimated value,
QCL,Crops and livestock products,143,Morocco,5312,Area harvested,402,"Onions and shallots, green",2013,2013,ha,1419,I,Imputed value,
QCL,Crops and livestock products,143,Morocco,5419,Yield,402,"Onions and shallots, green",2013,2013,100 g/ha,196655,E,Estimated value,
QCL,Crops and livestock products,143,Morocco,5510,Production,402,"Onions and shallots, green",2013,2013,t,27903.79,I,Imputed value,
QCL,Crops and livestock products,143,Morocco,5312,Area harvested,402,"Onions and shallots, green",2014,2014,ha,1556,I,Imputed value,
QCL,Crops and livestock products,143,Morocco,5419,Yield,402,"Onions and shallots, green",2014,2014,100 g/ha,192747,E,Estimated value,
QCL,Crops and livestock products,143,Morocco,5510,Production,402,"Onions and shallots, green",2014,2014,t,30000,E,Estimated value,
QCL,Crops and livestock products,143,Morocco,5312,Area harvested,402,"Onions and shallots, green",2015,2015,ha,1639,I,Imputed value,
QCL,Crops and livestock products,143,Morocco,5419,Yield,402,"Onions and shallots, green",2015,2015,100 g/ha,201898,E,Estimated value,
QCL,Crops and livestock products,143,Morocco,5510,Production,402,"Onions and shallots, green",2015,2015,t,33087.03,I,Imputed value,
QCL,Crops and livestock products,143,Morocco,5312,Area harvested,402,"Onions and shallots, green",2016,2016,ha,1758,I,Imputed value,
QCL,Crops and livestock products,143,Morocco,5419,Yield,402,"Onions and shallots, green",2016,2016,100 g/ha,207722,E,Estimated value,
QCL,Crops and livestock products,143,Morocco,5510,Production,402,"Onions and shallots, green",2016,2016,t,36527.31,I,Imputed value,
QCL,Crops and livestock products,143,Morocco,5312,Area harvested,402,"Onions and shallots, green",2017,2017,ha,1915,I,Imputed value,
QCL,Crops and livestock products,143,Morocco,5419,Yield,402,"Onions and shallots, green",2017,2017,100 g/ha,209731,E,Estimated value,
QCL,Crops and livestock products,143,Morocco,5510,Production,402,"Onions and shallots, green",2017,2017,t,40153.33,I,Imputed value,
QCL,Crops and livestock products,143,Morocco,5312,Area harvested,402,"Onions and shallots, green",2018,2018,ha,2091,I,Imputed value,
QCL,Crops and livestock products,143,Morocco,5419,Yield,402,"Onions and shallots, green",2018,2018,100 g/ha,210389,E,Estimated value,
QCL,Crops and livestock products,143,Morocco,5510,Production,402,"Onions and shallots, green",2018,2018,t,44000,E,Estimated value,
QCL,Crops and livestock products,143,Morocco,5312,Area harvested,402,"Onions and shallots, green",2019,2019,ha,2351,I,Imputed value,
QCL,Crops and livestock products,143,Morocco,5419,Yield,402,"Onions and shallots, green",2019,2019,100 g/ha,212325,E,Estimated value,
QCL,Crops and livestock products,143,Morocco,5510,Production,402,"Onions and shallots, green",2019,2019,t,49920.91,I,Imputed value,
QCL,Crops and livestock products,143,Morocco,5312,Area harvested,402,"Onions and shallots, green",2020,2020,ha,2613,I,Imputed value,
QCL,Crops and livestock products,143,Morocco,5419,Yield,402,"Onions and shallots, green",2020,2020,100 g/ha,215113,E,Estimated value,
QCL,Crops and livestock products,143,Morocco,5510,Production,402,"Onions and shallots, green",2020,2020,t,56200,E,Estimated value,
QCL,Crops and livestock products,143,Morocco,5312,Area harvested,402,"Onions and shallots, green",2021,2021,ha,2901,I,Imputed value,
QCL,Crops and livestock products,143,Morocco,5419,Yield,402,"Onions and shallots, green",2021,2021,100 g/ha,217200,E,Estimated value,
QCL,Crops and livestock products,143,Morocco,5510,Production,402,"Onions and shallots, green",2021,2021,t,63000,E,Estimated value,
QCL,Crops and livestock products,143,Morocco,5312,Area harvested,402,"Onions and shallots, green",2022,2022,ha,3162,I,Imputed value,
QCL,Crops and livestock products,143,Morocco,5419,Yield,402,"Onions and shallots, green",2022,2022,100 g/ha,219287,E,Estimated value,
QCL,Crops and livestock products,143,Morocco,5510,Production,402,"Onions and shallots, green",2022,2022,t,69338.86,I,Imputed value,
QCL,Crops and livestock products,143,Morocco,5312,Area harvested,490,Oranges,1961,1961,ha,0,M,"Missing value (data cannot exist, not applicable)",
QCL,Crops and livestock products,143,Morocco,5510,Production,490,Oranges,1961,1961,t,438000,A,Official figure,
QCL,Crops and livestock products,143,Morocco,5312,Area harvested,490,Oranges,1962,1962,ha,0,M,"Missing value (data cannot exist, not applicable)",
QCL,Crops and livestock products,143,Morocco,5510,Production,490,Oranges,1962,1962,t,437000,A,Official figure,
QCL,Crops and livestock products,143,Morocco,5312,Area harvested,490,Oranges,1963,1963,ha,0,M,"Missing value (data cannot exist, not applicable)",
QCL,Crops and livestock products,143,Morocco,5510,Production,490,Oranges,1963,1963,t,436000,A,Official figure,
QCL,Crops and livestock products,143,Morocco,5312,Area harvested,490,Oranges,1964,1964,ha,0,M,"Missing value (data cannot exist, not applicable)",
QCL,Crops and livestock products,143,Morocco,5510,Production,490,Oranges,1964,1964,t,560000,A,Official figure,
QCL,Crops and livestock products,143,Morocco,5312,Area harvested,490,Oranges,1965,1965,ha,0,M,"Missing value (data cannot exist, not applicable)",
QCL,Crops and livestock products,143,Morocco,5510,Production,490,Oranges,1965,1965,t,456000,A,Official figure,
QCL,Crops and livestock products,143,Morocco,5312,Area harvested,490,Oranges,1966,1966,ha,0,M,"Missing value (data cannot exist, not applicable)",
QCL,Crops and livestock products,143,Morocco,5510,Production,490,Oranges,1966,1966,t,551800,A,Official figure,
QCL,Crops and livestock products,143,Morocco,5312,Area harvested,490,Oranges,1967,1967,ha,0,M,"Missing value (data cannot exist, not applicable)",
QCL,Crops and livestock products,143,Morocco,5510,Production,490,Oranges,1967,1967,t,648800,A,Official figure,
QCL,Crops and livestock products,143,Morocco,5312,Area harvested,490,Oranges,1968,1968,ha,0,M,"Missing value (data cannot exist, not applicable)",
QCL,Crops and livestock products,143,Morocco,5510,Production,490,Oranges,1968,1968,t,733700,A,Official figure,
QCL,Crops and livestock products,143,Morocco,5312,Area harvested,490,Oranges,1969,1969,ha,0,M,"Missing value (data cannot exist, not applicable)",
QCL,Crops and livestock products,143,Morocco,5510,Production,490,Oranges,1969,1969,t,668000,A,Official figure,
QCL,Crops and livestock products,143,Morocco,5312,Area harvested,490,Oranges,1970,1970,ha,0,M,"Missing value (data cannot exist, not applicable)",
QCL,Crops and livestock products,143,Morocco,5510,Production,490,Oranges,1970,1970,t,787400,A,Official figure,
QCL,Crops and livestock products,143,Morocco,5312,Area harvested,490,Oranges,1971,1971,ha,0,M,"Missing value (data cannot exist, not applicable)",
QCL,Crops and livestock products,143,Morocco,5510,Production,490,Oranges,1971,1971,t,637100,A,Official figure,
QCL,Crops and livestock products,143,Morocco,5312,Area harvested,490,Oranges,1972,1972,ha,0,M,"Missing value (data cannot exist, not applicable)",
QCL,Crops and livestock products,143,Morocco,5510,Production,490,Oranges,1972,1972,t,647800,A,Official figure,
QCL,Crops and livestock products,143,Morocco,5312,Area harvested,490,Oranges,1973,1973,ha,0,M,"Missing value (data cannot exist, not applicable)",
QCL,Crops and livestock products,143,Morocco,5510,Production,490,Oranges,1973,1973,t,818900,A,Official figure,
QCL,Crops and livestock products,143,Morocco,5312,Area harvested,490,Oranges,1974,1974,ha,0,M,"Missing value (data cannot exist, not applicable)",
QCL,Crops and livestock products,143,Morocco,5510,Production,490,Oranges,1974,1974,t,695600,A,Official figure,
QCL,Crops and livestock products,143,Morocco,5312,Area harvested,490,Oranges,1975,1975,ha,0,M,"Missing value (data cannot exist, not applicable)",
QCL,Crops and livestock products,143,Morocco,5510,Production,490,Oranges,1975,1975,t,552400,A,Official figure,
QCL,Crops and livestock products,143,Morocco,5312,Area harvested,490,Oranges,1976,1976,ha,0,M,"Missing value (data cannot exist, not applicable)",
QCL,Crops and livestock products,143,Morocco,5510,Production,490,Oranges,1976,1976,t,581400,A,Official figure,
QCL,Crops and livestock products,143,Morocco,5312,Area harvested,490,Oranges,1977,1977,ha,0,M,"Missing value (data cannot exist, not applicable)",
QCL,Crops and livestock products,143,Morocco,5510,Production,490,Oranges,1977,1977,t,640400,A,Official figure,
QCL,Crops and livestock products,143,Morocco,5312,Area harvested,490,Oranges,1978,1978,ha,0,M,"Missing value (data cannot exist, not applicable)",
QCL,Crops and livestock products,143,Morocco,5510,Production,490,Oranges,1978,1978,t,785000,A,Official figure,
QCL,Crops and livestock products,143,Morocco,5312,Area harvested,490,Oranges,1979,1979,ha,0,M,"Missing value (data cannot exist, not applicable)",
QCL,Crops and livestock products,143,Morocco,5510,Production,490,Oranges,1979,1979,t,645000,A,Official figure,
QCL,Crops and livestock products,143,Morocco,5312,Area harvested,490,Oranges,1980,1980,ha,0,M,"Missing value (data cannot exist, not applicable)",
QCL,Crops and livestock products,143,Morocco,5510,Production,490,Oranges,1980,1980,t,785000,A,Official figure,
QCL,Crops and livestock products,143,Morocco,5312,Area harvested,490,Oranges,1981,1981,ha,0,M,"Missing value (data cannot exist, not applicable)",
QCL,Crops and livestock products,143,Morocco,5510,Production,490,Oranges,1981,1981,t,685000,A,Official figure,
QCL,Crops and livestock products,143,Morocco,5312,Area harvested,490,Oranges,1982,1982,ha,0,M,"Missing value (data cannot exist, not applicable)",
QCL,Crops and livestock products,143,Morocco,5510,Production,490,Oranges,1982,1982,t,694000,A,Official figure,
QCL,Crops and livestock products,143,Morocco,5312,Area harvested,490,Oranges,1983,1983,ha,0,M,"Missing value (data cannot exist, not applicable)",
QCL,Crops and livestock products,143,Morocco,5510,Production,490,Oranges,1983,1983,t,690000,A,Official figure,
QCL,Crops and livestock products,143,Morocco,5312,Area harvested,490,Oranges,1984,1984,ha,0,M,"Missing value (data cannot exist, not applicable)",
QCL,Crops and livestock products,143,Morocco,5510,Production,490,Oranges,1984,1984,t,747000,A,Official figure,
QCL,Crops and livestock products,143,Morocco,5312,Area harvested,490,Oranges,1985,1985,ha,42000,A,Official figure,
QCL,Crops and livestock products,143,Morocco,5419,Yield,490,Oranges,1985,1985,100 g/ha,163333,A,Official figure,
QCL,Crops and livestock products,143,Morocco,5510,Production,490,Oranges,1985,1985,t,686000,A,Official figure,
QCL,Crops and livestock products,143,Morocco,5312,Area harvested,490,Oranges,1986,1986,ha,51000,A,Official figure,
QCL,Crops and livestock products,143,Morocco,5419,Yield,490,Oranges,1986,1986,100 g/ha,158627,A,Official figure,
QCL,Crops and livestock products,143,Morocco,5510,Production,490,Oranges,1986,1986,t,809000,A,Official figure,
QCL,Crops and livestock products,143,Morocco,5312,Area harvested,490,Oranges,1987,1987,ha,51000,A,Official figure,
QCL,Crops and livestock products,143,Morocco,5419,Yield,490,Oranges,1987,1987,100 g/ha,127647,A,Official figure,
QCL,Crops and livestock products,143,Morocco,5510,Production,490,Oranges,1987,1987,t,651000,A,Official figure,
QCL,Crops and livestock products,143,Morocco,5312,Area harvested,490,Oranges,1988,1988,ha,51000,A,Official figure,
QCL,Crops and livestock products,143,Morocco,5419,Yield,490,Oranges,1988,1988,100 g/ha,175098,A,Official figure,
QCL,Crops and livestock products,143,Morocco,5510,Production,490,Oranges,1988,1988,t,893000,A,Official figure,
QCL,Crops and livestock products,143,Morocco,5312,Area harvested,490,Oranges,1989,1989,ha,51700,A,Official figure,
QCL,Crops and livestock products,143,Morocco,5419,Yield,490,Oranges,1989,1989,100 g/ha,192070,A,Official figure,
QCL,Crops and livestock products,143,Morocco,5510,Production,490,Oranges,1989,1989,t,993000,A,Official figure,
QCL,Crops and livestock products,143,Morocco,5312,Area harvested,490,Oranges,1990,1990,ha,52400,A,Official figure,
QCL,Crops and livestock products,143,Morocco,5419,Yield,490,Oranges,1990,1990,100 g/ha,150000,A,Official figure,
QCL,Crops and livestock products,143,Morocco,5510,Production,490,Oranges,1990,1990,t,786000,A,Official figure,
QCL,Crops and livestock products,143,Morocco,5312,Area harvested,490,Oranges,1991,1991,ha,53000,A,Official figure,
QCL,Crops and livestock products,143,Morocco,5419,Yield,490,Oranges,1991,1991,100 g/ha,210755,A,Official figure,
QCL,Crops and livestock products,143,Morocco,5510,Production,490,Oranges,1991,1991,t,1117000,A,Official figure,
QCL,Crops and livestock products,143,Morocco,5312,Area harvested,490,Oranges,1992,1992,ha,53600,A,Official figure,
QCL,Crops and livestock products,143,Morocco,5419,Yield,490,Oranges,1992,1992,100 g/ha,151119,A,Official figure,
QCL,Crops and livestock products,143,Morocco,5510,Production,490,Oranges,1992,1992,t,810000,A,Official figure,
QCL,Crops and livestock products,143,Morocco,5312,Area harvested,490,Oranges,1993,1993,ha,54300,A,Official figure,
QCL,Crops and livestock products,143,Morocco,5419,Yield,490,Oranges,1993,1993,100 g/ha,165009,A,Official figure,
QCL,Crops and livestock products,143,Morocco,5510,Production,490,Oranges,1993,1993,t,896000,A,Official figure,
QCL,Crops and livestock products,143,Morocco,5312,Area harvested,490,Oranges,1994,1994,ha,54800,A,Official figure,
QCL,Crops and livestock products,143,Morocco,5419,Yield,490,Oranges,1994,1994,100 g/ha,172993,A,Official figure,
QCL,Crops and livestock products,143,Morocco,5510,Production,490,Oranges,1994,1994,t,948000,A,Official figure,
QCL,Crops and livestock products,143,Morocco,5312,Area harvested,490,Oranges,1995,1995,ha,52000,A,Official figure,
QCL,Crops and livestock products,143,Morocco,5419,Yield,490,Oranges,1995,1995,100 g/ha,135000,A,Official figure,
QCL,Crops and livestock products,143,Morocco,5510,Production,490,Oranges,1995,1995,t,702000,A,Official figure,
QCL,Crops and livestock products,143,Morocco,5312,Area harvested,490,Oranges,1996,1996,ha,55584,A,Official figure,
QCL,Crops and livestock products,143,Morocco,5419,Yield,490,Oranges,1996,1996,100 g/ha,185720,A,Official figure,
QCL,Crops and livestock products,143,Morocco,5510,Production,490,Oranges,1996,1996,t,1032306,A,Official figure,
QCL,Crops and livestock products,143,Morocco,5312,Area harvested,490,Oranges,1997,1997,ha,51200,A,Official figure,
QCL,Crops and livestock products,143,Morocco,5419,Yield,490,Oranges,1997,1997,100 g/ha,157031,A,Official figure,
QCL,Crops and livestock products,143,Morocco,5510,Production,490,Oranges,1997,1997,t,804000,A,Official figure,
QCL,Crops and livestock products,143,Morocco,5312,Area harvested,490,Oranges,1998,1998,ha,51300,A,Official figure,
QCL,Crops and livestock products,143,Morocco,5419,Yield,490,Oranges,1998,1998,100 g/ha,215166,A,Official figure,
QCL,Crops and livestock products,143,Morocco,5510,Production,490,Oranges,1998,1998,t,1103800,A,Official figure,
QCL,Crops and livestock products,143,Morocco,5312,Area harvested,490,Oranges,1999,1999,ha,51100,A,Official figure,
QCL,Crops and livestock products,143,Morocco,5419,Yield,490,Oranges,1999,1999,100 g/ha,170939,A,Official figure,
QCL,Crops and livestock products,143,Morocco,5510,Production,490,Oranges,1999,1999,t,873500,A,Official figure,
QCL,Crops and livestock products,143,Morocco,5312,Area harvested,490,Oranges,2000,2000,ha,51200,A,Official figure,
QCL,Crops and livestock products,143,Morocco,5419,Yield,490,Oranges,2000,2000,100 g/ha,169922,A,Official figure,
QCL,Crops and livestock products,143,Morocco,5510,Production,490,Oranges,2000,2000,t,870000,A,Official figure,
QCL,Crops and livestock products,143,Morocco,5312,Area harvested,490,Oranges,2001,2001,ha,50200,A,Official figure,
QCL,Crops and livestock products,143,Morocco,5419,Yield,490,Oranges,2001,2001,100 g/ha,141036,A,Official figure,
QCL,Crops and livestock products,143,Morocco,5510,Production,490,Oranges,2001,2001,t,708000,A,Official figure,
QCL,Crops and livestock products,143,Morocco,5312,Area harvested,490,Oranges,2002,2002,ha,50100,A,Official figure,
QCL,Crops and livestock products,143,Morocco,5419,Yield,490,Oranges,2002,2002,100 g/ha,144331,A,Official figure,
QCL,Crops and livestock products,143,Morocco,5510,Production,490,Oranges,2002,2002,t,723100,A,Official figure,
QCL,Crops and livestock products,143,Morocco,5312,Area harvested,490,Oranges,2003,2003,ha,49200,A,Official figure,
QCL,Crops and livestock products,143,Morocco,5419,Yield,490,Oranges,2003,2003,100 g/ha,166992,A,Official figure,
QCL,Crops and livestock products,143,Morocco,5510,Production,490,Oranges,2003,2003,t,821600,A,Official figure,
QCL,Crops and livestock products,143,Morocco,5312,Area harvested,490,Oranges,2004,2004,ha,48700,A,Official figure,
QCL,Crops and livestock products,143,Morocco,5419,Yield,490,Oranges,2004,2004,100 g/ha,147700,A,Official figure,
QCL,Crops and livestock products,143,Morocco,5510,Production,490,Oranges,2004,2004,t,719300,A,Official figure,
QCL,Crops and livestock products,143,Morocco,5312,Area harvested,490,Oranges,2005,2005,ha,48800,A,Official figure,
QCL,Crops and livestock products,143,Morocco,5419,Yield,490,Oranges,2005,2005,100 g/ha,171107,A,Official figure,
QCL,Crops and livestock products,143,Morocco,5510,Production,490,Oranges,2005,2005,t,835000,A,Official figure,
QCL,Crops and livestock products,143,Morocco,5312,Area harvested,490,Oranges,2006,2006,ha,49100,A,Official figure,
QCL,Crops and livestock products,143,Morocco,5419,Yield,490,Oranges,2006,2006,100 g/ha,160530,A,Official figure,
QCL,Crops and livestock products,143,Morocco,5510,Production,490,Oranges,2006,2006,t,788200,A,Official figure,
QCL,Crops and livestock products,143,Morocco,5312,Area harvested,490,Oranges,2007,2007,ha,55000,E,Estimated value,
QCL,Crops and livestock products,143,Morocco,5419,Yield,490,Oranges,2007,2007,100 g/ha,129364,E,Estimated value,
QCL,Crops and livestock products,143,Morocco,5510,Production,490,Oranges,2007,2007,t,711500,A,Official figure,
QCL,Crops and livestock products,143,Morocco,5312,Area harvested,490,Oranges,2008,2008,ha,63000,A,Official figure,
QCL,Crops and livestock products,143,Morocco,5419,Yield,490,Oranges,2008,2008,100 g/ha,116254,A,Official figure,
QCL,Crops and livestock products,143,Morocco,5510,Production,490,Oranges,2008,2008,t,732400,A,Official figure,
QCL,Crops and livestock products,143,Morocco,5312,Area harvested,490,Oranges,2009,2009,ha,51681,A,Official figure,
QCL,Crops and livestock products,143,Morocco,5419,Yield,490,Oranges,2009,2009,100 g/ha,138349,A,Official figure,
QCL,Crops and livestock products,143,Morocco,5510,Production,490,Oranges,2009,2009,t,715000,A,Official figure,
QCL,Crops and livestock products,143,Morocco,5312,Area harvested,490,Oranges,2010,2010,ha,44900,A,Official figure,
QCL,Crops and livestock products,143,Morocco,5419,Yield,490,Oranges,2010,2010,100 g/ha,189131,A,Official figure,
QCL,Crops and livestock products,143,Morocco,5510,Production,490,Oranges,2010,2010,t,849197,A,Official figure,
QCL,Crops and livestock products,143,Morocco,5312,Area harvested,490,Oranges,2011,2011,ha,46382,A,Official figure,
QCL,Crops and livestock products,143,Morocco,5419,Yield,490,Oranges,2011,2011,100 g/ha,185112,A,Official figure,
QCL,Crops and livestock products,143,Morocco,5510,Production,490,Oranges,2011,2011,t,858587,A,Official figure,
QCL,Crops and livestock products,143,Morocco,5312,Area harvested,490,Oranges,2012,2012,ha,50231,A,Official figure,
QCL,Crops and livestock products,143,Morocco,5419,Yield,490,Oranges,2012,2012,100 g/ha,191463,A,Official figure,
QCL,Crops and livestock products,143,Morocco,5510,Production,490,Oranges,2012,2012,t,961738,A,Official figure,
QCL,Crops and livestock products,143,Morocco,5312,Area harvested,490,Oranges,2013,2013,ha,51760,A,Official figure,
QCL,Crops and livestock products,143,Morocco,5419,Yield,490,Oranges,2013,2013,100 g/ha,146694,A,Official figure,
QCL,Crops and livestock products,143,Morocco,5510,Production,490,Oranges,2013,2013,t,759289.96,A,Official figure,
QCL,Crops and livestock products,143,Morocco,5312,Area harvested,490,Oranges,2014,2014,ha,53193,A,Official figure,
QCL,Crops and livestock products,143,Morocco,5419,Yield,490,Oranges,2014,2014,100 g/ha,188228,A,Official figure,
QCL,Crops and livestock products,143,Morocco,5510,Production,490,Oranges,2014,2014,t,1001246.19,A,Official figure,
QCL,Crops and livestock products,143,Morocco,5312,Area harvested,490,Oranges,2015,2015,ha,54390,A,Official figure,
QCL,Crops and livestock products,143,Morocco,5419,Yield,490,Oranges,2015,2015,100 g/ha,159777,A,Official figure,
QCL,Crops and livestock products,143,Morocco,5510,Production,490,Oranges,2015,2015,t,869020.48,A,Official figure,
QCL,Crops and livestock products,143,Morocco,5312,Area harvested,490,Oranges,2016,2016,ha,55804,A,Official figure,
QCL,Crops and livestock products,143,Morocco,5419,Yield,490,Oranges,2016,2016,100 g/ha,162934,A,Official figure,
QCL,Crops and livestock products,143,Morocco,5510,Production,490,Oranges,2016,2016,t,909236.8,A,Official figure,
QCL,Crops and livestock products,143,Morocco,5312,Area harvested,490,Oranges,2017,2017,ha,56638,A,Official figure,
QCL,Crops and livestock products,143,Morocco,5419,Yield,490,Oranges,2017,2017,100 g/ha,183131,A,Official figure,
QCL,Crops and livestock products,143,Morocco,5510,Production,490,Oranges,2017,2017,t,1037218,A,Official figure,
QCL,Crops and livestock products,143,Morocco,5312,Area harvested,490,Oranges,2018,2018,ha,57817,A,Official figure,
QCL,Crops and livestock products,143,Morocco,5419,Yield,490,Oranges,2018,2018,100 g/ha,176271,A,Official figure,
QCL,Crops and livestock products,143,Morocco,5510,Production,490,Oranges,2018,2018,t,1019149.73,A,Official figure,
QCL,Crops and livestock products,143,Morocco,5312,Area harvested,490,Oranges,2019,2019,ha,58437,A,Official figure,
QCL,Crops and livestock products,143,Morocco,5419,Yield,490,Oranges,2019,2019,100 g/ha,202350,A,Official figure,
QCL,Crops and livestock products,143,Morocco,5510,Production,490,Oranges,2019,2019,t,1182477.62,A,Official figure,
QCL,Crops and livestock products,143,Morocco,5312,Area harvested,490,Oranges,2020,2020,ha,59456,A,Official figure,
QCL,Crops and livestock products,143,Morocco,5419,Yield,490,Oranges,2020,2020,100 g/ha,135620,A,Official figure,
QCL,Crops and livestock products,143,Morocco,5510,Production,490,Oranges,2020,2020,t,806342,A,Official figure,
QCL,Crops and livestock products,143,Morocco,5312,Area harvested,490,Oranges,2021,2021,ha,60525,A,Official figure,
QCL,Crops and livestock products,143,Morocco,5419,Yield,490,Oranges,2021,2021,100 g/ha,171728,A,Official figure,
QCL,Crops and livestock products,143,Morocco,5510,Production,490,Oranges,2021,2021,t,1039382,A,Official figure,
QCL,Crops and livestock products,143,Morocco,5312,Area harvested,490,Oranges,2022,2022,ha,60580,A,Official figure,
QCL,Crops and livestock products,143,Morocco,5419,Yield,490,Oranges,2022,2022,100 g/ha,206059,A,Official figure,
QCL,Crops and livestock products,143,Morocco,5510,Production,490,Oranges,2022,2022,t,1248308.38,A,Official figure,
QCL,Crops and livestock products,143,Morocco,5312,Area harvested,414,"Other beans, green",1961,1961,ha,3300,A,Official figure,
QCL,Crops and livestock products,143,Morocco,5419,Yield,414,"Other beans, green",1961,1961,100 g/ha,29697,A,Official figure,
QCL,Crops and livestock products,143,Morocco,5510,Production,414,"Other beans, green",1961,1961,t,9800,A,Official figure,
QCL,Crops and livestock products,143,Morocco,5312,Area harvested,414,"Other beans, green",1962,1962,ha,3293,A,Official figure,
QCL,Crops and livestock products,143,Morocco,5419,Yield,414,"Other beans, green",1962,1962,100 g/ha,39478,A,Official figure,
QCL,Crops and livestock products,143,Morocco,5510,Production,414,"Other beans, green",1962,1962,t,13000,A,Official figure,
QCL,Crops and livestock products,143,Morocco,5312,Area harvested,414,"Other beans, green",1963,1963,ha,3000,A,Official figure,
QCL,Crops and livestock products,143,Morocco,5419,Yield,414,"Other beans, green",1963,1963,100 g/ha,38767,A,Official figure,
QCL,Crops and livestock products,143,Morocco,5510,Production,414,"Other beans, green",1963,1963,t,11630,A,Official figure,
QCL,Crops and livestock products,143,Morocco,5312,Area harvested,414,"Other beans, green",1964,1964,ha,3000,A,Official figure,
QCL,Crops and livestock products,143,Morocco,5419,Yield,414,"Other beans, green",1964,1964,100 g/ha,36667,A,Official figure,
QCL,Crops and livestock products,143,Morocco,5510,Production,414,"Other beans, green",1964,1964,t,11000,A,Official figure,
QCL,Crops and livestock products,143,Morocco,5312,Area harvested,414,"Other beans, green",1965,1965,ha,7072,A,Official figure,
QCL,Crops and livestock products,143,Morocco,5419,Yield,414,"Other beans, green",1965,1965,100 g/ha,24967,A,Official figure,
QCL,Crops and livestock products,143,Morocco,5510,Production,414,"Other beans, green",1965,1965,t,17657,A,Official figure,
QCL,Crops and livestock products,143,Morocco,5312,Area harvested,414,"Other beans, green",1966,1966,ha,3998,A,Official figure,
QCL,Crops and livestock products,143,Morocco,5419,Yield,414,"Other beans, green",1966,1966,100 g/ha,29020,A,Official figure,
QCL,Crops and livestock products,143,Morocco,5510,Production,414,"Other beans, green",1966,1966,t,11602,A,Official figure,
QCL,Crops and livestock products,143,Morocco,5312,Area harvested,414,"Other beans, green",1967,1967,ha,2000,E,Estimated value,
QCL,Crops and livestock products,143,Morocco,5419,Yield,414,"Other beans, green",1967,1967,100 g/ha,30000,E,Estimated value,
QCL,Crops and livestock products,143,Morocco,5510,Production,414,"Other beans, green",1967,1967,t,6000,A,Official figure,
QCL,Crops and livestock products,143,Morocco,5312,Area harvested,414,"Other beans, green",1968,1968,ha,4000,E,Estimated value,
QCL,Crops and livestock products,143,Morocco,5419,Yield,414,"Other beans, green",1968,1968,100 g/ha,25000,E,Estimated value,
QCL,Crops and livestock products,143,Morocco,5510,Production,414,"Other beans, green",1968,1968,t,10000,E,Estimated value,
QCL,Crops and livestock products,143,Morocco,5312,Area harvested,414,"Other beans, green",1969,1969,ha,4000,E,Estimated value,
QCL,Crops and livestock products,143,Morocco,5419,Yield,414,"Other beans, green",1969,1969,100 g/ha,25000,E,Estimated value,
QCL,Crops and livestock products,143,Morocco,5510,Production,414,"Other beans, green",1969,1969,t,10000,E,Estimated value,
QCL,Crops and livestock products,143,Morocco,5312,Area harvested,414,"Other beans, green",1970,1970,ha,4000,E,Estimated value,
QCL,Crops and livestock products,143,Morocco,5419,Yield,414,"Other beans, green",1970,1970,100 g/ha,25000,E,Estimated value,
QCL,Crops and livestock products,143,Morocco,5510,Production,414,"Other beans, green",1970,1970,t,10000,E,Estimated value,
QCL,Crops and livestock products,143,Morocco,5312,Area harvested,414,"Other beans, green",1971,1971,ha,4200,E,Estimated value,
QCL,Crops and livestock products,143,Morocco,5419,Yield,414,"Other beans, green",1971,1971,100 g/ha,28571,E,Estimated value,
QCL,Crops and livestock products,143,Morocco,5510,Production,414,"Other beans, green",1971,1971,t,12000,E,Estimated value,
QCL,Crops and livestock products,143,Morocco,5312,Area harvested,414,"Other beans, green",1972,1972,ha,4300,E,Estimated value,
QCL,Crops and livestock products,143,Morocco,5419,Yield,414,"Other beans, green",1972,1972,100 g/ha,27907,E,Estimated value,
QCL,Crops and livestock products,143,Morocco,5510,Production,414,"Other beans, green",1972,1972,t,12000,E,Estimated value,
QCL,Crops and livestock products,143,Morocco,5312,Area harvested,414,"Other beans, green",1973,1973,ha,4300,E,Estimated value,
QCL,Crops and livestock products,143,Morocco,5419,Yield,414,"Other beans, green",1973,1973,100 g/ha,27907,E,Estimated value,
QCL,Crops and livestock products,143,Morocco,5510,Production,414,"Other beans, green",1973,1973,t,12000,E,Estimated value,
QCL,Crops and livestock products,143,Morocco,5312,Area harvested,414,"Other beans, green",1974,1974,ha,4300,E,Estimated value,
QCL,Crops and livestock products,143,Morocco,5419,Yield,414,"Other beans, green",1974,1974,100 g/ha,28372,E,Estimated value,
QCL,Crops and livestock products,143,Morocco,5510,Production,414,"Other beans, green",1974,1974,t,12200,E,Estimated value,
QCL,Crops and livestock products,143,Morocco,5312,Area harvested,414,"Other beans, green",1975,1975,ha,4400,E,Estimated value,
QCL,Crops and livestock products,143,Morocco,5419,Yield,414,"Other beans, green",1975,1975,100 g/ha,28182,E,Estimated value,
QCL,Crops and livestock products,143,Morocco,5510,Production,414,"Other beans, green",1975,1975,t,12400,E,Estimated value,
QCL,Crops and livestock products,143,Morocco,5312,Area harvested,414,"Other beans, green",1976,1976,ha,4500,E,Estimated value,
QCL,Crops and livestock products,143,Morocco,5419,Yield,414,"Other beans, green",1976,1976,100 g/ha,27778,E,Estimated value,
QCL,Crops and livestock products,143,Morocco,5510,Production,414,"Other beans, green",1976,1976,t,12500,E,Estimated value,
QCL,Crops and livestock products,143,Morocco,5312,Area harvested,414,"Other beans, green",1977,1977,ha,4500,E,Estimated value,
QCL,Crops and livestock products,143,Morocco,5419,Yield,414,"Other beans, green",1977,1977,100 g/ha,27778,E,Estimated value,
QCL,Crops and livestock products,143,Morocco,5510,Production,414,"Other beans, green",1977,1977,t,12500,E,Estimated value,
QCL,Crops and livestock products,143,Morocco,5312,Area harvested,414,"Other beans, green",1978,1978,ha,5000,E,Estimated value,
QCL,Crops and livestock products,143,Morocco,5419,Yield,414,"Other beans, green",1978,1978,100 g/ha,28000,E,Estimated value,
QCL,Crops and livestock products,143,Morocco,5510,Production,414,"Other beans, green",1978,1978,t,14000,E,Estimated value,
QCL,Crops and livestock products,143,Morocco,5312,Area harvested,414,"Other beans, green",1979,1979,ha,5000,E,Estimated value,
QCL,Crops and livestock products,143,Morocco,5419,Yield,414,"Other beans, green",1979,1979,100 g/ha,28000,E,Estimated value,
QCL,Crops and livestock products,143,Morocco,5510,Production,414,"Other beans, green",1979,1979,t,14000,E,Estimated value,
QCL,Crops and livestock products,143,Morocco,5312,Area harvested,414,"Other beans, green",1980,1980,ha,5200,E,Estimated value,
QCL,Crops and livestock products,143,Morocco,5419,Yield,414,"Other beans, green",1980,1980,100 g/ha,27885,E,Estimated value,
QCL,Crops and livestock products,143,Morocco,5510,Production,414,"Other beans, green",1980,1980,t,14500,E,Estimated value,
QCL,Crops and livestock products,143,Morocco,5312,Area harvested,414,"Other beans, green",1981,1981,ha,5300,E,Estimated value,
QCL,Crops and livestock products,143,Morocco,5419,Yield,414,"Other beans, green",1981,1981,100 g/ha,28302,E,Estimated value,
QCL,Crops and livestock products,143,Morocco,5510,Production,414,"Other beans, green",1981,1981,t,15000,E,Estimated value,
QCL,Crops and livestock products,143,Morocco,5312,Area harvested,414,"Other beans, green",1982,1982,ha,5400,E,Estimated value,
QCL,Crops and livestock products,143,Morocco,5419,Yield,414,"Other beans, green",1982,1982,100 g/ha,29630,E,Estimated value,
QCL,Crops and livestock products,143,Morocco,5510,Production,414,"Other beans, green",1982,1982,t,16000,X,Figure from international organizations,Unofficial figure
QCL,Crops and livestock products,143,Morocco,5312,Area harvested,414,"Other beans, green",1983,1983,ha,5200,E,Estimated value,
QCL,Crops and livestock products,143,Morocco,5419,Yield,414,"Other beans, green",1983,1983,100 g/ha,31538,E,Estimated value,
QCL,Crops and livestock products,143,Morocco,5510,Production,414,"Other beans, green",1983,1983,t,16400,E,Estimated value,
QCL,Crops and livestock products,143,Morocco,5312,Area harvested,414,"Other beans, green",1984,1984,ha,5200,E,Estimated value,
QCL,Crops and livestock products,143,Morocco,5419,Yield,414,"Other beans, green",1984,1984,100 g/ha,34615,E,Estimated value,
QCL,Crops and livestock products,143,Morocco,5510,Production,414,"Other beans, green",1984,1984,t,18000,E,Estimated value,
QCL,Crops and livestock products,143,Morocco,5312,Area harvested,414,"Other beans, green",1985,1985,ha,4000,E,Estimated value,
QCL,Crops and livestock products,143,Morocco,5419,Yield,414,"Other beans, green",1985,1985,100 g/ha,52500,E,Estimated value,
QCL,Crops and livestock products,143,Morocco,5510,Production,414,"Other beans, green",1985,1985,t,21000,E,Estimated value,
QCL,Crops and livestock products,143,Morocco,5312,Area harvested,414,"Other beans, green",1986,1986,ha,4000,E,Estimated value,
QCL,Crops and livestock products,143,Morocco,5419,Yield,414,"Other beans, green",1986,1986,100 g/ha,60000,E,Estimated value,
QCL,Crops and livestock products,143,Morocco,5510,Production,414,"Other beans, green",1986,1986,t,24000,E,Estimated value,
QCL,Crops and livestock products,143,Morocco,5312,Area harvested,414,"Other beans, green",1987,1987,ha,4300,A,Official figure,
QCL,Crops and livestock products,143,Morocco,5419,Yield,414,"Other beans, green",1987,1987,100 g/ha,63488,A,Official figure,
QCL,Crops and livestock products,143,Morocco,5510,Production,414,"Other beans, green",1987,1987,t,27300,A,Official figure,
QCL,Crops and livestock products,143,Morocco,5312,Area harvested,414,"Other beans, green",1988,1988,ha,4200,A,Official figure,
QCL,Crops and livestock products,143,Morocco,5419,Yield,414,"Other beans, green",1988,1988,100 g/ha,69524,A,Official figure,
QCL,Crops and livestock products,143,Morocco,5510,Production,414,"Other beans, green",1988,1988,t,29200,A,Official figure,
QCL,Crops and livestock products,143,Morocco,5312,Area harvested,414,"Other beans, green",1989,1989,ha,4600,A,Official figure,
QCL,Crops and livestock products,143,Morocco,5419,Yield,414,"Other beans, green",1989,1989,100 g/ha,85870,A,Official figure,
QCL,Crops and livestock products,143,Morocco,5510,Production,414,"Other beans, green",1989,1989,t,39500,A,Official figure,
QCL,Crops and livestock products,143,Morocco,5312,Area harvested,414,"Other beans, green",1990,1990,ha,4682,A,Official figure,
QCL,Crops and livestock products,143,Morocco,5419,Yield,414,"Other beans, green",1990,1990,100 g/ha,69825,A,Official figure,
QCL,Crops and livestock products,143,Morocco,5510,Production,414,"Other beans, green",1990,1990,t,32692,A,Official figure,
QCL,Crops and livestock products,143,Morocco,5312,Area harvested,414,"Other beans, green",1991,1991,ha,4052,A,Official figure,
QCL,Crops and livestock products,143,Morocco,5419,Yield,414,"Other beans, green",1991,1991,100 g/ha,57061,A,Official figure,
QCL,Crops and livestock products,143,Morocco,5510,Production,414,"Other beans, green",1991,1991,t,23121,A,Official figure,
QCL,Crops and livestock products,143,Morocco,5312,Area harvested,414,"Other beans, green",1992,1992,ha,4417,A,Official figure,
QCL,Crops and livestock products,143,Morocco,5419,Yield,414,"Other beans, green",1992,1992,100 g/ha,55769,A,Official figure,
QCL,Crops and livestock products,143,Morocco,5510,Production,414,"Other beans, green",1992,1992,t,24633,A,Official figure,
QCL,Crops and livestock products,143,Morocco,5312,Area harvested,414,"Other beans, green",1993,1993,ha,4200,A,Official figure,
QCL,Crops and livestock products,143,Morocco,5419,Yield,414,"Other beans, green",1993,1993,100 g/ha,59393,A,Official figure,
QCL,Crops and livestock products,143,Morocco,5510,Production,414,"Other beans, green",1993,1993,t,24945,A,Official figure,
QCL,Crops and livestock products,143,Morocco,5312,Area harvested,414,"Other beans, green",1994,1994,ha,2727,A,Official figure,
QCL,Crops and livestock products,143,Morocco,5419,Yield,414,"Other beans, green",1994,1994,100 g/ha,69490,A,Official figure,
QCL,Crops and livestock products,143,Morocco,5510,Production,414,"Other beans, green",1994,1994,t,18950,A,Official figure,
QCL,Crops and livestock products,143,Morocco,5312,Area harvested,414,"Other beans, green",1995,1995,ha,1668,A,Official figure,
QCL,Crops and livestock products,143,Morocco,5419,Yield,414,"Other beans, green",1995,1995,100 g/ha,70174,A,Official figure,
QCL,Crops and livestock products,143,Morocco,5510,Production,414,"Other beans, green",1995,1995,t,11705,A,Official figure,
QCL,Crops and livestock products,143,Morocco,5312,Area harvested,414,"Other beans, green",1996,1996,ha,2346,A,Official figure,
QCL,Crops and livestock products,143,Morocco,5419,Yield,414,"Other beans, green",1996,1996,100 g/ha,76300,A,Official figure,
QCL,Crops and livestock products,143,Morocco,5510,Production,414,"Other beans, green",1996,1996,t,17900,A,Official figure,
QCL,Crops and livestock products,143,Morocco,5312,Area harvested,414,"Other beans, green",1997,1997,ha,3000,A,Official figure,
QCL,Crops and livestock products,143,Morocco,5419,Yield,414,"Other beans, green",1997,1997,100 g/ha,77333,A,Official figure,
QCL,Crops and livestock products,143,Morocco,5510,Production,414,"Other beans, green",1997,1997,t,23200,A,Official figure,
QCL,Crops and livestock products,143,Morocco,5312,Area harvested,414,"Other beans, green",1998,1998,ha,2755,A,Official figure,
QCL,Crops and livestock products,143,Morocco,5419,Yield,414,"Other beans, green",1998,1998,100 g/ha,73394,A,Official figure,
QCL,Crops and livestock products,143,Morocco,5510,Production,414,"Other beans, green",1998,1998,t,20220,A,Official figure,
QCL,Crops and livestock products,143,Morocco,5312,Area harvested,414,"Other beans, green",1999,1999,ha,2640,A,Official figure,
QCL,Crops and livestock products,143,Morocco,5419,Yield,414,"Other beans, green",1999,1999,100 g/ha,118788,A,Official figure,
QCL,Crops and livestock products,143,Morocco,5510,Production,414,"Other beans, green",1999,1999,t,31360,A,Official figure,
QCL,Crops and livestock products,143,Morocco,5312,Area harvested,414,"Other beans, green",2000,2000,ha,2090,A,Official figure,
QCL,Crops and livestock products,143,Morocco,5419,Yield,414,"Other beans, green",2000,2000,100 g/ha,159761,A,Official figure,
QCL,Crops and livestock products,143,Morocco,5510,Production,414,"Other beans, green",2000,2000,t,33390,A,Official figure,
QCL,Crops and livestock products,143,Morocco,5312,Area harvested,414,"Other beans, green",2001,2001,ha,2815,A,Official figure,
QCL,Crops and livestock products,143,Morocco,5419,Yield,414,"Other beans, green",2001,2001,100 g/ha,161954,A,Official figure,
QCL,Crops and livestock products,143,Morocco,5510,Production,414,"Other beans, green",2001,2001,t,45590,A,Official figure,
QCL,Crops and livestock products,143,Morocco,5312,Area harvested,414,"Other beans, green",2002,2002,ha,3675,A,Official figure,
QCL,Crops and livestock products,143,Morocco,5419,Yield,414,"Other beans, green",2002,2002,100 g/ha,173878,A,Official figure,
QCL,Crops and livestock products,143,Morocco,5510,Production,414,"Other beans, green",2002,2002,t,63900,A,Official figure,
QCL,Crops and livestock products,143,Morocco,5312,Area harvested,414,"Other beans, green",2003,2003,ha,4960,A,Official figure,
QCL,Crops and livestock products,143,Morocco,5419,Yield,414,"Other beans, green",2003,2003,100 g/ha,165323,A,Official figure,
QCL,Crops and livestock products,143,Morocco,5510,Production,414,"Other beans, green",2003,2003,t,82000,A,Official figure,
QCL,Crops and livestock products,143,Morocco,5312,Area harvested,414,"Other beans, green",2004,2004,ha,5830,A,Official figure,
QCL,Crops and livestock products,143,Morocco,5419,Yield,414,"Other beans, green",2004,2004,100 g/ha,221098,A,Official figure,
QCL,Crops and livestock products,143,Morocco,5510,Production,414,"Other beans, green",2004,2004,t,128900,A,Official figure,
QCL,Crops and livestock products,143,Morocco,5312,Area harvested,414,"Other beans, green",2005,2005,ha,6628,A,Official figure,
QCL,Crops and livestock products,143,Morocco,5419,Yield,414,"Other beans, green",2005,2005,100 g/ha,213647,A,Official figure,
QCL,Crops and livestock products,143,Morocco,5510,Production,414,"Other beans, green",2005,2005,t,141605,A,Official figure,
QCL,Crops and livestock products,143,Morocco,5312,Area harvested,414,"Other beans, green",2006,2006,ha,12150,A,Official figure,
QCL,Crops and livestock products,143,Morocco,5419,Yield,414,"Other beans, green",2006,2006,100 g/ha,233012,A,Official figure,
QCL,Crops and livestock products,143,Morocco,5510,Production,414,"Other beans, green",2006,2006,t,283110,A,Official figure,
QCL,Crops and livestock products,143,Morocco,5312,Area harvested,414,"Other beans, green",2007,2007,ha,8630,A,Official figure,
QCL,Crops and livestock products,143,Morocco,5419,Yield,414,"Other beans, green",2007,2007,100 g/ha,216669,A,Official figure,
QCL,Crops and livestock products,143,Morocco,5510,Production,414,"Other beans, green",2007,2007,t,186985,A,Official figure,
QCL,Crops and livestock products,143,Morocco,5312,Area harvested,414,"Other beans, green",2008,2008,ha,8140,A,Official figure,
QCL,Crops and livestock products,143,Morocco,5419,Yield,414,"Other beans, green",2008,2008,100 g/ha,223808,A,Official figure,
QCL,Crops and livestock products,143,Morocco,5510,Production,414,"Other beans, green",2008,2008,t,182180,A,Official figure,
QCL,Crops and livestock products,143,Morocco,5312,Area harvested,414,"Other beans, green",2009,2009,ha,4849,A,Official figure,
QCL,Crops and livestock products,143,Morocco,5419,Yield,414,"Other beans, green",2009,2009,100 g/ha,109260,A,Official figure,
QCL,Crops and livestock products,143,Morocco,5510,Production,414,"Other beans, green",2009,2009,t,52980,A,Official figure,
QCL,Crops and livestock products,143,Morocco,5312,Area harvested,414,"Other beans, green",2010,2010,ha,8375,A,Official figure,
QCL,Crops and livestock products,143,Morocco,5419,Yield,414,"Other beans, green",2010,2010,100 g/ha,241053,A,Official figure,
QCL,Crops and livestock products,143,Morocco,5510,Production,414,"Other beans, green",2010,2010,t,201882,A,Official figure,
QCL,Crops and livestock products,143,Morocco,5312,Area harvested,414,"Other beans, green",2011,2011,ha,6028,A,Official figure,
QCL,Crops and livestock products,143,Morocco,5419,Yield,414,"Other beans, green",2011,2011,100 g/ha,200086,A,Official figure,
QCL,Crops and livestock products,143,Morocco,5510,Production,414,"Other beans, green",2011,2011,t,120612,A,Official figure,
QCL,Crops and livestock products,143,Morocco,5312,Area harvested,414,"Other beans, green",2012,2012,ha,5649,A,Official figure,
QCL,Crops and livestock products,143,Morocco,5419,Yield,414,"Other beans, green",2012,2012,100 g/ha,236757,A,Official figure,
QCL,Crops and livestock products,143,Morocco,5510,Production,414,"Other beans, green",2012,2012,t,133744,A,Official figure,
QCL,Crops and livestock products,143,Morocco,5312,Area harvested,414,"Other beans, green",2013,2013,ha,6995,I,Imputed value,
QCL,Crops and livestock products,143,Morocco,5419,Yield,414,"Other beans, green",2013,2013,100 g/ha,224008,E,Estimated value,
QCL,Crops and livestock products,143,Morocco,5510,Production,414,"Other beans, green",2013,2013,t,156686.23,I,Imputed value,
QCL,Crops and livestock products,143,Morocco,5312,Area harvested,414,"Other beans, green",2014,2014,ha,7733,I,Imputed value,
QCL,Crops and livestock products,143,Morocco,5419,Yield,414,"Other beans, green",2014,2014,100 g/ha,222159,E,Estimated value,
QCL,Crops and livestock products,143,Morocco,5510,Production,414,"Other beans, green",2014,2014,t,171793.25,I,Imputed value,
QCL,Crops and livestock products,143,Morocco,5312,Area harvested,414,"Other beans, green",2015,2015,ha,7834,I,Imputed value,
QCL,Crops and livestock products,143,Morocco,5419,Yield,414,"Other beans, green",2015,2015,100 g/ha,230188,E,Estimated value,
QCL,Crops and livestock products,143,Morocco,5510,Production,414,"Other beans, green",2015,2015,t,180323.81,I,Imputed value,
QCL,Crops and livestock products,143,Morocco,5312,Area harvested,414,"Other beans, green",2016,2016,ha,8728,I,Imputed value,
QCL,Crops and livestock products,143,Morocco,5419,Yield,414,"Other beans, green",2016,2016,100 g/ha,229142,E,Estimated value,
QCL,Crops and livestock products,143,Morocco,5510,Production,414,"Other beans, green",2016,2016,t,200000,E,Estimated value,
QCL,Crops and livestock products,143,Morocco,5312,Area harvested,414,"Other beans, green",2017,2017,ha,8743,I,Imputed value,
QCL,Crops and livestock products,143,Morocco,5419,Yield,414,"Other beans, green",2017,2017,100 g/ha,228759,E,Estimated value,
QCL,Crops and livestock products,143,Morocco,5510,Production,414,"Other beans, green",2017,2017,t,200000,E,Estimated value,
QCL,Crops and livestock products,143,Morocco,5312,Area harvested,414,"Other beans, green",2018,2018,ha,9094,I,Imputed value,
QCL,Crops and livestock products,143,Morocco,5419,Yield,414,"Other beans, green",2018,2018,100 g/ha,230929,E,Estimated value,
QCL,Crops and livestock products,143,Morocco,5510,Production,414,"Other beans, green",2018,2018,t,210000,E,Estimated value,
QCL,Crops and livestock products,143,Morocco,5312,Area harvested,414,"Other beans, green",2019,2019,ha,8746,I,Imputed value,
QCL,Crops and livestock products,143,Morocco,5419,Yield,414,"Other beans, green",2019,2019,100 g/ha,241181,E,Estimated value,
QCL,Crops and livestock products,143,Morocco,5510,Production,414,"Other beans, green",2019,2019,t,210948.8,I,Imputed value,
QCL,Crops and livestock products,143,Morocco,5312,Area harvested,414,"Other beans, green",2020,2020,ha,9704,I,Imputed value,
QCL,Crops and livestock products,143,Morocco,5419,Yield,414,"Other beans, green",2020,2020,100 g/ha,237680,E,Estimated value,
QCL,Crops and livestock products,143,Morocco,5510,Production,414,"Other beans, green",2020,2020,t,230645.13,I,Imputed value,
QCL,Crops and livestock products,143,Morocco,5312,Area harvested,414,"Other beans, green",2021,2021,ha,9497,I,Imputed value,
QCL,Crops and livestock products,143,Morocco,5419,Yield,414,"Other beans, green",2021,2021,100 g/ha,239818,E,Estimated value,
QCL,Crops and livestock products,143,Morocco,5510,Production,414,"Other beans, green",2021,2021,t,227761.76,I,Imputed value,
QCL,Crops and livestock products,143,Morocco,5312,Area harvested,414,"Other beans, green",2022,2022,ha,9671,I,Imputed value,
QCL,Crops and livestock products,143,Morocco,5419,Yield,414,"Other beans, green",2022,2022,100 g/ha,241942,E,Estimated value,
QCL,Crops and livestock products,143,Morocco,5510,Production,414,"Other beans, green",2022,2022,t,233982.5,I,Imputed value,
QCL,Crops and livestock products,143,Morocco,5312,Area harvested,558,Other berries and fruits of the genus vaccinium n.e.c.,1961,1961,ha,0,M,"Missing value (data cannot exist, not applicable)",
QCL,Crops and livestock products,143,Morocco,5510,Production,558,Other berries and fruits of the genus vaccinium n.e.c.,1961,1961,t,0,A,Official figure,
QCL,Crops and livestock products,143,Morocco,5312,Area harvested,558,Other berries and fruits of the genus vaccinium n.e.c.,1962,1962,ha,0,M,"Missing value (data cannot exist, not applicable)",
QCL,Crops and livestock products,143,Morocco,5510,Production,558,Other berries and fruits of the genus vaccinium n.e.c.,1962,1962,t,0,A,Official figure,
QCL,Crops and livestock products,143,Morocco,5312,Area harvested,558,Other berries and fruits of the genus vaccinium n.e.c.,1963,1963,ha,0,M,"Missing value (data cannot exist, not applicable)",
QCL,Crops and livestock products,143,Morocco,5510,Production,558,Other berries and fruits of the genus vaccinium n.e.c.,1963,1963,t,0,A,Official figure,
QCL,Crops and livestock products,143,Morocco,5312,Area harvested,558,Other berries and fruits of the genus vaccinium n.e.c.,1964,1964,ha,0,M,"Missing value (data cannot exist, not applicable)",
QCL,Crops and livestock products,143,Morocco,5510,Production,558,Other berries and fruits of the genus vaccinium n.e.c.,1964,1964,t,0,A,Official figure,
QCL,Crops and livestock products,143,Morocco,5312,Area harvested,558,Other berries and fruits of the genus vaccinium n.e.c.,1965,1965,ha,0,M,"Missing value (data cannot exist, not applicable)",
QCL,Crops and livestock products,143,Morocco,5510,Production,558,Other berries and fruits of the genus vaccinium n.e.c.,1965,1965,t,0,A,Official figure,
QCL,Crops and livestock products,143,Morocco,5312,Area harvested,558,Other berries and fruits of the genus vaccinium n.e.c.,1966,1966,ha,0,M,"Missing value (data cannot exist, not applicable)",
QCL,Crops and livestock products,143,Morocco,5510,Production,558,Other berries and fruits of the genus vaccinium n.e.c.,1966,1966,t,0,A,Official figure,
QCL,Crops and livestock products,143,Morocco,5312,Area harvested,558,Other berries and fruits of the genus vaccinium n.e.c.,1967,1967,ha,0,M,"Missing value (data cannot exist, not applicable)",
QCL,Crops and livestock products,143,Morocco,5510,Production,558,Other berries and fruits of the genus vaccinium n.e.c.,1967,1967,t,50,E,Estimated value,
QCL,Crops and livestock products,143,Morocco,5312,Area harvested,558,Other berries and fruits of the genus vaccinium n.e.c.,1968,1968,ha,0,M,"Missing value (data cannot exist, not applicable)",
QCL,Crops and livestock products,143,Morocco,5510,Production,558,Other berries and fruits of the genus vaccinium n.e.c.,1968,1968,t,50,E,Estimated value,
QCL,Crops and livestock products,143,Morocco,5312,Area harvested,558,Other berries and fruits of the genus vaccinium n.e.c.,1969,1969,ha,0,M,"Missing value (data cannot exist, not applicable)",
QCL,Crops and livestock products,143,Morocco,5510,Production,558,Other berries and fruits of the genus vaccinium n.e.c.,1969,1969,t,70,E,Estimated value,
QCL,Crops and livestock products,143,Morocco,5312,Area harvested,558,Other berries and fruits of the genus vaccinium n.e.c.,1970,1970,ha,0,M,"Missing value (data cannot exist, not applicable)",
QCL,Crops and livestock products,143,Morocco,5510,Production,558,Other berries and fruits of the genus vaccinium n.e.c.,1970,1970,t,80,E,Estimated value,
QCL,Crops and livestock products,143,Morocco,5312,Area harvested,558,Other berries and fruits of the genus vaccinium n.e.c.,1971,1971,ha,0,M,"Missing value (data cannot exist, not applicable)",
QCL,Crops and livestock products,143,Morocco,5510,Production,558,Other berries and fruits of the genus vaccinium n.e.c.,1971,1971,t,90,E,Estimated value,
QCL,Crops and livestock products,143,Morocco,5312,Area harvested,558,Other berries and fruits of the genus vaccinium n.e.c.,1972,1972,ha,0,M,"Missing value (data cannot exist, not applicable)",
QCL,Crops and livestock products,143,Morocco,5510,Production,558,Other berries and fruits of the genus vaccinium n.e.c.,1972,1972,t,100,E,Estimated value,
QCL,Crops and livestock products,143,Morocco,5312,Area harvested,558,Other berries and fruits of the genus vaccinium n.e.c.,1973,1973,ha,0,M,"Missing value (data cannot exist, not applicable)",
QCL,Crops and livestock products,143,Morocco,5510,Production,558,Other berries and fruits of the genus vaccinium n.e.c.,1973,1973,t,100,E,Estimated value,
QCL,Crops and livestock products,143,Morocco,5312,Area harvested,558,Other berries and fruits of the genus vaccinium n.e.c.,1974,1974,ha,0,M,"Missing value (data cannot exist, not applicable)",
QCL,Crops and livestock products,143,Morocco,5510,Production,558,Other berries and fruits of the genus vaccinium n.e.c.,1974,1974,t,120,E,Estimated value,
QCL,Crops and livestock products,143,Morocco,5312,Area harvested,558,Other berries and fruits of the genus vaccinium n.e.c.,1975,1975,ha,0,M,"Missing value (data cannot exist, not applicable)",
QCL,Crops and livestock products,143,Morocco,5510,Production,558,Other berries and fruits of the genus vaccinium n.e.c.,1975,1975,t,120,E,Estimated value,
QCL,Crops and livestock products,143,Morocco,5312,Area harvested,558,Other berries and fruits of the genus vaccinium n.e.c.,1976,1976,ha,0,M,"Missing value (data cannot exist, not applicable)",
QCL,Crops and livestock products,143,Morocco,5510,Production,558,Other berries and fruits of the genus vaccinium n.e.c.,1976,1976,t,100,E,Estimated value,
QCL,Crops and livestock products,143,Morocco,5312,Area harvested,558,Other berries and fruits of the genus vaccinium n.e.c.,1977,1977,ha,0,M,"Missing value (data cannot exist, not applicable)",
QCL,Crops and livestock products,143,Morocco,5510,Production,558,Other berries and fruits of the genus vaccinium n.e.c.,1977,1977,t,100,E,Estimated value,
QCL,Crops and livestock products,143,Morocco,5312,Area harvested,558,Other berries and fruits of the genus vaccinium n.e.c.,1978,1978,ha,0,M,"Missing value (data cannot exist, not applicable)",
QCL,Crops and livestock products,143,Morocco,5510,Production,558,Other berries and fruits of the genus vaccinium n.e.c.,1978,1978,t,100,E,Estimated value,
QCL,Crops and livestock products,143,Morocco,5312,Area harvested,558,Other berries and fruits of the genus vaccinium n.e.c.,1979,1979,ha,0,M,"Missing value (data cannot exist, not applicable)",
QCL,Crops and livestock products,143,Morocco,5510,Production,558,Other berries and fruits of the genus vaccinium n.e.c.,1979,1979,t,100,E,Estimated value,
QCL,Crops and livestock products,143,Morocco,5312,Area harvested,558,Other berries and fruits of the genus vaccinium n.e.c.,1980,1980,ha,0,M,"Missing value (data cannot exist, not applicable)",
QCL,Crops and livestock products,143,Morocco,5510,Production,558,Other berries and fruits of the genus vaccinium n.e.c.,1980,1980,t,120,E,Estimated value,
QCL,Crops and livestock products,143,Morocco,5312,Area harvested,558,Other berries and fruits of the genus vaccinium n.e.c.,1981,1981,ha,0,M,"Missing value (data cannot exist, not applicable)",
QCL,Crops and livestock products,143,Morocco,5510,Production,558,Other berries and fruits of the genus vaccinium n.e.c.,1981,1981,t,100,E,Estimated value,
QCL,Crops and livestock products,143,Morocco,5312,Area harvested,558,Other berries and fruits of the genus vaccinium n.e.c.,1982,1982,ha,0,M,"Missing value (data cannot exist, not applicable)",
QCL,Crops and livestock products,143,Morocco,5510,Production,558,Other berries and fruits of the genus vaccinium n.e.c.,1982,1982,t,100,E,Estimated value,
QCL,Crops and livestock products,143,Morocco,5312,Area harvested,558,Other berries and fruits of the genus vaccinium n.e.c.,1983,1983,ha,0,M,"Missing value (data cannot exist, not applicable)",
QCL,Crops and livestock products,143,Morocco,5510,Production,558,Other berries and fruits of the genus vaccinium n.e.c.,1983,1983,t,100,E,Estimated value,
QCL,Crops and livestock products,143,Morocco,5312,Area harvested,558,Other berries and fruits of the genus vaccinium n.e.c.,1984,1984,ha,0,M,"Missing value (data cannot exist, not applicable)",
QCL,Crops and livestock products,143,Morocco,5510,Production,558,Other berries and fruits of the genus vaccinium n.e.c.,1984,1984,t,100,E,Estimated value,
QCL,Crops and livestock products,143,Morocco,5312,Area harvested,558,Other berries and fruits of the genus vaccinium n.e.c.,1985,1985,ha,25,E,Estimated value,
QCL,Crops and livestock products,143,Morocco,5419,Yield,558,Other berries and fruits of the genus vaccinium n.e.c.,1985,1985,100 g/ha,40000,E,Estimated value,
QCL,Crops and livestock products,143,Morocco,5510,Production,558,Other berries and fruits of the genus vaccinium n.e.c.,1985,1985,t,100,E,Estimated value,
QCL,Crops and livestock products,143,Morocco,5312,Area harvested,558,Other berries and fruits of the genus vaccinium n.e.c.,1986,1986,ha,45,E,Estimated value,
QCL,Crops and livestock products,143,Morocco,5419,Yield,558,Other berries and fruits of the genus vaccinium n.e.c.,1986,1986,100 g/ha,44444,E,Estimated value,
QCL,Crops and livestock products,143,Morocco,5510,Production,558,Other berries and fruits of the genus vaccinium n.e.c.,1986,1986,t,200,E,Estimated value,
QCL,Crops and livestock products,143,Morocco,5312,Area harvested,558,Other berries and fruits of the genus vaccinium n.e.c.,1987,1987,ha,45,E,Estimated value,
QCL,Crops and livestock products,143,Morocco,5419,Yield,558,Other berries and fruits of the genus vaccinium n.e.c.,1987,1987,100 g/ha,44444,E,Estimated value,
QCL,Crops and livestock products,143,Morocco,5510,Production,558,Other berries and fruits of the genus vaccinium n.e.c.,1987,1987,t,200,E,Estimated value,
QCL,Crops and livestock products,143,Morocco,5312,Area harvested,558,Other berries and fruits of the genus vaccinium n.e.c.,1988,1988,ha,85,E,Estimated value,
QCL,Crops and livestock products,143,Morocco,5419,Yield,558,Other berries and fruits of the genus vaccinium n.e.c.,1988,1988,100 g/ha,47059,E,Estimated value,
QCL,Crops and livestock products,143,Morocco,5510,Production,558,Other berries and fruits of the genus vaccinium n.e.c.,1988,1988,t,400,E,Estimated value,
QCL,Crops and livestock products,143,Morocco,5312,Area harvested,558,Other berries and fruits of the genus vaccinium n.e.c.,1989,1989,ha,85,E,Estimated value,
QCL,Crops and livestock products,143,Morocco,5419,Yield,558,Other berries and fruits of the genus vaccinium n.e.c.,1989,1989,100 g/ha,47059,E,Estimated value,
QCL,Crops and livestock products,143,Morocco,5510,Production,558,Other berries and fruits of the genus vaccinium n.e.c.,1989,1989,t,400,E,Estimated value,
QCL,Crops and livestock products,143,Morocco,5312,Area harvested,558,Other berries and fruits of the genus vaccinium n.e.c.,1990,1990,ha,125,E,Estimated value,
QCL,Crops and livestock products,143,Morocco,5419,Yield,558,Other berries and fruits of the genus vaccinium n.e.c.,1990,1990,100 g/ha,48000,E,Estimated value,
QCL,Crops and livestock products,143,Morocco,5510,Production,558,Other berries and fruits of the genus vaccinium n.e.c.,1990,1990,t,600,E,Estimated value,
QCL,Crops and livestock products,143,Morocco,5312,Area harvested,558,Other berries and fruits of the genus vaccinium n.e.c.,1991,1991,ha,140,E,Estimated value,
QCL,Crops and livestock products,143,Morocco,5419,Yield,558,Other berries and fruits of the genus vaccinium n.e.c.,1991,1991,100 g/ha,50000,E,Estimated value,
QCL,Crops and livestock products,143,Morocco,5510,Production,558,Other berries and fruits of the genus vaccinium n.e.c.,1991,1991,t,700,E,Estimated value,
QCL,Crops and livestock products,143,Morocco,5312,Area harvested,558,Other berries and fruits of the genus vaccinium n.e.c.,1992,1992,ha,155,E,Estimated value,
QCL,Crops and livestock products,143,Morocco,5419,Yield,558,Other berries and fruits of the genus vaccinium n.e.c.,1992,1992,100 g/ha,51613,E,Estimated value,
QCL,Crops and livestock products,143,Morocco,5510,Production,558,Other berries and fruits of the genus vaccinium n.e.c.,1992,1992,t,800,E,Estimated value,
QCL,Crops and livestock products,143,Morocco,5312,Area harvested,558,Other berries and fruits of the genus vaccinium n.e.c.,1993,1993,ha,149,I,Imputed value,
QCL,Crops and livestock products,143,Morocco,5419,Yield,558,Other berries and fruits of the genus vaccinium n.e.c.,1993,1993,100 g/ha,51579,E,Estimated value,
QCL,Crops and livestock products,143,Morocco,5510,Production,558,Other berries and fruits of the genus vaccinium n.e.c.,1993,1993,t,768.76,I,Imputed value,
QCL,Crops and livestock products,143,Morocco,5312,Area harvested,558,Other berries and fruits of the genus vaccinium n.e.c.,1994,1994,ha,153,I,Imputed value,
QCL,Crops and livestock products,143,Morocco,5419,Yield,558,Other berries and fruits of the genus vaccinium n.e.c.,1994,1994,100 g/ha,52062,E,Estimated value,
QCL,Crops and livestock products,143,Morocco,5510,Production,558,Other berries and fruits of the genus vaccinium n.e.c.,1994,1994,t,797.59,I,Imputed value,
QCL,Crops and livestock products,143,Morocco,5312,Area harvested,558,Other berries and fruits of the genus vaccinium n.e.c.,1995,1995,ha,157,I,Imputed value,
QCL,Crops and livestock products,143,Morocco,5419,Yield,558,Other berries and fruits of the genus vaccinium n.e.c.,1995,1995,100 g/ha,52678,E,Estimated value,
QCL,Crops and livestock products,143,Morocco,5510,Production,558,Other berries and fruits of the genus vaccinium n.e.c.,1995,1995,t,826.88,I,Imputed value,
QCL,Crops and livestock products,143,Morocco,5312,Area harvested,558,Other berries and fruits of the genus vaccinium n.e.c.,1996,1996,ha,161,I,Imputed value,
QCL,Crops and livestock products,143,Morocco,5419,Yield,558,Other berries and fruits of the genus vaccinium n.e.c.,1996,1996,100 g/ha,53271,E,Estimated value,
QCL,Crops and livestock products,143,Morocco,5510,Production,558,Other berries and fruits of the genus vaccinium n.e.c.,1996,1996,t,856.04,I,Imputed value,
QCL,Crops and livestock products,143,Morocco,5312,Area harvested,558,Other berries and fruits of the genus vaccinium n.e.c.,1997,1997,ha,170,E,Estimated value,
QCL,Crops and livestock products,143,Morocco,5419,Yield,558,Other berries and fruits of the genus vaccinium n.e.c.,1997,1997,100 g/ha,52941,E,Estimated value,
QCL,Crops and livestock products,143,Morocco,5510,Production,558,Other berries and fruits of the genus vaccinium n.e.c.,1997,1997,t,900,E,Estimated value,
QCL,Crops and livestock products,143,Morocco,5312,Area harvested,558,Other berries and fruits of the genus vaccinium n.e.c.,1998,1998,ha,169,I,Imputed value,
QCL,Crops and livestock products,143,Morocco,5419,Yield,558,Other berries and fruits of the genus vaccinium n.e.c.,1998,1998,100 g/ha,54461,E,Estimated value,
QCL,Crops and livestock products,143,Morocco,5510,Production,558,Other berries and fruits of the genus vaccinium n.e.c.,1998,1998,t,919.24,I,Imputed value,
QCL,Crops and livestock products,143,Morocco,5312,Area harvested,558,Other berries and fruits of the genus vaccinium n.e.c.,1999,1999,ha,174,I,Imputed value,
QCL,Crops and livestock products,143,Morocco,5419,Yield,558,Other berries and fruits of the genus vaccinium n.e.c.,1999,1999,100 g/ha,54960,E,Estimated value,
QCL,Crops and livestock products,143,Morocco,5510,Production,558,Other berries and fruits of the genus vaccinium n.e.c.,1999,1999,t,954.56,I,Imputed value,
QCL,Crops and livestock products,143,Morocco,5312,Area harvested,558,Other berries and fruits of the genus vaccinium n.e.c.,2000,2000,ha,179,I,Imputed value,
QCL,Crops and livestock products,143,Morocco,5419,Yield,558,Other berries and fruits of the genus vaccinium n.e.c.,2000,2000,100 g/ha,55484,E,Estimated value,
QCL,Crops and livestock products,143,Morocco,5510,Production,558,Other berries and fruits of the genus vaccinium n.e.c.,2000,2000,t,992.14,I,Imputed value,
QCL,Crops and livestock products,143,Morocco,5312,Area harvested,558,Other berries and fruits of the genus vaccinium n.e.c.,2001,2001,ha,190,E,Estimated value,
QCL,Crops and livestock products,143,Morocco,5419,Yield,558,Other berries and fruits of the genus vaccinium n.e.c.,2001,2001,100 g/ha,52632,E,Estimated value,
QCL,Crops and livestock products,143,Morocco,5510,Production,558,Other berries and fruits of the genus vaccinium n.e.c.,2001,2001,t,1000,E,Estimated value,
QCL,Crops and livestock products,143,Morocco,5312,Area harvested,558,Other berries and fruits of the genus vaccinium n.e.c.,2002,2002,ha,188,I,Imputed value,
QCL,Crops and livestock products,143,Morocco,5419,Yield,558,Other berries and fruits of the genus vaccinium n.e.c.,2002,2002,100 g/ha,57007,E,Estimated value,
QCL,Crops and livestock products,143,Morocco,5510,Production,558,Other berries and fruits of the genus vaccinium n.e.c.,2002,2002,t,1073.3,I,Imputed value,
QCL,Crops and livestock products,143,Morocco,5312,Area harvested,558,Other berries and fruits of the genus vaccinium n.e.c.,2003,2003,ha,191,I,Imputed value,
QCL,Crops and livestock products,143,Morocco,5419,Yield,558,Other berries and fruits of the genus vaccinium n.e.c.,2003,2003,100 g/ha,58586,E,Estimated value,
QCL,Crops and livestock products,143,Morocco,5510,Production,558,Other berries and fruits of the genus vaccinium n.e.c.,2003,2003,t,1118.29,I,Imputed value,
QCL,Crops and livestock products,143,Morocco,5312,Area harvested,558,Other berries and fruits of the genus vaccinium n.e.c.,2004,2004,ha,194,I,Imputed value,
QCL,Crops and livestock products,143,Morocco,5419,Yield,558,Other berries and fruits of the genus vaccinium n.e.c.,2004,2004,100 g/ha,60072,E,Estimated value,
QCL,Crops and livestock products,143,Morocco,5510,Production,558,Other berries and fruits of the genus vaccinium n.e.c.,2004,2004,t,1164.35,I,Imputed value,
QCL,Crops and livestock products,143,Morocco,5312,Area harvested,558,Other berries and fruits of the genus vaccinium n.e.c.,2005,2005,ha,197,I,Imputed value,
QCL,Crops and livestock products,143,Morocco,5419,Yield,558,Other berries and fruits of the genus vaccinium n.e.c.,2005,2005,100 g/ha,61610,E,Estimated value,
QCL,Crops and livestock products,143,Morocco,5510,Production,558,Other berries and fruits of the genus vaccinium n.e.c.,2005,2005,t,1211.88,I,Imputed value,
QCL,Crops and livestock products,143,Morocco,5312,Area harvested,558,Other berries and fruits of the genus vaccinium n.e.c.,2006,2006,ha,200,I,Imputed value,
QCL,Crops and livestock products,143,Morocco,5419,Yield,558,Other berries and fruits of the genus vaccinium n.e.c.,2006,2006,100 g/ha,63168,E,Estimated value,
QCL,Crops and livestock products,143,Morocco,5510,Production,558,Other berries and fruits of the genus vaccinium n.e.c.,2006,2006,t,1261.18,I,Imputed value,
QCL,Crops and livestock products,143,Morocco,5312,Area harvested,558,Other berries and fruits of the genus vaccinium n.e.c.,2007,2007,ha,203,I,Imputed value,
QCL,Crops and livestock products,143,Morocco,5419,Yield,558,Other berries and fruits of the genus vaccinium n.e.c.,2007,2007,100 g/ha,64756,E,Estimated value,
QCL,Crops and livestock products,143,Morocco,5510,Production,558,Other berries and fruits of the genus vaccinium n.e.c.,2007,2007,t,1312.3,I,Imputed value,
QCL,Crops and livestock products,143,Morocco,5312,Area harvested,558,Other berries and fruits of the genus vaccinium n.e.c.,2008,2008,ha,206,I,Imputed value,
QCL,Crops and livestock products,143,Morocco,5419,Yield,558,Other berries and fruits of the genus vaccinium n.e.c.,2008,2008,100 g/ha,66371,E,Estimated value,
QCL,Crops and livestock products,143,Morocco,5510,Production,558,Other berries and fruits of the genus vaccinium n.e.c.,2008,2008,t,1365.26,I,Imputed value,
QCL,Crops and livestock products,143,Morocco,5312,Area harvested,558,Other berries and fruits of the genus vaccinium n.e.c.,2009,2009,ha,209,I,Imputed value,
QCL,Crops and livestock products,143,Morocco,5419,Yield,558,Other berries and fruits of the genus vaccinium n.e.c.,2009,2009,100 g/ha,68011,E,Estimated value,
QCL,Crops and livestock products,143,Morocco,5510,Production,558,Other berries and fruits of the genus vaccinium n.e.c.,2009,2009,t,1420.09,I,Imputed value,
QCL,Crops and livestock products,143,Morocco,5312,Area harvested,558,Other berries and fruits of the genus vaccinium n.e.c.,2010,2010,ha,212,I,Imputed value,
QCL,Crops and livestock products,143,Morocco,5419,Yield,558,Other berries and fruits of the genus vaccinium n.e.c.,2010,2010,100 g/ha,69670,E,Estimated value,
QCL,Crops and livestock products,143,Morocco,5510,Production,558,Other berries and fruits of the genus vaccinium n.e.c.,2010,2010,t,1476.82,I,Imputed value,
QCL,Crops and livestock products,143,Morocco,5312,Area harvested,558,Other berries and fruits of the genus vaccinium n.e.c.,2011,2011,ha,215,I,Imputed value,
QCL,Crops and livestock products,143,Morocco,5419,Yield,558,Other berries and fruits of the genus vaccinium n.e.c.,2011,2011,100 g/ha,71344,E,Estimated value,
QCL,Crops and livestock products,143,Morocco,5510,Production,558,Other berries and fruits of the genus vaccinium n.e.c.,2011,2011,t,1535.47,I,Imputed value,
QCL,Crops and livestock products,143,Morocco,5312,Area harvested,558,Other berries and fruits of the genus vaccinium n.e.c.,2012,2012,ha,200,E,Estimated value,
QCL,Crops and livestock products,143,Morocco,5419,Yield,558,Other berries and fruits of the genus vaccinium n.e.c.,2012,2012,100 g/ha,80000,E,Estimated value,
QCL,Crops and livestock products,143,Morocco,5510,Production,558,Other berries and fruits of the genus vaccinium n.e.c.,2012,2012,t,1600,E,Estimated value,
QCL,Crops and livestock products,143,Morocco,5312,Area harvested,558,Other berries and fruits of the genus vaccinium n.e.c.,2013,2013,ha,222,I,Imputed value,
QCL,Crops and livestock products,143,Morocco,5419,Yield,558,Other berries and fruits of the genus vaccinium n.e.c.,2013,2013,100 g/ha,74781,E,Estimated value,
QCL,Crops and livestock products,143,Morocco,5510,Production,558,Other berries and fruits of the genus vaccinium n.e.c.,2013,2013,t,1658.86,I,Imputed value,
QCL,Crops and livestock products,143,Morocco,5312,Area harvested,558,Other berries and fruits of the genus vaccinium n.e.c.,2014,2014,ha,221,I,Imputed value,
QCL,Crops and livestock products,143,Morocco,5419,Yield,558,Other berries and fruits of the genus vaccinium n.e.c.,2014,2014,100 g/ha,77399,E,Estimated value,
QCL,Crops and livestock products,143,Morocco,5510,Production,558,Other berries and fruits of the genus vaccinium n.e.c.,2014,2014,t,1709.45,I,Imputed value,
QCL,Crops and livestock products,143,Morocco,5312,Area harvested,558,Other berries and fruits of the genus vaccinium n.e.c.,2015,2015,ha,223,I,Imputed value,
QCL,Crops and livestock products,143,Morocco,5419,Yield,558,Other berries and fruits of the genus vaccinium n.e.c.,2015,2015,100 g/ha,79075,E,Estimated value,
QCL,Crops and livestock products,143,Morocco,5510,Production,558,Other berries and fruits of the genus vaccinium n.e.c.,2015,2015,t,1761.3,I,Imputed value,
QCL,Crops and livestock products,143,Morocco,5312,Area harvested,558,Other berries and fruits of the genus vaccinium n.e.c.,2016,2016,ha,226,I,Imputed value,
QCL,Crops and livestock products,143,Morocco,5419,Yield,558,Other berries and fruits of the genus vaccinium n.e.c.,2016,2016,100 g/ha,75688,E,Estimated value,
QCL,Crops and livestock products,143,Morocco,5510,Production,558,Other berries and fruits of the genus vaccinium n.e.c.,2016,2016,t,1709.87,E,Estimated value,
QCL,Crops and livestock products,143,Morocco,5312,Area harvested,558,Other berries and fruits of the genus vaccinium n.e.c.,2017,2017,ha,231,I,Imputed value,
QCL,Crops and livestock products,143,Morocco,5419,Yield,558,Other berries and fruits of the genus vaccinium n.e.c.,2017,2017,100 g/ha,78024,E,Estimated value,
QCL,Crops and livestock products,143,Morocco,5510,Production,558,Other berries and fruits of the genus vaccinium n.e.c.,2017,2017,t,1803.92,I,Imputed value,
QCL,Crops and livestock products,143,Morocco,5312,Area harvested,558,Other berries and fruits of the genus vaccinium n.e.c.,2018,2018,ha,234,I,Imputed value,
QCL,Crops and livestock products,143,Morocco,5419,Yield,558,Other berries and fruits of the genus vaccinium n.e.c.,2018,2018,100 g/ha,75300,E,Estimated value,
QCL,Crops and livestock products,143,Morocco,5510,Production,558,Other berries and fruits of the genus vaccinium n.e.c.,2018,2018,t,1758.36,E,Estimated value,
QCL,Crops and livestock products,143,Morocco,5312,Area harvested,558,Other berries and fruits of the genus vaccinium n.e.c.,2019,2019,ha,236,I,Imputed value,
QCL,Crops and livestock products,143,Morocco,5419,Yield,558,Other berries and fruits of the genus vaccinium n.e.c.,2019,2019,100 g/ha,74342,E,Estimated value,
QCL,Crops and livestock products,143,Morocco,5510,Production,558,Other berries and fruits of the genus vaccinium n.e.c.,2019,2019,t,1757.38,E,Estimated value,
QCL,Crops and livestock products,143,Morocco,5312,Area harvested,558,Other berries and fruits of the genus vaccinium n.e.c.,2020,2020,ha,236,I,Imputed value,
QCL,Crops and livestock products,143,Morocco,5419,Yield,558,Other berries and fruits of the genus vaccinium n.e.c.,2020,2020,100 g/ha,75102,E,Estimated value,
QCL,Crops and livestock products,143,Morocco,5510,Production,558,Other berries and fruits of the genus vaccinium n.e.c.,2020,2020,t,1773.22,E,Estimated value,
QCL,Crops and livestock products,143,Morocco,5312,Area harvested,558,Other berries and fruits of the genus vaccinium n.e.c.,2021,2021,ha,235,E,Estimated value,
QCL,Crops and livestock products,143,Morocco,5419,Yield,558,Other berries and fruits of the genus vaccinium n.e.c.,2021,2021,100 g/ha,74913,E,Estimated value,
QCL,Crops and livestock products,143,Morocco,5510,Production,558,Other berries and fruits of the genus vaccinium n.e.c.,2021,2021,t,1762.99,E,Estimated value,
QCL,Crops and livestock products,143,Morocco,5312,Area harvested,558,Other berries and fruits of the genus vaccinium n.e.c.,2022,2022,ha,236,E,Estimated value,
QCL,Crops and livestock products,143,Morocco,5419,Yield,558,Other berries and fruits of the genus vaccinium n.e.c.,2022,2022,100 g/ha,74785,E,Estimated value,
QCL,Crops and livestock products,143,Morocco,5510,Production,558,Other berries and fruits of the genus vaccinium n.e.c.,2022,2022,t,1764.53,E,Estimated value,
QCL,Crops and livestock products,143,Morocco,5312,Area harvested,512,"Other citrus fruit, n.e.c.",1961,1961,ha,0,M,"Missing value (data cannot exist, not applicable)",
QCL,Crops and livestock products,143,Morocco,5510,Production,512,"Other citrus fruit, n.e.c.",1961,1961,t,2500,E,Estimated value,
QCL,Crops and livestock products,143,Morocco,5312,Area harvested,512,"Other citrus fruit, n.e.c.",1962,1962,ha,0,M,"Missing value (data cannot exist, not applicable)",
QCL,Crops and livestock products,143,Morocco,5510,Production,512,"Other citrus fruit, n.e.c.",1962,1962,t,3000,E,Estimated value,
QCL,Crops and livestock products,143,Morocco,5312,Area harvested,512,"Other citrus fruit, n.e.c.",1963,1963,ha,0,M,"Missing value (data cannot exist, not applicable)",
QCL,Crops and livestock products,143,Morocco,5510,Production,512,"Other citrus fruit, n.e.c.",1963,1963,t,3000,E,Estimated value,
QCL,Crops and livestock products,143,Morocco,5312,Area harvested,512,"Other citrus fruit, n.e.c.",1964,1964,ha,0,M,"Missing value (data cannot exist, not applicable)",
QCL,Crops and livestock products,143,Morocco,5510,Production,512,"Other citrus fruit, n.e.c.",1964,1964,t,3000,E,Estimated value,
QCL,Crops and livestock products,143,Morocco,5312,Area harvested,512,"Other citrus fruit, n.e.c.",1965,1965,ha,0,M,"Missing value (data cannot exist, not applicable)",
QCL,Crops and livestock products,143,Morocco,5510,Production,512,"Other citrus fruit, n.e.c.",1965,1965,t,3000,E,Estimated value,
QCL,Crops and livestock products,143,Morocco,5312,Area harvested,512,"Other citrus fruit, n.e.c.",1966,1966,ha,0,M,"Missing value (data cannot exist, not applicable)",
QCL,Crops and livestock products,143,Morocco,5510,Production,512,"Other citrus fruit, n.e.c.",1966,1966,t,3000,E,Estimated value,
QCL,Crops and livestock products,143,Morocco,5312,Area harvested,512,"Other citrus fruit, n.e.c.",1967,1967,ha,0,M,"Missing value (data cannot exist, not applicable)",
QCL,Crops and livestock products,143,Morocco,5510,Production,512,"Other citrus fruit, n.e.c.",1967,1967,t,3000,E,Estimated value,
QCL,Crops and livestock products,143,Morocco,5312,Area harvested,512,"Other citrus fruit, n.e.c.",1968,1968,ha,0,M,"Missing value (data cannot exist, not applicable)",
QCL,Crops and livestock products,143,Morocco,5510,Production,512,"Other citrus fruit, n.e.c.",1968,1968,t,3000,E,Estimated value,
QCL,Crops and livestock products,143,Morocco,5312,Area harvested,512,"Other citrus fruit, n.e.c.",1969,1969,ha,0,M,"Missing value (data cannot exist, not applicable)",
QCL,Crops and livestock products,143,Morocco,5510,Production,512,"Other citrus fruit, n.e.c.",1969,1969,t,3000,E,Estimated value,
QCL,Crops and livestock products,143,Morocco,5312,Area harvested,512,"Other citrus fruit, n.e.c.",1970,1970,ha,0,M,"Missing value (data cannot exist, not applicable)",
QCL,Crops and livestock products,143,Morocco,5510,Production,512,"Other citrus fruit, n.e.c.",1970,1970,t,4000,E,Estimated value,
QCL,Crops and livestock products,143,Morocco,5312,Area harvested,512,"Other citrus fruit, n.e.c.",1971,1971,ha,0,M,"Missing value (data cannot exist, not applicable)",
QCL,Crops and livestock products,143,Morocco,5510,Production,512,"Other citrus fruit, n.e.c.",1971,1971,t,5400,A,Official figure,
QCL,Crops and livestock products,143,Morocco,5312,Area harvested,512,"Other citrus fruit, n.e.c.",1972,1972,ha,0,M,"Missing value (data cannot exist, not applicable)",
QCL,Crops and livestock products,143,Morocco,5510,Production,512,"Other citrus fruit, n.e.c.",1972,1972,t,2000,A,Official figure,
QCL,Crops and livestock products,143,Morocco,5312,Area harvested,512,"Other citrus fruit, n.e.c.",1973,1973,ha,0,M,"Missing value (data cannot exist, not applicable)",
QCL,Crops and livestock products,143,Morocco,5510,Production,512,"Other citrus fruit, n.e.c.",1973,1973,t,3700,A,Official figure,
QCL,Crops and livestock products,143,Morocco,5312,Area harvested,512,"Other citrus fruit, n.e.c.",1974,1974,ha,0,M,"Missing value (data cannot exist, not applicable)",
QCL,Crops and livestock products,143,Morocco,5510,Production,512,"Other citrus fruit, n.e.c.",1974,1974,t,4300,E,Estimated value,
QCL,Crops and livestock products,143,Morocco,5312,Area harvested,512,"Other citrus fruit, n.e.c.",1975,1975,ha,0,M,"Missing value (data cannot exist, not applicable)",
QCL,Crops and livestock products,143,Morocco,5510,Production,512,"Other citrus fruit, n.e.c.",1975,1975,t,4300,E,Estimated value,
QCL,Crops and livestock products,143,Morocco,5312,Area harvested,512,"Other citrus fruit, n.e.c.",1976,1976,ha,0,M,"Missing value (data cannot exist, not applicable)",
QCL,Crops and livestock products,143,Morocco,5510,Production,512,"Other citrus fruit, n.e.c.",1976,1976,t,4500,E,Estimated value,
QCL,Crops and livestock products,143,Morocco,5312,Area harvested,512,"Other citrus fruit, n.e.c.",1977,1977,ha,0,M,"Missing value (data cannot exist, not applicable)",
QCL,Crops and livestock products,143,Morocco,5510,Production,512,"Other citrus fruit, n.e.c.",1977,1977,t,4700,E,Estimated value,
QCL,Crops and livestock products,143,Morocco,5312,Area harvested,512,"Other citrus fruit, n.e.c.",1978,1978,ha,0,M,"Missing value (data cannot exist, not applicable)",
QCL,Crops and livestock products,143,Morocco,5510,Production,512,"Other citrus fruit, n.e.c.",1978,1978,t,4700,E,Estimated value,
QCL,Crops and livestock products,143,Morocco,5312,Area harvested,512,"Other citrus fruit, n.e.c.",1979,1979,ha,0,M,"Missing value (data cannot exist, not applicable)",
QCL,Crops and livestock products,143,Morocco,5510,Production,512,"Other citrus fruit, n.e.c.",1979,1979,t,5100,E,Estimated value,
QCL,Crops and livestock products,143,Morocco,5312,Area harvested,512,"Other citrus fruit, n.e.c.",1980,1980,ha,0,M,"Missing value (data cannot exist, not applicable)",
QCL,Crops and livestock products,143,Morocco,5510,Production,512,"Other citrus fruit, n.e.c.",1980,1980,t,5100,E,Estimated value,
QCL,Crops and livestock products,143,Morocco,5312,Area harvested,512,"Other citrus fruit, n.e.c.",1981,1981,ha,0,M,"Missing value (data cannot exist, not applicable)",
QCL,Crops and livestock products,143,Morocco,5510,Production,512,"Other citrus fruit, n.e.c.",1981,1981,t,5400,E,Estimated value,
QCL,Crops and livestock products,143,Morocco,5312,Area harvested,512,"Other citrus fruit, n.e.c.",1982,1982,ha,0,M,"Missing value (data cannot exist, not applicable)",
QCL,Crops and livestock products,143,Morocco,5510,Production,512,"Other citrus fruit, n.e.c.",1982,1982,t,5400,E,Estimated value,
QCL,Crops and livestock products,143,Morocco,5312,Area harvested,512,"Other citrus fruit, n.e.c.",1983,1983,ha,0,M,"Missing value (data cannot exist, not applicable)",
QCL,Crops and livestock products,143,Morocco,5510,Production,512,"Other citrus fruit, n.e.c.",1983,1983,t,5400,E,Estimated value,
QCL,Crops and livestock products,143,Morocco,5312,Area harvested,512,"Other citrus fruit, n.e.c.",1984,1984,ha,0,M,"Missing value (data cannot exist, not applicable)",
QCL,Crops and livestock products,143,Morocco,5510,Production,512,"Other citrus fruit, n.e.c.",1984,1984,t,5500,E,Estimated value,
QCL,Crops and livestock products,143,Morocco,5312,Area harvested,512,"Other citrus fruit, n.e.c.",1985,1985,ha,450,E,Estimated value,
QCL,Crops and livestock products,143,Morocco,5419,Yield,512,"Other citrus fruit, n.e.c.",1985,1985,100 g/ha,122222,E,Estimated value,
QCL,Crops and livestock products,143,Morocco,5510,Production,512,"Other citrus fruit, n.e.c.",1985,1985,t,5500,E,Estimated value,
QCL,Crops and livestock products,143,Morocco,5312,Area harvested,512,"Other citrus fruit, n.e.c.",1986,1986,ha,450,E,Estimated value,
QCL,Crops and livestock products,143,Morocco,5419,Yield,512,"Other citrus fruit, n.e.c.",1986,1986,100 g/ha,106667,E,Estimated value,
QCL,Crops and livestock products,143,Morocco,5510,Production,512,"Other citrus fruit, n.e.c.",1986,1986,t,4800,E,Estimated value,
QCL,Crops and livestock products,143,Morocco,5312,Area harvested,512,"Other citrus fruit, n.e.c.",1987,1987,ha,450,E,Estimated value,
QCL,Crops and livestock products,143,Morocco,5419,Yield,512,"Other citrus fruit, n.e.c.",1987,1987,100 g/ha,97778,E,Estimated value,
QCL,Crops and livestock products,143,Morocco,5510,Production,512,"Other citrus fruit, n.e.c.",1987,1987,t,4400,E,Estimated value,
QCL,Crops and livestock products,143,Morocco,5312,Area harvested,512,"Other citrus fruit, n.e.c.",1988,1988,ha,450,E,Estimated value,
QCL,Crops and livestock products,143,Morocco,5419,Yield,512,"Other citrus fruit, n.e.c.",1988,1988,100 g/ha,88889,E,Estimated value,
QCL,Crops and livestock products,143,Morocco,5510,Production,512,"Other citrus fruit, n.e.c.",1988,1988,t,4000,E,Estimated value,
QCL,Crops and livestock products,143,Morocco,5312,Area harvested,512,"Other citrus fruit, n.e.c.",1989,1989,ha,450,E,Estimated value,
QCL,Crops and livestock products,143,Morocco,5419,Yield,512,"Other citrus fruit, n.e.c.",1989,1989,100 g/ha,66667,E,Estimated value,
QCL,Crops and livestock products,143,Morocco,5510,Production,512,"Other citrus fruit, n.e.c.",1989,1989,t,3000,A,Official figure,
QCL,Crops and livestock products,143,Morocco,5312,Area harvested,512,"Other citrus fruit, n.e.c.",1990,1990,ha,650,E,Estimated value,
QCL,Crops and livestock products,143,Morocco,5419,Yield,512,"Other citrus fruit, n.e.c.",1990,1990,100 g/ha,92308,E,Estimated value,
QCL,Crops and livestock products,143,Morocco,5510,Production,512,"Other citrus fruit, n.e.c.",1990,1990,t,6000,A,Official figure,
QCL,Crops and livestock products,143,Morocco,5312,Area harvested,512,"Other citrus fruit, n.e.c.",1991,1991,ha,648,I,Imputed value,
QCL,Crops and livestock products,143,Morocco,5419,Yield,512,"Other citrus fruit, n.e.c.",1991,1991,100 g/ha,92609,E,Estimated value,
QCL,Crops and livestock products,143,Morocco,5510,Production,512,"Other citrus fruit, n.e.c.",1991,1991,t,6000,A,Official figure,
QCL,Crops and livestock products,143,Morocco,5312,Area harvested,512,"Other citrus fruit, n.e.c.",1992,1992,ha,647,I,Imputed value,
QCL,Crops and livestock products,143,Morocco,5419,Yield,512,"Other citrus fruit, n.e.c.",1992,1992,100 g/ha,92723,E,Estimated value,
QCL,Crops and livestock products,143,Morocco,5510,Production,512,"Other citrus fruit, n.e.c.",1992,1992,t,6000,A,Official figure,
QCL,Crops and livestock products,143,Morocco,5312,Area harvested,512,"Other citrus fruit, n.e.c.",1993,1993,ha,662,I,Imputed value,
QCL,Crops and livestock products,143,Morocco,5419,Yield,512,"Other citrus fruit, n.e.c.",1993,1993,100 g/ha,92786,E,Estimated value,
QCL,Crops and livestock products,143,Morocco,5510,Production,512,"Other citrus fruit, n.e.c.",1993,1993,t,6144.09,I,Imputed value,
QCL,Crops and livestock products,143,Morocco,5312,Area harvested,512,"Other citrus fruit, n.e.c.",1994,1994,ha,693,I,Imputed value,
QCL,Crops and livestock products,143,Morocco,5419,Yield,512,"Other citrus fruit, n.e.c.",1994,1994,100 g/ha,92827,E,Estimated value,
QCL,Crops and livestock products,143,Morocco,5510,Production,512,"Other citrus fruit, n.e.c.",1994,1994,t,6433.93,I,Imputed value,
QCL,Crops and livestock products,143,Morocco,5312,Area harvested,512,"Other citrus fruit, n.e.c.",1995,1995,ha,700,E,Estimated value,
QCL,Crops and livestock products,143,Morocco,5419,Yield,512,"Other citrus fruit, n.e.c.",1995,1995,100 g/ha,92857,E,Estimated value,
QCL,Crops and livestock products,143,Morocco,5510,Production,512,"Other citrus fruit, n.e.c.",1995,1995,t,6500,E,Estimated value,
QCL,Crops and livestock products,143,Morocco,5312,Area harvested,512,"Other citrus fruit, n.e.c.",1996,1996,ha,760,E,Estimated value,
QCL,Crops and livestock products,143,Morocco,5419,Yield,512,"Other citrus fruit, n.e.c.",1996,1996,100 g/ha,92105,E,Estimated value,
QCL,Crops and livestock products,143,Morocco,5510,Production,512,"Other citrus fruit, n.e.c.",1996,1996,t,7000,E,Estimated value,
QCL,Crops and livestock products,143,Morocco,5312,Area harvested,512,"Other citrus fruit, n.e.c.",1997,1997,ha,810,E,Estimated value,
QCL,Crops and livestock products,143,Morocco,5419,Yield,512,"Other citrus fruit, n.e.c.",1997,1997,100 g/ha,92593,E,Estimated value,
QCL,Crops and livestock products,143,Morocco,5510,Production,512,"Other citrus fruit, n.e.c.",1997,1997,t,7500,E,Estimated value,
QCL,Crops and livestock products,143,Morocco,5312,Area harvested,512,"Other citrus fruit, n.e.c.",1998,1998,ha,870,E,Estimated value,
QCL,Crops and livestock products,143,Morocco,5419,Yield,512,"Other citrus fruit, n.e.c.",1998,1998,100 g/ha,91954,E,Estimated value,
QCL,Crops and livestock products,143,Morocco,5510,Production,512,"Other citrus fruit, n.e.c.",1998,1998,t,8000,E,Estimated value,
QCL,Crops and livestock products,143,Morocco,5312,Area harvested,512,"Other citrus fruit, n.e.c.",1999,1999,ha,930,E,Estimated value,
QCL,Crops and livestock products,143,Morocco,5419,Yield,512,"Other citrus fruit, n.e.c.",1999,1999,100 g/ha,91398,E,Estimated value,
QCL,Crops and livestock products,143,Morocco,5510,Production,512,"Other citrus fruit, n.e.c.",1999,1999,t,8500,E,Estimated value,
QCL,Crops and livestock products,143,Morocco,5312,Area harvested,512,"Other citrus fruit, n.e.c.",2000,2000,ha,980,E,Estimated value,
QCL,Crops and livestock products,143,Morocco,5419,Yield,512,"Other citrus fruit, n.e.c.",2000,2000,100 g/ha,91837,E,Estimated value,
QCL,Crops and livestock products,143,Morocco,5510,Production,512,"Other citrus fruit, n.e.c.",2000,2000,t,9000,E,Estimated value,
QCL,Crops and livestock products,143,Morocco,5312,Area harvested,512,"Other citrus fruit, n.e.c.",2001,2001,ha,1030,E,Estimated value,
QCL,Crops and livestock products,143,Morocco,5419,Yield,512,"Other citrus fruit, n.e.c.",2001,2001,100 g/ha,92233,E,Estimated value,
QCL,Crops and livestock products,143,Morocco,5510,Production,512,"Other citrus fruit, n.e.c.",2001,2001,t,9500,E,Estimated value,
QCL,Crops and livestock products,143,Morocco,5312,Area harvested,512,"Other citrus fruit, n.e.c.",2002,2002,ha,1100,E,Estimated value,
QCL,Crops and livestock products,143,Morocco,5419,Yield,512,"Other citrus fruit, n.e.c.",2002,2002,100 g/ha,90909,E,Estimated value,
QCL,Crops and livestock products,143,Morocco,5510,Production,512,"Other citrus fruit, n.e.c.",2002,2002,t,10000,X,Figure from international organizations,Unofficial figure
QCL,Crops and livestock products,143,Morocco,5312,Area harvested,512,"Other citrus fruit, n.e.c.",2003,2003,ha,1108,I,Imputed value,
QCL,Crops and livestock products,143,Morocco,5419,Yield,512,"Other citrus fruit, n.e.c.",2003,2003,100 g/ha,90246,E,Estimated value,
QCL,Crops and livestock products,143,Morocco,5510,Production,512,"Other citrus fruit, n.e.c.",2003,2003,t,10000,X,Figure from international organizations,Unofficial figure
QCL,Crops and livestock products,143,Morocco,5312,Area harvested,512,"Other citrus fruit, n.e.c.",2004,2004,ha,1116,I,Imputed value,
QCL,Crops and livestock products,143,Morocco,5419,Yield,512,"Other citrus fruit, n.e.c.",2004,2004,100 g/ha,89583,E,Estimated value,
QCL,Crops and livestock products,143,Morocco,5510,Production,512,"Other citrus fruit, n.e.c.",2004,2004,t,10000,X,Figure from international organizations,Unofficial figure
QCL,Crops and livestock products,143,Morocco,5312,Area harvested,512,"Other citrus fruit, n.e.c.",2005,2005,ha,1900,E,Estimated value,
QCL,Crops and livestock products,143,Morocco,5419,Yield,512,"Other citrus fruit, n.e.c.",2005,2005,100 g/ha,88421,E,Estimated value,
QCL,Crops and livestock products,143,Morocco,5510,Production,512,"Other citrus fruit, n.e.c.",2005,2005,t,16800,A,Official figure,
QCL,Crops and livestock products,143,Morocco,5312,Area harvested,512,"Other citrus fruit, n.e.c.",2006,2006,ha,1800,E,Estimated value,
QCL,Crops and livestock products,143,Morocco,5419,Yield,512,"Other citrus fruit, n.e.c.",2006,2006,100 g/ha,88333,E,Estimated value,
QCL,Crops and livestock products,143,Morocco,5510,Production,512,"Other citrus fruit, n.e.c.",2006,2006,t,15900,A,Official figure,
QCL,Crops and livestock products,143,Morocco,5312,Area harvested,512,"Other citrus fruit, n.e.c.",2007,2007,ha,2500,E,Estimated value,
QCL,Crops and livestock products,143,Morocco,5419,Yield,512,"Other citrus fruit, n.e.c.",2007,2007,100 g/ha,87360,E,Estimated value,
QCL,Crops and livestock products,143,Morocco,5510,Production,512,"Other citrus fruit, n.e.c.",2007,2007,t,21840,A,Official figure,
QCL,Crops and livestock products,143,Morocco,5312,Area harvested,512,"Other citrus fruit, n.e.c.",2008,2008,ha,1900,E,Estimated value,
QCL,Crops and livestock products,143,Morocco,5419,Yield,512,"Other citrus fruit, n.e.c.",2008,2008,100 g/ha,88737,E,Estimated value,
QCL,Crops and livestock products,143,Morocco,5510,Production,512,"Other citrus fruit, n.e.c.",2008,2008,t,16860,A,Official figure,
QCL,Crops and livestock products,143,Morocco,5312,Area harvested,512,"Other citrus fruit, n.e.c.",2009,2009,ha,2000,E,Estimated value,
QCL,Crops and livestock products,143,Morocco,5419,Yield,512,"Other citrus fruit, n.e.c.",2009,2009,100 g/ha,90000,E,Estimated value,
QCL,Crops and livestock products,143,Morocco,5510,Production,512,"Other citrus fruit, n.e.c.",2009,2009,t,18000,E,Estimated value,
QCL,Crops and livestock products,143,Morocco,5312,Area harvested,512,"Other citrus fruit, n.e.c.",2010,2010,ha,1500,E,Estimated value,
QCL,Crops and livestock products,143,Morocco,5419,Yield,512,"Other citrus fruit, n.e.c.",2010,2010,100 g/ha,89806,E,Estimated value,
QCL,Crops and livestock products,143,Morocco,5510,Production,512,"Other citrus fruit, n.e.c.",2010,2010,t,13470.97,I,Imputed value,
QCL,Crops and livestock products,143,Morocco,5312,Area harvested,512,"Other citrus fruit, n.e.c.",2011,2011,ha,1738,I,Imputed value,
QCL,Crops and livestock products,143,Morocco,5419,Yield,512,"Other citrus fruit, n.e.c.",2011,2011,100 g/ha,88695,E,Estimated value,
QCL,Crops and livestock products,143,Morocco,5510,Production,512,"Other citrus fruit, n.e.c.",2011,2011,t,15418.07,I,Imputed value,
QCL,Crops and livestock products,143,Morocco,5312,Area harvested,512,"Other citrus fruit, n.e.c.",2012,2012,ha,1650,E,Estimated value,
QCL,Crops and livestock products,143,Morocco,5419,Yield,512,"Other citrus fruit, n.e.c.",2012,2012,100 g/ha,88658,E,Estimated value,
QCL,Crops and livestock products,143,Morocco,5510,Production,512,"Other citrus fruit, n.e.c.",2012,2012,t,14628.55,I,Imputed value,
QCL,Crops and livestock products,143,Morocco,5312,Area harvested,512,"Other citrus fruit, n.e.c.",2013,2013,ha,1902,I,Imputed value,
QCL,Crops and livestock products,143,Morocco,5419,Yield,512,"Other citrus fruit, n.e.c.",2013,2013,100 g/ha,88502,E,Estimated value,
QCL,Crops and livestock products,143,Morocco,5510,Production,512,"Other citrus fruit, n.e.c.",2013,2013,t,16830.84,I,Imputed value,
QCL,Crops and livestock products,143,Morocco,5312,Area harvested,512,"Other citrus fruit, n.e.c.",2014,2014,ha,2008,E,Estimated value,
QCL,Crops and livestock products,143,Morocco,5419,Yield,512,"Other citrus fruit, n.e.c.",2014,2014,100 g/ha,88310,E,Estimated value,
QCL,Crops and livestock products,143,Morocco,5510,Production,512,"Other citrus fruit, n.e.c.",2014,2014,t,17732.58,I,Imputed value,
QCL,Crops and livestock products,143,Morocco,5312,Area harvested,512,"Other citrus fruit, n.e.c.",2015,2015,ha,2063,I,Imputed value,
QCL,Crops and livestock products,143,Morocco,5419,Yield,512,"Other citrus fruit, n.e.c.",2015,2015,100 g/ha,88407,E,Estimated value,
QCL,Crops and livestock products,143,Morocco,5510,Production,512,"Other citrus fruit, n.e.c.",2015,2015,t,18236.37,I,Imputed value,
QCL,Crops and livestock products,143,Morocco,5312,Area harvested,512,"Other citrus fruit, n.e.c.",2016,2016,ha,2056,I,Imputed value,
QCL,Crops and livestock products,143,Morocco,5419,Yield,512,"Other citrus fruit, n.e.c.",2016,2016,100 g/ha,88331,E,Estimated value,
QCL,Crops and livestock products,143,Morocco,5510,Production,512,"Other citrus fruit, n.e.c.",2016,2016,t,18159.7,I,Imputed value,
QCL,Crops and livestock products,143,Morocco,5312,Area harvested,512,"Other citrus fruit, n.e.c.",2017,2017,ha,2106,I,Imputed value,
QCL,Crops and livestock products,143,Morocco,5419,Yield,512,"Other citrus fruit, n.e.c.",2017,2017,100 g/ha,88167,E,Estimated value,
QCL,Crops and livestock products,143,Morocco,5510,Production,512,"Other citrus fruit, n.e.c.",2017,2017,t,18569.17,I,Imputed value,
QCL,Crops and livestock products,143,Morocco,5312,Area harvested,512,"Other citrus fruit, n.e.c.",2018,2018,ha,2075,E,Estimated value,
QCL,Crops and livestock products,143,Morocco,5419,Yield,512,"Other citrus fruit, n.e.c.",2018,2018,100 g/ha,88301,E,Estimated value,
QCL,Crops and livestock products,143,Morocco,5510,Production,512,"Other citrus fruit, n.e.c.",2018,2018,t,18321.74,E,Estimated value,
QCL,Crops and livestock products,143,Morocco,5312,Area harvested,512,"Other citrus fruit, n.e.c.",2019,2019,ha,2079,E,Estimated value,
QCL,Crops and livestock products,143,Morocco,5419,Yield,512,"Other citrus fruit, n.e.c.",2019,2019,100 g/ha,88265,E,Estimated value,
QCL,Crops and livestock products,143,Morocco,5510,Production,512,"Other citrus fruit, n.e.c.",2019,2019,t,18350.2,E,Estimated value,
QCL,Crops and livestock products,143,Morocco,5312,Area harvested,512,"Other citrus fruit, n.e.c.",2020,2020,ha,2087,E,Estimated value,
QCL,Crops and livestock products,143,Morocco,5419,Yield,512,"Other citrus fruit, n.e.c.",2020,2020,100 g/ha,88244,E,Estimated value,
QCL,Crops and livestock products,143,Morocco,5510,Production,512,"Other citrus fruit, n.e.c.",2020,2020,t,18413.7,E,Estimated value,
QCL,Crops and livestock products,143,Morocco,5312,Area harvested,512,"Other citrus fruit, n.e.c.",2021,2021,ha,2080,E,Estimated value,
QCL,Crops and livestock products,143,Morocco,5419,Yield,512,"Other citrus fruit, n.e.c.",2021,2021,100 g/ha,88270,E,Estimated value,
QCL,Crops and livestock products,143,Morocco,5510,Production,512,"Other citrus fruit, n.e.c.",2021,2021,t,18361.88,E,Estimated value,
QCL,Crops and livestock products,143,Morocco,5312,Area harvested,512,"Other citrus fruit, n.e.c.",2022,2022,ha,2082,E,Estimated value,
QCL,Crops and livestock products,143,Morocco,5419,Yield,512,"Other citrus fruit, n.e.c.",2022,2022,100 g/ha,88260,E,Estimated value,
QCL,Crops and livestock products,143,Morocco,5510,Production,512,"Other citrus fruit, n.e.c.",2022,2022,t,18375.26,E,Estimated value,
QCL,Crops and livestock products,143,Morocco,5312,Area harvested,619,"Other fruits, n.e.c.",1961,1961,ha,0,M,"Missing value (data cannot exist, not applicable)",
QCL,Crops and livestock products,143,Morocco,5510,Production,619,"Other fruits, n.e.c.",1961,1961,t,4525,A,Official figure,
QCL,Crops and livestock products,143,Morocco,5312,Area harvested,619,"Other fruits, n.e.c.",1962,1962,ha,0,M,"Missing value (data cannot exist, not applicable)",
QCL,Crops and livestock products,143,Morocco,5510,Production,619,"Other fruits, n.e.c.",1962,1962,t,4500,A,Official figure,
QCL,Crops and livestock products,143,Morocco,5312,Area harvested,619,"Other fruits, n.e.c.",1963,1963,ha,0,M,"Missing value (data cannot exist, not applicable)",
QCL,Crops and livestock products,143,Morocco,5510,Production,619,"Other fruits, n.e.c.",1963,1963,t,12000,E,Estimated value,
QCL,Crops and livestock products,143,Morocco,5312,Area harvested,619,"Other fruits, n.e.c.",1964,1964,ha,0,M,"Missing value (data cannot exist, not applicable)",
QCL,Crops and livestock products,143,Morocco,5510,Production,619,"Other fruits, n.e.c.",1964,1964,t,29986,A,Official figure,
QCL,Crops and livestock products,143,Morocco,5312,Area harvested,619,"Other fruits, n.e.c.",1965,1965,ha,0,M,"Missing value (data cannot exist, not applicable)",
QCL,Crops and livestock products,143,Morocco,5510,Production,619,"Other fruits, n.e.c.",1965,1965,t,20000,E,Estimated value,
QCL,Crops and livestock products,143,Morocco,5312,Area harvested,619,"Other fruits, n.e.c.",1966,1966,ha,0,M,"Missing value (data cannot exist, not applicable)",
QCL,Crops and livestock products,143,Morocco,5510,Production,619,"Other fruits, n.e.c.",1966,1966,t,15933,A,Official figure,
QCL,Crops and livestock products,143,Morocco,5312,Area harvested,619,"Other fruits, n.e.c.",1967,1967,ha,0,M,"Missing value (data cannot exist, not applicable)",
QCL,Crops and livestock products,143,Morocco,5510,Production,619,"Other fruits, n.e.c.",1967,1967,t,15000,E,Estimated value,
QCL,Crops and livestock products,143,Morocco,5312,Area harvested,619,"Other fruits, n.e.c.",1968,1968,ha,0,M,"Missing value (data cannot exist, not applicable)",
QCL,Crops and livestock products,143,Morocco,5510,Production,619,"Other fruits, n.e.c.",1968,1968,t,16000,E,Estimated value,
QCL,Crops and livestock products,143,Morocco,5312,Area harvested,619,"Other fruits, n.e.c.",1969,1969,ha,0,M,"Missing value (data cannot exist, not applicable)",
QCL,Crops and livestock products,143,Morocco,5510,Production,619,"Other fruits, n.e.c.",1969,1969,t,15000,E,Estimated value,
QCL,Crops and livestock products,143,Morocco,5312,Area harvested,619,"Other fruits, n.e.c.",1970,1970,ha,0,M,"Missing value (data cannot exist, not applicable)",
QCL,Crops and livestock products,143,Morocco,5510,Production,619,"Other fruits, n.e.c.",1970,1970,t,15000,E,Estimated value,
QCL,Crops and livestock products,143,Morocco,5312,Area harvested,619,"Other fruits, n.e.c.",1971,1971,ha,0,M,"Missing value (data cannot exist, not applicable)",
QCL,Crops and livestock products,143,Morocco,5510,Production,619,"Other fruits, n.e.c.",1971,1971,t,16000,E,Estimated value,
QCL,Crops and livestock products,143,Morocco,5312,Area harvested,619,"Other fruits, n.e.c.",1972,1972,ha,0,M,"Missing value (data cannot exist, not applicable)",
QCL,Crops and livestock products,143,Morocco,5510,Production,619,"Other fruits, n.e.c.",1972,1972,t,16000,E,Estimated value,
QCL,Crops and livestock products,143,Morocco,5312,Area harvested,619,"Other fruits, n.e.c.",1973,1973,ha,0,M,"Missing value (data cannot exist, not applicable)",
QCL,Crops and livestock products,143,Morocco,5510,Production,619,"Other fruits, n.e.c.",1973,1973,t,16000,E,Estimated value,
QCL,Crops and livestock products,143,Morocco,5312,Area harvested,619,"Other fruits, n.e.c.",1974,1974,ha,0,M,"Missing value (data cannot exist, not applicable)",
QCL,Crops and livestock products,143,Morocco,5510,Production,619,"Other fruits, n.e.c.",1974,1974,t,16500,E,Estimated value,
QCL,Crops and livestock products,143,Morocco,5312,Area harvested,619,"Other fruits, n.e.c.",1975,1975,ha,0,M,"Missing value (data cannot exist, not applicable)",
QCL,Crops and livestock products,143,Morocco,5510,Production,619,"Other fruits, n.e.c.",1975,1975,t,17000,E,Estimated value,
QCL,Crops and livestock products,143,Morocco,5312,Area harvested,619,"Other fruits, n.e.c.",1976,1976,ha,0,M,"Missing value (data cannot exist, not applicable)",
QCL,Crops and livestock products,143,Morocco,5510,Production,619,"Other fruits, n.e.c.",1976,1976,t,18000,E,Estimated value,
QCL,Crops and livestock products,143,Morocco,5312,Area harvested,619,"Other fruits, n.e.c.",1977,1977,ha,0,M,"Missing value (data cannot exist, not applicable)",
QCL,Crops and livestock products,143,Morocco,5510,Production,619,"Other fruits, n.e.c.",1977,1977,t,19000,E,Estimated value,
QCL,Crops and livestock products,143,Morocco,5312,Area harvested,619,"Other fruits, n.e.c.",1978,1978,ha,0,M,"Missing value (data cannot exist, not applicable)",
QCL,Crops and livestock products,143,Morocco,5510,Production,619,"Other fruits, n.e.c.",1978,1978,t,19500,E,Estimated value,
QCL,Crops and livestock products,143,Morocco,5312,Area harvested,619,"Other fruits, n.e.c.",1979,1979,ha,0,M,"Missing value (data cannot exist, not applicable)",
QCL,Crops and livestock products,143,Morocco,5510,Production,619,"Other fruits, n.e.c.",1979,1979,t,20000,E,Estimated value,
QCL,Crops and livestock products,143,Morocco,5312,Area harvested,619,"Other fruits, n.e.c.",1980,1980,ha,0,M,"Missing value (data cannot exist, not applicable)",
QCL,Crops and livestock products,143,Morocco,5510,Production,619,"Other fruits, n.e.c.",1980,1980,t,20500,E,Estimated value,
QCL,Crops and livestock products,143,Morocco,5312,Area harvested,619,"Other fruits, n.e.c.",1981,1981,ha,0,M,"Missing value (data cannot exist, not applicable)",
QCL,Crops and livestock products,143,Morocco,5510,Production,619,"Other fruits, n.e.c.",1981,1981,t,21000,E,Estimated value,
QCL,Crops and livestock products,143,Morocco,5312,Area harvested,619,"Other fruits, n.e.c.",1982,1982,ha,0,M,"Missing value (data cannot exist, not applicable)",
QCL,Crops and livestock products,143,Morocco,5510,Production,619,"Other fruits, n.e.c.",1982,1982,t,22000,E,Estimated value,
QCL,Crops and livestock products,143,Morocco,5312,Area harvested,619,"Other fruits, n.e.c.",1983,1983,ha,0,M,"Missing value (data cannot exist, not applicable)",
QCL,Crops and livestock products,143,Morocco,5510,Production,619,"Other fruits, n.e.c.",1983,1983,t,24000,E,Estimated value,
QCL,Crops and livestock products,143,Morocco,5312,Area harvested,619,"Other fruits, n.e.c.",1984,1984,ha,0,M,"Missing value (data cannot exist, not applicable)",
QCL,Crops and livestock products,143,Morocco,5510,Production,619,"Other fruits, n.e.c.",1984,1984,t,26000,E,Estimated value,
QCL,Crops and livestock products,143,Morocco,5312,Area harvested,619,"Other fruits, n.e.c.",1985,1985,ha,5000,E,Estimated value,
QCL,Crops and livestock products,143,Morocco,5419,Yield,619,"Other fruits, n.e.c.",1985,1985,100 g/ha,56000,E,Estimated value,
QCL,Crops and livestock products,143,Morocco,5510,Production,619,"Other fruits, n.e.c.",1985,1985,t,28000,E,Estimated value,
QCL,Crops and livestock products,143,Morocco,5312,Area harvested,619,"Other fruits, n.e.c.",1986,1986,ha,5000,E,Estimated value,
QCL,Crops and livestock products,143,Morocco,5419,Yield,619,"Other fruits, n.e.c.",1986,1986,100 g/ha,58000,E,Estimated value,
QCL,Crops and livestock products,143,Morocco,5510,Production,619,"Other fruits, n.e.c.",1986,1986,t,29000,E,Estimated value,
QCL,Crops and livestock products,143,Morocco,5312,Area harvested,619,"Other fruits, n.e.c.",1987,1987,ha,5000,E,Estimated value,
QCL,Crops and livestock products,143,Morocco,5419,Yield,619,"Other fruits, n.e.c.",1987,1987,100 g/ha,60000,E,Estimated value,
QCL,Crops and livestock products,143,Morocco,5510,Production,619,"Other fruits, n.e.c.",1987,1987,t,30000,E,Estimated value,
QCL,Crops and livestock products,143,Morocco,5312,Area harvested,619,"Other fruits, n.e.c.",1988,1988,ha,5000,E,Estimated value,
QCL,Crops and livestock products,143,Morocco,5419,Yield,619,"Other fruits, n.e.c.",1988,1988,100 g/ha,62800,E,Estimated value,
QCL,Crops and livestock products,143,Morocco,5510,Production,619,"Other fruits, n.e.c.",1988,1988,t,31400,E,Estimated value,
QCL,Crops and livestock products,143,Morocco,5312,Area harvested,619,"Other fruits, n.e.c.",1989,1989,ha,5000,E,Estimated value,
QCL,Crops and livestock products,143,Morocco,5419,Yield,619,"Other fruits, n.e.c.",1989,1989,100 g/ha,64800,E,Estimated value,
QCL,Crops and livestock products,143,Morocco,5510,Production,619,"Other fruits, n.e.c.",1989,1989,t,32400,E,Estimated value,
QCL,Crops and livestock products,143,Morocco,5312,Area harvested,619,"Other fruits, n.e.c.",1990,1990,ha,5500,E,Estimated value,
QCL,Crops and livestock products,143,Morocco,5419,Yield,619,"Other fruits, n.e.c.",1990,1990,100 g/ha,61636,E,Estimated value,
QCL,Crops and livestock products,143,Morocco,5510,Production,619,"Other fruits, n.e.c.",1990,1990,t,33900,E,Estimated value,
QCL,Crops and livestock products,143,Morocco,5312,Area harvested,619,"Other fruits, n.e.c.",1991,1991,ha,5568,I,Imputed value,
QCL,Crops and livestock products,143,Morocco,5419,Yield,619,"Other fruits, n.e.c.",1991,1991,100 g/ha,63400,E,Estimated value,
QCL,Crops and livestock products,143,Morocco,5510,Production,619,"Other fruits, n.e.c.",1991,1991,t,35300,E,Estimated value,
QCL,Crops and livestock products,143,Morocco,5312,Area harvested,619,"Other fruits, n.e.c.",1992,1992,ha,5745,I,Imputed value,
QCL,Crops and livestock products,143,Morocco,5419,Yield,619,"Other fruits, n.e.c.",1992,1992,100 g/ha,63881,E,Estimated value,
QCL,Crops and livestock products,143,Morocco,5510,Production,619,"Other fruits, n.e.c.",1992,1992,t,36700,E,Estimated value,
QCL,Crops and livestock products,143,Morocco,5312,Area harvested,619,"Other fruits, n.e.c.",1993,1993,ha,5595,I,Imputed value,
QCL,Crops and livestock products,143,Morocco,5419,Yield,619,"Other fruits, n.e.c.",1993,1993,100 g/ha,64345,E,Estimated value,
QCL,Crops and livestock products,143,Morocco,5510,Production,619,"Other fruits, n.e.c.",1993,1993,t,36000,E,Estimated value,
QCL,Crops and livestock products,143,Morocco,5312,Area harvested,619,"Other fruits, n.e.c.",1994,1994,ha,5711,I,Imputed value,
QCL,Crops and livestock products,143,Morocco,5419,Yield,619,"Other fruits, n.e.c.",1994,1994,100 g/ha,64790,E,Estimated value,
QCL,Crops and livestock products,143,Morocco,5510,Production,619,"Other fruits, n.e.c.",1994,1994,t,37000,E,Estimated value,
QCL,Crops and livestock products,143,Morocco,5312,Area harvested,619,"Other fruits, n.e.c.",1995,1995,ha,5726,I,Imputed value,
QCL,Crops and livestock products,143,Morocco,5419,Yield,619,"Other fruits, n.e.c.",1995,1995,100 g/ha,65216,E,Estimated value,
QCL,Crops and livestock products,143,Morocco,5510,Production,619,"Other fruits, n.e.c.",1995,1995,t,37342.94,I,Imputed value,
QCL,Crops and livestock products,143,Morocco,5312,Area harvested,619,"Other fruits, n.e.c.",1996,1996,ha,5740,I,Imputed value,
QCL,Crops and livestock products,143,Morocco,5419,Yield,619,"Other fruits, n.e.c.",1996,1996,100 g/ha,65652,E,Estimated value,
QCL,Crops and livestock products,143,Morocco,5510,Production,619,"Other fruits, n.e.c.",1996,1996,t,37685.22,I,Imputed value,
QCL,Crops and livestock products,143,Morocco,5312,Area harvested,619,"Other fruits, n.e.c.",1997,1997,ha,5600,E,Estimated value,
QCL,Crops and livestock products,143,Morocco,5419,Yield,619,"Other fruits, n.e.c.",1997,1997,100 g/ha,67857,E,Estimated value,
QCL,Crops and livestock products,143,Morocco,5510,Production,619,"Other fruits, n.e.c.",1997,1997,t,38000,E,Estimated value,
QCL,Crops and livestock products,143,Morocco,5312,Area harvested,619,"Other fruits, n.e.c.",1998,1998,ha,5783,I,Imputed value,
QCL,Crops and livestock products,143,Morocco,5419,Yield,619,"Other fruits, n.e.c.",1998,1998,100 g/ha,66238,E,Estimated value,
QCL,Crops and livestock products,143,Morocco,5510,Production,619,"Other fruits, n.e.c.",1998,1998,t,38305.95,I,Imputed value,
QCL,Crops and livestock products,143,Morocco,5312,Area harvested,619,"Other fruits, n.e.c.",1999,1999,ha,5826,I,Imputed value,
QCL,Crops and livestock products,143,Morocco,5419,Yield,619,"Other fruits, n.e.c.",1999,1999,100 g/ha,66421,E,Estimated value,
QCL,Crops and livestock products,143,Morocco,5510,Production,619,"Other fruits, n.e.c.",1999,1999,t,38700.25,I,Imputed value,
QCL,Crops and livestock products,143,Morocco,5312,Area harvested,619,"Other fruits, n.e.c.",2000,2000,ha,5800,E,Estimated value,
QCL,Crops and livestock products,143,Morocco,5419,Yield,619,"Other fruits, n.e.c.",2000,2000,100 g/ha,67241,E,Estimated value,
QCL,Crops and livestock products,143,Morocco,5510,Production,619,"Other fruits, n.e.c.",2000,2000,t,39000,E,Estimated value,
QCL,Crops and livestock products,143,Morocco,5312,Area harvested,619,"Other fruits, n.e.c.",2001,2001,ha,5913,I,Imputed value,
QCL,Crops and livestock products,143,Morocco,5419,Yield,619,"Other fruits, n.e.c.",2001,2001,100 g/ha,66772,E,Estimated value,
QCL,Crops and livestock products,143,Morocco,5510,Production,619,"Other fruits, n.e.c.",2001,2001,t,39484.86,I,Imputed value,
QCL,Crops and livestock products,143,Morocco,5312,Area harvested,619,"Other fruits, n.e.c.",2002,2002,ha,5954,I,Imputed value,
QCL,Crops and livestock products,143,Morocco,5419,Yield,619,"Other fruits, n.e.c.",2002,2002,100 g/ha,66944,E,Estimated value,
QCL,Crops and livestock products,143,Morocco,5510,Production,619,"Other fruits, n.e.c.",2002,2002,t,39855.6,I,Imputed value,
QCL,Crops and livestock products,143,Morocco,5312,Area harvested,619,"Other fruits, n.e.c.",2003,2003,ha,6000,E,Estimated value,
QCL,Crops and livestock products,143,Morocco,5419,Yield,619,"Other fruits, n.e.c.",2003,2003,100 g/ha,66667,E,Estimated value,
QCL,Crops and livestock products,143,Morocco,5510,Production,619,"Other fruits, n.e.c.",2003,2003,t,40000,E,Estimated value,
QCL,Crops and livestock products,143,Morocco,5312,Area harvested,619,"Other fruits, n.e.c.",2004,2004,ha,6048,I,Imputed value,
QCL,Crops and livestock products,143,Morocco,5419,Yield,619,"Other fruits, n.e.c.",2004,2004,100 g/ha,67387,E,Estimated value,
QCL,Crops and livestock products,143,Morocco,5510,Production,619,"Other fruits, n.e.c.",2004,2004,t,40759.13,I,Imputed value,
QCL,Crops and livestock products,143,Morocco,5312,Area harvested,619,"Other fruits, n.e.c.",2005,2005,ha,6189,I,Imputed value,
QCL,Crops and livestock products,143,Morocco,5419,Yield,619,"Other fruits, n.e.c.",2005,2005,100 g/ha,67560,E,Estimated value,
QCL,Crops and livestock products,143,Morocco,5510,Production,619,"Other fruits, n.e.c.",2005,2005,t,41815.46,I,Imputed value,
QCL,Crops and livestock products,143,Morocco,5312,Area harvested,619,"Other fruits, n.e.c.",2006,2006,ha,6326,I,Imputed value,
QCL,Crops and livestock products,143,Morocco,5419,Yield,619,"Other fruits, n.e.c.",2006,2006,100 g/ha,67723,E,Estimated value,
QCL,Crops and livestock products,143,Morocco,5510,Production,619,"Other fruits, n.e.c.",2006,2006,t,42840.06,I,Imputed value,
QCL,Crops and livestock products,143,Morocco,5312,Area harvested,619,"Other fruits, n.e.c.",2007,2007,ha,6467,I,Imputed value,
QCL,Crops and livestock products,143,Morocco,5419,Yield,619,"Other fruits, n.e.c.",2007,2007,100 g/ha,67893,E,Estimated value,
QCL,Crops and livestock products,143,Morocco,5510,Production,619,"Other fruits, n.e.c.",2007,2007,t,43903.29,I,Imputed value,
QCL,Crops and livestock products,143,Morocco,5312,Area harvested,619,"Other fruits, n.e.c.",2008,2008,ha,6611,I,Imputed value,
QCL,Crops and livestock products,143,Morocco,5419,Yield,619,"Other fruits, n.e.c.",2008,2008,100 g/ha,68071,E,Estimated value,
QCL,Crops and livestock products,143,Morocco,5510,Production,619,"Other fruits, n.e.c.",2008,2008,t,45002.39,I,Imputed value,
QCL,Crops and livestock products,143,Morocco,5312,Area harvested,619,"Other fruits, n.e.c.",2009,2009,ha,6761,I,Imputed value,
QCL,Crops and livestock products,143,Morocco,5419,Yield,619,"Other fruits, n.e.c.",2009,2009,100 g/ha,68257,E,Estimated value,
QCL,Crops and livestock products,143,Morocco,5510,Production,619,"Other fruits, n.e.c.",2009,2009,t,46146.39,I,Imputed value,
QCL,Crops and livestock products,143,Morocco,5312,Area harvested,619,"Other fruits, n.e.c.",2010,2010,ha,6917,I,Imputed value,
QCL,Crops and livestock products,143,Morocco,5419,Yield,619,"Other fruits, n.e.c.",2010,2010,100 g/ha,68461,E,Estimated value,
QCL,Crops and livestock products,143,Morocco,5510,Production,619,"Other fruits, n.e.c.",2010,2010,t,47350.9,I,Imputed value,
QCL,Crops and livestock products,143,Morocco,5312,Area harvested,619,"Other fruits, n.e.c.",2011,2011,ha,7079,I,Imputed value,
QCL,Crops and livestock products,143,Morocco,5419,Yield,619,"Other fruits, n.e.c.",2011,2011,100 g/ha,68687,E,Estimated value,
QCL,Crops and livestock products,143,Morocco,5510,Production,619,"Other fruits, n.e.c.",2011,2011,t,48620.54,I,Imputed value,
QCL,Crops and livestock products,143,Morocco,5312,Area harvested,619,"Other fruits, n.e.c.",2012,2012,ha,7320,E,Estimated value,
QCL,Crops and livestock products,143,Morocco,5419,Yield,619,"Other fruits, n.e.c.",2012,2012,100 g/ha,68306,E,Estimated value,
QCL,Crops and livestock products,143,Morocco,5510,Production,619,"Other fruits, n.e.c.",2012,2012,t,50000,E,Estimated value,
QCL,Crops and livestock products,143,Morocco,5312,Area harvested,619,"Other fruits, n.e.c.",2013,2013,ha,7400,E,Estimated value,
QCL,Crops and livestock products,143,Morocco,5419,Yield,619,"Other fruits, n.e.c.",2013,2013,100 g/ha,70270,E,Estimated value,
QCL,Crops and livestock products,143,Morocco,5510,Production,619,"Other fruits, n.e.c.",2013,2013,t,52000,E,Estimated value,
QCL,Crops and livestock products,143,Morocco,5312,Area harvested,619,"Other fruits, n.e.c.",2014,2014,ha,7597,I,Imputed value,
QCL,Crops and livestock products,143,Morocco,5419,Yield,619,"Other fruits, n.e.c.",2014,2014,100 g/ha,69933,E,Estimated value,
QCL,Crops and livestock products,143,Morocco,5510,Production,619,"Other fruits, n.e.c.",2014,2014,t,53127.01,I,Imputed value,
QCL,Crops and livestock products,143,Morocco,5312,Area harvested,619,"Other fruits, n.e.c.",2015,2015,ha,7739,I,Imputed value,
QCL,Crops and livestock products,143,Morocco,5419,Yield,619,"Other fruits, n.e.c.",2015,2015,100 g/ha,69723,E,Estimated value,
QCL,Crops and livestock products,143,Morocco,5510,Production,619,"Other fruits, n.e.c.",2015,2015,t,53961.3,I,Imputed value,
QCL,Crops and livestock products,143,Morocco,5312,Area harvested,619,"Other fruits, n.e.c.",2016,2016,ha,7896,I,Imputed value,
QCL,Crops and livestock products,143,Morocco,5419,Yield,619,"Other fruits, n.e.c.",2016,2016,100 g/ha,69846,E,Estimated value,
QCL,Crops and livestock products,143,Morocco,5510,Production,619,"Other fruits, n.e.c.",2016,2016,t,55151.35,I,Imputed value,
QCL,Crops and livestock products,143,Morocco,5312,Area harvested,619,"Other fruits, n.e.c.",2017,2017,ha,8077,I,Imputed value,
QCL,Crops and livestock products,143,Morocco,5419,Yield,619,"Other fruits, n.e.c.",2017,2017,100 g/ha,70010,E,Estimated value,
QCL,Crops and livestock products,143,Morocco,5510,Production,619,"Other fruits, n.e.c.",2017,2017,t,56545.71,I,Imputed value,
QCL,Crops and livestock products,143,Morocco,5312,Area harvested,619,"Other fruits, n.e.c.",2018,2018,ha,8217,I,Imputed value,
QCL,Crops and livestock products,143,Morocco,5419,Yield,619,"Other fruits, n.e.c.",2018,2018,100 g/ha,70252,E,Estimated value,
QCL,Crops and livestock products,143,Morocco,5510,Production,619,"Other fruits, n.e.c.",2018,2018,t,57728.8,I,Imputed value,
QCL,Crops and livestock products,143,Morocco,5312,Area harvested,619,"Other fruits, n.e.c.",2019,2019,ha,8063,E,Estimated value,
QCL,Crops and livestock products,143,Morocco,5419,Yield,619,"Other fruits, n.e.c.",2019,2019,100 g/ha,70039,E,Estimated value,
QCL,Crops and livestock products,143,Morocco,5510,Production,619,"Other fruits, n.e.c.",2019,2019,t,56475.28,E,Estimated value,
QCL,Crops and livestock products,143,Morocco,5312,Area harvested,619,"Other fruits, n.e.c.",2020,2020,ha,8119,E,Estimated value,
QCL,Crops and livestock products,143,Morocco,5419,Yield,619,"Other fruits, n.e.c.",2020,2020,100 g/ha,70101,E,Estimated value,
QCL,Crops and livestock products,143,Morocco,5510,Production,619,"Other fruits, n.e.c.",2020,2020,t,56916.6,E,Estimated value,
QCL,Crops and livestock products,143,Morocco,5312,Area harvested,619,"Other fruits, n.e.c.",2021,2021,ha,8133,E,Estimated value,
QCL,Crops and livestock products,143,Morocco,5419,Yield,619,"Other fruits, n.e.c.",2021,2021,100 g/ha,70131,E,Estimated value,
QCL,Crops and livestock products,143,Morocco,5510,Production,619,"Other fruits, n.e.c.",2021,2021,t,57040.23,E,Estimated value,
QCL,Crops and livestock products,143,Morocco,5312,Area harvested,619,"Other fruits, n.e.c.",2022,2022,ha,8105,E,Estimated value,
QCL,Crops and livestock products,143,Morocco,5419,Yield,619,"Other fruits, n.e.c.",2022,2022,100 g/ha,70090,E,Estimated value,
QCL,Crops and livestock products,143,Morocco,5510,Production,619,"Other fruits, n.e.c.",2022,2022,t,56810.7,E,Estimated value,
QCL,Crops and livestock products,143,Morocco,5510,Production,234,"Other nuts (excluding wild edible nuts and groundnuts), in shell, n.e.c.",1961,1961,t,0,A,Official figure,
QCL,Crops and livestock products,143,Morocco,5510,Production,234,"Other nuts (excluding wild edible nuts and groundnuts), in shell, n.e.c.",1962,1962,t,0,A,Official figure,
QCL,Crops and livestock products,143,Morocco,5510,Production,234,"Other nuts (excluding wild edible nuts and groundnuts), in shell, n.e.c.",1963,1963,t,0,A,Official figure,
QCL,Crops and livestock products,143,Morocco,5510,Production,234,"Other nuts (excluding wild edible nuts and groundnuts), in shell, n.e.c.",1964,1964,t,0,A,Official figure,
QCL,Crops and livestock products,143,Morocco,5510,Production,234,"Other nuts (excluding wild edible nuts and groundnuts), in shell, n.e.c.",1965,1965,t,0,A,Official figure,
QCL,Crops and livestock products,143,Morocco,5510,Production,234,"Other nuts (excluding wild edible nuts and groundnuts), in shell, n.e.c.",1966,1966,t,0,A,Official figure,
QCL,Crops and livestock products,143,Morocco,5510,Production,234,"Other nuts (excluding wild edible nuts and groundnuts), in shell, n.e.c.",1967,1967,t,0,A,Official figure,
QCL,Crops and livestock products,143,Morocco,5510,Production,234,"Other nuts (excluding wild edible nuts and groundnuts), in shell, n.e.c.",1968,1968,t,0,A,Official figure,
QCL,Crops and livestock products,143,Morocco,5510,Production,234,"Other nuts (excluding wild edible nuts and groundnuts), in shell, n.e.c.",1969,1969,t,0,A,Official figure,
QCL,Crops and livestock products,143,Morocco,5510,Production,234,"Other nuts (excluding wild edible nuts and groundnuts), in shell, n.e.c.",1970,1970,t,10,E,Estimated value,
QCL,Crops and livestock products,143,Morocco,5510,Production,234,"Other nuts (excluding wild edible nuts and groundnuts), in shell, n.e.c.",1971,1971,t,20,E,Estimated value,
QCL,Crops and livestock products,143,Morocco,5510,Production,234,"Other nuts (excluding wild edible nuts and groundnuts), in shell, n.e.c.",1972,1972,t,30,E,Estimated value,
QCL,Crops and livestock products,143,Morocco,5510,Production,234,"Other nuts (excluding wild edible nuts and groundnuts), in shell, n.e.c.",1973,1973,t,40,E,Estimated value,
QCL,Crops and livestock products,143,Morocco,5510,Production,234,"Other nuts (excluding wild edible nuts and groundnuts), in shell, n.e.c.",1974,1974,t,30,E,Estimated value,
QCL,Crops and livestock products,143,Morocco,5510,Production,234,"Other nuts (excluding wild edible nuts and groundnuts), in shell, n.e.c.",1975,1975,t,20,E,Estimated value,
QCL,Crops and livestock products,143,Morocco,5510,Production,234,"Other nuts (excluding wild edible nuts and groundnuts), in shell, n.e.c.",1976,1976,t,30,E,Estimated value,
QCL,Crops and livestock products,143,Morocco,5510,Production,234,"Other nuts (excluding wild edible nuts and groundnuts), in shell, n.e.c.",1977,1977,t,20,E,Estimated value,
QCL,Crops and livestock products,143,Morocco,5510,Production,234,"Other nuts (excluding wild edible nuts and groundnuts), in shell, n.e.c.",1978,1978,t,20,E,Estimated value,
QCL,Crops and livestock products,143,Morocco,5510,Production,234,"Other nuts (excluding wild edible nuts and groundnuts), in shell, n.e.c.",1979,1979,t,20,E,Estimated value,
QCL,Crops and livestock products,143,Morocco,5510,Production,234,"Other nuts (excluding wild edible nuts and groundnuts), in shell, n.e.c.",1980,1980,t,40,E,Estimated value,
QCL,Crops and livestock products,143,Morocco,5510,Production,234,"Other nuts (excluding wild edible nuts and groundnuts), in shell, n.e.c.",1981,1981,t,40,E,Estimated value,
QCL,Crops and livestock products,143,Morocco,5510,Production,234,"Other nuts (excluding wild edible nuts and groundnuts), in shell, n.e.c.",1982,1982,t,40,E,Estimated value,
QCL,Crops and livestock products,143,Morocco,5510,Production,234,"Other nuts (excluding wild edible nuts and groundnuts), in shell, n.e.c.",1983,1983,t,60,E,Estimated value,
QCL,Crops and livestock products,143,Morocco,5510,Production,234,"Other nuts (excluding wild edible nuts and groundnuts), in shell, n.e.c.",1984,1984,t,60,E,Estimated value,
QCL,Crops and livestock products,143,Morocco,5510,Production,234,"Other nuts (excluding wild edible nuts and groundnuts), in shell, n.e.c.",1985,1985,t,60,E,Estimated value,
QCL,Crops and livestock products,143,Morocco,5510,Production,234,"Other nuts (excluding wild edible nuts and groundnuts), in shell, n.e.c.",1986,1986,t,80,E,Estimated value,
QCL,Crops and livestock products,143,Morocco,5510,Production,234,"Other nuts (excluding wild edible nuts and groundnuts), in shell, n.e.c.",1987,1987,t,80,E,Estimated value,
QCL,Crops and livestock products,143,Morocco,5510,Production,234,"Other nuts (excluding wild edible nuts and groundnuts), in shell, n.e.c.",1988,1988,t,80,E,Estimated value,
QCL,Crops and livestock products,143,Morocco,5510,Production,234,"Other nuts (excluding wild edible nuts and groundnuts), in shell, n.e.c.",1989,1989,t,100,E,Estimated value,
QCL,Crops and livestock products,143,Morocco,5510,Production,234,"Other nuts (excluding wild edible nuts and groundnuts), in shell, n.e.c.",1990,1990,t,104,E,Estimated value,
QCL,Crops and livestock products,143,Morocco,5312,Area harvested,234,"Other nuts (excluding wild edible nuts and groundnuts), in shell, n.e.c.",1991,1991,ha,30,E,Estimated value,
QCL,Crops and livestock products,143,Morocco,5419,Yield,234,"Other nuts (excluding wild edible nuts and groundnuts), in shell, n.e.c.",1991,1991,100 g/ha,51736,E,Estimated value,
QCL,Crops and livestock products,143,Morocco,5510,Production,234,"Other nuts (excluding wild edible nuts and groundnuts), in shell, n.e.c.",1991,1991,t,155.21,I,Imputed value,
QCL,Crops and livestock products,143,Morocco,5312,Area harvested,234,"Other nuts (excluding wild edible nuts and groundnuts), in shell, n.e.c.",1992,1992,ha,30,E,Estimated value,
QCL,Crops and livestock products,143,Morocco,5419,Yield,234,"Other nuts (excluding wild edible nuts and groundnuts), in shell, n.e.c.",1992,1992,100 g/ha,42153,E,Estimated value,
QCL,Crops and livestock products,143,Morocco,5510,Production,234,"Other nuts (excluding wild edible nuts and groundnuts), in shell, n.e.c.",1992,1992,t,126.46,I,Imputed value,
QCL,Crops and livestock products,143,Morocco,5312,Area harvested,234,"Other nuts (excluding wild edible nuts and groundnuts), in shell, n.e.c.",1993,1993,ha,30,E,Estimated value,
QCL,Crops and livestock products,143,Morocco,5419,Yield,234,"Other nuts (excluding wild edible nuts and groundnuts), in shell, n.e.c.",1993,1993,100 g/ha,50000,E,Estimated value,
QCL,Crops and livestock products,143,Morocco,5510,Production,234,"Other nuts (excluding wild edible nuts and groundnuts), in shell, n.e.c.",1993,1993,t,150,E,Estimated value,
QCL,Crops and livestock products,143,Morocco,5312,Area harvested,234,"Other nuts (excluding wild edible nuts and groundnuts), in shell, n.e.c.",1994,1994,ha,40,E,Estimated value,
QCL,Crops and livestock products,143,Morocco,5419,Yield,234,"Other nuts (excluding wild edible nuts and groundnuts), in shell, n.e.c.",1994,1994,100 g/ha,43950,E,Estimated value,
QCL,Crops and livestock products,143,Morocco,5510,Production,234,"Other nuts (excluding wild edible nuts and groundnuts), in shell, n.e.c.",1994,1994,t,175.8,I,Imputed value,
QCL,Crops and livestock products,143,Morocco,5312,Area harvested,234,"Other nuts (excluding wild edible nuts and groundnuts), in shell, n.e.c.",1995,1995,ha,40,E,Estimated value,
QCL,Crops and livestock products,143,Morocco,5419,Yield,234,"Other nuts (excluding wild edible nuts and groundnuts), in shell, n.e.c.",1995,1995,100 g/ha,50000,E,Estimated value,
QCL,Crops and livestock products,143,Morocco,5510,Production,234,"Other nuts (excluding wild edible nuts and groundnuts), in shell, n.e.c.",1995,1995,t,200,E,Estimated value,
QCL,Crops and livestock products,143,Morocco,5312,Area harvested,234,"Other nuts (excluding wild edible nuts and groundnuts), in shell, n.e.c.",1996,1996,ha,50,E,Estimated value,
QCL,Crops and livestock products,143,Morocco,5419,Yield,234,"Other nuts (excluding wild edible nuts and groundnuts), in shell, n.e.c.",1996,1996,100 g/ha,45047,E,Estimated value,
QCL,Crops and livestock products,143,Morocco,5510,Production,234,"Other nuts (excluding wild edible nuts and groundnuts), in shell, n.e.c.",1996,1996,t,225.23,I,Imputed value,
QCL,Crops and livestock products,143,Morocco,5312,Area harvested,234,"Other nuts (excluding wild edible nuts and groundnuts), in shell, n.e.c.",1997,1997,ha,50,E,Estimated value,
QCL,Crops and livestock products,143,Morocco,5419,Yield,234,"Other nuts (excluding wild edible nuts and groundnuts), in shell, n.e.c.",1997,1997,100 g/ha,50000,E,Estimated value,
QCL,Crops and livestock products,143,Morocco,5510,Production,234,"Other nuts (excluding wild edible nuts and groundnuts), in shell, n.e.c.",1997,1997,t,250,E,Estimated value,
QCL,Crops and livestock products,143,Morocco,5312,Area harvested,234,"Other nuts (excluding wild edible nuts and groundnuts), in shell, n.e.c.",1998,1998,ha,60,E,Estimated value,
QCL,Crops and livestock products,143,Morocco,5419,Yield,234,"Other nuts (excluding wild edible nuts and groundnuts), in shell, n.e.c.",1998,1998,100 g/ha,45776,E,Estimated value,
QCL,Crops and livestock products,143,Morocco,5510,Production,234,"Other nuts (excluding wild edible nuts and groundnuts), in shell, n.e.c.",1998,1998,t,274.66,I,Imputed value,
QCL,Crops and livestock products,143,Morocco,5312,Area harvested,234,"Other nuts (excluding wild edible nuts and groundnuts), in shell, n.e.c.",1999,1999,ha,70,E,Estimated value,
QCL,Crops and livestock products,143,Morocco,5419,Yield,234,"Other nuts (excluding wild edible nuts and groundnuts), in shell, n.e.c.",1999,1999,100 g/ha,42857,E,Estimated value,
QCL,Crops and livestock products,143,Morocco,5510,Production,234,"Other nuts (excluding wild edible nuts and groundnuts), in shell, n.e.c.",1999,1999,t,300,E,Estimated value,
QCL,Crops and livestock products,143,Morocco,5312,Area harvested,234,"Other nuts (excluding wild edible nuts and groundnuts), in shell, n.e.c.",2000,2000,ha,70,E,Estimated value,
QCL,Crops and livestock products,143,Morocco,5419,Yield,234,"Other nuts (excluding wild edible nuts and groundnuts), in shell, n.e.c.",2000,2000,100 g/ha,46312,E,Estimated value,
QCL,Crops and livestock products,143,Morocco,5510,Production,234,"Other nuts (excluding wild edible nuts and groundnuts), in shell, n.e.c.",2000,2000,t,324.18,I,Imputed value,
QCL,Crops and livestock products,143,Morocco,5312,Area harvested,234,"Other nuts (excluding wild edible nuts and groundnuts), in shell, n.e.c.",2001,2001,ha,80,E,Estimated value,
QCL,Crops and livestock products,143,Morocco,5419,Yield,234,"Other nuts (excluding wild edible nuts and groundnuts), in shell, n.e.c.",2001,2001,100 g/ha,43750,E,Estimated value,
QCL,Crops and livestock products,143,Morocco,5510,Production,234,"Other nuts (excluding wild edible nuts and groundnuts), in shell, n.e.c.",2001,2001,t,350,E,Estimated value,
QCL,Crops and livestock products,143,Morocco,5312,Area harvested,234,"Other nuts (excluding wild edible nuts and groundnuts), in shell, n.e.c.",2002,2002,ha,80,E,Estimated value,
QCL,Crops and livestock products,143,Morocco,5419,Yield,234,"Other nuts (excluding wild edible nuts and groundnuts), in shell, n.e.c.",2002,2002,100 g/ha,44647,E,Estimated value,
QCL,Crops and livestock products,143,Morocco,5510,Production,234,"Other nuts (excluding wild edible nuts and groundnuts), in shell, n.e.c.",2002,2002,t,357.18,I,Imputed value,
QCL,Crops and livestock products,143,Morocco,5312,Area harvested,234,"Other nuts (excluding wild edible nuts and groundnuts), in shell, n.e.c.",2003,2003,ha,80,E,Estimated value,
QCL,Crops and livestock products,143,Morocco,5419,Yield,234,"Other nuts (excluding wild edible nuts and groundnuts), in shell, n.e.c.",2003,2003,100 g/ha,45776,E,Estimated value,
QCL,Crops and livestock products,143,Morocco,5510,Production,234,"Other nuts (excluding wild edible nuts and groundnuts), in shell, n.e.c.",2003,2003,t,366.21,I,Imputed value,
QCL,Crops and livestock products,143,Morocco,5312,Area harvested,234,"Other nuts (excluding wild edible nuts and groundnuts), in shell, n.e.c.",2004,2004,ha,80,E,Estimated value,
QCL,Crops and livestock products,143,Morocco,5419,Yield,234,"Other nuts (excluding wild edible nuts and groundnuts), in shell, n.e.c.",2004,2004,100 g/ha,47254,E,Estimated value,
QCL,Crops and livestock products,143,Morocco,5510,Production,234,"Other nuts (excluding wild edible nuts and groundnuts), in shell, n.e.c.",2004,2004,t,378.03,I,Imputed value,
QCL,Crops and livestock products,143,Morocco,5312,Area harvested,234,"Other nuts (excluding wild edible nuts and groundnuts), in shell, n.e.c.",2005,2005,ha,90,E,Estimated value,
QCL,Crops and livestock products,143,Morocco,5419,Yield,234,"Other nuts (excluding wild edible nuts and groundnuts), in shell, n.e.c.",2005,2005,100 g/ha,43304,E,Estimated value,
QCL,Crops and livestock products,143,Morocco,5510,Production,234,"Other nuts (excluding wild edible nuts and groundnuts), in shell, n.e.c.",2005,2005,t,389.73,I,Imputed value,
QCL,Crops and livestock products,143,Morocco,5312,Area harvested,234,"Other nuts (excluding wild edible nuts and groundnuts), in shell, n.e.c.",2006,2006,ha,90,E,Estimated value,
QCL,Crops and livestock products,143,Morocco,5419,Yield,234,"Other nuts (excluding wild edible nuts and groundnuts), in shell, n.e.c.",2006,2006,100 g/ha,44444,E,Estimated value,
QCL,Crops and livestock products,143,Morocco,5510,Production,234,"Other nuts (excluding wild edible nuts and groundnuts), in shell, n.e.c.",2006,2006,t,400,E,Estimated value,
QCL,Crops and livestock products,143,Morocco,5312,Area harvested,234,"Other nuts (excluding wild edible nuts and groundnuts), in shell, n.e.c.",2007,2007,ha,100,E,Estimated value,
QCL,Crops and livestock products,143,Morocco,5419,Yield,234,"Other nuts (excluding wild edible nuts and groundnuts), in shell, n.e.c.",2007,2007,100 g/ha,41498,E,Estimated value,
QCL,Crops and livestock products,143,Morocco,5510,Production,234,"Other nuts (excluding wild edible nuts and groundnuts), in shell, n.e.c.",2007,2007,t,414.98,I,Imputed value,
QCL,Crops and livestock products,143,Morocco,5312,Area harvested,234,"Other nuts (excluding wild edible nuts and groundnuts), in shell, n.e.c.",2008,2008,ha,100,E,Estimated value,
QCL,Crops and livestock products,143,Morocco,5419,Yield,234,"Other nuts (excluding wild edible nuts and groundnuts), in shell, n.e.c.",2008,2008,100 g/ha,42767,E,Estimated value,
QCL,Crops and livestock products,143,Morocco,5510,Production,234,"Other nuts (excluding wild edible nuts and groundnuts), in shell, n.e.c.",2008,2008,t,427.67,I,Imputed value,
QCL,Crops and livestock products,143,Morocco,5312,Area harvested,234,"Other nuts (excluding wild edible nuts and groundnuts), in shell, n.e.c.",2009,2009,ha,100,E,Estimated value,
QCL,Crops and livestock products,143,Morocco,5419,Yield,234,"Other nuts (excluding wild edible nuts and groundnuts), in shell, n.e.c.",2009,2009,100 g/ha,44043,E,Estimated value,
QCL,Crops and livestock products,143,Morocco,5510,Production,234,"Other nuts (excluding wild edible nuts and groundnuts), in shell, n.e.c.",2009,2009,t,440.43,I,Imputed value,
QCL,Crops and livestock products,143,Morocco,5312,Area harvested,234,"Other nuts (excluding wild edible nuts and groundnuts), in shell, n.e.c.",2010,2010,ha,100,E,Estimated value,
QCL,Crops and livestock products,143,Morocco,5419,Yield,234,"Other nuts (excluding wild edible nuts and groundnuts), in shell, n.e.c.",2010,2010,100 g/ha,45334,E,Estimated value,
QCL,Crops and livestock products,143,Morocco,5510,Production,234,"Other nuts (excluding wild edible nuts and groundnuts), in shell, n.e.c.",2010,2010,t,453.34,I,Imputed value,
QCL,Crops and livestock products,143,Morocco,5312,Area harvested,234,"Other nuts (excluding wild edible nuts and groundnuts), in shell, n.e.c.",2011,2011,ha,100,E,Estimated value,
QCL,Crops and livestock products,143,Morocco,5419,Yield,234,"Other nuts (excluding wild edible nuts and groundnuts), in shell, n.e.c.",2011,2011,100 g/ha,46637,E,Estimated value,
QCL,Crops and livestock products,143,Morocco,5510,Production,234,"Other nuts (excluding wild edible nuts and groundnuts), in shell, n.e.c.",2011,2011,t,466.37,I,Imputed value,
QCL,Crops and livestock products,143,Morocco,5312,Area harvested,234,"Other nuts (excluding wild edible nuts and groundnuts), in shell, n.e.c.",2012,2012,ha,110,E,Estimated value,
QCL,Crops and livestock products,143,Morocco,5419,Yield,234,"Other nuts (excluding wild edible nuts and groundnuts), in shell, n.e.c.",2012,2012,100 g/ha,43636,E,Estimated value,
QCL,Crops and livestock products,143,Morocco,5510,Production,234,"Other nuts (excluding wild edible nuts and groundnuts), in shell, n.e.c.",2012,2012,t,480,E,Estimated value,
QCL,Crops and livestock products,143,Morocco,5312,Area harvested,234,"Other nuts (excluding wild edible nuts and groundnuts), in shell, n.e.c.",2013,2013,ha,110,E,Estimated value,
QCL,Crops and livestock products,143,Morocco,5419,Yield,234,"Other nuts (excluding wild edible nuts and groundnuts), in shell, n.e.c.",2013,2013,100 g/ha,44787,E,Estimated value,
QCL,Crops and livestock products,143,Morocco,5510,Production,234,"Other nuts (excluding wild edible nuts and groundnuts), in shell, n.e.c.",2013,2013,t,492.66,I,Imputed value,
QCL,Crops and livestock products,143,Morocco,5312,Area harvested,234,"Other nuts (excluding wild edible nuts and groundnuts), in shell, n.e.c.",2014,2014,ha,110,E,Estimated value,
QCL,Crops and livestock products,143,Morocco,5419,Yield,234,"Other nuts (excluding wild edible nuts and groundnuts), in shell, n.e.c.",2014,2014,100 g/ha,45451,E,Estimated value,
QCL,Crops and livestock products,143,Morocco,5510,Production,234,"Other nuts (excluding wild edible nuts and groundnuts), in shell, n.e.c.",2014,2014,t,499.96,I,Imputed value,
QCL,Crops and livestock products,143,Morocco,5312,Area harvested,234,"Other nuts (excluding wild edible nuts and groundnuts), in shell, n.e.c.",2015,2015,ha,120,E,Estimated value,
QCL,Crops and livestock products,143,Morocco,5419,Yield,234,"Other nuts (excluding wild edible nuts and groundnuts), in shell, n.e.c.",2015,2015,100 g/ha,43500,E,Estimated value,
QCL,Crops and livestock products,143,Morocco,5510,Production,234,"Other nuts (excluding wild edible nuts and groundnuts), in shell, n.e.c.",2015,2015,t,522,I,Imputed value,
QCL,Crops and livestock products,143,Morocco,5312,Area harvested,234,"Other nuts (excluding wild edible nuts and groundnuts), in shell, n.e.c.",2016,2016,ha,120,E,Estimated value,
QCL,Crops and livestock products,143,Morocco,5419,Yield,234,"Other nuts (excluding wild edible nuts and groundnuts), in shell, n.e.c.",2016,2016,100 g/ha,44723,E,Estimated value,
QCL,Crops and livestock products,143,Morocco,5510,Production,234,"Other nuts (excluding wild edible nuts and groundnuts), in shell, n.e.c.",2016,2016,t,536.67,I,Imputed value,
QCL,Crops and livestock products,143,Morocco,5312,Area harvested,234,"Other nuts (excluding wild edible nuts and groundnuts), in shell, n.e.c.",2017,2017,ha,120,E,Estimated value,
QCL,Crops and livestock products,143,Morocco,5419,Yield,234,"Other nuts (excluding wild edible nuts and groundnuts), in shell, n.e.c.",2017,2017,100 g/ha,45495,E,Estimated value,
QCL,Crops and livestock products,143,Morocco,5510,Production,234,"Other nuts (excluding wild edible nuts and groundnuts), in shell, n.e.c.",2017,2017,t,545.94,I,Imputed value,
QCL,Crops and livestock products,143,Morocco,5312,Area harvested,234,"Other nuts (excluding wild edible nuts and groundnuts), in shell, n.e.c.",2018,2018,ha,120,E,Estimated value,
QCL,Crops and livestock products,143,Morocco,5419,Yield,234,"Other nuts (excluding wild edible nuts and groundnuts), in shell, n.e.c.",2018,2018,100 g/ha,44411,E,Estimated value,
QCL,Crops and livestock products,143,Morocco,5510,Production,234,"Other nuts (excluding wild edible nuts and groundnuts), in shell, n.e.c.",2018,2018,t,532.93,I,Imputed value,
QCL,Crops and livestock products,143,Morocco,5312,Area harvested,234,"Other nuts (excluding wild edible nuts and groundnuts), in shell, n.e.c.",2019,2019,ha,130,E,Estimated value,
QCL,Crops and livestock products,143,Morocco,5419,Yield,234,"Other nuts (excluding wild edible nuts and groundnuts), in shell, n.e.c.",2019,2019,100 g/ha,44531,E,Estimated value,
QCL,Crops and livestock products,143,Morocco,5510,Production,234,"Other nuts (excluding wild edible nuts and groundnuts), in shell, n.e.c.",2019,2019,t,578.9,I,Imputed value,
QCL,Crops and livestock products,143,Morocco,5312,Area harvested,234,"Other nuts (excluding wild edible nuts and groundnuts), in shell, n.e.c.",2020,2020,ha,130,E,Estimated value,
QCL,Crops and livestock products,143,Morocco,5419,Yield,234,"Other nuts (excluding wild edible nuts and groundnuts), in shell, n.e.c.",2020,2020,100 g/ha,44820,E,Estimated value,
QCL,Crops and livestock products,143,Morocco,5510,Production,234,"Other nuts (excluding wild edible nuts and groundnuts), in shell, n.e.c.",2020,2020,t,582.66,I,Imputed value,
QCL,Crops and livestock products,143,Morocco,5312,Area harvested,234,"Other nuts (excluding wild edible nuts and groundnuts), in shell, n.e.c.",2021,2021,ha,130,E,Estimated value,
QCL,Crops and livestock products,143,Morocco,5419,Yield,234,"Other nuts (excluding wild edible nuts and groundnuts), in shell, n.e.c.",2021,2021,100 g/ha,44851,E,Estimated value,
QCL,Crops and livestock products,143,Morocco,5510,Production,234,"Other nuts (excluding wild edible nuts and groundnuts), in shell, n.e.c.",2021,2021,t,583.06,I,Imputed value,
QCL,Crops and livestock products,143,Morocco,5312,Area harvested,234,"Other nuts (excluding wild edible nuts and groundnuts), in shell, n.e.c.",2022,2022,ha,132,I,Imputed value,
QCL,Crops and livestock products,143,Morocco,5419,Yield,234,"Other nuts (excluding wild edible nuts and groundnuts), in shell, n.e.c.",2022,2022,100 g/ha,44882,E,Estimated value,
QCL,Crops and livestock products,143,Morocco,5510,Production,234,"Other nuts (excluding wild edible nuts and groundnuts), in shell, n.e.c.",2022,2022,t,592.13,I,Imputed value,
QCL,Crops and livestock products,143,Morocco,5312,Area harvested,339,"Other oil seeds, n.e.c.",1961,1961,ha,140,E,Estimated value,
QCL,Crops and livestock products,143,Morocco,5419,Yield,339,"Other oil seeds, n.e.c.",1961,1961,100 g/ha,12143,E,Estimated value,
QCL,Crops and livestock products,143,Morocco,5510,Production,339,"Other oil seeds, n.e.c.",1961,1961,t,170,E,Estimated value,
QCL,Crops and livestock products,143,Morocco,5312,Area harvested,339,"Other oil seeds, n.e.c.",1962,1962,ha,125,E,Estimated value,
QCL,Crops and livestock products,143,Morocco,5419,Yield,339,"Other oil seeds, n.e.c.",1962,1962,100 g/ha,12000,E,Estimated value,
QCL,Crops and livestock products,143,Morocco,5510,Production,339,"Other oil seeds, n.e.c.",1962,1962,t,150,E,Estimated value,
QCL,Crops and livestock products,143,Morocco,5312,Area harvested,339,"Other oil seeds, n.e.c.",1963,1963,ha,83,E,Estimated value,
QCL,Crops and livestock products,143,Morocco,5419,Yield,339,"Other oil seeds, n.e.c.",1963,1963,100 g/ha,12048,E,Estimated value,
QCL,Crops and livestock products,143,Morocco,5510,Production,339,"Other oil seeds, n.e.c.",1963,1963,t,100,E,Estimated value,
QCL,Crops and livestock products,143,Morocco,5312,Area harvested,339,"Other oil seeds, n.e.c.",1964,1964,ha,58,E,Estimated value,
QCL,Crops and livestock products,143,Morocco,5419,Yield,339,"Other oil seeds, n.e.c.",1964,1964,100 g/ha,12069,E,Estimated value,
QCL,Crops and livestock products,143,Morocco,5510,Production,339,"Other oil seeds, n.e.c.",1964,1964,t,70,E,Estimated value,
QCL,Crops and livestock products,143,Morocco,5312,Area harvested,339,"Other oil seeds, n.e.c.",1965,1965,ha,83,E,Estimated value,
QCL,Crops and livestock products,143,Morocco,5419,Yield,339,"Other oil seeds, n.e.c.",1965,1965,100 g/ha,12048,E,Estimated value,
QCL,Crops and livestock products,143,Morocco,5510,Production,339,"Other oil seeds, n.e.c.",1965,1965,t,100,E,Estimated value,
QCL,Crops and livestock products,143,Morocco,5312,Area harvested,339,"Other oil seeds, n.e.c.",1966,1966,ha,66,E,Estimated value,
QCL,Crops and livestock products,143,Morocco,5419,Yield,339,"Other oil seeds, n.e.c.",1966,1966,100 g/ha,12121,E,Estimated value,
QCL,Crops and livestock products,143,Morocco,5510,Production,339,"Other oil seeds, n.e.c.",1966,1966,t,80,E,Estimated value,
QCL,Crops and livestock products,143,Morocco,5312,Area harvested,339,"Other oil seeds, n.e.c.",1967,1967,ha,66,E,Estimated value,
QCL,Crops and livestock products,143,Morocco,5419,Yield,339,"Other oil seeds, n.e.c.",1967,1967,100 g/ha,12121,E,Estimated value,
QCL,Crops and livestock products,143,Morocco,5510,Production,339,"Other oil seeds, n.e.c.",1967,1967,t,80,E,Estimated value,
QCL,Crops and livestock products,143,Morocco,5312,Area harvested,339,"Other oil seeds, n.e.c.",1968,1968,ha,50,E,Estimated value,
QCL,Crops and livestock products,143,Morocco,5419,Yield,339,"Other oil seeds, n.e.c.",1968,1968,100 g/ha,12000,E,Estimated value,
QCL,Crops and livestock products,143,Morocco,5510,Production,339,"Other oil seeds, n.e.c.",1968,1968,t,60,E,Estimated value,
QCL,Crops and livestock products,143,Morocco,5312,Area harvested,339,"Other oil seeds, n.e.c.",1969,1969,ha,50,E,Estimated value,
QCL,Crops and livestock products,143,Morocco,5419,Yield,339,"Other oil seeds, n.e.c.",1969,1969,100 g/ha,12000,E,Estimated value,
QCL,Crops and livestock products,143,Morocco,5510,Production,339,"Other oil seeds, n.e.c.",1969,1969,t,60,E,Estimated value,
QCL,Crops and livestock products,143,Morocco,5312,Area harvested,339,"Other oil seeds, n.e.c.",1970,1970,ha,83,E,Estimated value,
QCL,Crops and livestock products,143,Morocco,5419,Yield,339,"Other oil seeds, n.e.c.",1970,1970,100 g/ha,12048,E,Estimated value,
QCL,Crops and livestock products,143,Morocco,5510,Production,339,"Other oil seeds, n.e.c.",1970,1970,t,100,E,Estimated value,
QCL,Crops and livestock products,143,Morocco,5312,Area harvested,339,"Other oil seeds, n.e.c.",1971,1971,ha,83,E,Estimated value,
QCL,Crops and livestock products,143,Morocco,5419,Yield,339,"Other oil seeds, n.e.c.",1971,1971,100 g/ha,12048,E,Estimated value,
QCL,Crops and livestock products,143,Morocco,5510,Production,339,"Other oil seeds, n.e.c.",1971,1971,t,100,E,Estimated value,
QCL,Crops and livestock products,143,Morocco,5312,Area harvested,339,"Other oil seeds, n.e.c.",1972,1972,ha,83,E,Estimated value,
QCL,Crops and livestock products,143,Morocco,5419,Yield,339,"Other oil seeds, n.e.c.",1972,1972,100 g/ha,12048,E,Estimated value,
QCL,Crops and livestock products,143,Morocco,5510,Production,339,"Other oil seeds, n.e.c.",1972,1972,t,100,E,Estimated value,
QCL,Crops and livestock products,143,Morocco,5312,Area harvested,339,"Other oil seeds, n.e.c.",1973,1973,ha,83,E,Estimated value,
QCL,Crops and livestock products,143,Morocco,5419,Yield,339,"Other oil seeds, n.e.c.",1973,1973,100 g/ha,12048,E,Estimated value,
QCL,Crops and livestock products,143,Morocco,5510,Production,339,"Other oil seeds, n.e.c.",1973,1973,t,100,E,Estimated value,
QCL,Crops and livestock products,143,Morocco,5312,Area harvested,339,"Other oil seeds, n.e.c.",1974,1974,ha,42,E,Estimated value,
QCL,Crops and livestock products,143,Morocco,5419,Yield,339,"Other oil seeds, n.e.c.",1974,1974,100 g/ha,11905,E,Estimated value,
QCL,Crops and livestock products,143,Morocco,5510,Production,339,"Other oil seeds, n.e.c.",1974,1974,t,50,E,Estimated value,
QCL,Crops and livestock products,143,Morocco,5312,Area harvested,339,"Other oil seeds, n.e.c.",1975,1975,ha,25,E,Estimated value,
QCL,Crops and livestock products,143,Morocco,5419,Yield,339,"Other oil seeds, n.e.c.",1975,1975,100 g/ha,12000,E,Estimated value,
QCL,Crops and livestock products,143,Morocco,5510,Production,339,"Other oil seeds, n.e.c.",1975,1975,t,30,E,Estimated value,
QCL,Crops and livestock products,143,Morocco,5312,Area harvested,339,"Other oil seeds, n.e.c.",1976,1976,ha,25,E,Estimated value,
QCL,Crops and livestock products,143,Morocco,5419,Yield,339,"Other oil seeds, n.e.c.",1976,1976,100 g/ha,12000,E,Estimated value,
QCL,Crops and livestock products,143,Morocco,5510,Production,339,"Other oil seeds, n.e.c.",1976,1976,t,30,E,Estimated value,
QCL,Crops and livestock products,143,Morocco,5312,Area harvested,339,"Other oil seeds, n.e.c.",1977,1977,ha,25,E,Estimated value,
QCL,Crops and livestock products,143,Morocco,5419,Yield,339,"Other oil seeds, n.e.c.",1977,1977,100 g/ha,12000,E,Estimated value,
QCL,Crops and livestock products,143,Morocco,5510,Production,339,"Other oil seeds, n.e.c.",1977,1977,t,30,E,Estimated value,
QCL,Crops and livestock products,143,Morocco,5312,Area harvested,339,"Other oil seeds, n.e.c.",1978,1978,ha,25,E,Estimated value,
QCL,Crops and livestock products,143,Morocco,5419,Yield,339,"Other oil seeds, n.e.c.",1978,1978,100 g/ha,12000,E,Estimated value,
QCL,Crops and livestock products,143,Morocco,5510,Production,339,"Other oil seeds, n.e.c.",1978,1978,t,30,E,Estimated value,
QCL,Crops and livestock products,143,Morocco,5312,Area harvested,339,"Other oil seeds, n.e.c.",1979,1979,ha,25,E,Estimated value,
QCL,Crops and livestock products,143,Morocco,5419,Yield,339,"Other oil seeds, n.e.c.",1979,1979,100 g/ha,12000,E,Estimated value,
QCL,Crops and livestock products,143,Morocco,5510,Production,339,"Other oil seeds, n.e.c.",1979,1979,t,30,E,Estimated value,
QCL,Crops and livestock products,143,Morocco,5312,Area harvested,339,"Other oil seeds, n.e.c.",1980,1980,ha,25,E,Estimated value,
QCL,Crops and livestock products,143,Morocco,5419,Yield,339,"Other oil seeds, n.e.c.",1980,1980,100 g/ha,12000,E,Estimated value,
QCL,Crops and livestock products,143,Morocco,5510,Production,339,"Other oil seeds, n.e.c.",1980,1980,t,30,E,Estimated value,
QCL,Crops and livestock products,143,Morocco,5312,Area harvested,339,"Other oil seeds, n.e.c.",1981,1981,ha,25,E,Estimated value,
QCL,Crops and livestock products,143,Morocco,5419,Yield,339,"Other oil seeds, n.e.c.",1981,1981,100 g/ha,12000,E,Estimated value,
QCL,Crops and livestock products,143,Morocco,5510,Production,339,"Other oil seeds, n.e.c.",1981,1981,t,30,E,Estimated value,
QCL,Crops and livestock products,143,Morocco,5312,Area harvested,339,"Other oil seeds, n.e.c.",1982,1982,ha,25,E,Estimated value,
QCL,Crops and livestock products,143,Morocco,5419,Yield,339,"Other oil seeds, n.e.c.",1982,1982,100 g/ha,12000,E,Estimated value,
QCL,Crops and livestock products,143,Morocco,5510,Production,339,"Other oil seeds, n.e.c.",1982,1982,t,30,E,Estimated value,
QCL,Crops and livestock products,143,Morocco,5312,Area harvested,339,"Other oil seeds, n.e.c.",1983,1983,ha,33,E,Estimated value,
QCL,Crops and livestock products,143,Morocco,5419,Yield,339,"Other oil seeds, n.e.c.",1983,1983,100 g/ha,12121,E,Estimated value,
QCL,Crops and livestock products,143,Morocco,5510,Production,339,"Other oil seeds, n.e.c.",1983,1983,t,40,E,Estimated value,
QCL,Crops and livestock products,143,Morocco,5312,Area harvested,339,"Other oil seeds, n.e.c.",1984,1984,ha,33,E,Estimated value,
QCL,Crops and livestock products,143,Morocco,5419,Yield,339,"Other oil seeds, n.e.c.",1984,1984,100 g/ha,12121,E,Estimated value,
QCL,Crops and livestock products,143,Morocco,5510,Production,339,"Other oil seeds, n.e.c.",1984,1984,t,40,E,Estimated value,
QCL,Crops and livestock products,143,Morocco,5312,Area harvested,339,"Other oil seeds, n.e.c.",1985,1985,ha,50,E,Estimated value,
QCL,Crops and livestock products,143,Morocco,5419,Yield,339,"Other oil seeds, n.e.c.",1985,1985,100 g/ha,12000,E,Estimated value,
QCL,Crops and livestock products,143,Morocco,5510,Production,339,"Other oil seeds, n.e.c.",1985,1985,t,60,E,Estimated value,
QCL,Crops and livestock products,143,Morocco,5312,Area harvested,339,"Other oil seeds, n.e.c.",1986,1986,ha,50,E,Estimated value,
QCL,Crops and livestock products,143,Morocco,5419,Yield,339,"Other oil seeds, n.e.c.",1986,1986,100 g/ha,12000,E,Estimated value,
QCL,Crops and livestock products,143,Morocco,5510,Production,339,"Other oil seeds, n.e.c.",1986,1986,t,60,E,Estimated value,
QCL,Crops and livestock products,143,Morocco,5312,Area harvested,339,"Other oil seeds, n.e.c.",1987,1987,ha,66,E,Estimated value,
QCL,Crops and livestock products,143,Morocco,5419,Yield,339,"Other oil seeds, n.e.c.",1987,1987,100 g/ha,12121,E,Estimated value,
QCL,Crops and livestock products,143,Morocco,5510,Production,339,"Other oil seeds, n.e.c.",1987,1987,t,80,E,Estimated value,
QCL,Crops and livestock products,143,Morocco,5312,Area harvested,339,"Other oil seeds, n.e.c.",1988,1988,ha,110,E,Estimated value,
QCL,Crops and livestock products,143,Morocco,5419,Yield,339,"Other oil seeds, n.e.c.",1988,1988,100 g/ha,11818,E,Estimated value,
QCL,Crops and livestock products,143,Morocco,5510,Production,339,"Other oil seeds, n.e.c.",1988,1988,t,130,E,Estimated value,
QCL,Crops and livestock products,143,Morocco,5312,Area harvested,339,"Other oil seeds, n.e.c.",1989,1989,ha,115,E,Estimated value,
QCL,Crops and livestock products,143,Morocco,5419,Yield,339,"Other oil seeds, n.e.c.",1989,1989,100 g/ha,12174,E,Estimated value,
QCL,Crops and livestock products,143,Morocco,5510,Production,339,"Other oil seeds, n.e.c.",1989,1989,t,140,E,Estimated value,
QCL,Crops and livestock products,143,Morocco,5312,Area harvested,339,"Other oil seeds, n.e.c.",1990,1990,ha,125,E,Estimated value,
QCL,Crops and livestock products,143,Morocco,5419,Yield,339,"Other oil seeds, n.e.c.",1990,1990,100 g/ha,12000,E,Estimated value,
QCL,Crops and livestock products,143,Morocco,5510,Production,339,"Other oil seeds, n.e.c.",1990,1990,t,150,E,Estimated value,
QCL,Crops and livestock products,143,Morocco,5312,Area harvested,339,"Other oil seeds, n.e.c.",1991,1991,ha,120,I,Imputed value,
QCL,Crops and livestock products,143,Morocco,5419,Yield,339,"Other oil seeds, n.e.c.",1991,1991,100 g/ha,12099,E,Estimated value,
QCL,Crops and livestock products,143,Morocco,5510,Production,339,"Other oil seeds, n.e.c.",1991,1991,t,145.59,I,Imputed value,
QCL,Crops and livestock products,143,Morocco,5312,Area harvested,339,"Other oil seeds, n.e.c.",1992,1992,ha,121,I,Imputed value,
QCL,Crops and livestock products,143,Morocco,5419,Yield,339,"Other oil seeds, n.e.c.",1992,1992,100 g/ha,12159,E,Estimated value,
QCL,Crops and livestock products,143,Morocco,5510,Production,339,"Other oil seeds, n.e.c.",1992,1992,t,146.87,I,Imputed value,
QCL,Crops and livestock products,143,Morocco,5312,Area harvested,339,"Other oil seeds, n.e.c.",1993,1993,ha,121,I,Imputed value,
QCL,Crops and livestock products,143,Morocco,5419,Yield,339,"Other oil seeds, n.e.c.",1993,1993,100 g/ha,12221,E,Estimated value,
QCL,Crops and livestock products,143,Morocco,5510,Production,339,"Other oil seeds, n.e.c.",1993,1993,t,148.17,I,Imputed value,
QCL,Crops and livestock products,143,Morocco,5312,Area harvested,339,"Other oil seeds, n.e.c.",1994,1994,ha,122,I,Imputed value,
QCL,Crops and livestock products,143,Morocco,5419,Yield,339,"Other oil seeds, n.e.c.",1994,1994,100 g/ha,12286,E,Estimated value,
QCL,Crops and livestock products,143,Morocco,5510,Production,339,"Other oil seeds, n.e.c.",1994,1994,t,149.46,I,Imputed value,
QCL,Crops and livestock products,143,Morocco,5312,Area harvested,339,"Other oil seeds, n.e.c.",1995,1995,ha,122,I,Imputed value,
QCL,Crops and livestock products,143,Morocco,5419,Yield,339,"Other oil seeds, n.e.c.",1995,1995,100 g/ha,12354,E,Estimated value,
QCL,Crops and livestock products,143,Morocco,5510,Production,339,"Other oil seeds, n.e.c.",1995,1995,t,150.74,I,Imputed value,
QCL,Crops and livestock products,143,Morocco,5312,Area harvested,339,"Other oil seeds, n.e.c.",1996,1996,ha,122,I,Imputed value,
QCL,Crops and livestock products,143,Morocco,5419,Yield,339,"Other oil seeds, n.e.c.",1996,1996,100 g/ha,12426,E,Estimated value,
QCL,Crops and livestock products,143,Morocco,5510,Production,339,"Other oil seeds, n.e.c.",1996,1996,t,151.8,I,Imputed value,
QCL,Crops and livestock products,143,Morocco,5312,Area harvested,339,"Other oil seeds, n.e.c.",1997,1997,ha,120,I,Imputed value,
QCL,Crops and livestock products,143,Morocco,5419,Yield,339,"Other oil seeds, n.e.c.",1997,1997,100 g/ha,12502,E,Estimated value,
QCL,Crops and livestock products,143,Morocco,5510,Production,339,"Other oil seeds, n.e.c.",1997,1997,t,150,E,Estimated value,
QCL,Crops and livestock products,143,Morocco,5312,Area harvested,339,"Other oil seeds, n.e.c.",1998,1998,ha,119,I,Imputed value,
QCL,Crops and livestock products,143,Morocco,5419,Yield,339,"Other oil seeds, n.e.c.",1998,1998,100 g/ha,12585,E,Estimated value,
QCL,Crops and livestock products,143,Morocco,5510,Production,339,"Other oil seeds, n.e.c.",1998,1998,t,150,E,Estimated value,
QCL,Crops and livestock products,143,Morocco,5312,Area harvested,339,"Other oil seeds, n.e.c.",1999,1999,ha,139,I,Imputed value,
QCL,Crops and livestock products,143,Morocco,5419,Yield,339,"Other oil seeds, n.e.c.",1999,1999,100 g/ha,12674,E,Estimated value,
QCL,Crops and livestock products,143,Morocco,5510,Production,339,"Other oil seeds, n.e.c.",1999,1999,t,176.13,I,Imputed value,
QCL,Crops and livestock products,143,Morocco,5312,Area harvested,339,"Other oil seeds, n.e.c.",2000,2000,ha,167,E,Estimated value,
QCL,Crops and livestock products,143,Morocco,5419,Yield,339,"Other oil seeds, n.e.c.",2000,2000,100 g/ha,11976,E,Estimated value,
QCL,Crops and livestock products,143,Morocco,5510,Production,339,"Other oil seeds, n.e.c.",2000,2000,t,200,E,Estimated value,
QCL,Crops and livestock products,143,Morocco,5312,Area harvested,339,"Other oil seeds, n.e.c.",2001,2001,ha,162,I,Imputed value,
QCL,Crops and livestock products,143,Morocco,5419,Yield,339,"Other oil seeds, n.e.c.",2001,2001,100 g/ha,12994,E,Estimated value,
QCL,Crops and livestock products,143,Morocco,5510,Production,339,"Other oil seeds, n.e.c.",2001,2001,t,210.86,I,Imputed value,
QCL,Crops and livestock products,143,Morocco,5312,Area harvested,339,"Other oil seeds, n.e.c.",2002,2002,ha,168,I,Imputed value,
QCL,Crops and livestock products,143,Morocco,5419,Yield,339,"Other oil seeds, n.e.c.",2002,2002,100 g/ha,13225,E,Estimated value,
QCL,Crops and livestock products,143,Morocco,5510,Production,339,"Other oil seeds, n.e.c.",2002,2002,t,221.72,I,Imputed value,
QCL,Crops and livestock products,143,Morocco,5312,Area harvested,339,"Other oil seeds, n.e.c.",2003,2003,ha,173,I,Imputed value,
QCL,Crops and livestock products,143,Morocco,5419,Yield,339,"Other oil seeds, n.e.c.",2003,2003,100 g/ha,13462,E,Estimated value,
QCL,Crops and livestock products,143,Morocco,5510,Production,339,"Other oil seeds, n.e.c.",2003,2003,t,232.28,I,Imputed value,
QCL,Crops and livestock products,143,Morocco,5312,Area harvested,339,"Other oil seeds, n.e.c.",2004,2004,ha,177,I,Imputed value,
QCL,Crops and livestock products,143,Morocco,5419,Yield,339,"Other oil seeds, n.e.c.",2004,2004,100 g/ha,13706,E,Estimated value,
QCL,Crops and livestock products,143,Morocco,5510,Production,339,"Other oil seeds, n.e.c.",2004,2004,t,242.78,I,Imputed value,
QCL,Crops and livestock products,143,Morocco,5312,Area harvested,339,"Other oil seeds, n.e.c.",2005,2005,ha,181,I,Imputed value,
QCL,Crops and livestock products,143,Morocco,5419,Yield,339,"Other oil seeds, n.e.c.",2005,2005,100 g/ha,13957,E,Estimated value,
QCL,Crops and livestock products,143,Morocco,5510,Production,339,"Other oil seeds, n.e.c.",2005,2005,t,252.5,I,Imputed value,
QCL,Crops and livestock products,143,Morocco,5312,Area harvested,339,"Other oil seeds, n.e.c.",2006,2006,ha,185,I,Imputed value,
QCL,Crops and livestock products,143,Morocco,5419,Yield,339,"Other oil seeds, n.e.c.",2006,2006,100 g/ha,14210,E,Estimated value,
QCL,Crops and livestock products,143,Morocco,5510,Production,339,"Other oil seeds, n.e.c.",2006,2006,t,262.8,I,Imputed value,
QCL,Crops and livestock products,143,Morocco,5312,Area harvested,339,"Other oil seeds, n.e.c.",2007,2007,ha,188,I,Imputed value,
QCL,Crops and livestock products,143,Morocco,5419,Yield,339,"Other oil seeds, n.e.c.",2007,2007,100 g/ha,14464,E,Estimated value,
QCL,Crops and livestock products,143,Morocco,5510,Production,339,"Other oil seeds, n.e.c.",2007,2007,t,272.52,I,Imputed value,
QCL,Crops and livestock products,143,Morocco,5312,Area harvested,339,"Other oil seeds, n.e.c.",2008,2008,ha,193,I,Imputed value,
QCL,Crops and livestock products,143,Morocco,5419,Yield,339,"Other oil seeds, n.e.c.",2008,2008,100 g/ha,14718,E,Estimated value,
QCL,Crops and livestock products,143,Morocco,5510,Production,339,"Other oil seeds, n.e.c.",2008,2008,t,283.81,I,Imputed value,
QCL,Crops and livestock products,143,Morocco,5312,Area harvested,339,"Other oil seeds, n.e.c.",2009,2009,ha,197,I,Imputed value,
QCL,Crops and livestock products,143,Morocco,5419,Yield,339,"Other oil seeds, n.e.c.",2009,2009,100 g/ha,14970,E,Estimated value,
QCL,Crops and livestock products,143,Morocco,5510,Production,339,"Other oil seeds, n.e.c.",2009,2009,t,295.39,I,Imputed value,
QCL,Crops and livestock products,143,Morocco,5312,Area harvested,339,"Other oil seeds, n.e.c.",2010,2010,ha,202,I,Imputed value,
QCL,Crops and livestock products,143,Morocco,5419,Yield,339,"Other oil seeds, n.e.c.",2010,2010,100 g/ha,15220,E,Estimated value,
QCL,Crops and livestock products,143,Morocco,5510,Production,339,"Other oil seeds, n.e.c.",2010,2010,t,307.59,I,Imputed value,
QCL,Crops and livestock products,143,Morocco,5312,Area harvested,339,"Other oil seeds, n.e.c.",2011,2011,ha,200,E,Estimated value,
QCL,Crops and livestock products,143,Morocco,5419,Yield,339,"Other oil seeds, n.e.c.",2011,2011,100 g/ha,16000,E,Estimated value,
QCL,Crops and livestock products,143,Morocco,5510,Production,339,"Other oil seeds, n.e.c.",2011,2011,t,320,E,Estimated value,
QCL,Crops and livestock products,143,Morocco,5312,Area harvested,339,"Other oil seeds, n.e.c.",2012,2012,ha,225,E,Estimated value,
QCL,Crops and livestock products,143,Morocco,5419,Yield,339,"Other oil seeds, n.e.c.",2012,2012,100 g/ha,16222,E,Estimated value,
QCL,Crops and livestock products,143,Morocco,5510,Production,339,"Other oil seeds, n.e.c.",2012,2012,t,365,E,Estimated value,
QCL,Crops and livestock products,143,Morocco,5312,Area harvested,339,"Other oil seeds, n.e.c.",2013,2013,ha,230,E,Estimated value,
QCL,Crops and livestock products,143,Morocco,5419,Yield,339,"Other oil seeds, n.e.c.",2013,2013,100 g/ha,16087,E,Estimated value,
QCL,Crops and livestock products,143,Morocco,5510,Production,339,"Other oil seeds, n.e.c.",2013,2013,t,370,E,Estimated value,
QCL,Crops and livestock products,143,Morocco,5312,Area harvested,339,"Other oil seeds, n.e.c.",2014,2014,ha,236,I,Imputed value,
QCL,Crops and livestock products,143,Morocco,5419,Yield,339,"Other oil seeds, n.e.c.",2014,2014,100 g/ha,16160,E,Estimated value,
QCL,Crops and livestock products,143,Morocco,5510,Production,339,"Other oil seeds, n.e.c.",2014,2014,t,382.08,I,Imputed value,
QCL,Crops and livestock products,143,Morocco,5312,Area harvested,339,"Other oil seeds, n.e.c.",2015,2015,ha,236,I,Imputed value,
QCL,Crops and livestock products,143,Morocco,5419,Yield,339,"Other oil seeds, n.e.c.",2015,2015,100 g/ha,16323,E,Estimated value,
QCL,Crops and livestock products,143,Morocco,5510,Production,339,"Other oil seeds, n.e.c.",2015,2015,t,385.6,I,Imputed value,
QCL,Crops and livestock products,143,Morocco,5312,Area harvested,339,"Other oil seeds, n.e.c.",2016,2016,ha,237,I,Imputed value,
QCL,Crops and livestock products,143,Morocco,5419,Yield,339,"Other oil seeds, n.e.c.",2016,2016,100 g/ha,16509,E,Estimated value,
QCL,Crops and livestock products,143,Morocco,5510,Production,339,"Other oil seeds, n.e.c.",2016,2016,t,391.46,I,Imputed value,
QCL,Crops and livestock products,143,Morocco,5312,Area harvested,339,"Other oil seeds, n.e.c.",2017,2017,ha,239,I,Imputed value,
QCL,Crops and livestock products,143,Morocco,5419,Yield,339,"Other oil seeds, n.e.c.",2017,2017,100 g/ha,16682,E,Estimated value,
QCL,Crops and livestock products,143,Morocco,5510,Production,339,"Other oil seeds, n.e.c.",2017,2017,t,399.3,I,Imputed value,
QCL,Crops and livestock products,143,Morocco,5312,Area harvested,339,"Other oil seeds, n.e.c.",2018,2018,ha,243,I,Imputed value,
QCL,Crops and livestock products,143,Morocco,5419,Yield,339,"Other oil seeds, n.e.c.",2018,2018,100 g/ha,16830,E,Estimated value,
QCL,Crops and livestock products,143,Morocco,5510,Production,339,"Other oil seeds, n.e.c.",2018,2018,t,408.14,I,Imputed value,
QCL,Crops and livestock products,143,Morocco,5312,Area harvested,339,"Other oil seeds, n.e.c.",2019,2019,ha,240,E,Estimated value,
QCL,Crops and livestock products,143,Morocco,5419,Yield,339,"Other oil seeds, n.e.c.",2019,2019,100 g/ha,16675,E,Estimated value,
QCL,Crops and livestock products,143,Morocco,5510,Production,339,"Other oil seeds, n.e.c.",2019,2019,t,399.63,E,Estimated value,
QCL,Crops and livestock products,143,Morocco,5312,Area harvested,339,"Other oil seeds, n.e.c.",2020,2020,ha,241,E,Estimated value,
QCL,Crops and livestock products,143,Morocco,5419,Yield,339,"Other oil seeds, n.e.c.",2020,2020,100 g/ha,16729,E,Estimated value,
QCL,Crops and livestock products,143,Morocco,5510,Production,339,"Other oil seeds, n.e.c.",2020,2020,t,402.36,E,Estimated value,
QCL,Crops and livestock products,143,Morocco,5312,Area harvested,339,"Other oil seeds, n.e.c.",2021,2021,ha,241,E,Estimated value,
QCL,Crops and livestock products,143,Morocco,5419,Yield,339,"Other oil seeds, n.e.c.",2021,2021,100 g/ha,16745,E,Estimated value,
QCL,Crops and livestock products,143,Morocco,5510,Production,339,"Other oil seeds, n.e.c.",2021,2021,t,403.38,E,Estimated value,
QCL,Crops and livestock products,143,Morocco,5312,Area harvested,339,"Other oil seeds, n.e.c.",2022,2022,ha,240,E,Estimated value,
QCL,Crops and livestock products,143,Morocco,5419,Yield,339,"Other oil seeds, n.e.c.",2022,2022,100 g/ha,16716,E,Estimated value,
QCL,Crops and livestock products,143,Morocco,5510,Production,339,"Other oil seeds, n.e.c.",2022,2022,t,401.79,E,Estimated value,
QCL,Crops and livestock products,143,Morocco,5312,Area harvested,211,Other pulses n.e.c.,1961,1961,ha,7000,A,Official figure,
QCL,Crops and livestock products,143,Morocco,5419,Yield,211,Other pulses n.e.c.,1961,1961,100 g/ha,4286,A,Official figure,
QCL,Crops and livestock products,143,Morocco,5510,Production,211,Other pulses n.e.c.,1961,1961,t,3000,A,Official figure,
QCL,Crops and livestock products,143,Morocco,5312,Area harvested,211,Other pulses n.e.c.,1962,1962,ha,8000,A,Official figure,
QCL,Crops and livestock products,143,Morocco,5419,Yield,211,Other pulses n.e.c.,1962,1962,100 g/ha,8750,A,Official figure,
QCL,Crops and livestock products,143,Morocco,5510,Production,211,Other pulses n.e.c.,1962,1962,t,7000,A,Official figure,
QCL,Crops and livestock products,143,Morocco,5312,Area harvested,211,Other pulses n.e.c.,1963,1963,ha,6000,A,Official figure,
QCL,Crops and livestock products,143,Morocco,5419,Yield,211,Other pulses n.e.c.,1963,1963,100 g/ha,8333,A,Official figure,
QCL,Crops and livestock products,143,Morocco,5510,Production,211,Other pulses n.e.c.,1963,1963,t,5000,A,Official figure,
QCL,Crops and livestock products,143,Morocco,5312,Area harvested,211,Other pulses n.e.c.,1964,1964,ha,10000,A,Official figure,
QCL,Crops and livestock products,143,Morocco,5419,Yield,211,Other pulses n.e.c.,1964,1964,100 g/ha,7000,A,Official figure,
QCL,Crops and livestock products,143,Morocco,5510,Production,211,Other pulses n.e.c.,1964,1964,t,7000,A,Official figure,
QCL,Crops and livestock products,143,Morocco,5312,Area harvested,211,Other pulses n.e.c.,1965,1965,ha,17000,A,Official figure,
QCL,Crops and livestock products,143,Morocco,5419,Yield,211,Other pulses n.e.c.,1965,1965,100 g/ha,5882,A,Official figure,
QCL,Crops and livestock products,143,Morocco,5510,Production,211,Other pulses n.e.c.,1965,1965,t,10000,A,Official figure,
QCL,Crops and livestock products,143,Morocco,5312,Area harvested,211,Other pulses n.e.c.,1966,1966,ha,7000,A,Official figure,
QCL,Crops and livestock products,143,Morocco,5419,Yield,211,Other pulses n.e.c.,1966,1966,100 g/ha,4286,A,Official figure,
QCL,Crops and livestock products,143,Morocco,5510,Production,211,Other pulses n.e.c.,1966,1966,t,3000,A,Official figure,
QCL,Crops and livestock products,143,Morocco,5312,Area harvested,211,Other pulses n.e.c.,1967,1967,ha,7800,A,Official figure,
QCL,Crops and livestock products,143,Morocco,5419,Yield,211,Other pulses n.e.c.,1967,1967,100 g/ha,5385,A,Official figure,
QCL,Crops and livestock products,143,Morocco,5510,Production,211,Other pulses n.e.c.,1967,1967,t,4200,A,Official figure,
QCL,Crops and livestock products,143,Morocco,5312,Area harvested,211,Other pulses n.e.c.,1968,1968,ha,14200,A,Official figure,
QCL,Crops and livestock products,143,Morocco,5419,Yield,211,Other pulses n.e.c.,1968,1968,100 g/ha,7430,A,Official figure,
QCL,Crops and livestock products,143,Morocco,5510,Production,211,Other pulses n.e.c.,1968,1968,t,10550,A,Official figure,
QCL,Crops and livestock products,143,Morocco,5312,Area harvested,211,Other pulses n.e.c.,1969,1969,ha,12000,A,Official figure,
QCL,Crops and livestock products,143,Morocco,5419,Yield,211,Other pulses n.e.c.,1969,1969,100 g/ha,6167,A,Official figure,
QCL,Crops and livestock products,143,Morocco,5510,Production,211,Other pulses n.e.c.,1969,1969,t,7400,A,Official figure,
QCL,Crops and livestock products,143,Morocco,5312,Area harvested,211,Other pulses n.e.c.,1970,1970,ha,8000,A,Official figure,
QCL,Crops and livestock products,143,Morocco,5419,Yield,211,Other pulses n.e.c.,1970,1970,100 g/ha,5800,A,Official figure,
QCL,Crops and livestock products,143,Morocco,5510,Production,211,Other pulses n.e.c.,1970,1970,t,4640,A,Official figure,
QCL,Crops and livestock products,143,Morocco,5312,Area harvested,211,Other pulses n.e.c.,1971,1971,ha,8400,A,Official figure,
QCL,Crops and livestock products,143,Morocco,5419,Yield,211,Other pulses n.e.c.,1971,1971,100 g/ha,5417,A,Official figure,
QCL,Crops and livestock products,143,Morocco,5510,Production,211,Other pulses n.e.c.,1971,1971,t,4550,A,Official figure,
QCL,Crops and livestock products,143,Morocco,5312,Area harvested,211,Other pulses n.e.c.,1972,1972,ha,7600,A,Official figure,
QCL,Crops and livestock products,143,Morocco,5419,Yield,211,Other pulses n.e.c.,1972,1972,100 g/ha,6671,A,Official figure,
QCL,Crops and livestock products,143,Morocco,5510,Production,211,Other pulses n.e.c.,1972,1972,t,5070,A,Official figure,
QCL,Crops and livestock products,143,Morocco,5312,Area harvested,211,Other pulses n.e.c.,1973,1973,ha,12100,A,Official figure,
QCL,Crops and livestock products,143,Morocco,5419,Yield,211,Other pulses n.e.c.,1973,1973,100 g/ha,6570,A,Official figure,
QCL,Crops and livestock products,143,Morocco,5510,Production,211,Other pulses n.e.c.,1973,1973,t,7950,A,Official figure,
QCL,Crops and livestock products,143,Morocco,5312,Area harvested,211,Other pulses n.e.c.,1974,1974,ha,10100,A,Official figure,
QCL,Crops and livestock products,143,Morocco,5419,Yield,211,Other pulses n.e.c.,1974,1974,100 g/ha,9545,A,Official figure,
QCL,Crops and livestock products,143,Morocco,5510,Production,211,Other pulses n.e.c.,1974,1974,t,9640,A,Official figure,
QCL,Crops and livestock products,143,Morocco,5312,Area harvested,211,Other pulses n.e.c.,1975,1975,ha,9800,A,Official figure,
QCL,Crops and livestock products,143,Morocco,5419,Yield,211,Other pulses n.e.c.,1975,1975,100 g/ha,5520,A,Official figure,
QCL,Crops and livestock products,143,Morocco,5510,Production,211,Other pulses n.e.c.,1975,1975,t,5410,A,Official figure,
QCL,Crops and livestock products,143,Morocco,5312,Area harvested,211,Other pulses n.e.c.,1976,1976,ha,35000,E,Estimated value,
QCL,Crops and livestock products,143,Morocco,5419,Yield,211,Other pulses n.e.c.,1976,1976,100 g/ha,7143,E,Estimated value,
QCL,Crops and livestock products,143,Morocco,5510,Production,211,Other pulses n.e.c.,1976,1976,t,25000,E,Estimated value,
QCL,Crops and livestock products,143,Morocco,5312,Area harvested,211,Other pulses n.e.c.,1977,1977,ha,47700,A,Official figure,
QCL,Crops and livestock products,143,Morocco,5419,Yield,211,Other pulses n.e.c.,1977,1977,100 g/ha,2101,A,Official figure,
QCL,Crops and livestock products,143,Morocco,5510,Production,211,Other pulses n.e.c.,1977,1977,t,10020,A,Official figure,
QCL,Crops and livestock products,143,Morocco,5312,Area harvested,211,Other pulses n.e.c.,1978,1978,ha,58800,X,Figure from international organizations,Unofficial figure
QCL,Crops and livestock products,143,Morocco,5419,Yield,211,Other pulses n.e.c.,1978,1978,100 g/ha,2211,E,Estimated value,
QCL,Crops and livestock products,143,Morocco,5510,Production,211,Other pulses n.e.c.,1978,1978,t,13000,E,Estimated value,
QCL,Crops and livestock products,143,Morocco,5312,Area harvested,211,Other pulses n.e.c.,1979,1979,ha,55100,X,Figure from international organizations,Unofficial figure
QCL,Crops and livestock products,143,Morocco,5419,Yield,211,Other pulses n.e.c.,1979,1979,100 g/ha,8167,X,Figure from international organizations,
QCL,Crops and livestock products,143,Morocco,5510,Production,211,Other pulses n.e.c.,1979,1979,t,45000,X,Figure from international organizations,Unofficial figure
QCL,Crops and livestock products,143,Morocco,5312,Area harvested,211,Other pulses n.e.c.,1980,1980,ha,54000,A,Official figure,
QCL,Crops and livestock products,143,Morocco,5419,Yield,211,Other pulses n.e.c.,1980,1980,100 g/ha,5806,A,Official figure,
QCL,Crops and livestock products,143,Morocco,5510,Production,211,Other pulses n.e.c.,1980,1980,t,31354,A,Official figure,
QCL,Crops and livestock products,143,Morocco,5312,Area harvested,211,Other pulses n.e.c.,1981,1981,ha,55000,A,Official figure,
QCL,Crops and livestock products,143,Morocco,5419,Yield,211,Other pulses n.e.c.,1981,1981,100 g/ha,6727,A,Official figure,
QCL,Crops and livestock products,143,Morocco,5510,Production,211,Other pulses n.e.c.,1981,1981,t,37000,A,Official figure,
QCL,Crops and livestock products,143,Morocco,5312,Area harvested,211,Other pulses n.e.c.,1982,1982,ha,18000,A,Official figure,
QCL,Crops and livestock products,143,Morocco,5419,Yield,211,Other pulses n.e.c.,1982,1982,100 g/ha,4444,A,Official figure,
QCL,Crops and livestock products,143,Morocco,5510,Production,211,Other pulses n.e.c.,1982,1982,t,8000,A,Official figure,
QCL,Crops and livestock products,143,Morocco,5312,Area harvested,211,Other pulses n.e.c.,1983,1983,ha,29800,A,Official figure,
QCL,Crops and livestock products,143,Morocco,5419,Yield,211,Other pulses n.e.c.,1983,1983,100 g/ha,6896,A,Official figure,
QCL,Crops and livestock products,143,Morocco,5510,Production,211,Other pulses n.e.c.,1983,1983,t,20550,A,Official figure,
QCL,Crops and livestock products,143,Morocco,5312,Area harvested,211,Other pulses n.e.c.,1984,1984,ha,45500,A,Official figure,
QCL,Crops and livestock products,143,Morocco,5419,Yield,211,Other pulses n.e.c.,1984,1984,100 g/ha,7538,A,Official figure,
QCL,Crops and livestock products,143,Morocco,5510,Production,211,Other pulses n.e.c.,1984,1984,t,34300,A,Official figure,
QCL,Crops and livestock products,143,Morocco,5312,Area harvested,211,Other pulses n.e.c.,1985,1985,ha,52500,A,Official figure,
QCL,Crops and livestock products,143,Morocco,5419,Yield,211,Other pulses n.e.c.,1985,1985,100 g/ha,7461,A,Official figure,
QCL,Crops and livestock products,143,Morocco,5510,Production,211,Other pulses n.e.c.,1985,1985,t,39170,A,Official figure,
QCL,Crops and livestock products,143,Morocco,5312,Area harvested,211,Other pulses n.e.c.,1986,1986,ha,68600,A,Official figure,
QCL,Crops and livestock products,143,Morocco,5419,Yield,211,Other pulses n.e.c.,1986,1986,100 g/ha,8224,A,Official figure,
QCL,Crops and livestock products,143,Morocco,5510,Production,211,Other pulses n.e.c.,1986,1986,t,56420,A,Official figure,
QCL,Crops and livestock products,143,Morocco,5312,Area harvested,211,Other pulses n.e.c.,1987,1987,ha,79900,A,Official figure,
QCL,Crops and livestock products,143,Morocco,5419,Yield,211,Other pulses n.e.c.,1987,1987,100 g/ha,6741,A,Official figure,
QCL,Crops and livestock products,143,Morocco,5510,Production,211,Other pulses n.e.c.,1987,1987,t,53860,A,Official figure,
QCL,Crops and livestock products,143,Morocco,5312,Area harvested,211,Other pulses n.e.c.,1988,1988,ha,67300,A,Official figure,
QCL,Crops and livestock products,143,Morocco,5419,Yield,211,Other pulses n.e.c.,1988,1988,100 g/ha,8511,A,Official figure,
QCL,Crops and livestock products,143,Morocco,5510,Production,211,Other pulses n.e.c.,1988,1988,t,57280,A,Official figure,
QCL,Crops and livestock products,143,Morocco,5312,Area harvested,211,Other pulses n.e.c.,1989,1989,ha,82100,A,Official figure,
QCL,Crops and livestock products,143,Morocco,5419,Yield,211,Other pulses n.e.c.,1989,1989,100 g/ha,7571,A,Official figure,
QCL,Crops and livestock products,143,Morocco,5510,Production,211,Other pulses n.e.c.,1989,1989,t,62160,A,Official figure,
QCL,Crops and livestock products,143,Morocco,5312,Area harvested,211,Other pulses n.e.c.,1990,1990,ha,54600,A,Official figure,
QCL,Crops and livestock products,143,Morocco,5419,Yield,211,Other pulses n.e.c.,1990,1990,100 g/ha,6529,A,Official figure,
QCL,Crops and livestock products,143,Morocco,5510,Production,211,Other pulses n.e.c.,1990,1990,t,35650,A,Official figure,
QCL,Crops and livestock products,143,Morocco,5312,Area harvested,211,Other pulses n.e.c.,1991,1991,ha,52600,A,Official figure,
QCL,Crops and livestock products,143,Morocco,5419,Yield,211,Other pulses n.e.c.,1991,1991,100 g/ha,8582,A,Official figure,
QCL,Crops and livestock products,143,Morocco,5510,Production,211,Other pulses n.e.c.,1991,1991,t,45140,A,Official figure,
QCL,Crops and livestock products,143,Morocco,5312,Area harvested,211,Other pulses n.e.c.,1992,1992,ha,49000,A,Official figure,
QCL,Crops and livestock products,143,Morocco,5419,Yield,211,Other pulses n.e.c.,1992,1992,100 g/ha,5278,A,Official figure,
QCL,Crops and livestock products,143,Morocco,5510,Production,211,Other pulses n.e.c.,1992,1992,t,25860,A,Official figure,
QCL,Crops and livestock products,143,Morocco,5312,Area harvested,211,Other pulses n.e.c.,1993,1993,ha,35700,A,Official figure,
QCL,Crops and livestock products,143,Morocco,5419,Yield,211,Other pulses n.e.c.,1993,1993,100 g/ha,6451,A,Official figure,
QCL,Crops and livestock products,143,Morocco,5510,Production,211,Other pulses n.e.c.,1993,1993,t,23030,A,Official figure,
QCL,Crops and livestock products,143,Morocco,5312,Area harvested,211,Other pulses n.e.c.,1994,1994,ha,51100,A,Official figure,
QCL,Crops and livestock products,143,Morocco,5419,Yield,211,Other pulses n.e.c.,1994,1994,100 g/ha,7841,A,Official figure,
QCL,Crops and livestock products,143,Morocco,5510,Production,211,Other pulses n.e.c.,1994,1994,t,40070,A,Official figure,
QCL,Crops and livestock products,143,Morocco,5312,Area harvested,211,Other pulses n.e.c.,1995,1995,ha,43500,A,Official figure,
QCL,Crops and livestock products,143,Morocco,5419,Yield,211,Other pulses n.e.c.,1995,1995,100 g/ha,4701,A,Official figure,
QCL,Crops and livestock products,143,Morocco,5510,Production,211,Other pulses n.e.c.,1995,1995,t,20450,A,Official figure,
QCL,Crops and livestock products,143,Morocco,5312,Area harvested,211,Other pulses n.e.c.,1996,1996,ha,35600,A,Official figure,
QCL,Crops and livestock products,143,Morocco,5419,Yield,211,Other pulses n.e.c.,1996,1996,100 g/ha,6846,A,Official figure,
QCL,Crops and livestock products,143,Morocco,5510,Production,211,Other pulses n.e.c.,1996,1996,t,24370,A,Official figure,
QCL,Crops and livestock products,143,Morocco,5312,Area harvested,211,Other pulses n.e.c.,1997,1997,ha,36000,E,Estimated value,
QCL,Crops and livestock products,143,Morocco,5419,Yield,211,Other pulses n.e.c.,1997,1997,100 g/ha,6944,E,Estimated value,
QCL,Crops and livestock products,143,Morocco,5510,Production,211,Other pulses n.e.c.,1997,1997,t,25000,A,Official figure,
QCL,Crops and livestock products,143,Morocco,5312,Area harvested,211,Other pulses n.e.c.,1998,1998,ha,34300,A,Official figure,
QCL,Crops and livestock products,143,Morocco,5419,Yield,211,Other pulses n.e.c.,1998,1998,100 g/ha,6580,A,Official figure,
QCL,Crops and livestock products,143,Morocco,5510,Production,211,Other pulses n.e.c.,1998,1998,t,22570,A,Official figure,
QCL,Crops and livestock products,143,Morocco,5312,Area harvested,211,Other pulses n.e.c.,1999,1999,ha,33500,A,Official figure,
QCL,Crops and livestock products,143,Morocco,5419,Yield,211,Other pulses n.e.c.,1999,1999,100 g/ha,4875,A,Official figure,
QCL,Crops and livestock products,143,Morocco,5510,Production,211,Other pulses n.e.c.,1999,1999,t,16330,A,Official figure,
QCL,Crops and livestock products,143,Morocco,5312,Area harvested,211,Other pulses n.e.c.,2000,2000,ha,26000,A,Official figure,
QCL,Crops and livestock products,143,Morocco,5419,Yield,211,Other pulses n.e.c.,2000,2000,100 g/ha,8077,A,Official figure,
QCL,Crops and livestock products,143,Morocco,5510,Production,211,Other pulses n.e.c.,2000,2000,t,21000,A,Official figure,
QCL,Crops and livestock products,143,Morocco,5312,Area harvested,211,Other pulses n.e.c.,2001,2001,ha,27600,A,Official figure,
QCL,Crops and livestock products,143,Morocco,5419,Yield,211,Other pulses n.e.c.,2001,2001,100 g/ha,5764,A,Official figure,
QCL,Crops and livestock products,143,Morocco,5510,Production,211,Other pulses n.e.c.,2001,2001,t,15910,A,Official figure,
QCL,Crops and livestock products,143,Morocco,5312,Area harvested,211,Other pulses n.e.c.,2002,2002,ha,35800,A,Official figure,
QCL,Crops and livestock products,143,Morocco,5419,Yield,211,Other pulses n.e.c.,2002,2002,100 g/ha,5760,A,Official figure,
QCL,Crops and livestock products,143,Morocco,5510,Production,211,Other pulses n.e.c.,2002,2002,t,20620,A,Official figure,
QCL,Crops and livestock products,143,Morocco,5312,Area harvested,211,Other pulses n.e.c.,2003,2003,ha,31200,A,Official figure,
QCL,Crops and livestock products,143,Morocco,5419,Yield,211,Other pulses n.e.c.,2003,2003,100 g/ha,7228,A,Official figure,
QCL,Crops and livestock products,143,Morocco,5510,Production,211,Other pulses n.e.c.,2003,2003,t,22550,A,Official figure,
QCL,Crops and livestock products,143,Morocco,5312,Area harvested,211,Other pulses n.e.c.,2004,2004,ha,32500,A,Official figure,
QCL,Crops and livestock products,143,Morocco,5419,Yield,211,Other pulses n.e.c.,2004,2004,100 g/ha,7511,A,Official figure,
QCL,Crops and livestock products,143,Morocco,5510,Production,211,Other pulses n.e.c.,2004,2004,t,24410,A,Official figure,
QCL,Crops and livestock products,143,Morocco,5312,Area harvested,211,Other pulses n.e.c.,2005,2005,ha,27000,A,Official figure,
QCL,Crops and livestock products,143,Morocco,5419,Yield,211,Other pulses n.e.c.,2005,2005,100 g/ha,5367,A,Official figure,
QCL,Crops and livestock products,143,Morocco,5510,Production,211,Other pulses n.e.c.,2005,2005,t,14490,A,Official figure,
QCL,Crops and livestock products,143,Morocco,5312,Area harvested,211,Other pulses n.e.c.,2006,2006,ha,29100,A,Official figure,
QCL,Crops and livestock products,143,Morocco,5419,Yield,211,Other pulses n.e.c.,2006,2006,100 g/ha,6646,A,Official figure,
QCL,Crops and livestock products,143,Morocco,5510,Production,211,Other pulses n.e.c.,2006,2006,t,19340,A,Official figure,
QCL,Crops and livestock products,143,Morocco,5312,Area harvested,211,Other pulses n.e.c.,2007,2007,ha,30000,A,Official figure,
QCL,Crops and livestock products,143,Morocco,5419,Yield,211,Other pulses n.e.c.,2007,2007,100 g/ha,6063,A,Official figure,
QCL,Crops and livestock products,143,Morocco,5510,Production,211,Other pulses n.e.c.,2007,2007,t,18190,A,Official figure,
QCL,Crops and livestock products,143,Morocco,5312,Area harvested,211,Other pulses n.e.c.,2008,2008,ha,33800,A,Official figure,
QCL,Crops and livestock products,143,Morocco,5419,Yield,211,Other pulses n.e.c.,2008,2008,100 g/ha,7065,A,Official figure,
QCL,Crops and livestock products,143,Morocco,5510,Production,211,Other pulses n.e.c.,2008,2008,t,23880,A,Official figure,
QCL,Crops and livestock products,143,Morocco,5312,Area harvested,211,Other pulses n.e.c.,2009,2009,ha,27000,A,Official figure,
QCL,Crops and livestock products,143,Morocco,5419,Yield,211,Other pulses n.e.c.,2009,2009,100 g/ha,4463,A,Official figure,
QCL,Crops and livestock products,143,Morocco,5510,Production,211,Other pulses n.e.c.,2009,2009,t,12050,A,Official figure,
QCL,Crops and livestock products,143,Morocco,5312,Area harvested,211,Other pulses n.e.c.,2010,2010,ha,28700,A,Official figure,
QCL,Crops and livestock products,143,Morocco,5419,Yield,211,Other pulses n.e.c.,2010,2010,100 g/ha,5655,A,Official figure,
QCL,Crops and livestock products,143,Morocco,5510,Production,211,Other pulses n.e.c.,2010,2010,t,16230,A,Official figure,
QCL,Crops and livestock products,143,Morocco,5312,Area harvested,211,Other pulses n.e.c.,2011,2011,ha,22500,A,Official figure,
QCL,Crops and livestock products,143,Morocco,5419,Yield,211,Other pulses n.e.c.,2011,2011,100 g/ha,13856,A,Official figure,
QCL,Crops and livestock products,143,Morocco,5510,Production,211,Other pulses n.e.c.,2011,2011,t,31175,A,Official figure,
QCL,Crops and livestock products,143,Morocco,5312,Area harvested,211,Other pulses n.e.c.,2012,2012,ha,53360,A,Official figure,
QCL,Crops and livestock products,143,Morocco,5419,Yield,211,Other pulses n.e.c.,2012,2012,100 g/ha,8819,A,Official figure,
QCL,Crops and livestock products,143,Morocco,5510,Production,211,Other pulses n.e.c.,2012,2012,t,47058,A,Official figure,
QCL,Crops and livestock products,143,Morocco,5312,Area harvested,211,Other pulses n.e.c.,2013,2013,ha,25237,A,Official figure,
QCL,Crops and livestock products,143,Morocco,5419,Yield,211,Other pulses n.e.c.,2013,2013,100 g/ha,11999,A,Official figure,
QCL,Crops and livestock products,143,Morocco,5510,Production,211,Other pulses n.e.c.,2013,2013,t,30282.67,A,Official figure,
QCL,Crops and livestock products,143,Morocco,5312,Area harvested,211,Other pulses n.e.c.,2014,2014,ha,24050,A,Official figure,
QCL,Crops and livestock products,143,Morocco,5419,Yield,211,Other pulses n.e.c.,2014,2014,100 g/ha,13418,A,Official figure,
QCL,Crops and livestock products,143,Morocco,5510,Production,211,Other pulses n.e.c.,2014,2014,t,32270.3,A,Official figure,
QCL,Crops and livestock products,143,Morocco,5312,Area harvested,211,Other pulses n.e.c.,2015,2015,ha,16194,A,Official figure,
QCL,Crops and livestock products,143,Morocco,5419,Yield,211,Other pulses n.e.c.,2015,2015,100 g/ha,16386,A,Official figure,
QCL,Crops and livestock products,143,Morocco,5510,Production,211,Other pulses n.e.c.,2015,2015,t,26535.8,A,Official figure,
QCL,Crops and livestock products,143,Morocco,5312,Area harvested,211,Other pulses n.e.c.,2016,2016,ha,12797,A,Official figure,
QCL,Crops and livestock products,143,Morocco,5419,Yield,211,Other pulses n.e.c.,2016,2016,100 g/ha,13901,A,Official figure,
QCL,Crops and livestock products,143,Morocco,5510,Production,211,Other pulses n.e.c.,2016,2016,t,17789.4,A,Official figure,
QCL,Crops and livestock products,143,Morocco,5312,Area harvested,211,Other pulses n.e.c.,2017,2017,ha,14210,A,Official figure,
QCL,Crops and livestock products,143,Morocco,5419,Yield,211,Other pulses n.e.c.,2017,2017,100 g/ha,6242,A,Official figure,
QCL,Crops and livestock products,143,Morocco,5510,Production,211,Other pulses n.e.c.,2017,2017,t,8870,A,Official figure,
QCL,Crops and livestock products,143,Morocco,5312,Area harvested,211,Other pulses n.e.c.,2018,2018,ha,21887,A,Official figure,
QCL,Crops and livestock products,143,Morocco,5419,Yield,211,Other pulses n.e.c.,2018,2018,100 g/ha,12166,A,Official figure,
QCL,Crops and livestock products,143,Morocco,5510,Production,211,Other pulses n.e.c.,2018,2018,t,26628,A,Official figure,
QCL,Crops and livestock products,143,Morocco,5312,Area harvested,211,Other pulses n.e.c.,2019,2019,ha,17698,A,Official figure,
QCL,Crops and livestock products,143,Morocco,5419,Yield,211,Other pulses n.e.c.,2019,2019,100 g/ha,10344,A,Official figure,
QCL,Crops and livestock products,143,Morocco,5510,Production,211,Other pulses n.e.c.,2019,2019,t,18307.5,A,Official figure,
QCL,Crops and livestock products,143,Morocco,5312,Area harvested,211,Other pulses n.e.c.,2020,2020,ha,28205,A,Official figure,
QCL,Crops and livestock products,143,Morocco,5419,Yield,211,Other pulses n.e.c.,2020,2020,100 g/ha,9831,A,Official figure,
QCL,Crops and livestock products,143,Morocco,5510,Production,211,Other pulses n.e.c.,2020,2020,t,27729.1,A,Official figure,
QCL,Crops and livestock products,143,Morocco,5312,Area harvested,211,Other pulses n.e.c.,2021,2021,ha,10507,A,Official figure,
QCL,Crops and livestock products,143,Morocco,5419,Yield,211,Other pulses n.e.c.,2021,2021,100 g/ha,19030,A,Official figure,
QCL,Crops and livestock products,143,Morocco,5510,Production,211,Other pulses n.e.c.,2021,2021,t,19995,A,Official figure,
QCL,Crops and livestock products,143,Morocco,5312,Area harvested,211,Other pulses n.e.c.,2022,2022,ha,6485,A,Official figure,
QCL,Crops and livestock products,143,Morocco,5419,Yield,211,Other pulses n.e.c.,2022,2022,100 g/ha,18501,A,Official figure,
QCL,Crops and livestock products,143,Morocco,5510,Production,211,Other pulses n.e.c.,2022,2022,t,11997.7,A,Official figure,
QCL,Crops and livestock products,143,Morocco,5312,Area harvested,723,"Other stimulant, spice and aromatic crops, n.e.c.",1961,1961,ha,1250,E,Estimated value,
QCL,Crops and livestock products,143,Morocco,5419,Yield,723,"Other stimulant, spice and aromatic crops, n.e.c.",1961,1961,100 g/ha,2640,E,Estimated value,
QCL,Crops and livestock products,143,Morocco,5510,Production,723,"Other stimulant, spice and aromatic crops, n.e.c.",1961,1961,t,330,E,Estimated value,
QCL,Crops and livestock products,143,Morocco,5312,Area harvested,723,"Other stimulant, spice and aromatic crops, n.e.c.",1962,1962,ha,1250,E,Estimated value,
QCL,Crops and livestock products,143,Morocco,5419,Yield,723,"Other stimulant, spice and aromatic crops, n.e.c.",1962,1962,100 g/ha,2960,E,Estimated value,
QCL,Crops and livestock products,143,Morocco,5510,Production,723,"Other stimulant, spice and aromatic crops, n.e.c.",1962,1962,t,370,E,Estimated value,
QCL,Crops and livestock products,143,Morocco,5312,Area harvested,723,"Other stimulant, spice and aromatic crops, n.e.c.",1963,1963,ha,1250,E,Estimated value,
QCL,Crops and livestock products,143,Morocco,5419,Yield,723,"Other stimulant, spice and aromatic crops, n.e.c.",1963,1963,100 g/ha,2400,E,Estimated value,
QCL,Crops and livestock products,143,Morocco,5510,Production,723,"Other stimulant, spice and aromatic crops, n.e.c.",1963,1963,t,300,E,Estimated value,
QCL,Crops and livestock products,143,Morocco,5312,Area harvested,723,"Other stimulant, spice and aromatic crops, n.e.c.",1964,1964,ha,1250,E,Estimated value,
QCL,Crops and livestock products,143,Morocco,5419,Yield,723,"Other stimulant, spice and aromatic crops, n.e.c.",1964,1964,100 g/ha,2400,E,Estimated value,
QCL,Crops and livestock products,143,Morocco,5510,Production,723,"Other stimulant, spice and aromatic crops, n.e.c.",1964,1964,t,300,E,Estimated value,
QCL,Crops and livestock products,143,Morocco,5312,Area harvested,723,"Other stimulant, spice and aromatic crops, n.e.c.",1965,1965,ha,1250,E,Estimated value,
QCL,Crops and livestock products,143,Morocco,5419,Yield,723,"Other stimulant, spice and aromatic crops, n.e.c.",1965,1965,100 g/ha,2400,E,Estimated value,
QCL,Crops and livestock products,143,Morocco,5510,Production,723,"Other stimulant, spice and aromatic crops, n.e.c.",1965,1965,t,300,E,Estimated value,
QCL,Crops and livestock products,143,Morocco,5312,Area harvested,723,"Other stimulant, spice and aromatic crops, n.e.c.",1966,1966,ha,1600,E,Estimated value,
QCL,Crops and livestock products,143,Morocco,5419,Yield,723,"Other stimulant, spice and aromatic crops, n.e.c.",1966,1966,100 g/ha,3125,E,Estimated value,
QCL,Crops and livestock products,143,Morocco,5510,Production,723,"Other stimulant, spice and aromatic crops, n.e.c.",1966,1966,t,500,E,Estimated value,
QCL,Crops and livestock products,143,Morocco,5312,Area harvested,723,"Other stimulant, spice and aromatic crops, n.e.c.",1967,1967,ha,1600,E,Estimated value,
QCL,Crops and livestock products,143,Morocco,5419,Yield,723,"Other stimulant, spice and aromatic crops, n.e.c.",1967,1967,100 g/ha,3125,E,Estimated value,
QCL,Crops and livestock products,143,Morocco,5510,Production,723,"Other stimulant, spice and aromatic crops, n.e.c.",1967,1967,t,500,E,Estimated value,
QCL,Crops and livestock products,143,Morocco,5312,Area harvested,723,"Other stimulant, spice and aromatic crops, n.e.c.",1968,1968,ha,1900,E,Estimated value,
QCL,Crops and livestock products,143,Morocco,5419,Yield,723,"Other stimulant, spice and aromatic crops, n.e.c.",1968,1968,100 g/ha,3684,E,Estimated value,
QCL,Crops and livestock products,143,Morocco,5510,Production,723,"Other stimulant, spice and aromatic crops, n.e.c.",1968,1968,t,700,E,Estimated value,
QCL,Crops and livestock products,143,Morocco,5312,Area harvested,723,"Other stimulant, spice and aromatic crops, n.e.c.",1969,1969,ha,1900,E,Estimated value,
QCL,Crops and livestock products,143,Morocco,5419,Yield,723,"Other stimulant, spice and aromatic crops, n.e.c.",1969,1969,100 g/ha,3684,E,Estimated value,
QCL,Crops and livestock products,143,Morocco,5510,Production,723,"Other stimulant, spice and aromatic crops, n.e.c.",1969,1969,t,700,E,Estimated value,
QCL,Crops and livestock products,143,Morocco,5312,Area harvested,723,"Other stimulant, spice and aromatic crops, n.e.c.",1970,1970,ha,1900,E,Estimated value,
QCL,Crops and livestock products,143,Morocco,5419,Yield,723,"Other stimulant, spice and aromatic crops, n.e.c.",1970,1970,100 g/ha,3684,E,Estimated value,
QCL,Crops and livestock products,143,Morocco,5510,Production,723,"Other stimulant, spice and aromatic crops, n.e.c.",1970,1970,t,700,E,Estimated value,
QCL,Crops and livestock products,143,Morocco,5312,Area harvested,723,"Other stimulant, spice and aromatic crops, n.e.c.",1971,1971,ha,2500,E,Estimated value,
QCL,Crops and livestock products,143,Morocco,5419,Yield,723,"Other stimulant, spice and aromatic crops, n.e.c.",1971,1971,100 g/ha,4000,E,Estimated value,
QCL,Crops and livestock products,143,Morocco,5510,Production,723,"Other stimulant, spice and aromatic crops, n.e.c.",1971,1971,t,1000,E,Estimated value,
QCL,Crops and livestock products,143,Morocco,5312,Area harvested,723,"Other stimulant, spice and aromatic crops, n.e.c.",1972,1972,ha,3300,E,Estimated value,
QCL,Crops and livestock products,143,Morocco,5419,Yield,723,"Other stimulant, spice and aromatic crops, n.e.c.",1972,1972,100 g/ha,6061,E,Estimated value,
QCL,Crops and livestock products,143,Morocco,5510,Production,723,"Other stimulant, spice and aromatic crops, n.e.c.",1972,1972,t,2000,E,Estimated value,
QCL,Crops and livestock products,143,Morocco,5312,Area harvested,723,"Other stimulant, spice and aromatic crops, n.e.c.",1973,1973,ha,3000,E,Estimated value,
QCL,Crops and livestock products,143,Morocco,5419,Yield,723,"Other stimulant, spice and aromatic crops, n.e.c.",1973,1973,100 g/ha,5167,E,Estimated value,
QCL,Crops and livestock products,143,Morocco,5510,Production,723,"Other stimulant, spice and aromatic crops, n.e.c.",1973,1973,t,1550,E,Estimated value,
QCL,Crops and livestock products,143,Morocco,5312,Area harvested,723,"Other stimulant, spice and aromatic crops, n.e.c.",1974,1974,ha,4000,E,Estimated value,
QCL,Crops and livestock products,143,Morocco,5419,Yield,723,"Other stimulant, spice and aromatic crops, n.e.c.",1974,1974,100 g/ha,6250,E,Estimated value,
QCL,Crops and livestock products,143,Morocco,5510,Production,723,"Other stimulant, spice and aromatic crops, n.e.c.",1974,1974,t,2500,E,Estimated value,
QCL,Crops and livestock products,143,Morocco,5312,Area harvested,723,"Other stimulant, spice and aromatic crops, n.e.c.",1975,1975,ha,3000,E,Estimated value,
QCL,Crops and livestock products,143,Morocco,5419,Yield,723,"Other stimulant, spice and aromatic crops, n.e.c.",1975,1975,100 g/ha,5000,E,Estimated value,
QCL,Crops and livestock products,143,Morocco,5510,Production,723,"Other stimulant, spice and aromatic crops, n.e.c.",1975,1975,t,1500,E,Estimated value,
QCL,Crops and livestock products,143,Morocco,5312,Area harvested,723,"Other stimulant, spice and aromatic crops, n.e.c.",1976,1976,ha,5000,E,Estimated value,
QCL,Crops and livestock products,143,Morocco,5419,Yield,723,"Other stimulant, spice and aromatic crops, n.e.c.",1976,1976,100 g/ha,6600,E,Estimated value,
QCL,Crops and livestock products,143,Morocco,5510,Production,723,"Other stimulant, spice and aromatic crops, n.e.c.",1976,1976,t,3300,E,Estimated value,
QCL,Crops and livestock products,143,Morocco,5312,Area harvested,723,"Other stimulant, spice and aromatic crops, n.e.c.",1977,1977,ha,5500,E,Estimated value,
QCL,Crops and livestock products,143,Morocco,5419,Yield,723,"Other stimulant, spice and aromatic crops, n.e.c.",1977,1977,100 g/ha,8182,E,Estimated value,
QCL,Crops and livestock products,143,Morocco,5510,Production,723,"Other stimulant, spice and aromatic crops, n.e.c.",1977,1977,t,4500,E,Estimated value,
QCL,Crops and livestock products,143,Morocco,5312,Area harvested,723,"Other stimulant, spice and aromatic crops, n.e.c.",1978,1978,ha,5000,E,Estimated value,
QCL,Crops and livestock products,143,Morocco,5419,Yield,723,"Other stimulant, spice and aromatic crops, n.e.c.",1978,1978,100 g/ha,7200,E,Estimated value,
QCL,Crops and livestock products,143,Morocco,5510,Production,723,"Other stimulant, spice and aromatic crops, n.e.c.",1978,1978,t,3600,E,Estimated value,
QCL,Crops and livestock products,143,Morocco,5312,Area harvested,723,"Other stimulant, spice and aromatic crops, n.e.c.",1979,1979,ha,5000,E,Estimated value,
QCL,Crops and livestock products,143,Morocco,5419,Yield,723,"Other stimulant, spice and aromatic crops, n.e.c.",1979,1979,100 g/ha,6000,E,Estimated value,
QCL,Crops and livestock products,143,Morocco,5510,Production,723,"Other stimulant, spice and aromatic crops, n.e.c.",1979,1979,t,3000,E,Estimated value,
QCL,Crops and livestock products,143,Morocco,5312,Area harvested,723,"Other stimulant, spice and aromatic crops, n.e.c.",1980,1980,ha,2800,E,Estimated value,
QCL,Crops and livestock products,143,Morocco,5419,Yield,723,"Other stimulant, spice and aromatic crops, n.e.c.",1980,1980,100 g/ha,7143,E,Estimated value,
QCL,Crops and livestock products,143,Morocco,5510,Production,723,"Other stimulant, spice and aromatic crops, n.e.c.",1980,1980,t,2000,E,Estimated value,
QCL,Crops and livestock products,143,Morocco,5312,Area harvested,723,"Other stimulant, spice and aromatic crops, n.e.c.",1981,1981,ha,1700,E,Estimated value,
QCL,Crops and livestock products,143,Morocco,5419,Yield,723,"Other stimulant, spice and aromatic crops, n.e.c.",1981,1981,100 g/ha,5882,E,Estimated value,
QCL,Crops and livestock products,143,Morocco,5510,Production,723,"Other stimulant, spice and aromatic crops, n.e.c.",1981,1981,t,1000,E,Estimated value,
QCL,Crops and livestock products,143,Morocco,5312,Area harvested,723,"Other stimulant, spice and aromatic crops, n.e.c.",1982,1982,ha,1700,E,Estimated value,
QCL,Crops and livestock products,143,Morocco,5419,Yield,723,"Other stimulant, spice and aromatic crops, n.e.c.",1982,1982,100 g/ha,5882,E,Estimated value,
QCL,Crops and livestock products,143,Morocco,5510,Production,723,"Other stimulant, spice and aromatic crops, n.e.c.",1982,1982,t,1000,E,Estimated value,
QCL,Crops and livestock products,143,Morocco,5312,Area harvested,723,"Other stimulant, spice and aromatic crops, n.e.c.",1983,1983,ha,3700,E,Estimated value,
QCL,Crops and livestock products,143,Morocco,5419,Yield,723,"Other stimulant, spice and aromatic crops, n.e.c.",1983,1983,100 g/ha,7027,E,Estimated value,
QCL,Crops and livestock products,143,Morocco,5510,Production,723,"Other stimulant, spice and aromatic crops, n.e.c.",1983,1983,t,2600,E,Estimated value,
QCL,Crops and livestock products,143,Morocco,5312,Area harvested,723,"Other stimulant, spice and aromatic crops, n.e.c.",1984,1984,ha,3700,E,Estimated value,
QCL,Crops and livestock products,143,Morocco,5419,Yield,723,"Other stimulant, spice and aromatic crops, n.e.c.",1984,1984,100 g/ha,7568,E,Estimated value,
QCL,Crops and livestock products,143,Morocco,5510,Production,723,"Other stimulant, spice and aromatic crops, n.e.c.",1984,1984,t,2800,E,Estimated value,
QCL,Crops and livestock products,143,Morocco,5312,Area harvested,723,"Other stimulant, spice and aromatic crops, n.e.c.",1985,1985,ha,3700,E,Estimated value,
QCL,Crops and livestock products,143,Morocco,5419,Yield,723,"Other stimulant, spice and aromatic crops, n.e.c.",1985,1985,100 g/ha,7568,E,Estimated value,
QCL,Crops and livestock products,143,Morocco,5510,Production,723,"Other stimulant, spice and aromatic crops, n.e.c.",1985,1985,t,2800,E,Estimated value,
QCL,Crops and livestock products,143,Morocco,5312,Area harvested,723,"Other stimulant, spice and aromatic crops, n.e.c.",1986,1986,ha,3700,E,Estimated value,
QCL,Crops and livestock products,143,Morocco,5419,Yield,723,"Other stimulant, spice and aromatic crops, n.e.c.",1986,1986,100 g/ha,7568,E,Estimated value,
QCL,Crops and livestock products,143,Morocco,5510,Production,723,"Other stimulant, spice and aromatic crops, n.e.c.",1986,1986,t,2800,E,Estimated value,
QCL,Crops and livestock products,143,Morocco,5312,Area harvested,723,"Other stimulant, spice and aromatic crops, n.e.c.",1987,1987,ha,3700,E,Estimated value,
QCL,Crops and livestock products,143,Morocco,5419,Yield,723,"Other stimulant, spice and aromatic crops, n.e.c.",1987,1987,100 g/ha,7568,E,Estimated value,
QCL,Crops and livestock products,143,Morocco,5510,Production,723,"Other stimulant, spice and aromatic crops, n.e.c.",1987,1987,t,2800,E,Estimated value,
QCL,Crops and livestock products,143,Morocco,5312,Area harvested,723,"Other stimulant, spice and aromatic crops, n.e.c.",1988,1988,ha,3900,E,Estimated value,
QCL,Crops and livestock products,143,Morocco,5419,Yield,723,"Other stimulant, spice and aromatic crops, n.e.c.",1988,1988,100 g/ha,7949,E,Estimated value,
QCL,Crops and livestock products,143,Morocco,5510,Production,723,"Other stimulant, spice and aromatic crops, n.e.c.",1988,1988,t,3100,E,Estimated value,
QCL,Crops and livestock products,143,Morocco,5312,Area harvested,723,"Other stimulant, spice and aromatic crops, n.e.c.",1989,1989,ha,3900,E,Estimated value,
QCL,Crops and livestock products,143,Morocco,5419,Yield,723,"Other stimulant, spice and aromatic crops, n.e.c.",1989,1989,100 g/ha,7692,E,Estimated value,
QCL,Crops and livestock products,143,Morocco,5510,Production,723,"Other stimulant, spice and aromatic crops, n.e.c.",1989,1989,t,3000,E,Estimated value,
QCL,Crops and livestock products,143,Morocco,5312,Area harvested,723,"Other stimulant, spice and aromatic crops, n.e.c.",1990,1990,ha,3900,E,Estimated value,
QCL,Crops and livestock products,143,Morocco,5419,Yield,723,"Other stimulant, spice and aromatic crops, n.e.c.",1990,1990,100 g/ha,7692,E,Estimated value,
QCL,Crops and livestock products,143,Morocco,5510,Production,723,"Other stimulant, spice and aromatic crops, n.e.c.",1990,1990,t,3000,E,Estimated value,
QCL,Crops and livestock products,143,Morocco,5312,Area harvested,723,"Other stimulant, spice and aromatic crops, n.e.c.",1991,1991,ha,3900,E,Estimated value,
QCL,Crops and livestock products,143,Morocco,5419,Yield,723,"Other stimulant, spice and aromatic crops, n.e.c.",1991,1991,100 g/ha,7692,E,Estimated value,
QCL,Crops and livestock products,143,Morocco,5510,Production,723,"Other stimulant, spice and aromatic crops, n.e.c.",1991,1991,t,3000,E,Estimated value,
QCL,Crops and livestock products,143,Morocco,5312,Area harvested,723,"Other stimulant, spice and aromatic crops, n.e.c.",1992,1992,ha,3900,E,Estimated value,
QCL,Crops and livestock products,143,Morocco,5419,Yield,723,"Other stimulant, spice and aromatic crops, n.e.c.",1992,1992,100 g/ha,7692,E,Estimated value,
QCL,Crops and livestock products,143,Morocco,5510,Production,723,"Other stimulant, spice and aromatic crops, n.e.c.",1992,1992,t,3000,E,Estimated value,
QCL,Crops and livestock products,143,Morocco,5312,Area harvested,723,"Other stimulant, spice and aromatic crops, n.e.c.",1993,1993,ha,3900,E,Estimated value,
QCL,Crops and livestock products,143,Morocco,5419,Yield,723,"Other stimulant, spice and aromatic crops, n.e.c.",1993,1993,100 g/ha,7692,E,Estimated value,
QCL,Crops and livestock products,143,Morocco,5510,Production,723,"Other stimulant, spice and aromatic crops, n.e.c.",1993,1993,t,3000,E,Estimated value,
QCL,Crops and livestock products,143,Morocco,5312,Area harvested,723,"Other stimulant, spice and aromatic crops, n.e.c.",1994,1994,ha,3900,E,Estimated value,
QCL,Crops and livestock products,143,Morocco,5419,Yield,723,"Other stimulant, spice and aromatic crops, n.e.c.",1994,1994,100 g/ha,7692,E,Estimated value,
QCL,Crops and livestock products,143,Morocco,5510,Production,723,"Other stimulant, spice and aromatic crops, n.e.c.",1994,1994,t,3000,E,Estimated value,
QCL,Crops and livestock products,143,Morocco,5312,Area harvested,723,"Other stimulant, spice and aromatic crops, n.e.c.",1995,1995,ha,3900,E,Estimated value,
QCL,Crops and livestock products,143,Morocco,5419,Yield,723,"Other stimulant, spice and aromatic crops, n.e.c.",1995,1995,100 g/ha,7692,E,Estimated value,
QCL,Crops and livestock products,143,Morocco,5510,Production,723,"Other stimulant, spice and aromatic crops, n.e.c.",1995,1995,t,3000,E,Estimated value,
QCL,Crops and livestock products,143,Morocco,5312,Area harvested,723,"Other stimulant, spice and aromatic crops, n.e.c.",1996,1996,ha,3900,E,Estimated value,
QCL,Crops and livestock products,143,Morocco,5419,Yield,723,"Other stimulant, spice and aromatic crops, n.e.c.",1996,1996,100 g/ha,7692,E,Estimated value,
QCL,Crops and livestock products,143,Morocco,5510,Production,723,"Other stimulant, spice and aromatic crops, n.e.c.",1996,1996,t,3000,E,Estimated value,
QCL,Crops and livestock products,143,Morocco,5312,Area harvested,723,"Other stimulant, spice and aromatic crops, n.e.c.",1997,1997,ha,3900,E,Estimated value,
QCL,Crops and livestock products,143,Morocco,5419,Yield,723,"Other stimulant, spice and aromatic crops, n.e.c.",1997,1997,100 g/ha,7692,E,Estimated value,
QCL,Crops and livestock products,143,Morocco,5510,Production,723,"Other stimulant, spice and aromatic crops, n.e.c.",1997,1997,t,3000,E,Estimated value,
QCL,Crops and livestock products,143,Morocco,5312,Area harvested,723,"Other stimulant, spice and aromatic crops, n.e.c.",1998,1998,ha,3900,E,Estimated value,
QCL,Crops and livestock products,143,Morocco,5419,Yield,723,"Other stimulant, spice and aromatic crops, n.e.c.",1998,1998,100 g/ha,7692,E,Estimated value,
QCL,Crops and livestock products,143,Morocco,5510,Production,723,"Other stimulant, spice and aromatic crops, n.e.c.",1998,1998,t,3000,E,Estimated value,
QCL,Crops and livestock products,143,Morocco,5312,Area harvested,723,"Other stimulant, spice and aromatic crops, n.e.c.",1999,1999,ha,3900,E,Estimated value,
QCL,Crops and livestock products,143,Morocco,5419,Yield,723,"Other stimulant, spice and aromatic crops, n.e.c.",1999,1999,100 g/ha,7692,E,Estimated value,
QCL,Crops and livestock products,143,Morocco,5510,Production,723,"Other stimulant, spice and aromatic crops, n.e.c.",1999,1999,t,3000,E,Estimated value,
QCL,Crops and livestock products,143,Morocco,5312,Area harvested,723,"Other stimulant, spice and aromatic crops, n.e.c.",2000,2000,ha,3900,E,Estimated value,
QCL,Crops and livestock products,143,Morocco,5419,Yield,723,"Other stimulant, spice and aromatic crops, n.e.c.",2000,2000,100 g/ha,7692,E,Estimated value,
QCL,Crops and livestock products,143,Morocco,5510,Production,723,"Other stimulant, spice and aromatic crops, n.e.c.",2000,2000,t,3000,E,Estimated value,
QCL,Crops and livestock products,143,Morocco,5312,Area harvested,723,"Other stimulant, spice and aromatic crops, n.e.c.",2001,2001,ha,3900,E,Estimated value,
QCL,Crops and livestock products,143,Morocco,5419,Yield,723,"Other stimulant, spice and aromatic crops, n.e.c.",2001,2001,100 g/ha,7692,E,Estimated value,
QCL,Crops and livestock products,143,Morocco,5510,Production,723,"Other stimulant, spice and aromatic crops, n.e.c.",2001,2001,t,3000,E,Estimated value,
QCL,Crops and livestock products,143,Morocco,5312,Area harvested,723,"Other stimulant, spice and aromatic crops, n.e.c.",2002,2002,ha,3900,E,Estimated value,
QCL,Crops and livestock products,143,Morocco,5419,Yield,723,"Other stimulant, spice and aromatic crops, n.e.c.",2002,2002,100 g/ha,7692,E,Estimated value,
QCL,Crops and livestock products,143,Morocco,5510,Production,723,"Other stimulant, spice and aromatic crops, n.e.c.",2002,2002,t,3000,E,Estimated value,
QCL,Crops and livestock products,143,Morocco,5312,Area harvested,723,"Other stimulant, spice and aromatic crops, n.e.c.",2003,2003,ha,3900,E,Estimated value,
QCL,Crops and livestock products,143,Morocco,5419,Yield,723,"Other stimulant, spice and aromatic crops, n.e.c.",2003,2003,100 g/ha,7692,E,Estimated value,
QCL,Crops and livestock products,143,Morocco,5510,Production,723,"Other stimulant, spice and aromatic crops, n.e.c.",2003,2003,t,3000,E,Estimated value,
QCL,Crops and livestock products,143,Morocco,5312,Area harvested,723,"Other stimulant, spice and aromatic crops, n.e.c.",2004,2004,ha,3900,E,Estimated value,
QCL,Crops and livestock products,143,Morocco,5419,Yield,723,"Other stimulant, spice and aromatic crops, n.e.c.",2004,2004,100 g/ha,7692,E,Estimated value,
QCL,Crops and livestock products,143,Morocco,5510,Production,723,"Other stimulant, spice and aromatic crops, n.e.c.",2004,2004,t,3000,E,Estimated value,
QCL,Crops and livestock products,143,Morocco,5312,Area harvested,723,"Other stimulant, spice and aromatic crops, n.e.c.",2005,2005,ha,3900,E,Estimated value,
QCL,Crops and livestock products,143,Morocco,5419,Yield,723,"Other stimulant, spice and aromatic crops, n.e.c.",2005,2005,100 g/ha,7692,E,Estimated value,
QCL,Crops and livestock products,143,Morocco,5510,Production,723,"Other stimulant, spice and aromatic crops, n.e.c.",2005,2005,t,3000,E,Estimated value,
QCL,Crops and livestock products,143,Morocco,5312,Area harvested,723,"Other stimulant, spice and aromatic crops, n.e.c.",2006,2006,ha,3900,E,Estimated value,
QCL,Crops and livestock products,143,Morocco,5419,Yield,723,"Other stimulant, spice and aromatic crops, n.e.c.",2006,2006,100 g/ha,7692,E,Estimated value,
QCL,Crops and livestock products,143,Morocco,5510,Production,723,"Other stimulant, spice and aromatic crops, n.e.c.",2006,2006,t,3000,E,Estimated value,
QCL,Crops and livestock products,143,Morocco,5312,Area harvested,723,"Other stimulant, spice and aromatic crops, n.e.c.",2007,2007,ha,3900,E,Estimated value,
QCL,Crops and livestock products,143,Morocco,5419,Yield,723,"Other stimulant, spice and aromatic crops, n.e.c.",2007,2007,100 g/ha,7692,E,Estimated value,
QCL,Crops and livestock products,143,Morocco,5510,Production,723,"Other stimulant, spice and aromatic crops, n.e.c.",2007,2007,t,3000,E,Estimated value,
QCL,Crops and livestock products,143,Morocco,5312,Area harvested,723,"Other stimulant, spice and aromatic crops, n.e.c.",2008,2008,ha,4000,E,Estimated value,
QCL,Crops and livestock products,143,Morocco,5419,Yield,723,"Other stimulant, spice and aromatic crops, n.e.c.",2008,2008,100 g/ha,7750,E,Estimated value,
QCL,Crops and livestock products,143,Morocco,5510,Production,723,"Other stimulant, spice and aromatic crops, n.e.c.",2008,2008,t,3100,E,Estimated value,
QCL,Crops and livestock products,143,Morocco,5312,Area harvested,723,"Other stimulant, spice and aromatic crops, n.e.c.",2009,2009,ha,4176,I,Imputed value,
QCL,Crops and livestock products,143,Morocco,5419,Yield,723,"Other stimulant, spice and aromatic crops, n.e.c.",2009,2009,100 g/ha,8121,E,Estimated value,
QCL,Crops and livestock products,143,Morocco,5510,Production,723,"Other stimulant, spice and aromatic crops, n.e.c.",2009,2009,t,3391.38,I,Imputed value,
QCL,Crops and livestock products,143,Morocco,5312,Area harvested,723,"Other stimulant, spice and aromatic crops, n.e.c.",2010,2010,ha,4444,I,Imputed value,
QCL,Crops and livestock products,143,Morocco,5419,Yield,723,"Other stimulant, spice and aromatic crops, n.e.c.",2010,2010,100 g/ha,8491,E,Estimated value,
QCL,Crops and livestock products,143,Morocco,5510,Production,723,"Other stimulant, spice and aromatic crops, n.e.c.",2010,2010,t,3773.44,I,Imputed value,
QCL,Crops and livestock products,143,Morocco,5312,Area harvested,723,"Other stimulant, spice and aromatic crops, n.e.c.",2011,2011,ha,4668,I,Imputed value,
QCL,Crops and livestock products,143,Morocco,5419,Yield,723,"Other stimulant, spice and aromatic crops, n.e.c.",2011,2011,100 g/ha,8798,E,Estimated value,
QCL,Crops and livestock products,143,Morocco,5510,Production,723,"Other stimulant, spice and aromatic crops, n.e.c.",2011,2011,t,4106.56,I,Imputed value,
QCL,Crops and livestock products,143,Morocco,5312,Area harvested,723,"Other stimulant, spice and aromatic crops, n.e.c.",2012,2012,ha,5000,E,Estimated value,
QCL,Crops and livestock products,143,Morocco,5419,Yield,723,"Other stimulant, spice and aromatic crops, n.e.c.",2012,2012,100 g/ha,10500,E,Estimated value,
QCL,Crops and livestock products,143,Morocco,5510,Production,723,"Other stimulant, spice and aromatic crops, n.e.c.",2012,2012,t,5250,E,Estimated value,
QCL,Crops and livestock products,143,Morocco,5312,Area harvested,723,"Other stimulant, spice and aromatic crops, n.e.c.",2013,2013,ha,5117,I,Imputed value,
QCL,Crops and livestock products,143,Morocco,5419,Yield,723,"Other stimulant, spice and aromatic crops, n.e.c.",2013,2013,100 g/ha,9346,E,Estimated value,
QCL,Crops and livestock products,143,Morocco,5510,Production,723,"Other stimulant, spice and aromatic crops, n.e.c.",2013,2013,t,4782.22,I,Imputed value,
QCL,Crops and livestock products,143,Morocco,5312,Area harvested,723,"Other stimulant, spice and aromatic crops, n.e.c.",2014,2014,ha,5098,I,Imputed value,
QCL,Crops and livestock products,143,Morocco,5419,Yield,723,"Other stimulant, spice and aromatic crops, n.e.c.",2014,2014,100 g/ha,9337,E,Estimated value,
QCL,Crops and livestock products,143,Morocco,5510,Production,723,"Other stimulant, spice and aromatic crops, n.e.c.",2014,2014,t,4759.86,I,Imputed value,
QCL,Crops and livestock products,143,Morocco,5312,Area harvested,723,"Other stimulant, spice and aromatic crops, n.e.c.",2015,2015,ha,5163,I,Imputed value,
QCL,Crops and livestock products,143,Morocco,5419,Yield,723,"Other stimulant, spice and aromatic crops, n.e.c.",2015,2015,100 g/ha,9418,E,Estimated value,
QCL,Crops and livestock products,143,Morocco,5510,Production,723,"Other stimulant, spice and aromatic crops, n.e.c.",2015,2015,t,4862.61,I,Imputed value,
QCL,Crops and livestock products,143,Morocco,5312,Area harvested,723,"Other stimulant, spice and aromatic crops, n.e.c.",2016,2016,ha,5191,I,Imputed value,
QCL,Crops and livestock products,143,Morocco,5419,Yield,723,"Other stimulant, spice and aromatic crops, n.e.c.",2016,2016,100 g/ha,9520,E,Estimated value,
QCL,Crops and livestock products,143,Morocco,5510,Production,723,"Other stimulant, spice and aromatic crops, n.e.c.",2016,2016,t,4941.99,I,Imputed value,
QCL,Crops and livestock products,143,Morocco,5312,Area harvested,723,"Other stimulant, spice and aromatic crops, n.e.c.",2017,2017,ha,5214,I,Imputed value,
QCL,Crops and livestock products,143,Morocco,5419,Yield,723,"Other stimulant, spice and aromatic crops, n.e.c.",2017,2017,100 g/ha,9601,E,Estimated value,
QCL,Crops and livestock products,143,Morocco,5510,Production,723,"Other stimulant, spice and aromatic crops, n.e.c.",2017,2017,t,5005.96,I,Imputed value,
QCL,Crops and livestock products,143,Morocco,5312,Area harvested,723,"Other stimulant, spice and aromatic crops, n.e.c.",2018,2018,ha,5221,I,Imputed value,
QCL,Crops and livestock products,143,Morocco,5419,Yield,723,"Other stimulant, spice and aromatic crops, n.e.c.",2018,2018,100 g/ha,9657,E,Estimated value,
QCL,Crops and livestock products,143,Morocco,5510,Production,723,"Other stimulant, spice and aromatic crops, n.e.c.",2018,2018,t,5041.66,I,Imputed value,
QCL,Crops and livestock products,143,Morocco,5312,Area harvested,723,"Other stimulant, spice and aromatic crops, n.e.c.",2019,2019,ha,5419,I,Imputed value,
QCL,Crops and livestock products,143,Morocco,5419,Yield,723,"Other stimulant, spice and aromatic crops, n.e.c.",2019,2019,100 g/ha,9221,E,Estimated value,
QCL,Crops and livestock products,143,Morocco,5510,Production,723,"Other stimulant, spice and aromatic crops, n.e.c.",2019,2019,t,4996.54,E,Estimated value,
QCL,Crops and livestock products,143,Morocco,5312,Area harvested,723,"Other stimulant, spice and aromatic crops, n.e.c.",2020,2020,ha,5284,E,Estimated value,
QCL,Crops and livestock products,143,Morocco,5419,Yield,723,"Other stimulant, spice and aromatic crops, n.e.c.",2020,2020,100 g/ha,9490,E,Estimated value,
QCL,Crops and livestock products,143,Morocco,5510,Production,723,"Other stimulant, spice and aromatic crops, n.e.c.",2020,2020,t,5014.72,E,Estimated value,
QCL,Crops and livestock products,143,Morocco,5312,Area harvested,723,"Other stimulant, spice and aromatic crops, n.e.c.",2021,2021,ha,5308,E,Estimated value,
QCL,Crops and livestock products,143,Morocco,5419,Yield,723,"Other stimulant, spice and aromatic crops, n.e.c.",2021,2021,100 g/ha,9453,E,Estimated value,
QCL,Crops and livestock products,143,Morocco,5510,Production,723,"Other stimulant, spice and aromatic crops, n.e.c.",2021,2021,t,5017.64,E,Estimated value,
QCL,Crops and livestock products,143,Morocco,5312,Area harvested,723,"Other stimulant, spice and aromatic crops, n.e.c.",2022,2022,ha,5337,E,Estimated value,
QCL,Crops and livestock products,143,Morocco,5419,Yield,723,"Other stimulant, spice and aromatic crops, n.e.c.",2022,2022,100 g/ha,9387,E,Estimated value,
QCL,Crops and livestock products,143,Morocco,5510,Production,723,"Other stimulant, spice and aromatic crops, n.e.c.",2022,2022,t,5009.63,E,Estimated value,
QCL,Crops and livestock products,143,Morocco,5312,Area harvested,541,Other stone fruits,1961,1961,ha,0,M,"Missing value (data cannot exist, not applicable)",
QCL,Crops and livestock products,143,Morocco,5510,Production,541,Other stone fruits,1961,1961,t,0,A,Official figure,
QCL,Crops and livestock products,143,Morocco,5312,Area harvested,541,Other stone fruits,1962,1962,ha,0,M,"Missing value (data cannot exist, not applicable)",
QCL,Crops and livestock products,143,Morocco,5510,Production,541,Other stone fruits,1962,1962,t,50,E,Estimated value,
QCL,Crops and livestock products,143,Morocco,5312,Area harvested,541,Other stone fruits,1963,1963,ha,0,M,"Missing value (data cannot exist, not applicable)",
QCL,Crops and livestock products,143,Morocco,5510,Production,541,Other stone fruits,1963,1963,t,50,E,Estimated value,
QCL,Crops and livestock products,143,Morocco,5312,Area harvested,541,Other stone fruits,1964,1964,ha,0,M,"Missing value (data cannot exist, not applicable)",
QCL,Crops and livestock products,143,Morocco,5510,Production,541,Other stone fruits,1964,1964,t,70,E,Estimated value,
QCL,Crops and livestock products,143,Morocco,5312,Area harvested,541,Other stone fruits,1965,1965,ha,0,M,"Missing value (data cannot exist, not applicable)",
QCL,Crops and livestock products,143,Morocco,5510,Production,541,Other stone fruits,1965,1965,t,70,E,Estimated value,
QCL,Crops and livestock products,143,Morocco,5312,Area harvested,541,Other stone fruits,1966,1966,ha,0,M,"Missing value (data cannot exist, not applicable)",
QCL,Crops and livestock products,143,Morocco,5510,Production,541,Other stone fruits,1966,1966,t,70,E,Estimated value,
QCL,Crops and livestock products,143,Morocco,5312,Area harvested,541,Other stone fruits,1967,1967,ha,0,M,"Missing value (data cannot exist, not applicable)",
QCL,Crops and livestock products,143,Morocco,5510,Production,541,Other stone fruits,1967,1967,t,70,E,Estimated value,
QCL,Crops and livestock products,143,Morocco,5312,Area harvested,541,Other stone fruits,1968,1968,ha,0,M,"Missing value (data cannot exist, not applicable)",
QCL,Crops and livestock products,143,Morocco,5510,Production,541,Other stone fruits,1968,1968,t,100,E,Estimated value,
QCL,Crops and livestock products,143,Morocco,5312,Area harvested,541,Other stone fruits,1969,1969,ha,0,M,"Missing value (data cannot exist, not applicable)",
QCL,Crops and livestock products,143,Morocco,5510,Production,541,Other stone fruits,1969,1969,t,150,E,Estimated value,
QCL,Crops and livestock products,143,Morocco,5312,Area harvested,541,Other stone fruits,1970,1970,ha,0,M,"Missing value (data cannot exist, not applicable)",
QCL,Crops and livestock products,143,Morocco,5510,Production,541,Other stone fruits,1970,1970,t,150,E,Estimated value,
QCL,Crops and livestock products,143,Morocco,5312,Area harvested,541,Other stone fruits,1971,1971,ha,0,M,"Missing value (data cannot exist, not applicable)",
QCL,Crops and livestock products,143,Morocco,5510,Production,541,Other stone fruits,1971,1971,t,150,E,Estimated value,
QCL,Crops and livestock products,143,Morocco,5312,Area harvested,541,Other stone fruits,1972,1972,ha,0,M,"Missing value (data cannot exist, not applicable)",
QCL,Crops and livestock products,143,Morocco,5510,Production,541,Other stone fruits,1972,1972,t,150,E,Estimated value,
QCL,Crops and livestock products,143,Morocco,5312,Area harvested,541,Other stone fruits,1973,1973,ha,0,M,"Missing value (data cannot exist, not applicable)",
QCL,Crops and livestock products,143,Morocco,5510,Production,541,Other stone fruits,1973,1973,t,250,E,Estimated value,
QCL,Crops and livestock products,143,Morocco,5312,Area harvested,541,Other stone fruits,1974,1974,ha,0,M,"Missing value (data cannot exist, not applicable)",
QCL,Crops and livestock products,143,Morocco,5510,Production,541,Other stone fruits,1974,1974,t,250,E,Estimated value,
QCL,Crops and livestock products,143,Morocco,5312,Area harvested,541,Other stone fruits,1975,1975,ha,0,M,"Missing value (data cannot exist, not applicable)",
QCL,Crops and livestock products,143,Morocco,5510,Production,541,Other stone fruits,1975,1975,t,200,E,Estimated value,
QCL,Crops and livestock products,143,Morocco,5312,Area harvested,541,Other stone fruits,1976,1976,ha,0,M,"Missing value (data cannot exist, not applicable)",
QCL,Crops and livestock products,143,Morocco,5510,Production,541,Other stone fruits,1976,1976,t,200,E,Estimated value,
QCL,Crops and livestock products,143,Morocco,5312,Area harvested,541,Other stone fruits,1977,1977,ha,0,M,"Missing value (data cannot exist, not applicable)",
QCL,Crops and livestock products,143,Morocco,5510,Production,541,Other stone fruits,1977,1977,t,200,E,Estimated value,
QCL,Crops and livestock products,143,Morocco,5312,Area harvested,541,Other stone fruits,1978,1978,ha,0,M,"Missing value (data cannot exist, not applicable)",
QCL,Crops and livestock products,143,Morocco,5510,Production,541,Other stone fruits,1978,1978,t,200,E,Estimated value,
QCL,Crops and livestock products,143,Morocco,5312,Area harvested,541,Other stone fruits,1979,1979,ha,0,M,"Missing value (data cannot exist, not applicable)",
QCL,Crops and livestock products,143,Morocco,5510,Production,541,Other stone fruits,1979,1979,t,200,E,Estimated value,
QCL,Crops and livestock products,143,Morocco,5312,Area harvested,541,Other stone fruits,1980,1980,ha,0,M,"Missing value (data cannot exist, not applicable)",
QCL,Crops and livestock products,143,Morocco,5510,Production,541,Other stone fruits,1980,1980,t,200,E,Estimated value,
QCL,Crops and livestock products,143,Morocco,5312,Area harvested,541,Other stone fruits,1981,1981,ha,0,M,"Missing value (data cannot exist, not applicable)",
QCL,Crops and livestock products,143,Morocco,5510,Production,541,Other stone fruits,1981,1981,t,200,E,Estimated value,
QCL,Crops and livestock products,143,Morocco,5312,Area harvested,541,Other stone fruits,1982,1982,ha,0,M,"Missing value (data cannot exist, not applicable)",
QCL,Crops and livestock products,143,Morocco,5510,Production,541,Other stone fruits,1982,1982,t,200,E,Estimated value,
QCL,Crops and livestock products,143,Morocco,5312,Area harvested,541,Other stone fruits,1983,1983,ha,0,M,"Missing value (data cannot exist, not applicable)",
QCL,Crops and livestock products,143,Morocco,5510,Production,541,Other stone fruits,1983,1983,t,200,E,Estimated value,
QCL,Crops and livestock products,143,Morocco,5312,Area harvested,541,Other stone fruits,1984,1984,ha,0,M,"Missing value (data cannot exist, not applicable)",
QCL,Crops and livestock products,143,Morocco,5510,Production,541,Other stone fruits,1984,1984,t,200,E,Estimated value,
QCL,Crops and livestock products,143,Morocco,5312,Area harvested,541,Other stone fruits,1985,1985,ha,30,E,Estimated value,
QCL,Crops and livestock products,143,Morocco,5419,Yield,541,Other stone fruits,1985,1985,100 g/ha,66667,E,Estimated value,
QCL,Crops and livestock products,143,Morocco,5510,Production,541,Other stone fruits,1985,1985,t,200,E,Estimated value,
QCL,Crops and livestock products,143,Morocco,5312,Area harvested,541,Other stone fruits,1986,1986,ha,30,E,Estimated value,
QCL,Crops and livestock products,143,Morocco,5419,Yield,541,Other stone fruits,1986,1986,100 g/ha,66667,E,Estimated value,
QCL,Crops and livestock products,143,Morocco,5510,Production,541,Other stone fruits,1986,1986,t,200,E,Estimated value,
QCL,Crops and livestock products,143,Morocco,5312,Area harvested,541,Other stone fruits,1987,1987,ha,30,E,Estimated value,
QCL,Crops and livestock products,143,Morocco,5419,Yield,541,Other stone fruits,1987,1987,100 g/ha,66667,E,Estimated value,
QCL,Crops and livestock products,143,Morocco,5510,Production,541,Other stone fruits,1987,1987,t,200,E,Estimated value,
QCL,Crops and livestock products,143,Morocco,5312,Area harvested,541,Other stone fruits,1988,1988,ha,30,E,Estimated value,
QCL,Crops and livestock products,143,Morocco,5419,Yield,541,Other stone fruits,1988,1988,100 g/ha,66667,E,Estimated value,
QCL,Crops and livestock products,143,Morocco,5510,Production,541,Other stone fruits,1988,1988,t,200,E,Estimated value,
QCL,Crops and livestock products,143,Morocco,5312,Area harvested,541,Other stone fruits,1989,1989,ha,30,E,Estimated value,
QCL,Crops and livestock products,143,Morocco,5419,Yield,541,Other stone fruits,1989,1989,100 g/ha,66667,E,Estimated value,
QCL,Crops and livestock products,143,Morocco,5510,Production,541,Other stone fruits,1989,1989,t,200,E,Estimated value,
QCL,Crops and livestock products,143,Morocco,5312,Area harvested,541,Other stone fruits,1990,1990,ha,30,E,Estimated value,
QCL,Crops and livestock products,143,Morocco,5419,Yield,541,Other stone fruits,1990,1990,100 g/ha,54000,E,Estimated value,
QCL,Crops and livestock products,143,Morocco,5510,Production,541,Other stone fruits,1990,1990,t,162,E,Estimated value,
QCL,Crops and livestock products,143,Morocco,5312,Area harvested,541,Other stone fruits,1991,1991,ha,30,E,Estimated value,
QCL,Crops and livestock products,143,Morocco,5419,Yield,541,Other stone fruits,1991,1991,100 g/ha,108333,E,Estimated value,
QCL,Crops and livestock products,143,Morocco,5510,Production,541,Other stone fruits,1991,1991,t,325,E,Estimated value,
QCL,Crops and livestock products,143,Morocco,5312,Area harvested,541,Other stone fruits,1992,1992,ha,30,I,Imputed value,
QCL,Crops and livestock products,143,Morocco,5419,Yield,541,Other stone fruits,1992,1992,100 g/ha,109178,E,Estimated value,
QCL,Crops and livestock products,143,Morocco,5510,Production,541,Other stone fruits,1992,1992,t,325,E,Estimated value,
QCL,Crops and livestock products,143,Morocco,5312,Area harvested,541,Other stone fruits,1993,1993,ha,30,I,Imputed value,
QCL,Crops and livestock products,143,Morocco,5419,Yield,541,Other stone fruits,1993,1993,100 g/ha,109413,E,Estimated value,
QCL,Crops and livestock products,143,Morocco,5510,Production,541,Other stone fruits,1993,1993,t,325,E,Estimated value,
QCL,Crops and livestock products,143,Morocco,5312,Area harvested,541,Other stone fruits,1994,1994,ha,30,I,Imputed value,
QCL,Crops and livestock products,143,Morocco,5419,Yield,541,Other stone fruits,1994,1994,100 g/ha,109648,E,Estimated value,
QCL,Crops and livestock products,143,Morocco,5510,Production,541,Other stone fruits,1994,1994,t,325,E,Estimated value,
QCL,Crops and livestock products,143,Morocco,5312,Area harvested,541,Other stone fruits,1995,1995,ha,30,I,Imputed value,
QCL,Crops and livestock products,143,Morocco,5419,Yield,541,Other stone fruits,1995,1995,100 g/ha,109885,E,Estimated value,
QCL,Crops and livestock products,143,Morocco,5510,Production,541,Other stone fruits,1995,1995,t,325,E,Estimated value,
QCL,Crops and livestock products,143,Morocco,5312,Area harvested,541,Other stone fruits,1996,1996,ha,30,I,Imputed value,
QCL,Crops and livestock products,143,Morocco,5419,Yield,541,Other stone fruits,1996,1996,100 g/ha,110122,E,Estimated value,
QCL,Crops and livestock products,143,Morocco,5510,Production,541,Other stone fruits,1996,1996,t,325,E,Estimated value,
QCL,Crops and livestock products,143,Morocco,5312,Area harvested,541,Other stone fruits,1997,1997,ha,29,I,Imputed value,
QCL,Crops and livestock products,143,Morocco,5419,Yield,541,Other stone fruits,1997,1997,100 g/ha,109681,E,Estimated value,
QCL,Crops and livestock products,143,Morocco,5510,Production,541,Other stone fruits,1997,1997,t,323,E,Estimated value,
QCL,Crops and livestock products,143,Morocco,5312,Area harvested,541,Other stone fruits,1998,1998,ha,29,I,Imputed value,
QCL,Crops and livestock products,143,Morocco,5419,Yield,541,Other stone fruits,1998,1998,100 g/ha,109919,E,Estimated value,
QCL,Crops and livestock products,143,Morocco,5510,Production,541,Other stone fruits,1998,1998,t,323,E,Estimated value,
QCL,Crops and livestock products,143,Morocco,5312,Area harvested,541,Other stone fruits,1999,1999,ha,29,I,Imputed value,
QCL,Crops and livestock products,143,Morocco,5419,Yield,541,Other stone fruits,1999,1999,100 g/ha,109134,E,Estimated value,
QCL,Crops and livestock products,143,Morocco,5510,Production,541,Other stone fruits,1999,1999,t,320,E,Estimated value,
QCL,Crops and livestock products,143,Morocco,5312,Area harvested,541,Other stone fruits,2000,2000,ha,29,I,Imputed value,
QCL,Crops and livestock products,143,Morocco,5419,Yield,541,Other stone fruits,2000,2000,100 g/ha,110055,E,Estimated value,
QCL,Crops and livestock products,143,Morocco,5510,Production,541,Other stone fruits,2000,2000,t,322,E,Estimated value,
QCL,Crops and livestock products,143,Morocco,5312,Area harvested,541,Other stone fruits,2001,2001,ha,29,I,Imputed value,
QCL,Crops and livestock products,143,Morocco,5419,Yield,541,Other stone fruits,2001,2001,100 g/ha,110294,E,Estimated value,
QCL,Crops and livestock products,143,Morocco,5510,Production,541,Other stone fruits,2001,2001,t,322,E,Estimated value,
QCL,Crops and livestock products,143,Morocco,5312,Area harvested,541,Other stone fruits,2002,2002,ha,29,I,Imputed value,
QCL,Crops and livestock products,143,Morocco,5419,Yield,541,Other stone fruits,2002,2002,100 g/ha,109848,E,Estimated value,
QCL,Crops and livestock products,143,Morocco,5510,Production,541,Other stone fruits,2002,2002,t,320,E,Estimated value,
QCL,Crops and livestock products,143,Morocco,5312,Area harvested,541,Other stone fruits,2003,2003,ha,29,I,Imputed value,
QCL,Crops and livestock products,143,Morocco,5419,Yield,541,Other stone fruits,2003,2003,100 g/ha,110087,E,Estimated value,
QCL,Crops and livestock products,143,Morocco,5510,Production,541,Other stone fruits,2003,2003,t,320,E,Estimated value,
QCL,Crops and livestock products,143,Morocco,5312,Area harvested,541,Other stone fruits,2004,2004,ha,29,I,Imputed value,
QCL,Crops and livestock products,143,Morocco,5419,Yield,541,Other stone fruits,2004,2004,100 g/ha,111362,E,Estimated value,
QCL,Crops and livestock products,143,Morocco,5510,Production,541,Other stone fruits,2004,2004,t,323,E,Estimated value,
QCL,Crops and livestock products,143,Morocco,5312,Area harvested,541,Other stone fruits,2005,2005,ha,29,I,Imputed value,
QCL,Crops and livestock products,143,Morocco,5419,Yield,541,Other stone fruits,2005,2005,100 g/ha,111607,E,Estimated value,
QCL,Crops and livestock products,143,Morocco,5510,Production,541,Other stone fruits,2005,2005,t,323,E,Estimated value,
QCL,Crops and livestock products,143,Morocco,5312,Area harvested,541,Other stone fruits,2006,2006,ha,29,I,Imputed value,
QCL,Crops and livestock products,143,Morocco,5419,Yield,541,Other stone fruits,2006,2006,100 g/ha,110815,E,Estimated value,
QCL,Crops and livestock products,143,Morocco,5510,Production,541,Other stone fruits,2006,2006,t,320,E,Estimated value,
QCL,Crops and livestock products,143,Morocco,5312,Area harvested,541,Other stone fruits,2007,2007,ha,29,I,Imputed value,
QCL,Crops and livestock products,143,Morocco,5419,Yield,541,Other stone fruits,2007,2007,100 g/ha,111760,E,Estimated value,
QCL,Crops and livestock products,143,Morocco,5510,Production,541,Other stone fruits,2007,2007,t,322,E,Estimated value,
QCL,Crops and livestock products,143,Morocco,5312,Area harvested,541,Other stone fruits,2008,2008,ha,29,I,Imputed value,
QCL,Crops and livestock products,143,Morocco,5419,Yield,541,Other stone fruits,2008,2008,100 g/ha,111329,E,Estimated value,
QCL,Crops and livestock products,143,Morocco,5510,Production,541,Other stone fruits,2008,2008,t,320,E,Estimated value,
QCL,Crops and livestock products,143,Morocco,5312,Area harvested,541,Other stone fruits,2009,2009,ha,29,I,Imputed value,
QCL,Crops and livestock products,143,Morocco,5419,Yield,541,Other stone fruits,2009,2009,100 g/ha,112320,E,Estimated value,
QCL,Crops and livestock products,143,Morocco,5510,Production,541,Other stone fruits,2009,2009,t,322,E,Estimated value,
QCL,Crops and livestock products,143,Morocco,5312,Area harvested,541,Other stone fruits,2010,2010,ha,29,I,Imputed value,
QCL,Crops and livestock products,143,Morocco,5419,Yield,541,Other stone fruits,2010,2010,100 g/ha,111995,E,Estimated value,
QCL,Crops and livestock products,143,Morocco,5510,Production,541,Other stone fruits,2010,2010,t,320,E,Estimated value,
QCL,Crops and livestock products,143,Morocco,5312,Area harvested,541,Other stone fruits,2011,2011,ha,28,I,Imputed value,
QCL,Crops and livestock products,143,Morocco,5419,Yield,541,Other stone fruits,2011,2011,100 g/ha,112213,E,Estimated value,
QCL,Crops and livestock products,143,Morocco,5510,Production,541,Other stone fruits,2011,2011,t,319,E,Estimated value,
QCL,Crops and livestock products,143,Morocco,5312,Area harvested,541,Other stone fruits,2012,2012,ha,28,E,Estimated value,
QCL,Crops and livestock products,143,Morocco,5419,Yield,541,Other stone fruits,2012,2012,100 g/ha,113929,E,Estimated value,
QCL,Crops and livestock products,143,Morocco,5510,Production,541,Other stone fruits,2012,2012,t,319,E,Estimated value,
QCL,Crops and livestock products,143,Morocco,5312,Area harvested,541,Other stone fruits,2013,2013,ha,28,I,Imputed value,
QCL,Crops and livestock products,143,Morocco,5419,Yield,541,Other stone fruits,2013,2013,100 g/ha,115905,E,Estimated value,
QCL,Crops and livestock products,143,Morocco,5510,Production,541,Other stone fruits,2013,2013,t,320,E,Estimated value,
QCL,Crops and livestock products,143,Morocco,5312,Area harvested,541,Other stone fruits,2014,2014,ha,34,I,Imputed value,
QCL,Crops and livestock products,143,Morocco,5419,Yield,541,Other stone fruits,2014,2014,100 g/ha,92871,E,Estimated value,
QCL,Crops and livestock products,143,Morocco,5510,Production,541,Other stone fruits,2014,2014,t,320,E,Estimated value,
QCL,Crops and livestock products,143,Morocco,5312,Area harvested,541,Other stone fruits,2015,2015,ha,34,I,Imputed value,
QCL,Crops and livestock products,143,Morocco,5419,Yield,541,Other stone fruits,2015,2015,100 g/ha,92889,E,Estimated value,
QCL,Crops and livestock products,143,Morocco,5510,Production,541,Other stone fruits,2015,2015,t,320,E,Estimated value,
QCL,Crops and livestock products,143,Morocco,5312,Area harvested,541,Other stone fruits,2016,2016,ha,34,I,Imputed value,
QCL,Crops and livestock products,143,Morocco,5419,Yield,541,Other stone fruits,2016,2016,100 g/ha,92903,E,Estimated value,
QCL,Crops and livestock products,143,Morocco,5510,Production,541,Other stone fruits,2016,2016,t,319,E,Estimated value,
QCL,Crops and livestock products,143,Morocco,5312,Area harvested,541,Other stone fruits,2017,2017,ha,34,I,Imputed value,
QCL,Crops and livestock products,143,Morocco,5419,Yield,541,Other stone fruits,2017,2017,100 g/ha,95092,E,Estimated value,
QCL,Crops and livestock products,143,Morocco,5510,Production,541,Other stone fruits,2017,2017,t,319,E,Estimated value,
QCL,Crops and livestock products,143,Morocco,5312,Area harvested,541,Other stone fruits,2018,2018,ha,33,I,Imputed value,
QCL,Crops and livestock products,143,Morocco,5419,Yield,541,Other stone fruits,2018,2018,100 g/ha,96176,E,Estimated value,
QCL,Crops and livestock products,143,Morocco,5510,Production,541,Other stone fruits,2018,2018,t,318.62,I,Imputed value,
QCL,Crops and livestock products,143,Morocco,5312,Area harvested,541,Other stone fruits,2019,2019,ha,35,I,Imputed value,
QCL,Crops and livestock products,143,Morocco,5419,Yield,541,Other stone fruits,2019,2019,100 g/ha,92153,E,Estimated value,
QCL,Crops and livestock products,143,Morocco,5510,Production,541,Other stone fruits,2019,2019,t,318.59,I,Imputed value,
QCL,Crops and livestock products,143,Morocco,5312,Area harvested,541,Other stone fruits,2020,2020,ha,36,I,Imputed value,
QCL,Crops and livestock products,143,Morocco,5419,Yield,541,Other stone fruits,2020,2020,100 g/ha,89253,E,Estimated value,
QCL,Crops and livestock products,143,Morocco,5510,Production,541,Other stone fruits,2020,2020,t,318.59,I,Imputed value,
QCL,Crops and livestock products,143,Morocco,5312,Area harvested,541,Other stone fruits,2021,2021,ha,34,E,Estimated value,
QCL,Crops and livestock products,143,Morocco,5419,Yield,541,Other stone fruits,2021,2021,100 g/ha,92397,E,Estimated value,
QCL,Crops and livestock products,143,Morocco,5510,Production,541,Other stone fruits,2021,2021,t,318.45,I,Imputed value,
QCL,Crops and livestock products,143,Morocco,5312,Area harvested,541,Other stone fruits,2022,2022,ha,35,E,Estimated value,
QCL,Crops and livestock products,143,Morocco,5419,Yield,541,Other stone fruits,2022,2022,100 g/ha,91177,E,Estimated value,
QCL,Crops and livestock products,143,Morocco,5510,Production,541,Other stone fruits,2022,2022,t,318.31,I,Imputed value,
QCL,Crops and livestock products,143,Morocco,5312,Area harvested,603,"Other tropical fruits, n.e.c.",1961,1961,ha,0,M,"Missing value (data cannot exist, not applicable)",
QCL,Crops and livestock products,143,Morocco,5510,Production,603,"Other tropical fruits, n.e.c.",1961,1961,t,0,A,Official figure,
QCL,Crops and livestock products,143,Morocco,5312,Area harvested,603,"Other tropical fruits, n.e.c.",1962,1962,ha,8,E,Estimated value,
QCL,Crops and livestock products,143,Morocco,5419,Yield,603,"Other tropical fruits, n.e.c.",1962,1962,100 g/ha,62500,E,Estimated value,
QCL,Crops and livestock products,143,Morocco,5510,Production,603,"Other tropical fruits, n.e.c.",1962,1962,t,50,E,Estimated value,
QCL,Crops and livestock products,143,Morocco,5312,Area harvested,603,"Other tropical fruits, n.e.c.",1963,1963,ha,9,E,Estimated value,
QCL,Crops and livestock products,143,Morocco,5419,Yield,603,"Other tropical fruits, n.e.c.",1963,1963,100 g/ha,66667,E,Estimated value,
QCL,Crops and livestock products,143,Morocco,5510,Production,603,"Other tropical fruits, n.e.c.",1963,1963,t,60,E,Estimated value,
QCL,Crops and livestock products,143,Morocco,5312,Area harvested,603,"Other tropical fruits, n.e.c.",1964,1964,ha,15,E,Estimated value,
QCL,Crops and livestock products,143,Morocco,5419,Yield,603,"Other tropical fruits, n.e.c.",1964,1964,100 g/ha,66667,E,Estimated value,
QCL,Crops and livestock products,143,Morocco,5510,Production,603,"Other tropical fruits, n.e.c.",1964,1964,t,100,E,Estimated value,
QCL,Crops and livestock products,143,Morocco,5312,Area harvested,603,"Other tropical fruits, n.e.c.",1965,1965,ha,30,E,Estimated value,
QCL,Crops and livestock products,143,Morocco,5419,Yield,603,"Other tropical fruits, n.e.c.",1965,1965,100 g/ha,66667,E,Estimated value,
QCL,Crops and livestock products,143,Morocco,5510,Production,603,"Other tropical fruits, n.e.c.",1965,1965,t,200,E,Estimated value,
QCL,Crops and livestock products,143,Morocco,5312,Area harvested,603,"Other tropical fruits, n.e.c.",1966,1966,ha,65,E,Estimated value,
QCL,Crops and livestock products,143,Morocco,5419,Yield,603,"Other tropical fruits, n.e.c.",1966,1966,100 g/ha,64615,E,Estimated value,
QCL,Crops and livestock products,143,Morocco,5510,Production,603,"Other tropical fruits, n.e.c.",1966,1966,t,420,E,Estimated value,
QCL,Crops and livestock products,143,Morocco,5312,Area harvested,603,"Other tropical fruits, n.e.c.",1967,1967,ha,61,E,Estimated value,
QCL,Crops and livestock products,143,Morocco,5419,Yield,603,"Other tropical fruits, n.e.c.",1967,1967,100 g/ha,65574,E,Estimated value,
QCL,Crops and livestock products,143,Morocco,5510,Production,603,"Other tropical fruits, n.e.c.",1967,1967,t,400,E,Estimated value,
QCL,Crops and livestock products,143,Morocco,5312,Area harvested,603,"Other tropical fruits, n.e.c.",1968,1968,ha,200,E,Estimated value,
QCL,Crops and livestock products,143,Morocco,5419,Yield,603,"Other tropical fruits, n.e.c.",1968,1968,100 g/ha,65000,E,Estimated value,
QCL,Crops and livestock products,143,Morocco,5510,Production,603,"Other tropical fruits, n.e.c.",1968,1968,t,1300,E,Estimated value,
QCL,Crops and livestock products,143,Morocco,5312,Area harvested,603,"Other tropical fruits, n.e.c.",1969,1969,ha,153,E,Estimated value,
QCL,Crops and livestock products,143,Morocco,5419,Yield,603,"Other tropical fruits, n.e.c.",1969,1969,100 g/ha,65359,E,Estimated value,
QCL,Crops and livestock products,143,Morocco,5510,Production,603,"Other tropical fruits, n.e.c.",1969,1969,t,1000,E,Estimated value,
QCL,Crops and livestock products,143,Morocco,5312,Area harvested,603,"Other tropical fruits, n.e.c.",1970,1970,ha,77,E,Estimated value,
QCL,Crops and livestock products,143,Morocco,5419,Yield,603,"Other tropical fruits, n.e.c.",1970,1970,100 g/ha,64935,E,Estimated value,
QCL,Crops and livestock products,143,Morocco,5510,Production,603,"Other tropical fruits, n.e.c.",1970,1970,t,500,E,Estimated value,
QCL,Crops and livestock products,143,Morocco,5312,Area harvested,603,"Other tropical fruits, n.e.c.",1971,1971,ha,77,E,Estimated value,
QCL,Crops and livestock products,143,Morocco,5419,Yield,603,"Other tropical fruits, n.e.c.",1971,1971,100 g/ha,64935,E,Estimated value,
QCL,Crops and livestock products,143,Morocco,5510,Production,603,"Other tropical fruits, n.e.c.",1971,1971,t,500,E,Estimated value,
QCL,Crops and livestock products,143,Morocco,5312,Area harvested,603,"Other tropical fruits, n.e.c.",1972,1972,ha,77,E,Estimated value,
QCL,Crops and livestock products,143,Morocco,5419,Yield,603,"Other tropical fruits, n.e.c.",1972,1972,100 g/ha,64935,E,Estimated value,
QCL,Crops and livestock products,143,Morocco,5510,Production,603,"Other tropical fruits, n.e.c.",1972,1972,t,500,E,Estimated value,
QCL,Crops and livestock products,143,Morocco,5312,Area harvested,603,"Other tropical fruits, n.e.c.",1973,1973,ha,77,E,Estimated value,
QCL,Crops and livestock products,143,Morocco,5419,Yield,603,"Other tropical fruits, n.e.c.",1973,1973,100 g/ha,64935,E,Estimated value,
QCL,Crops and livestock products,143,Morocco,5510,Production,603,"Other tropical fruits, n.e.c.",1973,1973,t,500,E,Estimated value,
QCL,Crops and livestock products,143,Morocco,5312,Area harvested,603,"Other tropical fruits, n.e.c.",1974,1974,ha,77,E,Estimated value,
QCL,Crops and livestock products,143,Morocco,5419,Yield,603,"Other tropical fruits, n.e.c.",1974,1974,100 g/ha,64935,E,Estimated value,
QCL,Crops and livestock products,143,Morocco,5510,Production,603,"Other tropical fruits, n.e.c.",1974,1974,t,500,E,Estimated value,
QCL,Crops and livestock products,143,Morocco,5312,Area harvested,603,"Other tropical fruits, n.e.c.",1975,1975,ha,62,E,Estimated value,
QCL,Crops and livestock products,143,Morocco,5419,Yield,603,"Other tropical fruits, n.e.c.",1975,1975,100 g/ha,64516,E,Estimated value,
QCL,Crops and livestock products,143,Morocco,5510,Production,603,"Other tropical fruits, n.e.c.",1975,1975,t,400,E,Estimated value,
QCL,Crops and livestock products,143,Morocco,5312,Area harvested,603,"Other tropical fruits, n.e.c.",1976,1976,ha,62,E,Estimated value,
QCL,Crops and livestock products,143,Morocco,5419,Yield,603,"Other tropical fruits, n.e.c.",1976,1976,100 g/ha,64516,E,Estimated value,
QCL,Crops and livestock products,143,Morocco,5510,Production,603,"Other tropical fruits, n.e.c.",1976,1976,t,400,E,Estimated value,
QCL,Crops and livestock products,143,Morocco,5312,Area harvested,603,"Other tropical fruits, n.e.c.",1977,1977,ha,62,E,Estimated value,
QCL,Crops and livestock products,143,Morocco,5419,Yield,603,"Other tropical fruits, n.e.c.",1977,1977,100 g/ha,64516,E,Estimated value,
QCL,Crops and livestock products,143,Morocco,5510,Production,603,"Other tropical fruits, n.e.c.",1977,1977,t,400,E,Estimated value,
QCL,Crops and livestock products,143,Morocco,5312,Area harvested,603,"Other tropical fruits, n.e.c.",1978,1978,ha,62,E,Estimated value,
QCL,Crops and livestock products,143,Morocco,5419,Yield,603,"Other tropical fruits, n.e.c.",1978,1978,100 g/ha,64516,E,Estimated value,
QCL,Crops and livestock products,143,Morocco,5510,Production,603,"Other tropical fruits, n.e.c.",1978,1978,t,400,E,Estimated value,
QCL,Crops and livestock products,143,Morocco,5312,Area harvested,603,"Other tropical fruits, n.e.c.",1979,1979,ha,62,E,Estimated value,
QCL,Crops and livestock products,143,Morocco,5419,Yield,603,"Other tropical fruits, n.e.c.",1979,1979,100 g/ha,64516,E,Estimated value,
QCL,Crops and livestock products,143,Morocco,5510,Production,603,"Other tropical fruits, n.e.c.",1979,1979,t,400,E,Estimated value,
QCL,Crops and livestock products,143,Morocco,5312,Area harvested,603,"Other tropical fruits, n.e.c.",1980,1980,ha,62,E,Estimated value,
QCL,Crops and livestock products,143,Morocco,5419,Yield,603,"Other tropical fruits, n.e.c.",1980,1980,100 g/ha,64516,E,Estimated value,
QCL,Crops and livestock products,143,Morocco,5510,Production,603,"Other tropical fruits, n.e.c.",1980,1980,t,400,E,Estimated value,
QCL,Crops and livestock products,143,Morocco,5312,Area harvested,603,"Other tropical fruits, n.e.c.",1981,1981,ha,46,E,Estimated value,
QCL,Crops and livestock products,143,Morocco,5419,Yield,603,"Other tropical fruits, n.e.c.",1981,1981,100 g/ha,65217,E,Estimated value,
QCL,Crops and livestock products,143,Morocco,5510,Production,603,"Other tropical fruits, n.e.c.",1981,1981,t,300,E,Estimated value,
QCL,Crops and livestock products,143,Morocco,5312,Area harvested,603,"Other tropical fruits, n.e.c.",1982,1982,ha,46,E,Estimated value,
QCL,Crops and livestock products,143,Morocco,5419,Yield,603,"Other tropical fruits, n.e.c.",1982,1982,100 g/ha,65217,E,Estimated value,
QCL,Crops and livestock products,143,Morocco,5510,Production,603,"Other tropical fruits, n.e.c.",1982,1982,t,300,E,Estimated value,
QCL,Crops and livestock products,143,Morocco,5312,Area harvested,603,"Other tropical fruits, n.e.c.",1983,1983,ha,46,E,Estimated value,
QCL,Crops and livestock products,143,Morocco,5419,Yield,603,"Other tropical fruits, n.e.c.",1983,1983,100 g/ha,65217,E,Estimated value,
QCL,Crops and livestock products,143,Morocco,5510,Production,603,"Other tropical fruits, n.e.c.",1983,1983,t,300,E,Estimated value,
QCL,Crops and livestock products,143,Morocco,5312,Area harvested,603,"Other tropical fruits, n.e.c.",1984,1984,ha,46,E,Estimated value,
QCL,Crops and livestock products,143,Morocco,5419,Yield,603,"Other tropical fruits, n.e.c.",1984,1984,100 g/ha,65217,E,Estimated value,
QCL,Crops and livestock products,143,Morocco,5510,Production,603,"Other tropical fruits, n.e.c.",1984,1984,t,300,E,Estimated value,
QCL,Crops and livestock products,143,Morocco,5312,Area harvested,603,"Other tropical fruits, n.e.c.",1985,1985,ha,46,E,Estimated value,
QCL,Crops and livestock products,143,Morocco,5419,Yield,603,"Other tropical fruits, n.e.c.",1985,1985,100 g/ha,65217,E,Estimated value,
QCL,Crops and livestock products,143,Morocco,5510,Production,603,"Other tropical fruits, n.e.c.",1985,1985,t,300,E,Estimated value,
QCL,Crops and livestock products,143,Morocco,5312,Area harvested,603,"Other tropical fruits, n.e.c.",1986,1986,ha,46,E,Estimated value,
QCL,Crops and livestock products,143,Morocco,5419,Yield,603,"Other tropical fruits, n.e.c.",1986,1986,100 g/ha,65217,E,Estimated value,
QCL,Crops and livestock products,143,Morocco,5510,Production,603,"Other tropical fruits, n.e.c.",1986,1986,t,300,E,Estimated value,
QCL,Crops and livestock products,143,Morocco,5312,Area harvested,603,"Other tropical fruits, n.e.c.",1987,1987,ha,48,E,Estimated value,
QCL,Crops and livestock products,143,Morocco,5419,Yield,603,"Other tropical fruits, n.e.c.",1987,1987,100 g/ha,64583,E,Estimated value,
QCL,Crops and livestock products,143,Morocco,5510,Production,603,"Other tropical fruits, n.e.c.",1987,1987,t,310,E,Estimated value,
QCL,Crops and livestock products,143,Morocco,5312,Area harvested,603,"Other tropical fruits, n.e.c.",1988,1988,ha,49,E,Estimated value,
QCL,Crops and livestock products,143,Morocco,5419,Yield,603,"Other tropical fruits, n.e.c.",1988,1988,100 g/ha,65306,E,Estimated value,
QCL,Crops and livestock products,143,Morocco,5510,Production,603,"Other tropical fruits, n.e.c.",1988,1988,t,320,E,Estimated value,
QCL,Crops and livestock products,143,Morocco,5312,Area harvested,603,"Other tropical fruits, n.e.c.",1989,1989,ha,49,E,Estimated value,
QCL,Crops and livestock products,143,Morocco,5419,Yield,603,"Other tropical fruits, n.e.c.",1989,1989,100 g/ha,65306,E,Estimated value,
QCL,Crops and livestock products,143,Morocco,5510,Production,603,"Other tropical fruits, n.e.c.",1989,1989,t,320,E,Estimated value,
QCL,Crops and livestock products,143,Morocco,5312,Area harvested,603,"Other tropical fruits, n.e.c.",1990,1990,ha,51,E,Estimated value,
QCL,Crops and livestock products,143,Morocco,5419,Yield,603,"Other tropical fruits, n.e.c.",1990,1990,100 g/ha,50784,E,Estimated value,
QCL,Crops and livestock products,143,Morocco,5510,Production,603,"Other tropical fruits, n.e.c.",1990,1990,t,259,E,Estimated value,
QCL,Crops and livestock products,143,Morocco,5312,Area harvested,603,"Other tropical fruits, n.e.c.",1991,1991,ha,50,E,Estimated value,
QCL,Crops and livestock products,143,Morocco,5419,Yield,603,"Other tropical fruits, n.e.c.",1991,1991,100 g/ha,65000,E,Estimated value,
QCL,Crops and livestock products,143,Morocco,5510,Production,603,"Other tropical fruits, n.e.c.",1991,1991,t,325,E,Estimated value,
QCL,Crops and livestock products,143,Morocco,5312,Area harvested,603,"Other tropical fruits, n.e.c.",1992,1992,ha,51,E,Estimated value,
QCL,Crops and livestock products,143,Morocco,5419,Yield,603,"Other tropical fruits, n.e.c.",1992,1992,100 g/ha,64706,E,Estimated value,
QCL,Crops and livestock products,143,Morocco,5510,Production,603,"Other tropical fruits, n.e.c.",1992,1992,t,330,E,Estimated value,
QCL,Crops and livestock products,143,Morocco,5312,Area harvested,603,"Other tropical fruits, n.e.c.",1993,1993,ha,52,I,Imputed value,
QCL,Crops and livestock products,143,Morocco,5419,Yield,603,"Other tropical fruits, n.e.c.",1993,1993,100 g/ha,64977,E,Estimated value,
QCL,Crops and livestock products,143,Morocco,5510,Production,603,"Other tropical fruits, n.e.c.",1993,1993,t,334.68,I,Imputed value,
QCL,Crops and livestock products,143,Morocco,5312,Area harvested,603,"Other tropical fruits, n.e.c.",1994,1994,ha,52,E,Estimated value,
QCL,Crops and livestock products,143,Morocco,5419,Yield,603,"Other tropical fruits, n.e.c.",1994,1994,100 g/ha,65385,E,Estimated value,
QCL,Crops and livestock products,143,Morocco,5510,Production,603,"Other tropical fruits, n.e.c.",1994,1994,t,340,E,Estimated value,
QCL,Crops and livestock products,143,Morocco,5312,Area harvested,603,"Other tropical fruits, n.e.c.",1995,1995,ha,53,I,Imputed value,
QCL,Crops and livestock products,143,Morocco,5419,Yield,603,"Other tropical fruits, n.e.c.",1995,1995,100 g/ha,65091,E,Estimated value,
QCL,Crops and livestock products,143,Morocco,5510,Production,603,"Other tropical fruits, n.e.c.",1995,1995,t,344.96,I,Imputed value,
QCL,Crops and livestock products,143,Morocco,5312,Area harvested,603,"Other tropical fruits, n.e.c.",1996,1996,ha,54,E,Estimated value,
QCL,Crops and livestock products,143,Morocco,5419,Yield,603,"Other tropical fruits, n.e.c.",1996,1996,100 g/ha,64815,E,Estimated value,
QCL,Crops and livestock products,143,Morocco,5510,Production,603,"Other tropical fruits, n.e.c.",1996,1996,t,350,E,Estimated value,
QCL,Crops and livestock products,143,Morocco,5312,Area harvested,603,"Other tropical fruits, n.e.c.",1997,1997,ha,55,I,Imputed value,
QCL,Crops and livestock products,143,Morocco,5419,Yield,603,"Other tropical fruits, n.e.c.",1997,1997,100 g/ha,65192,E,Estimated value,
QCL,Crops and livestock products,143,Morocco,5510,Production,603,"Other tropical fruits, n.e.c.",1997,1997,t,355.33,I,Imputed value,
QCL,Crops and livestock products,143,Morocco,5312,Area harvested,603,"Other tropical fruits, n.e.c.",1998,1998,ha,55,E,Estimated value,
QCL,Crops and livestock products,143,Morocco,5419,Yield,603,"Other tropical fruits, n.e.c.",1998,1998,100 g/ha,65455,E,Estimated value,
QCL,Crops and livestock products,143,Morocco,5510,Production,603,"Other tropical fruits, n.e.c.",1998,1998,t,360,E,Estimated value,
QCL,Crops and livestock products,143,Morocco,5312,Area harvested,603,"Other tropical fruits, n.e.c.",1999,1999,ha,56,I,Imputed value,
QCL,Crops and livestock products,143,Morocco,5419,Yield,603,"Other tropical fruits, n.e.c.",1999,1999,100 g/ha,65340,E,Estimated value,
QCL,Crops and livestock products,143,Morocco,5510,Production,603,"Other tropical fruits, n.e.c.",1999,1999,t,365.89,I,Imputed value,
QCL,Crops and livestock products,143,Morocco,5312,Area harvested,603,"Other tropical fruits, n.e.c.",2000,2000,ha,57,E,Estimated value,
QCL,Crops and livestock products,143,Morocco,5419,Yield,603,"Other tropical fruits, n.e.c.",2000,2000,100 g/ha,64912,E,Estimated value,
QCL,Crops and livestock products,143,Morocco,5510,Production,603,"Other tropical fruits, n.e.c.",2000,2000,t,370,E,Estimated value,
QCL,Crops and livestock products,143,Morocco,5312,Area harvested,603,"Other tropical fruits, n.e.c.",2001,2001,ha,58,I,Imputed value,
QCL,Crops and livestock products,143,Morocco,5419,Yield,603,"Other tropical fruits, n.e.c.",2001,2001,100 g/ha,65404,E,Estimated value,
QCL,Crops and livestock products,143,Morocco,5510,Production,603,"Other tropical fruits, n.e.c.",2001,2001,t,376.25,I,Imputed value,
QCL,Crops and livestock products,143,Morocco,5312,Area harvested,603,"Other tropical fruits, n.e.c.",2002,2002,ha,58,E,Estimated value,
QCL,Crops and livestock products,143,Morocco,5419,Yield,603,"Other tropical fruits, n.e.c.",2002,2002,100 g/ha,65517,E,Estimated value,
QCL,Crops and livestock products,143,Morocco,5510,Production,603,"Other tropical fruits, n.e.c.",2002,2002,t,380,E,Estimated value,
QCL,Crops and livestock products,143,Morocco,5312,Area harvested,603,"Other tropical fruits, n.e.c.",2003,2003,ha,59,I,Imputed value,
QCL,Crops and livestock products,143,Morocco,5419,Yield,603,"Other tropical fruits, n.e.c.",2003,2003,100 g/ha,65838,E,Estimated value,
QCL,Crops and livestock products,143,Morocco,5510,Production,603,"Other tropical fruits, n.e.c.",2003,2003,t,389.43,I,Imputed value,
QCL,Crops and livestock products,143,Morocco,5312,Area harvested,603,"Other tropical fruits, n.e.c.",2004,2004,ha,60,E,Estimated value,
QCL,Crops and livestock products,143,Morocco,5419,Yield,603,"Other tropical fruits, n.e.c.",2004,2004,100 g/ha,66667,E,Estimated value,
QCL,Crops and livestock products,143,Morocco,5510,Production,603,"Other tropical fruits, n.e.c.",2004,2004,t,400,E,Estimated value,
QCL,Crops and livestock products,143,Morocco,5312,Area harvested,603,"Other tropical fruits, n.e.c.",2005,2005,ha,61,I,Imputed value,
QCL,Crops and livestock products,143,Morocco,5419,Yield,603,"Other tropical fruits, n.e.c.",2005,2005,100 g/ha,66236,E,Estimated value,
QCL,Crops and livestock products,143,Morocco,5510,Production,603,"Other tropical fruits, n.e.c.",2005,2005,t,404.83,I,Imputed value,
QCL,Crops and livestock products,143,Morocco,5312,Area harvested,603,"Other tropical fruits, n.e.c.",2006,2006,ha,62,I,Imputed value,
QCL,Crops and livestock products,143,Morocco,5419,Yield,603,"Other tropical fruits, n.e.c.",2006,2006,100 g/ha,66006,E,Estimated value,
QCL,Crops and livestock products,143,Morocco,5510,Production,603,"Other tropical fruits, n.e.c.",2006,2006,t,406.69,I,Imputed value,
QCL,Crops and livestock products,143,Morocco,5312,Area harvested,603,"Other tropical fruits, n.e.c.",2007,2007,ha,62,I,Imputed value,
QCL,Crops and livestock products,143,Morocco,5419,Yield,603,"Other tropical fruits, n.e.c.",2007,2007,100 g/ha,66048,E,Estimated value,
QCL,Crops and livestock products,143,Morocco,5510,Production,603,"Other tropical fruits, n.e.c.",2007,2007,t,410.79,I,Imputed value,
QCL,Crops and livestock products,143,Morocco,5312,Area harvested,603,"Other tropical fruits, n.e.c.",2008,2008,ha,63,I,Imputed value,
QCL,Crops and livestock products,143,Morocco,5419,Yield,603,"Other tropical fruits, n.e.c.",2008,2008,100 g/ha,66127,E,Estimated value,
QCL,Crops and livestock products,143,Morocco,5510,Production,603,"Other tropical fruits, n.e.c.",2008,2008,t,416.25,I,Imputed value,
QCL,Crops and livestock products,143,Morocco,5312,Area harvested,603,"Other tropical fruits, n.e.c.",2009,2009,ha,64,I,Imputed value,
QCL,Crops and livestock products,143,Morocco,5419,Yield,603,"Other tropical fruits, n.e.c.",2009,2009,100 g/ha,66206,E,Estimated value,
QCL,Crops and livestock products,143,Morocco,5510,Production,603,"Other tropical fruits, n.e.c.",2009,2009,t,421.72,I,Imputed value,
QCL,Crops and livestock products,143,Morocco,5312,Area harvested,603,"Other tropical fruits, n.e.c.",2010,2010,ha,64,I,Imputed value,
QCL,Crops and livestock products,143,Morocco,5419,Yield,603,"Other tropical fruits, n.e.c.",2010,2010,100 g/ha,66285,E,Estimated value,
QCL,Crops and livestock products,143,Morocco,5510,Production,603,"Other tropical fruits, n.e.c.",2010,2010,t,427.19,I,Imputed value,
QCL,Crops and livestock products,143,Morocco,5312,Area harvested,603,"Other tropical fruits, n.e.c.",2011,2011,ha,65,I,Imputed value,
QCL,Crops and livestock products,143,Morocco,5419,Yield,603,"Other tropical fruits, n.e.c.",2011,2011,100 g/ha,66364,E,Estimated value,
QCL,Crops and livestock products,143,Morocco,5510,Production,603,"Other tropical fruits, n.e.c.",2011,2011,t,432.65,I,Imputed value,
QCL,Crops and livestock products,143,Morocco,5312,Area harvested,603,"Other tropical fruits, n.e.c.",2012,2012,ha,66,I,Imputed value,
QCL,Crops and livestock products,143,Morocco,5419,Yield,603,"Other tropical fruits, n.e.c.",2012,2012,100 g/ha,66443,E,Estimated value,
QCL,Crops and livestock products,143,Morocco,5510,Production,603,"Other tropical fruits, n.e.c.",2012,2012,t,438.12,I,Imputed value,
QCL,Crops and livestock products,143,Morocco,5312,Area harvested,603,"Other tropical fruits, n.e.c.",2013,2013,ha,67,I,Imputed value,
QCL,Crops and livestock products,143,Morocco,5419,Yield,603,"Other tropical fruits, n.e.c.",2013,2013,100 g/ha,66522,E,Estimated value,
QCL,Crops and livestock products,143,Morocco,5510,Production,603,"Other tropical fruits, n.e.c.",2013,2013,t,443.58,I,Imputed value,
QCL,Crops and livestock products,143,Morocco,5312,Area harvested,603,"Other tropical fruits, n.e.c.",2014,2014,ha,68,I,Imputed value,
QCL,Crops and livestock products,143,Morocco,5419,Yield,603,"Other tropical fruits, n.e.c.",2014,2014,100 g/ha,66483,E,Estimated value,
QCL,Crops and livestock products,143,Morocco,5510,Production,603,"Other tropical fruits, n.e.c.",2014,2014,t,449.01,I,Imputed value,
QCL,Crops and livestock products,143,Morocco,5312,Area harvested,603,"Other tropical fruits, n.e.c.",2015,2015,ha,68,I,Imputed value,
QCL,Crops and livestock products,143,Morocco,5419,Yield,603,"Other tropical fruits, n.e.c.",2015,2015,100 g/ha,66502,E,Estimated value,
QCL,Crops and livestock products,143,Morocco,5510,Production,603,"Other tropical fruits, n.e.c.",2015,2015,t,454.88,I,Imputed value,
QCL,Crops and livestock products,143,Morocco,5312,Area harvested,603,"Other tropical fruits, n.e.c.",2016,2016,ha,69,I,Imputed value,
QCL,Crops and livestock products,143,Morocco,5419,Yield,603,"Other tropical fruits, n.e.c.",2016,2016,100 g/ha,66567,E,Estimated value,
QCL,Crops and livestock products,143,Morocco,5510,Production,603,"Other tropical fruits, n.e.c.",2016,2016,t,460.74,I,Imputed value,
QCL,Crops and livestock products,143,Morocco,5312,Area harvested,603,"Other tropical fruits, n.e.c.",2017,2017,ha,70,I,Imputed value,
QCL,Crops and livestock products,143,Morocco,5419,Yield,603,"Other tropical fruits, n.e.c.",2017,2017,100 g/ha,66616,E,Estimated value,
QCL,Crops and livestock products,143,Morocco,5510,Production,603,"Other tropical fruits, n.e.c.",2017,2017,t,466.52,I,Imputed value,
QCL,Crops and livestock products,143,Morocco,5312,Area harvested,603,"Other tropical fruits, n.e.c.",2018,2018,ha,71,I,Imputed value,
QCL,Crops and livestock products,143,Morocco,5419,Yield,603,"Other tropical fruits, n.e.c.",2018,2018,100 g/ha,66681,E,Estimated value,
QCL,Crops and livestock products,143,Morocco,5510,Production,603,"Other tropical fruits, n.e.c.",2018,2018,t,472.27,I,Imputed value,
QCL,Crops and livestock products,143,Morocco,5312,Area harvested,603,"Other tropical fruits, n.e.c.",2019,2019,ha,72,I,Imputed value,
QCL,Crops and livestock products,143,Morocco,5419,Yield,603,"Other tropical fruits, n.e.c.",2019,2019,100 g/ha,66715,E,Estimated value,
QCL,Crops and livestock products,143,Morocco,5510,Production,603,"Other tropical fruits, n.e.c.",2019,2019,t,477.97,I,Imputed value,
QCL,Crops and livestock products,143,Morocco,5312,Area harvested,603,"Other tropical fruits, n.e.c.",2020,2020,ha,72,I,Imputed value,
QCL,Crops and livestock products,143,Morocco,5419,Yield,603,"Other tropical fruits, n.e.c.",2020,2020,100 g/ha,66699,E,Estimated value,
QCL,Crops and livestock products,143,Morocco,5510,Production,603,"Other tropical fruits, n.e.c.",2020,2020,t,482.91,I,Imputed value,
QCL,Crops and livestock products,143,Morocco,5312,Area harvested,603,"Other tropical fruits, n.e.c.",2021,2021,ha,72,E,Estimated value,
QCL,Crops and livestock products,143,Morocco,5419,Yield,603,"Other tropical fruits, n.e.c.",2021,2021,100 g/ha,66698,E,Estimated value,
QCL,Crops and livestock products,143,Morocco,5510,Production,603,"Other tropical fruits, n.e.c.",2021,2021,t,477.72,E,Estimated value,
QCL,Crops and livestock products,143,Morocco,5312,Area harvested,603,"Other tropical fruits, n.e.c.",2022,2022,ha,72,E,Estimated value,
QCL,Crops and livestock products,143,Morocco,5419,Yield,603,"Other tropical fruits, n.e.c.",2022,2022,100 g/ha,66704,E,Estimated value,
QCL,Crops and livestock products,143,Morocco,5510,Production,603,"Other tropical fruits, n.e.c.",2022,2022,t,479.53,E,Estimated value,
QCL,Crops and livestock products,143,Morocco,5312,Area harvested,463,"Other vegetables, fresh n.e.c.",1961,1961,ha,8600,E,Estimated value,
QCL,Crops and livestock products,143,Morocco,5419,Yield,463,"Other vegetables, fresh n.e.c.",1961,1961,100 g/ha,65116,E,Estimated value,
QCL,Crops and livestock products,143,Morocco,5510,Production,463,"Other vegetables, fresh n.e.c.",1961,1961,t,56000,A,Official figure,
QCL,Crops and livestock products,143,Morocco,5312,Area harvested,463,"Other vegetables, fresh n.e.c.",1962,1962,ha,12500,E,Estimated value,
QCL,Crops and livestock products,143,Morocco,5419,Yield,463,"Other vegetables, fresh n.e.c.",1962,1962,100 g/ha,75200,E,Estimated value,
QCL,Crops and livestock products,143,Morocco,5510,Production,463,"Other vegetables, fresh n.e.c.",1962,1962,t,94000,A,Official figure,
QCL,Crops and livestock products,143,Morocco,5312,Area harvested,463,"Other vegetables, fresh n.e.c.",1963,1963,ha,12300,E,Estimated value,
QCL,Crops and livestock products,143,Morocco,5419,Yield,463,"Other vegetables, fresh n.e.c.",1963,1963,100 g/ha,60163,E,Estimated value,
QCL,Crops and livestock products,143,Morocco,5510,Production,463,"Other vegetables, fresh n.e.c.",1963,1963,t,74000,A,Official figure,
QCL,Crops and livestock products,143,Morocco,5312,Area harvested,463,"Other vegetables, fresh n.e.c.",1964,1964,ha,10300,E,Estimated value,
QCL,Crops and livestock products,143,Morocco,5419,Yield,463,"Other vegetables, fresh n.e.c.",1964,1964,100 g/ha,69903,E,Estimated value,
QCL,Crops and livestock products,143,Morocco,5510,Production,463,"Other vegetables, fresh n.e.c.",1964,1964,t,72000,A,Official figure,
QCL,Crops and livestock products,143,Morocco,5312,Area harvested,463,"Other vegetables, fresh n.e.c.",1965,1965,ha,13200,E,Estimated value,
QCL,Crops and livestock products,143,Morocco,5419,Yield,463,"Other vegetables, fresh n.e.c.",1965,1965,100 g/ha,75000,E,Estimated value,
QCL,Crops and livestock products,143,Morocco,5510,Production,463,"Other vegetables, fresh n.e.c.",1965,1965,t,99000,A,Official figure,
QCL,Crops and livestock products,143,Morocco,5312,Area harvested,463,"Other vegetables, fresh n.e.c.",1966,1966,ha,11860,E,Estimated value,
QCL,Crops and livestock products,143,Morocco,5419,Yield,463,"Other vegetables, fresh n.e.c.",1966,1966,100 g/ha,75042,E,Estimated value,
QCL,Crops and livestock products,143,Morocco,5510,Production,463,"Other vegetables, fresh n.e.c.",1966,1966,t,89000,A,Official figure,
QCL,Crops and livestock products,143,Morocco,5312,Area harvested,463,"Other vegetables, fresh n.e.c.",1967,1967,ha,11250,E,Estimated value,
QCL,Crops and livestock products,143,Morocco,5419,Yield,463,"Other vegetables, fresh n.e.c.",1967,1967,100 g/ha,80000,E,Estimated value,
QCL,Crops and livestock products,143,Morocco,5510,Production,463,"Other vegetables, fresh n.e.c.",1967,1967,t,90000,A,Official figure,
QCL,Crops and livestock products,143,Morocco,5312,Area harvested,463,"Other vegetables, fresh n.e.c.",1968,1968,ha,8180,E,Estimated value,
QCL,Crops and livestock products,143,Morocco,5419,Yield,463,"Other vegetables, fresh n.e.c.",1968,1968,100 g/ha,77017,E,Estimated value,
QCL,Crops and livestock products,143,Morocco,5510,Production,463,"Other vegetables, fresh n.e.c.",1968,1968,t,63000,A,Official figure,
QCL,Crops and livestock products,143,Morocco,5312,Area harvested,463,"Other vegetables, fresh n.e.c.",1969,1969,ha,11690,E,Estimated value,
QCL,Crops and livestock products,143,Morocco,5419,Yield,463,"Other vegetables, fresh n.e.c.",1969,1969,100 g/ha,76989,E,Estimated value,
QCL,Crops and livestock products,143,Morocco,5510,Production,463,"Other vegetables, fresh n.e.c.",1969,1969,t,90000,A,Official figure,
QCL,Crops and livestock products,143,Morocco,5312,Area harvested,463,"Other vegetables, fresh n.e.c.",1970,1970,ha,13100,E,Estimated value,
QCL,Crops and livestock products,143,Morocco,5419,Yield,463,"Other vegetables, fresh n.e.c.",1970,1970,100 g/ha,80153,E,Estimated value,
QCL,Crops and livestock products,143,Morocco,5510,Production,463,"Other vegetables, fresh n.e.c.",1970,1970,t,105000,A,Official figure,
QCL,Crops and livestock products,143,Morocco,5312,Area harvested,463,"Other vegetables, fresh n.e.c.",1971,1971,ha,12950,E,Estimated value,
QCL,Crops and livestock products,143,Morocco,5419,Yield,463,"Other vegetables, fresh n.e.c.",1971,1971,100 g/ha,84942,E,Estimated value,
QCL,Crops and livestock products,143,Morocco,5510,Production,463,"Other vegetables, fresh n.e.c.",1971,1971,t,110000,E,Estimated value,
QCL,Crops and livestock products,143,Morocco,5312,Area harvested,463,"Other vegetables, fresh n.e.c.",1972,1972,ha,15000,E,Estimated value,
QCL,Crops and livestock products,143,Morocco,5419,Yield,463,"Other vegetables, fresh n.e.c.",1972,1972,100 g/ha,80000,E,Estimated value,
QCL,Crops and livestock products,143,Morocco,5510,Production,463,"Other vegetables, fresh n.e.c.",1972,1972,t,120000,E,Estimated value,
QCL,Crops and livestock products,143,Morocco,5312,Area harvested,463,"Other vegetables, fresh n.e.c.",1973,1973,ha,13300,E,Estimated value,
QCL,Crops and livestock products,143,Morocco,5419,Yield,463,"Other vegetables, fresh n.e.c.",1973,1973,100 g/ha,90226,E,Estimated value,
QCL,Crops and livestock products,143,Morocco,5510,Production,463,"Other vegetables, fresh n.e.c.",1973,1973,t,120000,E,Estimated value,
QCL,Crops and livestock products,143,Morocco,5312,Area harvested,463,"Other vegetables, fresh n.e.c.",1974,1974,ha,13600,E,Estimated value,
QCL,Crops and livestock products,143,Morocco,5419,Yield,463,"Other vegetables, fresh n.e.c.",1974,1974,100 g/ha,89706,E,Estimated value,
QCL,Crops and livestock products,143,Morocco,5510,Production,463,"Other vegetables, fresh n.e.c.",1974,1974,t,122000,E,Estimated value,
QCL,Crops and livestock products,143,Morocco,5312,Area harvested,463,"Other vegetables, fresh n.e.c.",1975,1975,ha,11400,E,Estimated value,
QCL,Crops and livestock products,143,Morocco,5419,Yield,463,"Other vegetables, fresh n.e.c.",1975,1975,100 g/ha,109649,E,Estimated value,
QCL,Crops and livestock products,143,Morocco,5510,Production,463,"Other vegetables, fresh n.e.c.",1975,1975,t,125000,E,Estimated value,
QCL,Crops and livestock products,143,Morocco,5312,Area harvested,463,"Other vegetables, fresh n.e.c.",1976,1976,ha,11800,E,Estimated value,
QCL,Crops and livestock products,143,Morocco,5419,Yield,463,"Other vegetables, fresh n.e.c.",1976,1976,100 g/ha,110169,E,Estimated value,
QCL,Crops and livestock products,143,Morocco,5510,Production,463,"Other vegetables, fresh n.e.c.",1976,1976,t,130000,E,Estimated value,
QCL,Crops and livestock products,143,Morocco,5312,Area harvested,463,"Other vegetables, fresh n.e.c.",1977,1977,ha,12000,E,Estimated value,
QCL,Crops and livestock products,143,Morocco,5419,Yield,463,"Other vegetables, fresh n.e.c.",1977,1977,100 g/ha,110833,E,Estimated value,
QCL,Crops and livestock products,143,Morocco,5510,Production,463,"Other vegetables, fresh n.e.c.",1977,1977,t,133000,E,Estimated value,
QCL,Crops and livestock products,143,Morocco,5312,Area harvested,463,"Other vegetables, fresh n.e.c.",1978,1978,ha,14000,E,Estimated value,
QCL,Crops and livestock products,143,Morocco,5419,Yield,463,"Other vegetables, fresh n.e.c.",1978,1978,100 g/ha,100000,E,Estimated value,
QCL,Crops and livestock products,143,Morocco,5510,Production,463,"Other vegetables, fresh n.e.c.",1978,1978,t,140000,E,Estimated value,
QCL,Crops and livestock products,143,Morocco,5312,Area harvested,463,"Other vegetables, fresh n.e.c.",1979,1979,ha,15000,E,Estimated value,
QCL,Crops and livestock products,143,Morocco,5419,Yield,463,"Other vegetables, fresh n.e.c.",1979,1979,100 g/ha,100000,E,Estimated value,
QCL,Crops and livestock products,143,Morocco,5510,Production,463,"Other vegetables, fresh n.e.c.",1979,1979,t,150000,E,Estimated value,
QCL,Crops and livestock products,143,Morocco,5312,Area harvested,463,"Other vegetables, fresh n.e.c.",1980,1980,ha,14600,E,Estimated value,
QCL,Crops and livestock products,143,Morocco,5419,Yield,463,"Other vegetables, fresh n.e.c.",1980,1980,100 g/ha,104795,E,Estimated value,
QCL,Crops and livestock products,143,Morocco,5510,Production,463,"Other vegetables, fresh n.e.c.",1980,1980,t,153000,E,Estimated value,
QCL,Crops and livestock products,143,Morocco,5312,Area harvested,463,"Other vegetables, fresh n.e.c.",1981,1981,ha,14700,E,Estimated value,
QCL,Crops and livestock products,143,Morocco,5419,Yield,463,"Other vegetables, fresh n.e.c.",1981,1981,100 g/ha,105442,E,Estimated value,
QCL,Crops and livestock products,143,Morocco,5510,Production,463,"Other vegetables, fresh n.e.c.",1981,1981,t,155000,E,Estimated value,
QCL,Crops and livestock products,143,Morocco,5312,Area harvested,463,"Other vegetables, fresh n.e.c.",1982,1982,ha,17000,E,Estimated value,
QCL,Crops and livestock products,143,Morocco,5419,Yield,463,"Other vegetables, fresh n.e.c.",1982,1982,100 g/ha,105882,E,Estimated value,
QCL,Crops and livestock products,143,Morocco,5510,Production,463,"Other vegetables, fresh n.e.c.",1982,1982,t,180000,E,Estimated value,
QCL,Crops and livestock products,143,Morocco,5312,Area harvested,463,"Other vegetables, fresh n.e.c.",1983,1983,ha,18900,E,Estimated value,
QCL,Crops and livestock products,143,Morocco,5419,Yield,463,"Other vegetables, fresh n.e.c.",1983,1983,100 g/ha,105820,E,Estimated value,
QCL,Crops and livestock products,143,Morocco,5510,Production,463,"Other vegetables, fresh n.e.c.",1983,1983,t,200000,E,Estimated value,
QCL,Crops and livestock products,143,Morocco,5312,Area harvested,463,"Other vegetables, fresh n.e.c.",1984,1984,ha,23100,E,Estimated value,
QCL,Crops and livestock products,143,Morocco,5419,Yield,463,"Other vegetables, fresh n.e.c.",1984,1984,100 g/ha,108225,E,Estimated value,
QCL,Crops and livestock products,143,Morocco,5510,Production,463,"Other vegetables, fresh n.e.c.",1984,1984,t,250000,E,Estimated value,
QCL,Crops and livestock products,143,Morocco,5312,Area harvested,463,"Other vegetables, fresh n.e.c.",1985,1985,ha,24000,E,Estimated value,
QCL,Crops and livestock products,143,Morocco,5419,Yield,463,"Other vegetables, fresh n.e.c.",1985,1985,100 g/ha,116667,E,Estimated value,
QCL,Crops and livestock products,143,Morocco,5510,Production,463,"Other vegetables, fresh n.e.c.",1985,1985,t,280000,E,Estimated value,
QCL,Crops and livestock products,143,Morocco,5312,Area harvested,463,"Other vegetables, fresh n.e.c.",1986,1986,ha,24000,E,Estimated value,
QCL,Crops and livestock products,143,Morocco,5419,Yield,463,"Other vegetables, fresh n.e.c.",1986,1986,100 g/ha,125000,E,Estimated value,
QCL,Crops and livestock products,143,Morocco,5510,Production,463,"Other vegetables, fresh n.e.c.",1986,1986,t,300000,E,Estimated value,
QCL,Crops and livestock products,143,Morocco,5312,Area harvested,463,"Other vegetables, fresh n.e.c.",1987,1987,ha,27000,E,Estimated value,
QCL,Crops and livestock products,143,Morocco,5419,Yield,463,"Other vegetables, fresh n.e.c.",1987,1987,100 g/ha,129630,E,Estimated value,
QCL,Crops and livestock products,143,Morocco,5510,Production,463,"Other vegetables, fresh n.e.c.",1987,1987,t,350000,A,Official figure,
QCL,Crops and livestock products,143,Morocco,5312,Area harvested,463,"Other vegetables, fresh n.e.c.",1988,1988,ha,20000,E,Estimated value,
QCL,Crops and livestock products,143,Morocco,5419,Yield,463,"Other vegetables, fresh n.e.c.",1988,1988,100 g/ha,141300,E,Estimated value,
QCL,Crops and livestock products,143,Morocco,5510,Production,463,"Other vegetables, fresh n.e.c.",1988,1988,t,282600,A,Official figure,
QCL,Crops and livestock products,143,Morocco,5312,Area harvested,463,"Other vegetables, fresh n.e.c.",1989,1989,ha,20000,E,Estimated value,
QCL,Crops and livestock products,143,Morocco,5419,Yield,463,"Other vegetables, fresh n.e.c.",1989,1989,100 g/ha,137250,E,Estimated value,
QCL,Crops and livestock products,143,Morocco,5510,Production,463,"Other vegetables, fresh n.e.c.",1989,1989,t,274500,A,Official figure,
QCL,Crops and livestock products,143,Morocco,5312,Area harvested,463,"Other vegetables, fresh n.e.c.",1990,1990,ha,22000,E,Estimated value,
QCL,Crops and livestock products,143,Morocco,5419,Yield,463,"Other vegetables, fresh n.e.c.",1990,1990,100 g/ha,151818,E,Estimated value,
QCL,Crops and livestock products,143,Morocco,5510,Production,463,"Other vegetables, fresh n.e.c.",1990,1990,t,334000,A,Official figure,
QCL,Crops and livestock products,143,Morocco,5312,Area harvested,463,"Other vegetables, fresh n.e.c.",1991,1991,ha,26000,E,Estimated value,
QCL,Crops and livestock products,143,Morocco,5419,Yield,463,"Other vegetables, fresh n.e.c.",1991,1991,100 g/ha,161077,E,Estimated value,
QCL,Crops and livestock products,143,Morocco,5510,Production,463,"Other vegetables, fresh n.e.c.",1991,1991,t,418800,A,Official figure,
QCL,Crops and livestock products,143,Morocco,5312,Area harvested,463,"Other vegetables, fresh n.e.c.",1992,1992,ha,16000,E,Estimated value,
QCL,Crops and livestock products,143,Morocco,5419,Yield,463,"Other vegetables, fresh n.e.c.",1992,1992,100 g/ha,172938,E,Estimated value,
QCL,Crops and livestock products,143,Morocco,5510,Production,463,"Other vegetables, fresh n.e.c.",1992,1992,t,276700,A,Official figure,
QCL,Crops and livestock products,143,Morocco,5312,Area harvested,463,"Other vegetables, fresh n.e.c.",1993,1993,ha,19000,E,Estimated value,
QCL,Crops and livestock products,143,Morocco,5419,Yield,463,"Other vegetables, fresh n.e.c.",1993,1993,100 g/ha,170237,E,Estimated value,
QCL,Crops and livestock products,143,Morocco,5510,Production,463,"Other vegetables, fresh n.e.c.",1993,1993,t,323450,A,Official figure,
QCL,Crops and livestock products,143,Morocco,5312,Area harvested,463,"Other vegetables, fresh n.e.c.",1994,1994,ha,20520,A,Official figure,
QCL,Crops and livestock products,143,Morocco,5419,Yield,463,"Other vegetables, fresh n.e.c.",1994,1994,100 g/ha,117593,A,Official figure,
QCL,Crops and livestock products,143,Morocco,5510,Production,463,"Other vegetables, fresh n.e.c.",1994,1994,t,241300,A,Official figure,
QCL,Crops and livestock products,143,Morocco,5312,Area harvested,463,"Other vegetables, fresh n.e.c.",1995,1995,ha,16165,A,Official figure,
QCL,Crops and livestock products,143,Morocco,5419,Yield,463,"Other vegetables, fresh n.e.c.",1995,1995,100 g/ha,115945,A,Official figure,
QCL,Crops and livestock products,143,Morocco,5510,Production,463,"Other vegetables, fresh n.e.c.",1995,1995,t,187425,A,Official figure,
QCL,Crops and livestock products,143,Morocco,5312,Area harvested,463,"Other vegetables, fresh n.e.c.",1996,1996,ha,23760,A,Official figure,
QCL,Crops and livestock products,143,Morocco,5419,Yield,463,"Other vegetables, fresh n.e.c.",1996,1996,100 g/ha,130257,A,Official figure,
QCL,Crops and livestock products,143,Morocco,5510,Production,463,"Other vegetables, fresh n.e.c.",1996,1996,t,309490,A,Official figure,
QCL,Crops and livestock products,143,Morocco,5312,Area harvested,463,"Other vegetables, fresh n.e.c.",1997,1997,ha,23000,E,Estimated value,
QCL,Crops and livestock products,143,Morocco,5419,Yield,463,"Other vegetables, fresh n.e.c.",1997,1997,100 g/ha,130435,E,Estimated value,
QCL,Crops and livestock products,143,Morocco,5510,Production,463,"Other vegetables, fresh n.e.c.",1997,1997,t,300000,E,Estimated value,
QCL,Crops and livestock products,143,Morocco,5312,Area harvested,463,"Other vegetables, fresh n.e.c.",1998,1998,ha,22000,E,Estimated value,
QCL,Crops and livestock products,143,Morocco,5419,Yield,463,"Other vegetables, fresh n.e.c.",1998,1998,100 g/ha,127273,E,Estimated value,
QCL,Crops and livestock products,143,Morocco,5510,Production,463,"Other vegetables, fresh n.e.c.",1998,1998,t,280000,E,Estimated value,
QCL,Crops and livestock products,143,Morocco,5312,Area harvested,463,"Other vegetables, fresh n.e.c.",1999,1999,ha,18364,A,Official figure,
QCL,Crops and livestock products,143,Morocco,5419,Yield,463,"Other vegetables, fresh n.e.c.",1999,1999,100 g/ha,139011,A,Official figure,
QCL,Crops and livestock products,143,Morocco,5510,Production,463,"Other vegetables, fresh n.e.c.",1999,1999,t,255280,A,Official figure,
QCL,Crops and livestock products,143,Morocco,5312,Area harvested,463,"Other vegetables, fresh n.e.c.",2000,2000,ha,16954,A,Official figure,
QCL,Crops and livestock products,143,Morocco,5419,Yield,463,"Other vegetables, fresh n.e.c.",2000,2000,100 g/ha,149782,A,Official figure,
QCL,Crops and livestock products,143,Morocco,5510,Production,463,"Other vegetables, fresh n.e.c.",2000,2000,t,253940,A,Official figure,
QCL,Crops and livestock products,143,Morocco,5312,Area harvested,463,"Other vegetables, fresh n.e.c.",2001,2001,ha,27254,A,Official figure,
QCL,Crops and livestock products,143,Morocco,5419,Yield,463,"Other vegetables, fresh n.e.c.",2001,2001,100 g/ha,126789,A,Official figure,
QCL,Crops and livestock products,143,Morocco,5510,Production,463,"Other vegetables, fresh n.e.c.",2001,2001,t,345550,A,Official figure,
QCL,Crops and livestock products,143,Morocco,5312,Area harvested,463,"Other vegetables, fresh n.e.c.",2002,2002,ha,23833,A,Official figure,
QCL,Crops and livestock products,143,Morocco,5419,Yield,463,"Other vegetables, fresh n.e.c.",2002,2002,100 g/ha,174040,A,Official figure,
QCL,Crops and livestock products,143,Morocco,5510,Production,463,"Other vegetables, fresh n.e.c.",2002,2002,t,414790,A,Official figure,
QCL,Crops and livestock products,143,Morocco,5312,Area harvested,463,"Other vegetables, fresh n.e.c.",2003,2003,ha,15930,A,Official figure,
QCL,Crops and livestock products,143,Morocco,5419,Yield,463,"Other vegetables, fresh n.e.c.",2003,2003,100 g/ha,154758,A,Official figure,
QCL,Crops and livestock products,143,Morocco,5510,Production,463,"Other vegetables, fresh n.e.c.",2003,2003,t,246530,A,Official figure,
QCL,Crops and livestock products,143,Morocco,5312,Area harvested,463,"Other vegetables, fresh n.e.c.",2004,2004,ha,17450,A,Official figure,
QCL,Crops and livestock products,143,Morocco,5419,Yield,463,"Other vegetables, fresh n.e.c.",2004,2004,100 g/ha,175117,A,Official figure,
QCL,Crops and livestock products,143,Morocco,5510,Production,463,"Other vegetables, fresh n.e.c.",2004,2004,t,305580,A,Official figure,
QCL,Crops and livestock products,143,Morocco,5312,Area harvested,463,"Other vegetables, fresh n.e.c.",2005,2005,ha,17305,A,Official figure,
QCL,Crops and livestock products,143,Morocco,5419,Yield,463,"Other vegetables, fresh n.e.c.",2005,2005,100 g/ha,158726,A,Official figure,
QCL,Crops and livestock products,143,Morocco,5510,Production,463,"Other vegetables, fresh n.e.c.",2005,2005,t,274675,A,Official figure,
QCL,Crops and livestock products,143,Morocco,5312,Area harvested,463,"Other vegetables, fresh n.e.c.",2006,2006,ha,25045,A,Official figure,
QCL,Crops and livestock products,143,Morocco,5419,Yield,463,"Other vegetables, fresh n.e.c.",2006,2006,100 g/ha,192929,A,Official figure,
QCL,Crops and livestock products,143,Morocco,5510,Production,463,"Other vegetables, fresh n.e.c.",2006,2006,t,483190,A,Official figure,
QCL,Crops and livestock products,143,Morocco,5312,Area harvested,463,"Other vegetables, fresh n.e.c.",2007,2007,ha,18507,A,Official figure,
QCL,Crops and livestock products,143,Morocco,5419,Yield,463,"Other vegetables, fresh n.e.c.",2007,2007,100 g/ha,166136,A,Official figure,
QCL,Crops and livestock products,143,Morocco,5510,Production,463,"Other vegetables, fresh n.e.c.",2007,2007,t,307468,A,Official figure,
QCL,Crops and livestock products,143,Morocco,5312,Area harvested,463,"Other vegetables, fresh n.e.c.",2008,2008,ha,18587,A,Official figure,
QCL,Crops and livestock products,143,Morocco,5419,Yield,463,"Other vegetables, fresh n.e.c.",2008,2008,100 g/ha,152488,A,Official figure,
QCL,Crops and livestock products,143,Morocco,5510,Production,463,"Other vegetables, fresh n.e.c.",2008,2008,t,283430,A,Official figure,
QCL,Crops and livestock products,143,Morocco,5312,Area harvested,463,"Other vegetables, fresh n.e.c.",2009,2009,ha,16849,A,Official figure,
QCL,Crops and livestock products,143,Morocco,5419,Yield,463,"Other vegetables, fresh n.e.c.",2009,2009,100 g/ha,133366,A,Official figure,
QCL,Crops and livestock products,143,Morocco,5510,Production,463,"Other vegetables, fresh n.e.c.",2009,2009,t,224709,A,Official figure,
QCL,Crops and livestock products,143,Morocco,5312,Area harvested,463,"Other vegetables, fresh n.e.c.",2010,2010,ha,18867,A,Official figure,
QCL,Crops and livestock products,143,Morocco,5419,Yield,463,"Other vegetables, fresh n.e.c.",2010,2010,100 g/ha,145458,A,Official figure,
QCL,Crops and livestock products,143,Morocco,5510,Production,463,"Other vegetables, fresh n.e.c.",2010,2010,t,274435,A,Official figure,
QCL,Crops and livestock products,143,Morocco,5312,Area harvested,463,"Other vegetables, fresh n.e.c.",2011,2011,ha,24923,A,Official figure,
QCL,Crops and livestock products,143,Morocco,5419,Yield,463,"Other vegetables, fresh n.e.c.",2011,2011,100 g/ha,224932,A,Official figure,
QCL,Crops and livestock products,143,Morocco,5510,Production,463,"Other vegetables, fresh n.e.c.",2011,2011,t,560598,A,Official figure,
QCL,Crops and livestock products,143,Morocco,5312,Area harvested,463,"Other vegetables, fresh n.e.c.",2012,2012,ha,16754,A,Official figure,
QCL,Crops and livestock products,143,Morocco,5419,Yield,463,"Other vegetables, fresh n.e.c.",2012,2012,100 g/ha,189133,A,Official figure,
QCL,Crops and livestock products,143,Morocco,5510,Production,463,"Other vegetables, fresh n.e.c.",2012,2012,t,316873,A,Official figure,
QCL,Crops and livestock products,143,Morocco,5312,Area harvested,463,"Other vegetables, fresh n.e.c.",2013,2013,ha,16462,A,Official figure,
QCL,Crops and livestock products,143,Morocco,5419,Yield,463,"Other vegetables, fresh n.e.c.",2013,2013,100 g/ha,192971,A,Official figure,
QCL,Crops and livestock products,143,Morocco,5510,Production,463,"Other vegetables, fresh n.e.c.",2013,2013,t,317658.52,A,Official figure,
QCL,Crops and livestock products,143,Morocco,5312,Area harvested,463,"Other vegetables, fresh n.e.c.",2014,2014,ha,14668,A,Official figure,
QCL,Crops and livestock products,143,Morocco,5419,Yield,463,"Other vegetables, fresh n.e.c.",2014,2014,100 g/ha,163836,A,Official figure,
QCL,Crops and livestock products,143,Morocco,5510,Production,463,"Other vegetables, fresh n.e.c.",2014,2014,t,240307.5,A,Official figure,
QCL,Crops and livestock products,143,Morocco,5312,Area harvested,463,"Other vegetables, fresh n.e.c.",2015,2015,ha,14389,A,Official figure,
QCL,Crops and livestock products,143,Morocco,5419,Yield,463,"Other vegetables, fresh n.e.c.",2015,2015,100 g/ha,178544,A,Official figure,
QCL,Crops and livestock products,143,Morocco,5510,Production,463,"Other vegetables, fresh n.e.c.",2015,2015,t,256908,A,Official figure,
QCL,Crops and livestock products,143,Morocco,5312,Area harvested,463,"Other vegetables, fresh n.e.c.",2016,2016,ha,11509,A,Official figure,
QCL,Crops and livestock products,143,Morocco,5419,Yield,463,"Other vegetables, fresh n.e.c.",2016,2016,100 g/ha,154100,A,Official figure,
QCL,Crops and livestock products,143,Morocco,5510,Production,463,"Other vegetables, fresh n.e.c.",2016,2016,t,177354,A,Official figure,
QCL,Crops and livestock products,143,Morocco,5312,Area harvested,463,"Other vegetables, fresh n.e.c.",2017,2017,ha,14071,A,Official figure,
QCL,Crops and livestock products,143,Morocco,5419,Yield,463,"Other vegetables, fresh n.e.c.",2017,2017,100 g/ha,175075,A,Official figure,
QCL,Crops and livestock products,143,Morocco,5510,Production,463,"Other vegetables, fresh n.e.c.",2017,2017,t,246348,A,Official figure,
QCL,Crops and livestock products,143,Morocco,5312,Area harvested,463,"Other vegetables, fresh n.e.c.",2018,2018,ha,13207,A,Official figure,
QCL,Crops and livestock products,143,Morocco,5419,Yield,463,"Other vegetables, fresh n.e.c.",2018,2018,100 g/ha,191460,A,Official figure,
QCL,Crops and livestock products,143,Morocco,5510,Production,463,"Other vegetables, fresh n.e.c.",2018,2018,t,252856,A,Official figure,
QCL,Crops and livestock products,143,Morocco,5312,Area harvested,463,"Other vegetables, fresh n.e.c.",2019,2019,ha,13282,A,Official figure,
QCL,Crops and livestock products,143,Morocco,5419,Yield,463,"Other vegetables, fresh n.e.c.",2019,2019,100 g/ha,202342,A,Official figure,
QCL,Crops and livestock products,143,Morocco,5510,Production,463,"Other vegetables, fresh n.e.c.",2019,2019,t,268750,A,Official figure,
QCL,Crops and livestock products,143,Morocco,5312,Area harvested,463,"Other vegetables, fresh n.e.c.",2020,2020,ha,9704,A,Official figure,
QCL,Crops and livestock products,143,Morocco,5419,Yield,463,"Other vegetables, fresh n.e.c.",2020,2020,100 g/ha,179805,A,Official figure,
QCL,Crops and livestock products,143,Morocco,5510,Production,463,"Other vegetables, fresh n.e.c.",2020,2020,t,174477.4,A,Official figure,
QCL,Crops and livestock products,143,Morocco,5312,Area harvested,463,"Other vegetables, fresh n.e.c.",2021,2021,ha,5815,A,Official figure,
QCL,Crops and livestock products,143,Morocco,5419,Yield,463,"Other vegetables, fresh n.e.c.",2021,2021,100 g/ha,155578,A,Official figure,
QCL,Crops and livestock products,143,Morocco,5510,Production,463,"Other vegetables, fresh n.e.c.",2021,2021,t,90473.2,A,Official figure,
QCL,Crops and livestock products,143,Morocco,5312,Area harvested,463,"Other vegetables, fresh n.e.c.",2022,2022,ha,3849,A,Official figure,
QCL,Crops and livestock products,143,Morocco,5419,Yield,463,"Other vegetables, fresh n.e.c.",2022,2022,100 g/ha,270376,A,Official figure,
QCL,Crops and livestock products,143,Morocco,5510,Production,463,"Other vegetables, fresh n.e.c.",2022,2022,t,104065.09,A,Official figure,
QCL,Crops and livestock products,143,Morocco,5312,Area harvested,600,Papayas,1961,1961,ha,0,M,"Missing value (data cannot exist, not applicable)",
QCL,Crops and livestock products,143,Morocco,5510,Production,600,Papayas,1961,1961,t,0,M,"Missing value (data cannot exist, not applicable)",
QCL,Crops and livestock products,143,Morocco,5312,Area harvested,600,Papayas,1962,1962,ha,0,M,"Missing value (data cannot exist, not applicable)",
QCL,Crops and livestock products,143,Morocco,5510,Production,600,Papayas,1962,1962,t,0,M,"Missing value (data cannot exist, not applicable)",
QCL,Crops and livestock products,143,Morocco,5312,Area harvested,600,Papayas,1963,1963,ha,0,M,"Missing value (data cannot exist, not applicable)",
QCL,Crops and livestock products,143,Morocco,5510,Production,600,Papayas,1963,1963,t,0,M,"Missing value (data cannot exist, not applicable)",
QCL,Crops and livestock products,143,Morocco,5312,Area harvested,600,Papayas,1964,1964,ha,0,M,"Missing value (data cannot exist, not applicable)",
QCL,Crops and livestock products,143,Morocco,5510,Production,600,Papayas,1964,1964,t,0,M,"Missing value (data cannot exist, not applicable)",
QCL,Crops and livestock products,143,Morocco,5312,Area harvested,600,Papayas,1965,1965,ha,0,M,"Missing value (data cannot exist, not applicable)",
QCL,Crops and livestock products,143,Morocco,5510,Production,600,Papayas,1965,1965,t,0,M,"Missing value (data cannot exist, not applicable)",
QCL,Crops and livestock products,143,Morocco,5312,Area harvested,600,Papayas,1966,1966,ha,0,M,"Missing value (data cannot exist, not applicable)",
QCL,Crops and livestock products,143,Morocco,5510,Production,600,Papayas,1966,1966,t,0,M,"Missing value (data cannot exist, not applicable)",
QCL,Crops and livestock products,143,Morocco,5312,Area harvested,600,Papayas,1967,1967,ha,0,M,"Missing value (data cannot exist, not applicable)",
QCL,Crops and livestock products,143,Morocco,5510,Production,600,Papayas,1967,1967,t,0,M,"Missing value (data cannot exist, not applicable)",
QCL,Crops and livestock products,143,Morocco,5312,Area harvested,600,Papayas,1968,1968,ha,0,M,"Missing value (data cannot exist, not applicable)",
QCL,Crops and livestock products,143,Morocco,5510,Production,600,Papayas,1968,1968,t,0,M,"Missing value (data cannot exist, not applicable)",
QCL,Crops and livestock products,143,Morocco,5312,Area harvested,600,Papayas,1969,1969,ha,0,M,"Missing value (data cannot exist, not applicable)",
QCL,Crops and livestock products,143,Morocco,5510,Production,600,Papayas,1969,1969,t,0,M,"Missing value (data cannot exist, not applicable)",
QCL,Crops and livestock products,143,Morocco,5312,Area harvested,600,Papayas,1970,1970,ha,0,M,"Missing value (data cannot exist, not applicable)",
QCL,Crops and livestock products,143,Morocco,5510,Production,600,Papayas,1970,1970,t,0,M,"Missing value (data cannot exist, not applicable)",
QCL,Crops and livestock products,143,Morocco,5312,Area harvested,600,Papayas,1971,1971,ha,0,M,"Missing value (data cannot exist, not applicable)",
QCL,Crops and livestock products,143,Morocco,5510,Production,600,Papayas,1971,1971,t,0,M,"Missing value (data cannot exist, not applicable)",
QCL,Crops and livestock products,143,Morocco,5312,Area harvested,600,Papayas,1972,1972,ha,0,M,"Missing value (data cannot exist, not applicable)",
QCL,Crops and livestock products,143,Morocco,5510,Production,600,Papayas,1972,1972,t,0,M,"Missing value (data cannot exist, not applicable)",
QCL,Crops and livestock products,143,Morocco,5312,Area harvested,600,Papayas,1973,1973,ha,0,M,"Missing value (data cannot exist, not applicable)",
QCL,Crops and livestock products,143,Morocco,5510,Production,600,Papayas,1973,1973,t,0,M,"Missing value (data cannot exist, not applicable)",
QCL,Crops and livestock products,143,Morocco,5312,Area harvested,600,Papayas,1974,1974,ha,0,M,"Missing value (data cannot exist, not applicable)",
QCL,Crops and livestock products,143,Morocco,5510,Production,600,Papayas,1974,1974,t,0,M,"Missing value (data cannot exist, not applicable)",
QCL,Crops and livestock products,143,Morocco,5312,Area harvested,600,Papayas,1975,1975,ha,0,M,"Missing value (data cannot exist, not applicable)",
QCL,Crops and livestock products,143,Morocco,5510,Production,600,Papayas,1975,1975,t,0,M,"Missing value (data cannot exist, not applicable)",
QCL,Crops and livestock products,143,Morocco,5312,Area harvested,600,Papayas,1976,1976,ha,0,M,"Missing value (data cannot exist, not applicable)",
QCL,Crops and livestock products,143,Morocco,5510,Production,600,Papayas,1976,1976,t,0,M,"Missing value (data cannot exist, not applicable)",
QCL,Crops and livestock products,143,Morocco,5312,Area harvested,600,Papayas,1977,1977,ha,0,M,"Missing value (data cannot exist, not applicable)",
QCL,Crops and livestock products,143,Morocco,5510,Production,600,Papayas,1977,1977,t,0,M,"Missing value (data cannot exist, not applicable)",
QCL,Crops and livestock products,143,Morocco,5312,Area harvested,600,Papayas,1978,1978,ha,0,M,"Missing value (data cannot exist, not applicable)",
QCL,Crops and livestock products,143,Morocco,5510,Production,600,Papayas,1978,1978,t,0,M,"Missing value (data cannot exist, not applicable)",
QCL,Crops and livestock products,143,Morocco,5312,Area harvested,600,Papayas,1979,1979,ha,0,M,"Missing value (data cannot exist, not applicable)",
QCL,Crops and livestock products,143,Morocco,5510,Production,600,Papayas,1979,1979,t,0,M,"Missing value (data cannot exist, not applicable)",
QCL,Crops and livestock products,143,Morocco,5312,Area harvested,600,Papayas,1980,1980,ha,0,M,"Missing value (data cannot exist, not applicable)",
QCL,Crops and livestock products,143,Morocco,5510,Production,600,Papayas,1980,1980,t,0,M,"Missing value (data cannot exist, not applicable)",
QCL,Crops and livestock products,143,Morocco,5312,Area harvested,600,Papayas,1981,1981,ha,0,M,"Missing value (data cannot exist, not applicable)",
QCL,Crops and livestock products,143,Morocco,5510,Production,600,Papayas,1981,1981,t,0,M,"Missing value (data cannot exist, not applicable)",
QCL,Crops and livestock products,143,Morocco,5312,Area harvested,600,Papayas,1982,1982,ha,0,M,"Missing value (data cannot exist, not applicable)",
QCL,Crops and livestock products,143,Morocco,5510,Production,600,Papayas,1982,1982,t,0,M,"Missing value (data cannot exist, not applicable)",
QCL,Crops and livestock products,143,Morocco,5312,Area harvested,600,Papayas,1983,1983,ha,0,M,"Missing value (data cannot exist, not applicable)",
QCL,Crops and livestock products,143,Morocco,5510,Production,600,Papayas,1983,1983,t,0,M,"Missing value (data cannot exist, not applicable)",
QCL,Crops and livestock products,143,Morocco,5312,Area harvested,600,Papayas,1984,1984,ha,0,M,"Missing value (data cannot exist, not applicable)",
QCL,Crops and livestock products,143,Morocco,5510,Production,600,Papayas,1984,1984,t,0,M,"Missing value (data cannot exist, not applicable)",
QCL,Crops and livestock products,143,Morocco,5312,Area harvested,600,Papayas,1985,1985,ha,0,M,"Missing value (data cannot exist, not applicable)",
QCL,Crops and livestock products,143,Morocco,5510,Production,600,Papayas,1985,1985,t,0,M,"Missing value (data cannot exist, not applicable)",
QCL,Crops and livestock products,143,Morocco,5312,Area harvested,600,Papayas,1986,1986,ha,0,M,"Missing value (data cannot exist, not applicable)",
QCL,Crops and livestock products,143,Morocco,5510,Production,600,Papayas,1986,1986,t,0,M,"Missing value (data cannot exist, not applicable)",
QCL,Crops and livestock products,143,Morocco,5312,Area harvested,600,Papayas,1987,1987,ha,0,M,"Missing value (data cannot exist, not applicable)",
QCL,Crops and livestock products,143,Morocco,5510,Production,600,Papayas,1987,1987,t,0,M,"Missing value (data cannot exist, not applicable)",
QCL,Crops and livestock products,143,Morocco,5312,Area harvested,600,Papayas,1988,1988,ha,0,M,"Missing value (data cannot exist, not applicable)",
QCL,Crops and livestock products,143,Morocco,5510,Production,600,Papayas,1988,1988,t,0,M,"Missing value (data cannot exist, not applicable)",
QCL,Crops and livestock products,143,Morocco,5312,Area harvested,600,Papayas,1989,1989,ha,0,M,"Missing value (data cannot exist, not applicable)",
QCL,Crops and livestock products,143,Morocco,5510,Production,600,Papayas,1989,1989,t,0,M,"Missing value (data cannot exist, not applicable)",
QCL,Crops and livestock products,143,Morocco,5312,Area harvested,600,Papayas,1990,1990,ha,0,M,"Missing value (data cannot exist, not applicable)",
QCL,Crops and livestock products,143,Morocco,5510,Production,600,Papayas,1990,1990,t,0,M,"Missing value (data cannot exist, not applicable)",
QCL,Crops and livestock products,143,Morocco,5312,Area harvested,600,Papayas,1991,1991,ha,0,M,"Missing value (data cannot exist, not applicable)",
QCL,Crops and livestock products,143,Morocco,5510,Production,600,Papayas,1991,1991,t,0,M,"Missing value (data cannot exist, not applicable)",
QCL,Crops and livestock products,143,Morocco,5312,Area harvested,600,Papayas,1992,1992,ha,7,E,Estimated value,
QCL,Crops and livestock products,143,Morocco,5419,Yield,600,Papayas,1992,1992,100 g/ha,71429,E,Estimated value,
QCL,Crops and livestock products,143,Morocco,5510,Production,600,Papayas,1992,1992,t,50,E,Estimated value,
QCL,Crops and livestock products,143,Morocco,5312,Area harvested,600,Papayas,1993,1993,ha,7,E,Estimated value,
QCL,Crops and livestock products,143,Morocco,5419,Yield,600,Papayas,1993,1993,100 g/ha,74727,E,Estimated value,
QCL,Crops and livestock products,143,Morocco,5510,Production,600,Papayas,1993,1993,t,52.31,I,Imputed value,
QCL,Crops and livestock products,143,Morocco,5312,Area harvested,600,Papayas,1994,1994,ha,10,E,Estimated value,
QCL,Crops and livestock products,143,Morocco,5419,Yield,600,Papayas,1994,1994,100 g/ha,80000,E,Estimated value,
QCL,Crops and livestock products,143,Morocco,5510,Production,600,Papayas,1994,1994,t,80,E,Estimated value,
QCL,Crops and livestock products,143,Morocco,5312,Area harvested,600,Papayas,1995,1995,ha,13,E,Estimated value,
QCL,Crops and livestock products,143,Morocco,5419,Yield,600,Papayas,1995,1995,100 g/ha,76923,E,Estimated value,
QCL,Crops and livestock products,143,Morocco,5510,Production,600,Papayas,1995,1995,t,100,E,Estimated value,
QCL,Crops and livestock products,143,Morocco,5312,Area harvested,600,Papayas,1996,1996,ha,12,I,Imputed value,
QCL,Crops and livestock products,143,Morocco,5419,Yield,600,Papayas,1996,1996,100 g/ha,74889,E,Estimated value,
QCL,Crops and livestock products,143,Morocco,5510,Production,600,Papayas,1996,1996,t,87.13,I,Imputed value,
QCL,Crops and livestock products,143,Morocco,5312,Area harvested,600,Papayas,1997,1997,ha,20,E,Estimated value,
QCL,Crops and livestock products,143,Morocco,5419,Yield,600,Papayas,1997,1997,100 g/ha,75000,E,Estimated value,
QCL,Crops and livestock products,143,Morocco,5510,Production,600,Papayas,1997,1997,t,150,E,Estimated value,
QCL,Crops and livestock products,143,Morocco,5312,Area harvested,600,Papayas,1998,1998,ha,17,I,Imputed value,
QCL,Crops and livestock products,143,Morocco,5419,Yield,600,Papayas,1998,1998,100 g/ha,74153,E,Estimated value,
QCL,Crops and livestock products,143,Morocco,5510,Production,600,Papayas,1998,1998,t,129.52,I,Imputed value,
QCL,Crops and livestock products,143,Morocco,5312,Area harvested,600,Papayas,1999,1999,ha,19,I,Imputed value,
QCL,Crops and livestock products,143,Morocco,5419,Yield,600,Papayas,1999,1999,100 g/ha,74186,E,Estimated value,
QCL,Crops and livestock products,143,Morocco,5510,Production,600,Papayas,1999,1999,t,143.16,I,Imputed value,
QCL,Crops and livestock products,143,Morocco,5312,Area harvested,600,Papayas,2000,2000,ha,21,I,Imputed value,
QCL,Crops and livestock products,143,Morocco,5419,Yield,600,Papayas,2000,2000,100 g/ha,74286,E,Estimated value,
QCL,Crops and livestock products,143,Morocco,5510,Production,600,Papayas,2000,2000,t,154.67,I,Imputed value,
QCL,Crops and livestock products,143,Morocco,5312,Area harvested,600,Papayas,2001,2001,ha,21,E,Estimated value,
QCL,Crops and livestock products,143,Morocco,5419,Yield,600,Papayas,2001,2001,100 g/ha,76190,E,Estimated value,
QCL,Crops and livestock products,143,Morocco,5510,Production,600,Papayas,2001,2001,t,160,E,Estimated value,
QCL,Crops and livestock products,143,Morocco,5312,Area harvested,600,Papayas,2002,2002,ha,21,E,Estimated value,
QCL,Crops and livestock products,143,Morocco,5419,Yield,600,Papayas,2002,2002,100 g/ha,78441,E,Estimated value,
QCL,Crops and livestock products,143,Morocco,5510,Production,600,Papayas,2002,2002,t,164.73,I,Imputed value,
QCL,Crops and livestock products,143,Morocco,5312,Area harvested,600,Papayas,2003,2003,ha,22,E,Estimated value,
QCL,Crops and livestock products,143,Morocco,5419,Yield,600,Papayas,2003,2003,100 g/ha,77273,E,Estimated value,
QCL,Crops and livestock products,143,Morocco,5510,Production,600,Papayas,2003,2003,t,170,E,Estimated value,
QCL,Crops and livestock products,143,Morocco,5312,Area harvested,600,Papayas,2004,2004,ha,29,I,Imputed value,
QCL,Crops and livestock products,143,Morocco,5419,Yield,600,Papayas,2004,2004,100 g/ha,86665,E,Estimated value,
QCL,Crops and livestock products,143,Morocco,5510,Production,600,Papayas,2004,2004,t,254.64,I,Imputed value,
QCL,Crops and livestock products,143,Morocco,5312,Area harvested,600,Papayas,2005,2005,ha,30,I,Imputed value,
QCL,Crops and livestock products,143,Morocco,5419,Yield,600,Papayas,2005,2005,100 g/ha,91074,E,Estimated value,
QCL,Crops and livestock products,143,Morocco,5510,Production,600,Papayas,2005,2005,t,269.43,I,Imputed value,
QCL,Crops and livestock products,143,Morocco,5312,Area harvested,600,Papayas,2006,2006,ha,29,I,Imputed value,
QCL,Crops and livestock products,143,Morocco,5419,Yield,600,Papayas,2006,2006,100 g/ha,95503,E,Estimated value,
QCL,Crops and livestock products,143,Morocco,5510,Production,600,Papayas,2006,2006,t,279.43,I,Imputed value,
QCL,Crops and livestock products,143,Morocco,5312,Area harvested,600,Papayas,2007,2007,ha,28,I,Imputed value,
QCL,Crops and livestock products,143,Morocco,5419,Yield,600,Papayas,2007,2007,100 g/ha,106266,E,Estimated value,
QCL,Crops and livestock products,143,Morocco,5510,Production,600,Papayas,2007,2007,t,298,I,Imputed value,
QCL,Crops and livestock products,143,Morocco,5312,Area harvested,600,Papayas,2008,2008,ha,28,I,Imputed value,
QCL,Crops and livestock products,143,Morocco,5419,Yield,600,Papayas,2008,2008,100 g/ha,117157,E,Estimated value,
QCL,Crops and livestock products,143,Morocco,5510,Production,600,Papayas,2008,2008,t,328.75,I,Imputed value,
QCL,Crops and livestock products,143,Morocco,5312,Area harvested,600,Papayas,2009,2009,ha,29,I,Imputed value,
QCL,Crops and livestock products,143,Morocco,5419,Yield,600,Papayas,2009,2009,100 g/ha,128230,E,Estimated value,
QCL,Crops and livestock products,143,Morocco,5510,Production,600,Papayas,2009,2009,t,365.79,I,Imputed value,
QCL,Crops and livestock products,143,Morocco,5312,Area harvested,600,Papayas,2010,2010,ha,29,I,Imputed value,
QCL,Crops and livestock products,143,Morocco,5419,Yield,600,Papayas,2010,2010,100 g/ha,139537,E,Estimated value,
QCL,Crops and livestock products,143,Morocco,5510,Production,600,Papayas,2010,2010,t,404.28,I,Imputed value,
QCL,Crops and livestock products,143,Morocco,5312,Area harvested,600,Papayas,2011,2011,ha,29,I,Imputed value,
QCL,Crops and livestock products,143,Morocco,5419,Yield,600,Papayas,2011,2011,100 g/ha,151106,E,Estimated value,
QCL,Crops and livestock products,143,Morocco,5510,Production,600,Papayas,2011,2011,t,443.2,I,Imputed value,
QCL,Crops and livestock products,143,Morocco,5312,Area harvested,600,Papayas,2012,2012,ha,30,E,Estimated value,
QCL,Crops and livestock products,143,Morocco,5419,Yield,600,Papayas,2012,2012,100 g/ha,166667,E,Estimated value,
QCL,Crops and livestock products,143,Morocco,5510,Production,600,Papayas,2012,2012,t,500,E,Estimated value,
QCL,Crops and livestock products,143,Morocco,5312,Area harvested,600,Papayas,2013,2013,ha,38,I,Imputed value,
QCL,Crops and livestock products,143,Morocco,5419,Yield,600,Papayas,2013,2013,100 g/ha,181655,E,Estimated value,
QCL,Crops and livestock products,143,Morocco,5510,Production,600,Papayas,2013,2013,t,692.52,I,Imputed value,
QCL,Crops and livestock products,143,Morocco,5312,Area harvested,600,Papayas,2014,2014,ha,44,I,Imputed value,
QCL,Crops and livestock products,143,Morocco,5419,Yield,600,Papayas,2014,2014,100 g/ha,207051,E,Estimated value,
QCL,Crops and livestock products,143,Morocco,5510,Production,600,Papayas,2014,2014,t,911.72,I,Imputed value,
QCL,Crops and livestock products,143,Morocco,5312,Area harvested,600,Papayas,2015,2015,ha,50,I,Imputed value,
QCL,Crops and livestock products,143,Morocco,5419,Yield,600,Papayas,2015,2015,100 g/ha,232494,E,Estimated value,
QCL,Crops and livestock products,143,Morocco,5510,Production,600,Papayas,2015,2015,t,1150.94,I,Imputed value,
QCL,Crops and livestock products,143,Morocco,5312,Area harvested,600,Papayas,2016,2016,ha,54,I,Imputed value,
QCL,Crops and livestock products,143,Morocco,5419,Yield,600,Papayas,2016,2016,100 g/ha,257819,E,Estimated value,
QCL,Crops and livestock products,143,Morocco,5510,Production,600,Papayas,2016,2016,t,1396.19,I,Imputed value,
QCL,Crops and livestock products,143,Morocco,5312,Area harvested,600,Papayas,2017,2017,ha,58,I,Imputed value,
QCL,Crops and livestock products,143,Morocco,5419,Yield,600,Papayas,2017,2017,100 g/ha,296535,E,Estimated value,
QCL,Crops and livestock products,143,Morocco,5510,Production,600,Papayas,2017,2017,t,1713.36,I,Imputed value,
QCL,Crops and livestock products,143,Morocco,5312,Area harvested,600,Papayas,2018,2018,ha,63,I,Imputed value,
QCL,Crops and livestock products,143,Morocco,5419,Yield,600,Papayas,2018,2018,100 g/ha,323680,E,Estimated value,
QCL,Crops and livestock products,143,Morocco,5510,Production,600,Papayas,2018,2018,t,2028.03,I,Imputed value,
QCL,Crops and livestock products,143,Morocco,5312,Area harvested,600,Papayas,2019,2019,ha,61,A,Official figure,
QCL,Crops and livestock products,143,Morocco,5419,Yield,600,Papayas,2019,2019,100 g/ha,372131,A,Official figure,
QCL,Crops and livestock products,143,Morocco,5510,Production,600,Papayas,2019,2019,t,2270,A,Official figure,
QCL,Crops and livestock products,143,Morocco,5312,Area harvested,600,Papayas,2020,2020,ha,65,A,Official figure,
QCL,Crops and livestock products,143,Morocco,5419,Yield,600,Papayas,2020,2020,100 g/ha,346154,A,Official figure,
QCL,Crops and livestock products,143,Morocco,5510,Production,600,Papayas,2020,2020,t,2250,A,Official figure,
QCL,Crops and livestock products,143,Morocco,5312,Area harvested,600,Papayas,2021,2021,ha,55,A,Official figure,
QCL,Crops and livestock products,143,Morocco,5419,Yield,600,Papayas,2021,2021,100 g/ha,414545,A,Official figure,
QCL,Crops and livestock products,143,Morocco,5510,Production,600,Papayas,2021,2021,t,2280,A,Official figure,
QCL,Crops and livestock products,143,Morocco,5312,Area harvested,600,Papayas,2022,2022,ha,55,A,Official figure,
QCL,Crops and livestock products,143,Morocco,5419,Yield,600,Papayas,2022,2022,100 g/ha,414545,A,Official figure,
QCL,Crops and livestock products,143,Morocco,5510,Production,600,Papayas,2022,2022,t,2280,A,Official figure,
QCL,Crops and livestock products,143,Morocco,5312,Area harvested,534,Peaches and nectarines,1961,1961,ha,0,M,"Missing value (data cannot exist, not applicable)",
QCL,Crops and livestock products,143,Morocco,5510,Production,534,Peaches and nectarines,1961,1961,t,1200,A,Official figure,
QCL,Crops and livestock products,143,Morocco,5312,Area harvested,534,Peaches and nectarines,1962,1962,ha,0,M,"Missing value (data cannot exist, not applicable)",
QCL,Crops and livestock products,143,Morocco,5510,Production,534,Peaches and nectarines,1962,1962,t,3400,A,Official figure,
QCL,Crops and livestock products,143,Morocco,5312,Area harvested,534,Peaches and nectarines,1963,1963,ha,0,M,"Missing value (data cannot exist, not applicable)",
QCL,Crops and livestock products,143,Morocco,5510,Production,534,Peaches and nectarines,1963,1963,t,1690,A,Official figure,
QCL,Crops and livestock products,143,Morocco,5312,Area harvested,534,Peaches and nectarines,1964,1964,ha,0,M,"Missing value (data cannot exist, not applicable)",
QCL,Crops and livestock products,143,Morocco,5510,Production,534,Peaches and nectarines,1964,1964,t,13852,A,Official figure,
QCL,Crops and livestock products,143,Morocco,5312,Area harvested,534,Peaches and nectarines,1965,1965,ha,0,M,"Missing value (data cannot exist, not applicable)",
QCL,Crops and livestock products,143,Morocco,5510,Production,534,Peaches and nectarines,1965,1965,t,11694,A,Official figure,
QCL,Crops and livestock products,143,Morocco,5312,Area harvested,534,Peaches and nectarines,1966,1966,ha,0,M,"Missing value (data cannot exist, not applicable)",
QCL,Crops and livestock products,143,Morocco,5510,Production,534,Peaches and nectarines,1966,1966,t,14000,E,Estimated value,
QCL,Crops and livestock products,143,Morocco,5312,Area harvested,534,Peaches and nectarines,1967,1967,ha,0,M,"Missing value (data cannot exist, not applicable)",
QCL,Crops and livestock products,143,Morocco,5510,Production,534,Peaches and nectarines,1967,1967,t,15000,E,Estimated value,
QCL,Crops and livestock products,143,Morocco,5312,Area harvested,534,Peaches and nectarines,1968,1968,ha,0,M,"Missing value (data cannot exist, not applicable)",
QCL,Crops and livestock products,143,Morocco,5510,Production,534,Peaches and nectarines,1968,1968,t,14000,E,Estimated value,
QCL,Crops and livestock products,143,Morocco,5312,Area harvested,534,Peaches and nectarines,1969,1969,ha,0,M,"Missing value (data cannot exist, not applicable)",
QCL,Crops and livestock products,143,Morocco,5510,Production,534,Peaches and nectarines,1969,1969,t,14000,E,Estimated value,
QCL,Crops and livestock products,143,Morocco,5312,Area harvested,534,Peaches and nectarines,1970,1970,ha,0,M,"Missing value (data cannot exist, not applicable)",
QCL,Crops and livestock products,143,Morocco,5510,Production,534,Peaches and nectarines,1970,1970,t,14000,E,Estimated value,
QCL,Crops and livestock products,143,Morocco,5312,Area harvested,534,Peaches and nectarines,1971,1971,ha,0,M,"Missing value (data cannot exist, not applicable)",
QCL,Crops and livestock products,143,Morocco,5510,Production,534,Peaches and nectarines,1971,1971,t,15000,E,Estimated value,
QCL,Crops and livestock products,143,Morocco,5312,Area harvested,534,Peaches and nectarines,1972,1972,ha,0,M,"Missing value (data cannot exist, not applicable)",
QCL,Crops and livestock products,143,Morocco,5510,Production,534,Peaches and nectarines,1972,1972,t,15000,E,Estimated value,
QCL,Crops and livestock products,143,Morocco,5312,Area harvested,534,Peaches and nectarines,1973,1973,ha,0,M,"Missing value (data cannot exist, not applicable)",
QCL,Crops and livestock products,143,Morocco,5510,Production,534,Peaches and nectarines,1973,1973,t,16000,E,Estimated value,
QCL,Crops and livestock products,143,Morocco,5312,Area harvested,534,Peaches and nectarines,1974,1974,ha,0,M,"Missing value (data cannot exist, not applicable)",
QCL,Crops and livestock products,143,Morocco,5510,Production,534,Peaches and nectarines,1974,1974,t,17000,E,Estimated value,
QCL,Crops and livestock products,143,Morocco,5312,Area harvested,534,Peaches and nectarines,1975,1975,ha,0,M,"Missing value (data cannot exist, not applicable)",
QCL,Crops and livestock products,143,Morocco,5510,Production,534,Peaches and nectarines,1975,1975,t,18000,E,Estimated value,
QCL,Crops and livestock products,143,Morocco,5312,Area harvested,534,Peaches and nectarines,1976,1976,ha,0,M,"Missing value (data cannot exist, not applicable)",
QCL,Crops and livestock products,143,Morocco,5510,Production,534,Peaches and nectarines,1976,1976,t,19000,E,Estimated value,
QCL,Crops and livestock products,143,Morocco,5312,Area harvested,534,Peaches and nectarines,1977,1977,ha,0,M,"Missing value (data cannot exist, not applicable)",
QCL,Crops and livestock products,143,Morocco,5510,Production,534,Peaches and nectarines,1977,1977,t,19000,E,Estimated value,
QCL,Crops and livestock products,143,Morocco,5312,Area harvested,534,Peaches and nectarines,1978,1978,ha,0,M,"Missing value (data cannot exist, not applicable)",
QCL,Crops and livestock products,143,Morocco,5510,Production,534,Peaches and nectarines,1978,1978,t,19200,E,Estimated value,
QCL,Crops and livestock products,143,Morocco,5312,Area harvested,534,Peaches and nectarines,1979,1979,ha,0,M,"Missing value (data cannot exist, not applicable)",
QCL,Crops and livestock products,143,Morocco,5510,Production,534,Peaches and nectarines,1979,1979,t,19400,E,Estimated value,
QCL,Crops and livestock products,143,Morocco,5312,Area harvested,534,Peaches and nectarines,1980,1980,ha,0,M,"Missing value (data cannot exist, not applicable)",
QCL,Crops and livestock products,143,Morocco,5510,Production,534,Peaches and nectarines,1980,1980,t,19600,E,Estimated value,
QCL,Crops and livestock products,143,Morocco,5312,Area harvested,534,Peaches and nectarines,1981,1981,ha,0,M,"Missing value (data cannot exist, not applicable)",
QCL,Crops and livestock products,143,Morocco,5510,Production,534,Peaches and nectarines,1981,1981,t,19800,E,Estimated value,
QCL,Crops and livestock products,143,Morocco,5312,Area harvested,534,Peaches and nectarines,1982,1982,ha,0,M,"Missing value (data cannot exist, not applicable)",
QCL,Crops and livestock products,143,Morocco,5510,Production,534,Peaches and nectarines,1982,1982,t,20000,E,Estimated value,
QCL,Crops and livestock products,143,Morocco,5312,Area harvested,534,Peaches and nectarines,1983,1983,ha,0,M,"Missing value (data cannot exist, not applicable)",
QCL,Crops and livestock products,143,Morocco,5510,Production,534,Peaches and nectarines,1983,1983,t,22000,E,Estimated value,
QCL,Crops and livestock products,143,Morocco,5312,Area harvested,534,Peaches and nectarines,1984,1984,ha,0,M,"Missing value (data cannot exist, not applicable)",
QCL,Crops and livestock products,143,Morocco,5510,Production,534,Peaches and nectarines,1984,1984,t,24000,E,Estimated value,
QCL,Crops and livestock products,143,Morocco,5312,Area harvested,534,Peaches and nectarines,1985,1985,ha,3100,E,Estimated value,
QCL,Crops and livestock products,143,Morocco,5419,Yield,534,Peaches and nectarines,1985,1985,100 g/ha,80645,E,Estimated value,
QCL,Crops and livestock products,143,Morocco,5510,Production,534,Peaches and nectarines,1985,1985,t,25000,E,Estimated value,
QCL,Crops and livestock products,143,Morocco,5312,Area harvested,534,Peaches and nectarines,1986,1986,ha,3100,E,Estimated value,
QCL,Crops and livestock products,143,Morocco,5419,Yield,534,Peaches and nectarines,1986,1986,100 g/ha,83871,E,Estimated value,
QCL,Crops and livestock products,143,Morocco,5510,Production,534,Peaches and nectarines,1986,1986,t,26000,E,Estimated value,
QCL,Crops and livestock products,143,Morocco,5312,Area harvested,534,Peaches and nectarines,1987,1987,ha,3100,E,Estimated value,
QCL,Crops and livestock products,143,Morocco,5419,Yield,534,Peaches and nectarines,1987,1987,100 g/ha,74194,E,Estimated value,
QCL,Crops and livestock products,143,Morocco,5510,Production,534,Peaches and nectarines,1987,1987,t,23000,A,Official figure,
QCL,Crops and livestock products,143,Morocco,5312,Area harvested,534,Peaches and nectarines,1988,1988,ha,3200,A,Official figure,
QCL,Crops and livestock products,143,Morocco,5419,Yield,534,Peaches and nectarines,1988,1988,100 g/ha,90625,A,Official figure,
QCL,Crops and livestock products,143,Morocco,5510,Production,534,Peaches and nectarines,1988,1988,t,29000,A,Official figure,
QCL,Crops and livestock products,143,Morocco,5312,Area harvested,534,Peaches and nectarines,1989,1989,ha,3200,A,Official figure,
QCL,Crops and livestock products,143,Morocco,5419,Yield,534,Peaches and nectarines,1989,1989,100 g/ha,87500,A,Official figure,
QCL,Crops and livestock products,143,Morocco,5510,Production,534,Peaches and nectarines,1989,1989,t,28000,A,Official figure,
QCL,Crops and livestock products,143,Morocco,5312,Area harvested,534,Peaches and nectarines,1990,1990,ha,3300,A,Official figure,
QCL,Crops and livestock products,143,Morocco,5419,Yield,534,Peaches and nectarines,1990,1990,100 g/ha,106667,A,Official figure,
QCL,Crops and livestock products,143,Morocco,5510,Production,534,Peaches and nectarines,1990,1990,t,35200,A,Official figure,
QCL,Crops and livestock products,143,Morocco,5312,Area harvested,534,Peaches and nectarines,1991,1991,ha,3500,A,Official figure,
QCL,Crops and livestock products,143,Morocco,5419,Yield,534,Peaches and nectarines,1991,1991,100 g/ha,71429,A,Official figure,
QCL,Crops and livestock products,143,Morocco,5510,Production,534,Peaches and nectarines,1991,1991,t,25000,A,Official figure,
QCL,Crops and livestock products,143,Morocco,5312,Area harvested,534,Peaches and nectarines,1992,1992,ha,3700,A,Official figure,
QCL,Crops and livestock products,143,Morocco,5419,Yield,534,Peaches and nectarines,1992,1992,100 g/ha,89189,A,Official figure,
QCL,Crops and livestock products,143,Morocco,5510,Production,534,Peaches and nectarines,1992,1992,t,33000,A,Official figure,
QCL,Crops and livestock products,143,Morocco,5312,Area harvested,534,Peaches and nectarines,1993,1993,ha,3900,A,Official figure,
QCL,Crops and livestock products,143,Morocco,5419,Yield,534,Peaches and nectarines,1993,1993,100 g/ha,87179,A,Official figure,
QCL,Crops and livestock products,143,Morocco,5510,Production,534,Peaches and nectarines,1993,1993,t,34000,A,Official figure,
QCL,Crops and livestock products,143,Morocco,5312,Area harvested,534,Peaches and nectarines,1994,1994,ha,4000,A,Official figure,
QCL,Crops and livestock products,143,Morocco,5419,Yield,534,Peaches and nectarines,1994,1994,100 g/ha,90000,A,Official figure,
QCL,Crops and livestock products,143,Morocco,5510,Production,534,Peaches and nectarines,1994,1994,t,36000,A,Official figure,
QCL,Crops and livestock products,143,Morocco,5312,Area harvested,534,Peaches and nectarines,1995,1995,ha,3600,A,Official figure,
QCL,Crops and livestock products,143,Morocco,5419,Yield,534,Peaches and nectarines,1995,1995,100 g/ha,83056,A,Official figure,
QCL,Crops and livestock products,143,Morocco,5510,Production,534,Peaches and nectarines,1995,1995,t,29900,A,Official figure,
QCL,Crops and livestock products,143,Morocco,5312,Area harvested,534,Peaches and nectarines,1996,1996,ha,4400,A,Official figure,
QCL,Crops and livestock products,143,Morocco,5419,Yield,534,Peaches and nectarines,1996,1996,100 g/ha,79545,A,Official figure,
QCL,Crops and livestock products,143,Morocco,5510,Production,534,Peaches and nectarines,1996,1996,t,35000,A,Official figure,
QCL,Crops and livestock products,143,Morocco,5312,Area harvested,534,Peaches and nectarines,1997,1997,ha,3900,A,Official figure,
QCL,Crops and livestock products,143,Morocco,5419,Yield,534,Peaches and nectarines,1997,1997,100 g/ha,86410,A,Official figure,
QCL,Crops and livestock products,143,Morocco,5510,Production,534,Peaches and nectarines,1997,1997,t,33700,A,Official figure,
QCL,Crops and livestock products,143,Morocco,5312,Area harvested,534,Peaches and nectarines,1998,1998,ha,3700,A,Official figure,
QCL,Crops and livestock products,143,Morocco,5419,Yield,534,Peaches and nectarines,1998,1998,100 g/ha,104595,A,Official figure,
QCL,Crops and livestock products,143,Morocco,5510,Production,534,Peaches and nectarines,1998,1998,t,38700,A,Official figure,
QCL,Crops and livestock products,143,Morocco,5312,Area harvested,534,Peaches and nectarines,1999,1999,ha,4100,A,Official figure,
QCL,Crops and livestock products,143,Morocco,5419,Yield,534,Peaches and nectarines,1999,1999,100 g/ha,110588,A,Official figure,
QCL,Crops and livestock products,143,Morocco,5510,Production,534,Peaches and nectarines,1999,1999,t,45341,A,Official figure,
QCL,Crops and livestock products,143,Morocco,5312,Area harvested,534,Peaches and nectarines,2000,2000,ha,4100,A,Official figure,
QCL,Crops and livestock products,143,Morocco,5419,Yield,534,Peaches and nectarines,2000,2000,100 g/ha,117134,A,Official figure,
QCL,Crops and livestock products,143,Morocco,5510,Production,534,Peaches and nectarines,2000,2000,t,48025,A,Official figure,
QCL,Crops and livestock products,143,Morocco,5312,Area harvested,534,Peaches and nectarines,2001,2001,ha,4500,A,Official figure,
QCL,Crops and livestock products,143,Morocco,5419,Yield,534,Peaches and nectarines,2001,2001,100 g/ha,102511,A,Official figure,
QCL,Crops and livestock products,143,Morocco,5510,Production,534,Peaches and nectarines,2001,2001,t,46130,A,Official figure,
QCL,Crops and livestock products,143,Morocco,5312,Area harvested,534,Peaches and nectarines,2002,2002,ha,3500,A,Official figure,
QCL,Crops and livestock products,143,Morocco,5419,Yield,534,Peaches and nectarines,2002,2002,100 g/ha,156571,A,Official figure,
QCL,Crops and livestock products,143,Morocco,5510,Production,534,Peaches and nectarines,2002,2002,t,54800,A,Official figure,
QCL,Crops and livestock products,143,Morocco,5312,Area harvested,534,Peaches and nectarines,2003,2003,ha,4200,A,Official figure,
QCL,Crops and livestock products,143,Morocco,5419,Yield,534,Peaches and nectarines,2003,2003,100 g/ha,131190,A,Official figure,
QCL,Crops and livestock products,143,Morocco,5510,Production,534,Peaches and nectarines,2003,2003,t,55100,A,Official figure,
QCL,Crops and livestock products,143,Morocco,5312,Area harvested,534,Peaches and nectarines,2004,2004,ha,4400,A,Official figure,
QCL,Crops and livestock products,143,Morocco,5419,Yield,534,Peaches and nectarines,2004,2004,100 g/ha,123614,A,Official figure,
QCL,Crops and livestock products,143,Morocco,5510,Production,534,Peaches and nectarines,2004,2004,t,54390,A,Official figure,
QCL,Crops and livestock products,143,Morocco,5312,Area harvested,534,Peaches and nectarines,2005,2005,ha,4500,A,Official figure,
QCL,Crops and livestock products,143,Morocco,5419,Yield,534,Peaches and nectarines,2005,2005,100 g/ha,121333,A,Official figure,
QCL,Crops and livestock products,143,Morocco,5510,Production,534,Peaches and nectarines,2005,2005,t,54600,A,Official figure,
QCL,Crops and livestock products,143,Morocco,5312,Area harvested,534,Peaches and nectarines,2006,2006,ha,4600,A,Official figure,
QCL,Crops and livestock products,143,Morocco,5419,Yield,534,Peaches and nectarines,2006,2006,100 g/ha,155870,A,Official figure,
QCL,Crops and livestock products,143,Morocco,5510,Production,534,Peaches and nectarines,2006,2006,t,71700,A,Official figure,
QCL,Crops and livestock products,143,Morocco,5312,Area harvested,534,Peaches and nectarines,2007,2007,ha,4992,A,Official figure,
QCL,Crops and livestock products,143,Morocco,5419,Yield,534,Peaches and nectarines,2007,2007,100 g/ha,155106,A,Official figure,
QCL,Crops and livestock products,143,Morocco,5510,Production,534,Peaches and nectarines,2007,2007,t,77429,A,Official figure,
QCL,Crops and livestock products,143,Morocco,5312,Area harvested,534,Peaches and nectarines,2008,2008,ha,4900,A,Official figure,
QCL,Crops and livestock products,143,Morocco,5419,Yield,534,Peaches and nectarines,2008,2008,100 g/ha,153449,A,Official figure,
QCL,Crops and livestock products,143,Morocco,5510,Production,534,Peaches and nectarines,2008,2008,t,75190,A,Official figure,
QCL,Crops and livestock products,143,Morocco,5312,Area harvested,534,Peaches and nectarines,2009,2009,ha,5316,A,Official figure,
QCL,Crops and livestock products,143,Morocco,5419,Yield,534,Peaches and nectarines,2009,2009,100 g/ha,163141,A,Official figure,
QCL,Crops and livestock products,143,Morocco,5510,Production,534,Peaches and nectarines,2009,2009,t,86726,A,Official figure,
QCL,Crops and livestock products,143,Morocco,5312,Area harvested,534,Peaches and nectarines,2010,2010,ha,5497,A,Official figure,
QCL,Crops and livestock products,143,Morocco,5419,Yield,534,Peaches and nectarines,2010,2010,100 g/ha,155001,A,Official figure,
QCL,Crops and livestock products,143,Morocco,5510,Production,534,Peaches and nectarines,2010,2010,t,85204,A,Official figure,
QCL,Crops and livestock products,143,Morocco,5312,Area harvested,534,Peaches and nectarines,2011,2011,ha,5395,A,Official figure,
QCL,Crops and livestock products,143,Morocco,5419,Yield,534,Peaches and nectarines,2011,2011,100 g/ha,138593,A,Official figure,
QCL,Crops and livestock products,143,Morocco,5510,Production,534,Peaches and nectarines,2011,2011,t,74771,A,Official figure,
QCL,Crops and livestock products,143,Morocco,5312,Area harvested,534,Peaches and nectarines,2012,2012,ha,5636,A,Official figure,
QCL,Crops and livestock products,143,Morocco,5419,Yield,534,Peaches and nectarines,2012,2012,100 g/ha,125479,A,Official figure,
QCL,Crops and livestock products,143,Morocco,5510,Production,534,Peaches and nectarines,2012,2012,t,70720,A,Official figure,
QCL,Crops and livestock products,143,Morocco,5312,Area harvested,534,Peaches and nectarines,2013,2013,ha,6454,A,Official figure,
QCL,Crops and livestock products,143,Morocco,5419,Yield,534,Peaches and nectarines,2013,2013,100 g/ha,118387,A,Official figure,
QCL,Crops and livestock products,143,Morocco,5510,Production,534,Peaches and nectarines,2013,2013,t,76410.56,A,Official figure,
QCL,Crops and livestock products,143,Morocco,5312,Area harvested,534,Peaches and nectarines,2014,2014,ha,6906,A,Official figure,
QCL,Crops and livestock products,143,Morocco,5419,Yield,534,Peaches and nectarines,2014,2014,100 g/ha,106867,A,Official figure,
QCL,Crops and livestock products,143,Morocco,5510,Production,534,Peaches and nectarines,2014,2014,t,73802.01,A,Official figure,
QCL,Crops and livestock products,143,Morocco,5312,Area harvested,534,Peaches and nectarines,2015,2015,ha,7290,A,Official figure,
QCL,Crops and livestock products,143,Morocco,5419,Yield,534,Peaches and nectarines,2015,2015,100 g/ha,125468,A,Official figure,
QCL,Crops and livestock products,143,Morocco,5510,Production,534,Peaches and nectarines,2015,2015,t,91468.9,A,Official figure,
QCL,Crops and livestock products,143,Morocco,5312,Area harvested,534,Peaches and nectarines,2016,2016,ha,9192,A,Official figure,
QCL,Crops and livestock products,143,Morocco,5419,Yield,534,Peaches and nectarines,2016,2016,100 g/ha,103440,A,Official figure,
QCL,Crops and livestock products,143,Morocco,5510,Production,534,Peaches and nectarines,2016,2016,t,95084.5,A,Official figure,
QCL,Crops and livestock products,143,Morocco,5312,Area harvested,534,Peaches and nectarines,2017,2017,ha,10929,A,Official figure,
QCL,Crops and livestock products,143,Morocco,5419,Yield,534,Peaches and nectarines,2017,2017,100 g/ha,126776,A,Official figure,
QCL,Crops and livestock products,143,Morocco,5510,Production,534,Peaches and nectarines,2017,2017,t,138559.75,A,Official figure,
QCL,Crops and livestock products,143,Morocco,5312,Area harvested,534,Peaches and nectarines,2018,2018,ha,11019,A,Official figure,
QCL,Crops and livestock products,143,Morocco,5419,Yield,534,Peaches and nectarines,2018,2018,100 g/ha,143288,A,Official figure,
QCL,Crops and livestock products,143,Morocco,5510,Production,534,Peaches and nectarines,2018,2018,t,157893,A,Official figure,
QCL,Crops and livestock products,143,Morocco,5312,Area harvested,534,Peaches and nectarines,2019,2019,ha,13771,A,Official figure,
QCL,Crops and livestock products,143,Morocco,5419,Yield,534,Peaches and nectarines,2019,2019,100 g/ha,115336,A,Official figure,
QCL,Crops and livestock products,143,Morocco,5510,Production,534,Peaches and nectarines,2019,2019,t,158826.8,A,Official figure,
QCL,Crops and livestock products,143,Morocco,5312,Area harvested,534,Peaches and nectarines,2020,2020,ha,14358,A,Official figure,
QCL,Crops and livestock products,143,Morocco,5419,Yield,534,Peaches and nectarines,2020,2020,100 g/ha,111110,A,Official figure,
QCL,Crops and livestock products,143,Morocco,5510,Production,534,Peaches and nectarines,2020,2020,t,159530.8,A,Official figure,
QCL,Crops and livestock products,143,Morocco,5312,Area harvested,534,Peaches and nectarines,2021,2021,ha,14587,A,Official figure,
QCL,Crops and livestock products,143,Morocco,5419,Yield,534,Peaches and nectarines,2021,2021,100 g/ha,115839,A,Official figure,
QCL,Crops and livestock products,143,Morocco,5510,Production,534,Peaches and nectarines,2021,2021,t,168974,A,Official figure,
QCL,Crops and livestock products,143,Morocco,5312,Area harvested,534,Peaches and nectarines,2022,2022,ha,15578,A,Official figure,
QCL,Crops and livestock products,143,Morocco,5419,Yield,534,Peaches and nectarines,2022,2022,100 g/ha,159118,A,Official figure,
QCL,Crops and livestock products,143,Morocco,5510,Production,534,Peaches and nectarines,2022,2022,t,247869.77,A,Official figure,
QCL,Crops and livestock products,143,Morocco,5312,Area harvested,521,Pears,1961,1961,ha,0,M,"Missing value (data cannot exist, not applicable)",
QCL,Crops and livestock products,143,Morocco,5510,Production,521,Pears,1961,1961,t,2000,A,Official figure,
QCL,Crops and livestock products,143,Morocco,5312,Area harvested,521,Pears,1962,1962,ha,0,M,"Missing value (data cannot exist, not applicable)",
QCL,Crops and livestock products,143,Morocco,5510,Production,521,Pears,1962,1962,t,2000,A,Official figure,
QCL,Crops and livestock products,143,Morocco,5312,Area harvested,521,Pears,1963,1963,ha,0,M,"Missing value (data cannot exist, not applicable)",
QCL,Crops and livestock products,143,Morocco,5510,Production,521,Pears,1963,1963,t,2000,A,Official figure,
QCL,Crops and livestock products,143,Morocco,5312,Area harvested,521,Pears,1964,1964,ha,0,M,"Missing value (data cannot exist, not applicable)",
QCL,Crops and livestock products,143,Morocco,5510,Production,521,Pears,1964,1964,t,5000,A,Official figure,
QCL,Crops and livestock products,143,Morocco,5312,Area harvested,521,Pears,1965,1965,ha,0,M,"Missing value (data cannot exist, not applicable)",
QCL,Crops and livestock products,143,Morocco,5510,Production,521,Pears,1965,1965,t,9000,A,Official figure,
QCL,Crops and livestock products,143,Morocco,5312,Area harvested,521,Pears,1966,1966,ha,0,M,"Missing value (data cannot exist, not applicable)",
QCL,Crops and livestock products,143,Morocco,5510,Production,521,Pears,1966,1966,t,3500,A,Official figure,
QCL,Crops and livestock products,143,Morocco,5312,Area harvested,521,Pears,1967,1967,ha,0,M,"Missing value (data cannot exist, not applicable)",
QCL,Crops and livestock products,143,Morocco,5510,Production,521,Pears,1967,1967,t,6000,A,Official figure,
QCL,Crops and livestock products,143,Morocco,5312,Area harvested,521,Pears,1968,1968,ha,0,M,"Missing value (data cannot exist, not applicable)",
QCL,Crops and livestock products,143,Morocco,5510,Production,521,Pears,1968,1968,t,7000,E,Estimated value,
QCL,Crops and livestock products,143,Morocco,5312,Area harvested,521,Pears,1969,1969,ha,0,M,"Missing value (data cannot exist, not applicable)",
QCL,Crops and livestock products,143,Morocco,5510,Production,521,Pears,1969,1969,t,7000,E,Estimated value,
QCL,Crops and livestock products,143,Morocco,5312,Area harvested,521,Pears,1970,1970,ha,0,M,"Missing value (data cannot exist, not applicable)",
QCL,Crops and livestock products,143,Morocco,5510,Production,521,Pears,1970,1970,t,7000,E,Estimated value,
QCL,Crops and livestock products,143,Morocco,5312,Area harvested,521,Pears,1971,1971,ha,0,M,"Missing value (data cannot exist, not applicable)",
QCL,Crops and livestock products,143,Morocco,5510,Production,521,Pears,1971,1971,t,7000,E,Estimated value,
QCL,Crops and livestock products,143,Morocco,5312,Area harvested,521,Pears,1972,1972,ha,0,M,"Missing value (data cannot exist, not applicable)",
QCL,Crops and livestock products,143,Morocco,5510,Production,521,Pears,1972,1972,t,9000,E,Estimated value,
QCL,Crops and livestock products,143,Morocco,5312,Area harvested,521,Pears,1973,1973,ha,0,M,"Missing value (data cannot exist, not applicable)",
QCL,Crops and livestock products,143,Morocco,5510,Production,521,Pears,1973,1973,t,11000,E,Estimated value,
QCL,Crops and livestock products,143,Morocco,5312,Area harvested,521,Pears,1974,1974,ha,0,M,"Missing value (data cannot exist, not applicable)",
QCL,Crops and livestock products,143,Morocco,5510,Production,521,Pears,1974,1974,t,10000,E,Estimated value,
QCL,Crops and livestock products,143,Morocco,5312,Area harvested,521,Pears,1975,1975,ha,0,M,"Missing value (data cannot exist, not applicable)",
QCL,Crops and livestock products,143,Morocco,5510,Production,521,Pears,1975,1975,t,9000,E,Estimated value,
QCL,Crops and livestock products,143,Morocco,5312,Area harvested,521,Pears,1976,1976,ha,0,M,"Missing value (data cannot exist, not applicable)",
QCL,Crops and livestock products,143,Morocco,5510,Production,521,Pears,1976,1976,t,11000,E,Estimated value,
QCL,Crops and livestock products,143,Morocco,5312,Area harvested,521,Pears,1977,1977,ha,0,M,"Missing value (data cannot exist, not applicable)",
QCL,Crops and livestock products,143,Morocco,5510,Production,521,Pears,1977,1977,t,12000,E,Estimated value,
QCL,Crops and livestock products,143,Morocco,5312,Area harvested,521,Pears,1978,1978,ha,0,M,"Missing value (data cannot exist, not applicable)",
QCL,Crops and livestock products,143,Morocco,5510,Production,521,Pears,1978,1978,t,12400,E,Estimated value,
QCL,Crops and livestock products,143,Morocco,5312,Area harvested,521,Pears,1979,1979,ha,0,M,"Missing value (data cannot exist, not applicable)",
QCL,Crops and livestock products,143,Morocco,5510,Production,521,Pears,1979,1979,t,12600,E,Estimated value,
QCL,Crops and livestock products,143,Morocco,5312,Area harvested,521,Pears,1980,1980,ha,0,M,"Missing value (data cannot exist, not applicable)",
QCL,Crops and livestock products,143,Morocco,5510,Production,521,Pears,1980,1980,t,13000,E,Estimated value,
QCL,Crops and livestock products,143,Morocco,5312,Area harvested,521,Pears,1981,1981,ha,0,M,"Missing value (data cannot exist, not applicable)",
QCL,Crops and livestock products,143,Morocco,5510,Production,521,Pears,1981,1981,t,16000,E,Estimated value,
QCL,Crops and livestock products,143,Morocco,5312,Area harvested,521,Pears,1982,1982,ha,0,M,"Missing value (data cannot exist, not applicable)",
QCL,Crops and livestock products,143,Morocco,5510,Production,521,Pears,1982,1982,t,20000,E,Estimated value,
QCL,Crops and livestock products,143,Morocco,5312,Area harvested,521,Pears,1983,1983,ha,0,M,"Missing value (data cannot exist, not applicable)",
QCL,Crops and livestock products,143,Morocco,5510,Production,521,Pears,1983,1983,t,23000,E,Estimated value,
QCL,Crops and livestock products,143,Morocco,5312,Area harvested,521,Pears,1984,1984,ha,0,M,"Missing value (data cannot exist, not applicable)",
QCL,Crops and livestock products,143,Morocco,5510,Production,521,Pears,1984,1984,t,25000,E,Estimated value,
QCL,Crops and livestock products,143,Morocco,5312,Area harvested,521,Pears,1985,1985,ha,2500,E,Estimated value,
QCL,Crops and livestock products,143,Morocco,5419,Yield,521,Pears,1985,1985,100 g/ha,108000,E,Estimated value,
QCL,Crops and livestock products,143,Morocco,5510,Production,521,Pears,1985,1985,t,27000,E,Estimated value,
QCL,Crops and livestock products,143,Morocco,5312,Area harvested,521,Pears,1986,1986,ha,2500,E,Estimated value,
QCL,Crops and livestock products,143,Morocco,5419,Yield,521,Pears,1986,1986,100 g/ha,132000,E,Estimated value,
QCL,Crops and livestock products,143,Morocco,5510,Production,521,Pears,1986,1986,t,33000,E,Estimated value,
QCL,Crops and livestock products,143,Morocco,5312,Area harvested,521,Pears,1987,1987,ha,2600,E,Estimated value,
QCL,Crops and livestock products,143,Morocco,5419,Yield,521,Pears,1987,1987,100 g/ha,146154,E,Estimated value,
QCL,Crops and livestock products,143,Morocco,5510,Production,521,Pears,1987,1987,t,38000,A,Official figure,
QCL,Crops and livestock products,143,Morocco,5312,Area harvested,521,Pears,1988,1988,ha,2600,E,Estimated value,
QCL,Crops and livestock products,143,Morocco,5419,Yield,521,Pears,1988,1988,100 g/ha,138462,E,Estimated value,
QCL,Crops and livestock products,143,Morocco,5510,Production,521,Pears,1988,1988,t,36000,A,Official figure,
QCL,Crops and livestock products,143,Morocco,5312,Area harvested,521,Pears,1989,1989,ha,2700,A,Official figure,
QCL,Crops and livestock products,143,Morocco,5419,Yield,521,Pears,1989,1989,100 g/ha,148148,A,Official figure,
QCL,Crops and livestock products,143,Morocco,5510,Production,521,Pears,1989,1989,t,40000,A,Official figure,
QCL,Crops and livestock products,143,Morocco,5312,Area harvested,521,Pears,1990,1990,ha,2900,A,Official figure,
QCL,Crops and livestock products,143,Morocco,5419,Yield,521,Pears,1990,1990,100 g/ha,125517,A,Official figure,
QCL,Crops and livestock products,143,Morocco,5510,Production,521,Pears,1990,1990,t,36400,A,Official figure,
QCL,Crops and livestock products,143,Morocco,5312,Area harvested,521,Pears,1991,1991,ha,3000,A,Official figure,
QCL,Crops and livestock products,143,Morocco,5419,Yield,521,Pears,1991,1991,100 g/ha,103000,A,Official figure,
QCL,Crops and livestock products,143,Morocco,5510,Production,521,Pears,1991,1991,t,30900,A,Official figure,
QCL,Crops and livestock products,143,Morocco,5312,Area harvested,521,Pears,1992,1992,ha,3000,A,Official figure,
QCL,Crops and livestock products,143,Morocco,5419,Yield,521,Pears,1992,1992,100 g/ha,103333,A,Official figure,
QCL,Crops and livestock products,143,Morocco,5510,Production,521,Pears,1992,1992,t,31000,A,Official figure,
QCL,Crops and livestock products,143,Morocco,5312,Area harvested,521,Pears,1993,1993,ha,3400,A,Official figure,
QCL,Crops and livestock products,143,Morocco,5419,Yield,521,Pears,1993,1993,100 g/ha,165294,A,Official figure,
QCL,Crops and livestock products,143,Morocco,5510,Production,521,Pears,1993,1993,t,56200,A,Official figure,
QCL,Crops and livestock products,143,Morocco,5312,Area harvested,521,Pears,1994,1994,ha,3400,A,Official figure,
QCL,Crops and livestock products,143,Morocco,5419,Yield,521,Pears,1994,1994,100 g/ha,85294,A,Official figure,
QCL,Crops and livestock products,143,Morocco,5510,Production,521,Pears,1994,1994,t,29000,A,Official figure,
QCL,Crops and livestock products,143,Morocco,5312,Area harvested,521,Pears,1995,1995,ha,3400,A,Official figure,
QCL,Crops and livestock products,143,Morocco,5419,Yield,521,Pears,1995,1995,100 g/ha,75882,A,Official figure,
QCL,Crops and livestock products,143,Morocco,5510,Production,521,Pears,1995,1995,t,25800,A,Official figure,
QCL,Crops and livestock products,143,Morocco,5312,Area harvested,521,Pears,1996,1996,ha,3600,A,Official figure,
QCL,Crops and livestock products,143,Morocco,5419,Yield,521,Pears,1996,1996,100 g/ha,83889,A,Official figure,
QCL,Crops and livestock products,143,Morocco,5510,Production,521,Pears,1996,1996,t,30200,A,Official figure,
QCL,Crops and livestock products,143,Morocco,5312,Area harvested,521,Pears,1997,1997,ha,3500,A,Official figure,
QCL,Crops and livestock products,143,Morocco,5419,Yield,521,Pears,1997,1997,100 g/ha,113429,A,Official figure,
QCL,Crops and livestock products,143,Morocco,5510,Production,521,Pears,1997,1997,t,39700,A,Official figure,
QCL,Crops and livestock products,143,Morocco,5312,Area harvested,521,Pears,1998,1998,ha,3500,A,Official figure,
QCL,Crops and livestock products,143,Morocco,5419,Yield,521,Pears,1998,1998,100 g/ha,88857,A,Official figure,
QCL,Crops and livestock products,143,Morocco,5510,Production,521,Pears,1998,1998,t,31100,A,Official figure,
QCL,Crops and livestock products,143,Morocco,5312,Area harvested,521,Pears,1999,1999,ha,4100,A,Official figure,
QCL,Crops and livestock products,143,Morocco,5419,Yield,521,Pears,1999,1999,100 g/ha,122571,A,Official figure,
QCL,Crops and livestock products,143,Morocco,5510,Production,521,Pears,1999,1999,t,50254,A,Official figure,
QCL,Crops and livestock products,143,Morocco,5312,Area harvested,521,Pears,2000,2000,ha,3757,A,Official figure,
QCL,Crops and livestock products,143,Morocco,5419,Yield,521,Pears,2000,2000,100 g/ha,79345,A,Official figure,
QCL,Crops and livestock products,143,Morocco,5510,Production,521,Pears,2000,2000,t,29810,A,Official figure,
QCL,Crops and livestock products,143,Morocco,5312,Area harvested,521,Pears,2001,2001,ha,3900,A,Official figure,
QCL,Crops and livestock products,143,Morocco,5419,Yield,521,Pears,2001,2001,100 g/ha,92821,A,Official figure,
QCL,Crops and livestock products,143,Morocco,5510,Production,521,Pears,2001,2001,t,36200,A,Official figure,
QCL,Crops and livestock products,143,Morocco,5312,Area harvested,521,Pears,2002,2002,ha,3930,A,Official figure,
QCL,Crops and livestock products,143,Morocco,5419,Yield,521,Pears,2002,2002,100 g/ha,117303,A,Official figure,
QCL,Crops and livestock products,143,Morocco,5510,Production,521,Pears,2002,2002,t,46100,A,Official figure,
QCL,Crops and livestock products,143,Morocco,5312,Area harvested,521,Pears,2003,2003,ha,4100,A,Official figure,
QCL,Crops and livestock products,143,Morocco,5419,Yield,521,Pears,2003,2003,100 g/ha,93902,A,Official figure,
QCL,Crops and livestock products,143,Morocco,5510,Production,521,Pears,2003,2003,t,38500,A,Official figure,
QCL,Crops and livestock products,143,Morocco,5312,Area harvested,521,Pears,2004,2004,ha,4170,A,Official figure,
QCL,Crops and livestock products,143,Morocco,5419,Yield,521,Pears,2004,2004,100 g/ha,107890,A,Official figure,
QCL,Crops and livestock products,143,Morocco,5510,Production,521,Pears,2004,2004,t,44990,A,Official figure,
QCL,Crops and livestock products,143,Morocco,5312,Area harvested,521,Pears,2005,2005,ha,3900,A,Official figure,
QCL,Crops and livestock products,143,Morocco,5419,Yield,521,Pears,2005,2005,100 g/ha,106410,A,Official figure,
QCL,Crops and livestock products,143,Morocco,5510,Production,521,Pears,2005,2005,t,41500,A,Official figure,
QCL,Crops and livestock products,143,Morocco,5312,Area harvested,521,Pears,2006,2006,ha,3660,A,Official figure,
QCL,Crops and livestock products,143,Morocco,5419,Yield,521,Pears,2006,2006,100 g/ha,96175,A,Official figure,
QCL,Crops and livestock products,143,Morocco,5510,Production,521,Pears,2006,2006,t,35200,A,Official figure,
QCL,Crops and livestock products,143,Morocco,5312,Area harvested,521,Pears,2007,2007,ha,3883,A,Official figure,
QCL,Crops and livestock products,143,Morocco,5419,Yield,521,Pears,2007,2007,100 g/ha,113041,A,Official figure,
QCL,Crops and livestock products,143,Morocco,5510,Production,521,Pears,2007,2007,t,43894,A,Official figure,
QCL,Crops and livestock products,143,Morocco,5312,Area harvested,521,Pears,2008,2008,ha,3633,A,Official figure,
QCL,Crops and livestock products,143,Morocco,5419,Yield,521,Pears,2008,2008,100 g/ha,105615,A,Official figure,
QCL,Crops and livestock products,143,Morocco,5510,Production,521,Pears,2008,2008,t,38370,A,Official figure,
QCL,Crops and livestock products,143,Morocco,5312,Area harvested,521,Pears,2009,2009,ha,3556,A,Official figure,
QCL,Crops and livestock products,143,Morocco,5419,Yield,521,Pears,2009,2009,100 g/ha,103608,A,Official figure,
QCL,Crops and livestock products,143,Morocco,5510,Production,521,Pears,2009,2009,t,36843,A,Official figure,
QCL,Crops and livestock products,143,Morocco,5312,Area harvested,521,Pears,2010,2010,ha,4026,A,Official figure,
QCL,Crops and livestock products,143,Morocco,5419,Yield,521,Pears,2010,2010,100 g/ha,101992,A,Official figure,
QCL,Crops and livestock products,143,Morocco,5510,Production,521,Pears,2010,2010,t,41062,A,Official figure,
QCL,Crops and livestock products,143,Morocco,5312,Area harvested,521,Pears,2011,2011,ha,3400,A,Official figure,
QCL,Crops and livestock products,143,Morocco,5419,Yield,521,Pears,2011,2011,100 g/ha,106403,A,Official figure,
QCL,Crops and livestock products,143,Morocco,5510,Production,521,Pears,2011,2011,t,36177,A,Official figure,
QCL,Crops and livestock products,143,Morocco,5312,Area harvested,521,Pears,2012,2012,ha,2912,A,Official figure,
QCL,Crops and livestock products,143,Morocco,5419,Yield,521,Pears,2012,2012,100 g/ha,102685,A,Official figure,
QCL,Crops and livestock products,143,Morocco,5510,Production,521,Pears,2012,2012,t,29902,A,Official figure,
QCL,Crops and livestock products,143,Morocco,5312,Area harvested,521,Pears,2013,2013,ha,3236,A,Official figure,
QCL,Crops and livestock products,143,Morocco,5419,Yield,521,Pears,2013,2013,100 g/ha,135498,A,Official figure,
QCL,Crops and livestock products,143,Morocco,5510,Production,521,Pears,2013,2013,t,43851.77,A,Official figure,
QCL,Crops and livestock products,143,Morocco,5312,Area harvested,521,Pears,2014,2014,ha,3236,A,Official figure,
QCL,Crops and livestock products,143,Morocco,5419,Yield,521,Pears,2014,2014,100 g/ha,122352,A,Official figure,
QCL,Crops and livestock products,143,Morocco,5510,Production,521,Pears,2014,2014,t,39587.08,A,Official figure,
QCL,Crops and livestock products,143,Morocco,5312,Area harvested,521,Pears,2015,2015,ha,3383,A,Official figure,
QCL,Crops and livestock products,143,Morocco,5419,Yield,521,Pears,2015,2015,100 g/ha,135937,A,Official figure,
QCL,Crops and livestock products,143,Morocco,5510,Production,521,Pears,2015,2015,t,45980.69,A,Official figure,
QCL,Crops and livestock products,143,Morocco,5312,Area harvested,521,Pears,2016,2016,ha,3522,A,Official figure,
QCL,Crops and livestock products,143,Morocco,5419,Yield,521,Pears,2016,2016,100 g/ha,78813,A,Official figure,
QCL,Crops and livestock products,143,Morocco,5510,Production,521,Pears,2016,2016,t,27754.1,A,Official figure,
QCL,Crops and livestock products,143,Morocco,5312,Area harvested,521,Pears,2017,2017,ha,3058,A,Official figure,
QCL,Crops and livestock products,143,Morocco,5419,Yield,521,Pears,2017,2017,100 g/ha,111268,A,Official figure,
QCL,Crops and livestock products,143,Morocco,5510,Production,521,Pears,2017,2017,t,34024.8,A,Official figure,
QCL,Crops and livestock products,143,Morocco,5312,Area harvested,521,Pears,2018,2018,ha,4012,A,Official figure,
QCL,Crops and livestock products,143,Morocco,5419,Yield,521,Pears,2018,2018,100 g/ha,87743,A,Official figure,
QCL,Crops and livestock products,143,Morocco,5510,Production,521,Pears,2018,2018,t,35201.5,A,Official figure,
QCL,Crops and livestock products,143,Morocco,5312,Area harvested,521,Pears,2019,2019,ha,3878,A,Official figure,
QCL,Crops and livestock products,143,Morocco,5419,Yield,521,Pears,2019,2019,100 g/ha,87729,A,Official figure,
QCL,Crops and livestock products,143,Morocco,5510,Production,521,Pears,2019,2019,t,34020.4,A,Official figure,
QCL,Crops and livestock products,143,Morocco,5312,Area harvested,521,Pears,2020,2020,ha,3739,A,Official figure,
QCL,Crops and livestock products,143,Morocco,5419,Yield,521,Pears,2020,2020,100 g/ha,88474,A,Official figure,
QCL,Crops and livestock products,143,Morocco,5510,Production,521,Pears,2020,2020,t,33082.2,A,Official figure,
QCL,Crops and livestock products,143,Morocco,5312,Area harvested,521,Pears,2021,2021,ha,4108,A,Official figure,
QCL,Crops and livestock products,143,Morocco,5419,Yield,521,Pears,2021,2021,100 g/ha,113500,A,Official figure,
QCL,Crops and livestock products,143,Morocco,5510,Production,521,Pears,2021,2021,t,46626,A,Official figure,
QCL,Crops and livestock products,143,Morocco,5312,Area harvested,521,Pears,2022,2022,ha,4067,A,Official figure,
QCL,Crops and livestock products,143,Morocco,5419,Yield,521,Pears,2022,2022,100 g/ha,112607,A,Official figure,
QCL,Crops and livestock products,143,Morocco,5510,Production,521,Pears,2022,2022,t,45794.54,A,Official figure,
QCL,Crops and livestock products,143,Morocco,5312,Area harvested,187,"Peas, dry",1961,1961,ha,63000,A,Official figure,
QCL,Crops and livestock products,143,Morocco,5419,Yield,187,"Peas, dry",1961,1961,100 g/ha,3968,A,Official figure,
QCL,Crops and livestock products,143,Morocco,5510,Production,187,"Peas, dry",1961,1961,t,25000,A,Official figure,
QCL,Crops and livestock products,143,Morocco,5312,Area harvested,187,"Peas, dry",1962,1962,ha,54000,A,Official figure,
QCL,Crops and livestock products,143,Morocco,5419,Yield,187,"Peas, dry",1962,1962,100 g/ha,8333,A,Official figure,
QCL,Crops and livestock products,143,Morocco,5510,Production,187,"Peas, dry",1962,1962,t,45000,A,Official figure,
QCL,Crops and livestock products,143,Morocco,5312,Area harvested,187,"Peas, dry",1963,1963,ha,53000,A,Official figure,
QCL,Crops and livestock products,143,Morocco,5419,Yield,187,"Peas, dry",1963,1963,100 g/ha,6038,A,Official figure,
QCL,Crops and livestock products,143,Morocco,5510,Production,187,"Peas, dry",1963,1963,t,32000,A,Official figure,
QCL,Crops and livestock products,143,Morocco,5312,Area harvested,187,"Peas, dry",1964,1964,ha,50000,A,Official figure,
QCL,Crops and livestock products,143,Morocco,5419,Yield,187,"Peas, dry",1964,1964,100 g/ha,7000,A,Official figure,
QCL,Crops and livestock products,143,Morocco,5510,Production,187,"Peas, dry",1964,1964,t,35000,A,Official figure,
QCL,Crops and livestock products,143,Morocco,5312,Area harvested,187,"Peas, dry",1965,1965,ha,50000,A,Official figure,
QCL,Crops and livestock products,143,Morocco,5419,Yield,187,"Peas, dry",1965,1965,100 g/ha,8000,A,Official figure,
QCL,Crops and livestock products,143,Morocco,5510,Production,187,"Peas, dry",1965,1965,t,40000,A,Official figure,
QCL,Crops and livestock products,143,Morocco,5312,Area harvested,187,"Peas, dry",1966,1966,ha,55000,A,Official figure,
QCL,Crops and livestock products,143,Morocco,5419,Yield,187,"Peas, dry",1966,1966,100 g/ha,6091,A,Official figure,
QCL,Crops and livestock products,143,Morocco,5510,Production,187,"Peas, dry",1966,1966,t,33500,A,Official figure,
QCL,Crops and livestock products,143,Morocco,5312,Area harvested,187,"Peas, dry",1967,1967,ha,54100,A,Official figure,
QCL,Crops and livestock products,143,Morocco,5419,Yield,187,"Peas, dry",1967,1967,100 g/ha,5804,A,Official figure,
QCL,Crops and livestock products,143,Morocco,5510,Production,187,"Peas, dry",1967,1967,t,31400,A,Official figure,
QCL,Crops and livestock products,143,Morocco,5312,Area harvested,187,"Peas, dry",1968,1968,ha,65400,A,Official figure,
QCL,Crops and livestock products,143,Morocco,5419,Yield,187,"Peas, dry",1968,1968,100 g/ha,7928,A,Official figure,
QCL,Crops and livestock products,143,Morocco,5510,Production,187,"Peas, dry",1968,1968,t,51850,A,Official figure,
QCL,Crops and livestock products,143,Morocco,5312,Area harvested,187,"Peas, dry",1969,1969,ha,51000,A,Official figure,
QCL,Crops and livestock products,143,Morocco,5419,Yield,187,"Peas, dry",1969,1969,100 g/ha,6667,A,Official figure,
QCL,Crops and livestock products,143,Morocco,5510,Production,187,"Peas, dry",1969,1969,t,34000,A,Official figure,
QCL,Crops and livestock products,143,Morocco,5312,Area harvested,187,"Peas, dry",1970,1970,ha,61000,A,Official figure,
QCL,Crops and livestock products,143,Morocco,5419,Yield,187,"Peas, dry",1970,1970,100 g/ha,5475,A,Official figure,
QCL,Crops and livestock products,143,Morocco,5510,Production,187,"Peas, dry",1970,1970,t,33400,A,Official figure,
QCL,Crops and livestock products,143,Morocco,5312,Area harvested,187,"Peas, dry",1971,1971,ha,70000,A,Official figure,
QCL,Crops and livestock products,143,Morocco,5419,Yield,187,"Peas, dry",1971,1971,100 g/ha,6886,A,Official figure,
QCL,Crops and livestock products,143,Morocco,5510,Production,187,"Peas, dry",1971,1971,t,48200,A,Official figure,
QCL,Crops and livestock products,143,Morocco,5312,Area harvested,187,"Peas, dry",1972,1972,ha,91400,A,Official figure,
QCL,Crops and livestock products,143,Morocco,5419,Yield,187,"Peas, dry",1972,1972,100 g/ha,6772,A,Official figure,
QCL,Crops and livestock products,143,Morocco,5510,Production,187,"Peas, dry",1972,1972,t,61900,A,Official figure,
QCL,Crops and livestock products,143,Morocco,5312,Area harvested,187,"Peas, dry",1973,1973,ha,102000,A,Official figure,
QCL,Crops and livestock products,143,Morocco,5419,Yield,187,"Peas, dry",1973,1973,100 g/ha,3636,A,Official figure,
QCL,Crops and livestock products,143,Morocco,5510,Production,187,"Peas, dry",1973,1973,t,37090,A,Official figure,
QCL,Crops and livestock products,143,Morocco,5312,Area harvested,187,"Peas, dry",1974,1974,ha,109500,A,Official figure,
QCL,Crops and livestock products,143,Morocco,5419,Yield,187,"Peas, dry",1974,1974,100 g/ha,11354,A,Official figure,
QCL,Crops and livestock products,143,Morocco,5510,Production,187,"Peas, dry",1974,1974,t,124330,A,Official figure,
QCL,Crops and livestock products,143,Morocco,5312,Area harvested,187,"Peas, dry",1975,1975,ha,137400,A,Official figure,
QCL,Crops and livestock products,143,Morocco,5419,Yield,187,"Peas, dry",1975,1975,100 g/ha,7174,A,Official figure,
QCL,Crops and livestock products,143,Morocco,5510,Production,187,"Peas, dry",1975,1975,t,98570,A,Official figure,
QCL,Crops and livestock products,143,Morocco,5312,Area harvested,187,"Peas, dry",1976,1976,ha,133300,A,Official figure,
QCL,Crops and livestock products,143,Morocco,5419,Yield,187,"Peas, dry",1976,1976,100 g/ha,8416,A,Official figure,
QCL,Crops and livestock products,143,Morocco,5510,Production,187,"Peas, dry",1976,1976,t,112180,A,Official figure,
QCL,Crops and livestock products,143,Morocco,5312,Area harvested,187,"Peas, dry",1977,1977,ha,117300,A,Official figure,
QCL,Crops and livestock products,143,Morocco,5419,Yield,187,"Peas, dry",1977,1977,100 g/ha,2841,A,Official figure,
QCL,Crops and livestock products,143,Morocco,5510,Production,187,"Peas, dry",1977,1977,t,33330,A,Official figure,
QCL,Crops and livestock products,143,Morocco,5312,Area harvested,187,"Peas, dry",1978,1978,ha,95100,A,Official figure,
QCL,Crops and livestock products,143,Morocco,5419,Yield,187,"Peas, dry",1978,1978,100 g/ha,4802,A,Official figure,
QCL,Crops and livestock products,143,Morocco,5510,Production,187,"Peas, dry",1978,1978,t,45670,A,Official figure,
QCL,Crops and livestock products,143,Morocco,5312,Area harvested,187,"Peas, dry",1979,1979,ha,63300,A,Official figure,
QCL,Crops and livestock products,143,Morocco,5419,Yield,187,"Peas, dry",1979,1979,100 g/ha,5900,A,Official figure,
QCL,Crops and livestock products,143,Morocco,5510,Production,187,"Peas, dry",1979,1979,t,37347,A,Official figure,
QCL,Crops and livestock products,143,Morocco,5312,Area harvested,187,"Peas, dry",1980,1980,ha,46800,A,Official figure,
QCL,Crops and livestock products,143,Morocco,5419,Yield,187,"Peas, dry",1980,1980,100 g/ha,5822,A,Official figure,
QCL,Crops and livestock products,143,Morocco,5510,Production,187,"Peas, dry",1980,1980,t,27247,A,Official figure,
QCL,Crops and livestock products,143,Morocco,5312,Area harvested,187,"Peas, dry",1981,1981,ha,36000,A,Official figure,
QCL,Crops and livestock products,143,Morocco,5419,Yield,187,"Peas, dry",1981,1981,100 g/ha,2444,A,Official figure,
QCL,Crops and livestock products,143,Morocco,5510,Production,187,"Peas, dry",1981,1981,t,8800,A,Official figure,
QCL,Crops and livestock products,143,Morocco,5312,Area harvested,187,"Peas, dry",1982,1982,ha,34000,A,Official figure,
QCL,Crops and livestock products,143,Morocco,5419,Yield,187,"Peas, dry",1982,1982,100 g/ha,6412,A,Official figure,
QCL,Crops and livestock products,143,Morocco,5510,Production,187,"Peas, dry",1982,1982,t,21800,A,Official figure,
QCL,Crops and livestock products,143,Morocco,5312,Area harvested,187,"Peas, dry",1983,1983,ha,47600,A,Official figure,
QCL,Crops and livestock products,143,Morocco,5419,Yield,187,"Peas, dry",1983,1983,100 g/ha,4668,A,Official figure,
QCL,Crops and livestock products,143,Morocco,5510,Production,187,"Peas, dry",1983,1983,t,22220,A,Official figure,
QCL,Crops and livestock products,143,Morocco,5312,Area harvested,187,"Peas, dry",1984,1984,ha,57000,A,Official figure,
QCL,Crops and livestock products,143,Morocco,5419,Yield,187,"Peas, dry",1984,1984,100 g/ha,4839,A,Official figure,
QCL,Crops and livestock products,143,Morocco,5510,Production,187,"Peas, dry",1984,1984,t,27580,A,Official figure,
QCL,Crops and livestock products,143,Morocco,5312,Area harvested,187,"Peas, dry",1985,1985,ha,57000,A,Official figure,
QCL,Crops and livestock products,143,Morocco,5419,Yield,187,"Peas, dry",1985,1985,100 g/ha,8439,A,Official figure,
QCL,Crops and livestock products,143,Morocco,5510,Production,187,"Peas, dry",1985,1985,t,48100,A,Official figure,
QCL,Crops and livestock products,143,Morocco,5312,Area harvested,187,"Peas, dry",1986,1986,ha,49800,A,Official figure,
QCL,Crops and livestock products,143,Morocco,5419,Yield,187,"Peas, dry",1986,1986,100 g/ha,8412,A,Official figure,
QCL,Crops and livestock products,143,Morocco,5510,Production,187,"Peas, dry",1986,1986,t,41890,A,Official figure,
QCL,Crops and livestock products,143,Morocco,5312,Area harvested,187,"Peas, dry",1987,1987,ha,44800,A,Official figure,
QCL,Crops and livestock products,143,Morocco,5419,Yield,187,"Peas, dry",1987,1987,100 g/ha,4960,A,Official figure,
QCL,Crops and livestock products,143,Morocco,5510,Production,187,"Peas, dry",1987,1987,t,22220,A,Official figure,
QCL,Crops and livestock products,143,Morocco,5312,Area harvested,187,"Peas, dry",1988,1988,ha,45800,A,Official figure,
QCL,Crops and livestock products,143,Morocco,5419,Yield,187,"Peas, dry",1988,1988,100 g/ha,8441,A,Official figure,
QCL,Crops and livestock products,143,Morocco,5510,Production,187,"Peas, dry",1988,1988,t,38660,A,Official figure,
QCL,Crops and livestock products,143,Morocco,5312,Area harvested,187,"Peas, dry",1989,1989,ha,50900,A,Official figure,
QCL,Crops and livestock products,143,Morocco,5419,Yield,187,"Peas, dry",1989,1989,100 g/ha,7629,A,Official figure,
QCL,Crops and livestock products,143,Morocco,5510,Production,187,"Peas, dry",1989,1989,t,38830,A,Official figure,
QCL,Crops and livestock products,143,Morocco,5312,Area harvested,187,"Peas, dry",1990,1990,ha,69600,A,Official figure,
QCL,Crops and livestock products,143,Morocco,5419,Yield,187,"Peas, dry",1990,1990,100 g/ha,9091,A,Official figure,
QCL,Crops and livestock products,143,Morocco,5510,Production,187,"Peas, dry",1990,1990,t,63270,A,Official figure,
QCL,Crops and livestock products,143,Morocco,5312,Area harvested,187,"Peas, dry",1991,1991,ha,62000,A,Official figure,
QCL,Crops and livestock products,143,Morocco,5419,Yield,187,"Peas, dry",1991,1991,100 g/ha,10919,A,Official figure,
QCL,Crops and livestock products,143,Morocco,5510,Production,187,"Peas, dry",1991,1991,t,67700,A,Official figure,
QCL,Crops and livestock products,143,Morocco,5312,Area harvested,187,"Peas, dry",1992,1992,ha,41400,A,Official figure,
QCL,Crops and livestock products,143,Morocco,5419,Yield,187,"Peas, dry",1992,1992,100 g/ha,2500,A,Official figure,
QCL,Crops and livestock products,143,Morocco,5510,Production,187,"Peas, dry",1992,1992,t,10350,A,Official figure,
QCL,Crops and livestock products,143,Morocco,5312,Area harvested,187,"Peas, dry",1993,1993,ha,37800,A,Official figure,
QCL,Crops and livestock products,143,Morocco,5419,Yield,187,"Peas, dry",1993,1993,100 g/ha,13095,A,Official figure,
QCL,Crops and livestock products,143,Morocco,5510,Production,187,"Peas, dry",1993,1993,t,49500,A,Official figure,
QCL,Crops and livestock products,143,Morocco,5312,Area harvested,187,"Peas, dry",1994,1994,ha,41900,A,Official figure,
QCL,Crops and livestock products,143,Morocco,5419,Yield,187,"Peas, dry",1994,1994,100 g/ha,6862,A,Official figure,
QCL,Crops and livestock products,143,Morocco,5510,Production,187,"Peas, dry",1994,1994,t,28750,A,Official figure,
QCL,Crops and livestock products,143,Morocco,5312,Area harvested,187,"Peas, dry",1995,1995,ha,27900,A,Official figure,
QCL,Crops and livestock products,143,Morocco,5419,Yield,187,"Peas, dry",1995,1995,100 g/ha,1401,A,Official figure,
QCL,Crops and livestock products,143,Morocco,5510,Production,187,"Peas, dry",1995,1995,t,3910,A,Official figure,
QCL,Crops and livestock products,143,Morocco,5312,Area harvested,187,"Peas, dry",1996,1996,ha,30000,A,Official figure,
QCL,Crops and livestock products,143,Morocco,5419,Yield,187,"Peas, dry",1996,1996,100 g/ha,9210,A,Official figure,
QCL,Crops and livestock products,143,Morocco,5510,Production,187,"Peas, dry",1996,1996,t,27630,A,Official figure,
QCL,Crops and livestock products,143,Morocco,5312,Area harvested,187,"Peas, dry",1997,1997,ha,37500,A,Official figure,
QCL,Crops and livestock products,143,Morocco,5419,Yield,187,"Peas, dry",1997,1997,100 g/ha,4205,A,Official figure,
QCL,Crops and livestock products,143,Morocco,5510,Production,187,"Peas, dry",1997,1997,t,15770,A,Official figure,
QCL,Crops and livestock products,143,Morocco,5312,Area harvested,187,"Peas, dry",1998,1998,ha,38300,A,Official figure,
QCL,Crops and livestock products,143,Morocco,5419,Yield,187,"Peas, dry",1998,1998,100 g/ha,5689,A,Official figure,
QCL,Crops and livestock products,143,Morocco,5510,Production,187,"Peas, dry",1998,1998,t,21790,A,Official figure,
QCL,Crops and livestock products,143,Morocco,5312,Area harvested,187,"Peas, dry",1999,1999,ha,27600,A,Official figure,
QCL,Crops and livestock products,143,Morocco,5419,Yield,187,"Peas, dry",1999,1999,100 g/ha,3884,A,Official figure,
QCL,Crops and livestock products,143,Morocco,5510,Production,187,"Peas, dry",1999,1999,t,10720,A,Official figure,
QCL,Crops and livestock products,143,Morocco,5312,Area harvested,187,"Peas, dry",2000,2000,ha,30100,A,Official figure,
QCL,Crops and livestock products,143,Morocco,5419,Yield,187,"Peas, dry",2000,2000,100 g/ha,2023,A,Official figure,
QCL,Crops and livestock products,143,Morocco,5510,Production,187,"Peas, dry",2000,2000,t,6090,A,Official figure,
QCL,Crops and livestock products,143,Morocco,5312,Area harvested,187,"Peas, dry",2001,2001,ha,27500,A,Official figure,
QCL,Crops and livestock products,143,Morocco,5419,Yield,187,"Peas, dry",2001,2001,100 g/ha,4651,A,Official figure,
QCL,Crops and livestock products,143,Morocco,5510,Production,187,"Peas, dry",2001,2001,t,12790,A,Official figure,
QCL,Crops and livestock products,143,Morocco,5312,Area harvested,187,"Peas, dry",2002,2002,ha,39500,A,Official figure,
QCL,Crops and livestock products,143,Morocco,5419,Yield,187,"Peas, dry",2002,2002,100 g/ha,5461,A,Official figure,
QCL,Crops and livestock products,143,Morocco,5510,Production,187,"Peas, dry",2002,2002,t,21570,A,Official figure,
QCL,Crops and livestock products,143,Morocco,5312,Area harvested,187,"Peas, dry",2003,2003,ha,33100,A,Official figure,
QCL,Crops and livestock products,143,Morocco,5419,Yield,187,"Peas, dry",2003,2003,100 g/ha,6873,A,Official figure,
QCL,Crops and livestock products,143,Morocco,5510,Production,187,"Peas, dry",2003,2003,t,22750,A,Official figure,
QCL,Crops and livestock products,143,Morocco,5312,Area harvested,187,"Peas, dry",2004,2004,ha,38400,A,Official figure,
QCL,Crops and livestock products,143,Morocco,5419,Yield,187,"Peas, dry",2004,2004,100 g/ha,6737,A,Official figure,
QCL,Crops and livestock products,143,Morocco,5510,Production,187,"Peas, dry",2004,2004,t,25870,A,Official figure,
QCL,Crops and livestock products,143,Morocco,5312,Area harvested,187,"Peas, dry",2005,2005,ha,36400,A,Official figure,
QCL,Crops and livestock products,143,Morocco,5419,Yield,187,"Peas, dry",2005,2005,100 g/ha,3934,A,Official figure,
QCL,Crops and livestock products,143,Morocco,5510,Production,187,"Peas, dry",2005,2005,t,14320,A,Official figure,
QCL,Crops and livestock products,143,Morocco,5312,Area harvested,187,"Peas, dry",2006,2006,ha,36000,A,Official figure,
QCL,Crops and livestock products,143,Morocco,5419,Yield,187,"Peas, dry",2006,2006,100 g/ha,6750,A,Official figure,
QCL,Crops and livestock products,143,Morocco,5510,Production,187,"Peas, dry",2006,2006,t,24300,A,Official figure,
QCL,Crops and livestock products,143,Morocco,5312,Area harvested,187,"Peas, dry",2007,2007,ha,37300,A,Official figure,
QCL,Crops and livestock products,143,Morocco,5419,Yield,187,"Peas, dry",2007,2007,100 g/ha,3193,A,Official figure,
QCL,Crops and livestock products,143,Morocco,5510,Production,187,"Peas, dry",2007,2007,t,11910,A,Official figure,
QCL,Crops and livestock products,143,Morocco,5312,Area harvested,187,"Peas, dry",2008,2008,ha,37900,A,Official figure,
QCL,Crops and livestock products,143,Morocco,5419,Yield,187,"Peas, dry",2008,2008,100 g/ha,4108,A,Official figure,
QCL,Crops and livestock products,143,Morocco,5510,Production,187,"Peas, dry",2008,2008,t,15570,A,Official figure,
QCL,Crops and livestock products,143,Morocco,5312,Area harvested,187,"Peas, dry",2009,2009,ha,39000,A,Official figure,
QCL,Crops and livestock products,143,Morocco,5419,Yield,187,"Peas, dry",2009,2009,100 g/ha,7074,A,Official figure,
QCL,Crops and livestock products,143,Morocco,5510,Production,187,"Peas, dry",2009,2009,t,27590,A,Official figure,
QCL,Crops and livestock products,143,Morocco,5312,Area harvested,187,"Peas, dry",2010,2010,ha,43100,A,Official figure,
QCL,Crops and livestock products,143,Morocco,5419,Yield,187,"Peas, dry",2010,2010,100 g/ha,5995,A,Official figure,
QCL,Crops and livestock products,143,Morocco,5510,Production,187,"Peas, dry",2010,2010,t,25840,A,Official figure,
QCL,Crops and livestock products,143,Morocco,5312,Area harvested,187,"Peas, dry",2011,2011,ha,50240,A,Official figure,
QCL,Crops and livestock products,143,Morocco,5419,Yield,187,"Peas, dry",2011,2011,100 g/ha,7920,A,Official figure,
QCL,Crops and livestock products,143,Morocco,5510,Production,187,"Peas, dry",2011,2011,t,39788,A,Official figure,
QCL,Crops and livestock products,143,Morocco,5312,Area harvested,187,"Peas, dry",2012,2012,ha,51770,A,Official figure,
QCL,Crops and livestock products,143,Morocco,5419,Yield,187,"Peas, dry",2012,2012,100 g/ha,5675,A,Official figure,
QCL,Crops and livestock products,143,Morocco,5510,Production,187,"Peas, dry",2012,2012,t,29382,A,Official figure,
QCL,Crops and livestock products,143,Morocco,5312,Area harvested,187,"Peas, dry",2013,2013,ha,55711,A,Official figure,
QCL,Crops and livestock products,143,Morocco,5419,Yield,187,"Peas, dry",2013,2013,100 g/ha,6654,A,Official figure,
QCL,Crops and livestock products,143,Morocco,5510,Production,187,"Peas, dry",2013,2013,t,37072.4,A,Official figure,
QCL,Crops and livestock products,143,Morocco,5312,Area harvested,187,"Peas, dry",2014,2014,ha,41487,A,Official figure,
QCL,Crops and livestock products,143,Morocco,5419,Yield,187,"Peas, dry",2014,2014,100 g/ha,5644,A,Official figure,
QCL,Crops and livestock products,143,Morocco,5510,Production,187,"Peas, dry",2014,2014,t,23416.5,A,Official figure,
QCL,Crops and livestock products,143,Morocco,5312,Area harvested,187,"Peas, dry",2015,2015,ha,49792,A,Official figure,
QCL,Crops and livestock products,143,Morocco,5419,Yield,187,"Peas, dry",2015,2015,100 g/ha,6985,A,Official figure,
QCL,Crops and livestock products,143,Morocco,5510,Production,187,"Peas, dry",2015,2015,t,34781.75,A,Official figure,
QCL,Crops and livestock products,143,Morocco,5312,Area harvested,187,"Peas, dry",2016,2016,ha,15060,A,Official figure,
QCL,Crops and livestock products,143,Morocco,5419,Yield,187,"Peas, dry",2016,2016,100 g/ha,4212,A,Official figure,
QCL,Crops and livestock products,143,Morocco,5510,Production,187,"Peas, dry",2016,2016,t,6342.75,A,Official figure,
QCL,Crops and livestock products,143,Morocco,5312,Area harvested,187,"Peas, dry",2017,2017,ha,37091,A,Official figure,
QCL,Crops and livestock products,143,Morocco,5419,Yield,187,"Peas, dry",2017,2017,100 g/ha,6838,A,Official figure,
QCL,Crops and livestock products,143,Morocco,5510,Production,187,"Peas, dry",2017,2017,t,25363.54,A,Official figure,
QCL,Crops and livestock products,143,Morocco,5312,Area harvested,187,"Peas, dry",2018,2018,ha,41293,A,Official figure,
QCL,Crops and livestock products,143,Morocco,5419,Yield,187,"Peas, dry",2018,2018,100 g/ha,8590,A,Official figure,
QCL,Crops and livestock products,143,Morocco,5510,Production,187,"Peas, dry",2018,2018,t,35469.94,A,Official figure,
QCL,Crops and livestock products,143,Morocco,5312,Area harvested,187,"Peas, dry",2019,2019,ha,41034,A,Official figure,
QCL,Crops and livestock products,143,Morocco,5419,Yield,187,"Peas, dry",2019,2019,100 g/ha,4411,A,Official figure,
QCL,Crops and livestock products,143,Morocco,5510,Production,187,"Peas, dry",2019,2019,t,18101.1,A,Official figure,
QCL,Crops and livestock products,143,Morocco,5312,Area harvested,187,"Peas, dry",2020,2020,ha,42223,A,Official figure,
QCL,Crops and livestock products,143,Morocco,5419,Yield,187,"Peas, dry",2020,2020,100 g/ha,3334,A,Official figure,
QCL,Crops and livestock products,143,Morocco,5510,Production,187,"Peas, dry",2020,2020,t,14077,A,Official figure,
QCL,Crops and livestock products,143,Morocco,5312,Area harvested,187,"Peas, dry",2021,2021,ha,40041,A,Official figure,
QCL,Crops and livestock products,143,Morocco,5419,Yield,187,"Peas, dry",2021,2021,100 g/ha,8601,A,Official figure,
QCL,Crops and livestock products,143,Morocco,5510,Production,187,"Peas, dry",2021,2021,t,34437.39,A,Official figure,
QCL,Crops and livestock products,143,Morocco,5312,Area harvested,187,"Peas, dry",2022,2022,ha,28755,A,Official figure,
QCL,Crops and livestock products,143,Morocco,5419,Yield,187,"Peas, dry",2022,2022,100 g/ha,3515,A,Official figure,
QCL,Crops and livestock products,143,Morocco,5510,Production,187,"Peas, dry",2022,2022,t,10107,A,Official figure,
QCL,Crops and livestock products,143,Morocco,5312,Area harvested,417,"Peas, green",1961,1961,ha,4700,A,Official figure,
QCL,Crops and livestock products,143,Morocco,5419,Yield,417,"Peas, green",1961,1961,100 g/ha,17021,A,Official figure,
QCL,Crops and livestock products,143,Morocco,5510,Production,417,"Peas, green",1961,1961,t,8000,A,Official figure,
QCL,Crops and livestock products,143,Morocco,5312,Area harvested,417,"Peas, green",1962,1962,ha,2938,A,Official figure,
QCL,Crops and livestock products,143,Morocco,5419,Yield,417,"Peas, green",1962,1962,100 g/ha,37100,A,Official figure,
QCL,Crops and livestock products,143,Morocco,5510,Production,417,"Peas, green",1962,1962,t,10900,A,Official figure,
QCL,Crops and livestock products,143,Morocco,5312,Area harvested,417,"Peas, green",1963,1963,ha,3000,A,Official figure,
QCL,Crops and livestock products,143,Morocco,5419,Yield,417,"Peas, green",1963,1963,100 g/ha,28333,A,Official figure,
QCL,Crops and livestock products,143,Morocco,5510,Production,417,"Peas, green",1963,1963,t,8500,A,Official figure,
QCL,Crops and livestock products,143,Morocco,5312,Area harvested,417,"Peas, green",1964,1964,ha,6000,A,Official figure,
QCL,Crops and livestock products,143,Morocco,5419,Yield,417,"Peas, green",1964,1964,100 g/ha,41667,A,Official figure,
QCL,Crops and livestock products,143,Morocco,5510,Production,417,"Peas, green",1964,1964,t,25000,A,Official figure,
QCL,Crops and livestock products,143,Morocco,5312,Area harvested,417,"Peas, green",1965,1965,ha,8971,A,Official figure,
QCL,Crops and livestock products,143,Morocco,5419,Yield,417,"Peas, green",1965,1965,100 g/ha,14866,A,Official figure,
QCL,Crops and livestock products,143,Morocco,5510,Production,417,"Peas, green",1965,1965,t,13336,A,Official figure,
QCL,Crops and livestock products,143,Morocco,5312,Area harvested,417,"Peas, green",1966,1966,ha,5847,A,Official figure,
QCL,Crops and livestock products,143,Morocco,5419,Yield,417,"Peas, green",1966,1966,100 g/ha,40517,A,Official figure,
QCL,Crops and livestock products,143,Morocco,5510,Production,417,"Peas, green",1966,1966,t,23690,A,Official figure,
QCL,Crops and livestock products,143,Morocco,5312,Area harvested,417,"Peas, green",1967,1967,ha,6000,A,Official figure,
QCL,Crops and livestock products,143,Morocco,5419,Yield,417,"Peas, green",1967,1967,100 g/ha,21667,A,Official figure,
QCL,Crops and livestock products,143,Morocco,5510,Production,417,"Peas, green",1967,1967,t,13000,A,Official figure,
QCL,Crops and livestock products,143,Morocco,5312,Area harvested,417,"Peas, green",1968,1968,ha,6000,E,Estimated value,
QCL,Crops and livestock products,143,Morocco,5419,Yield,417,"Peas, green",1968,1968,100 g/ha,30000,E,Estimated value,
QCL,Crops and livestock products,143,Morocco,5510,Production,417,"Peas, green",1968,1968,t,18000,E,Estimated value,
QCL,Crops and livestock products,143,Morocco,5312,Area harvested,417,"Peas, green",1969,1969,ha,6000,E,Estimated value,
QCL,Crops and livestock products,143,Morocco,5419,Yield,417,"Peas, green",1969,1969,100 g/ha,30000,E,Estimated value,
QCL,Crops and livestock products,143,Morocco,5510,Production,417,"Peas, green",1969,1969,t,18000,E,Estimated value,
QCL,Crops and livestock products,143,Morocco,5312,Area harvested,417,"Peas, green",1970,1970,ha,6000,E,Estimated value,
QCL,Crops and livestock products,143,Morocco,5419,Yield,417,"Peas, green",1970,1970,100 g/ha,30000,E,Estimated value,
QCL,Crops and livestock products,143,Morocco,5510,Production,417,"Peas, green",1970,1970,t,18000,E,Estimated value,
QCL,Crops and livestock products,143,Morocco,5312,Area harvested,417,"Peas, green",1971,1971,ha,6200,E,Estimated value,
QCL,Crops and livestock products,143,Morocco,5419,Yield,417,"Peas, green",1971,1971,100 g/ha,32258,E,Estimated value,
QCL,Crops and livestock products,143,Morocco,5510,Production,417,"Peas, green",1971,1971,t,20000,E,Estimated value,
QCL,Crops and livestock products,143,Morocco,5312,Area harvested,417,"Peas, green",1972,1972,ha,6200,E,Estimated value,
QCL,Crops and livestock products,143,Morocco,5419,Yield,417,"Peas, green",1972,1972,100 g/ha,32258,E,Estimated value,
QCL,Crops and livestock products,143,Morocco,5510,Production,417,"Peas, green",1972,1972,t,20000,E,Estimated value,
QCL,Crops and livestock products,143,Morocco,5312,Area harvested,417,"Peas, green",1973,1973,ha,6200,E,Estimated value,
QCL,Crops and livestock products,143,Morocco,5419,Yield,417,"Peas, green",1973,1973,100 g/ha,32258,E,Estimated value,
QCL,Crops and livestock products,143,Morocco,5510,Production,417,"Peas, green",1973,1973,t,20000,E,Estimated value,
QCL,Crops and livestock products,143,Morocco,5312,Area harvested,417,"Peas, green",1974,1974,ha,6400,E,Estimated value,
QCL,Crops and livestock products,143,Morocco,5419,Yield,417,"Peas, green",1974,1974,100 g/ha,32813,E,Estimated value,
QCL,Crops and livestock products,143,Morocco,5510,Production,417,"Peas, green",1974,1974,t,21000,E,Estimated value,
QCL,Crops and livestock products,143,Morocco,5312,Area harvested,417,"Peas, green",1975,1975,ha,6600,E,Estimated value,
QCL,Crops and livestock products,143,Morocco,5419,Yield,417,"Peas, green",1975,1975,100 g/ha,33333,E,Estimated value,
QCL,Crops and livestock products,143,Morocco,5510,Production,417,"Peas, green",1975,1975,t,22000,E,Estimated value,
QCL,Crops and livestock products,143,Morocco,5312,Area harvested,417,"Peas, green",1976,1976,ha,6700,E,Estimated value,
QCL,Crops and livestock products,143,Morocco,5419,Yield,417,"Peas, green",1976,1976,100 g/ha,34328,E,Estimated value,
QCL,Crops and livestock products,143,Morocco,5510,Production,417,"Peas, green",1976,1976,t,23000,E,Estimated value,
QCL,Crops and livestock products,143,Morocco,5312,Area harvested,417,"Peas, green",1977,1977,ha,6800,E,Estimated value,
QCL,Crops and livestock products,143,Morocco,5419,Yield,417,"Peas, green",1977,1977,100 g/ha,35294,E,Estimated value,
QCL,Crops and livestock products,143,Morocco,5510,Production,417,"Peas, green",1977,1977,t,24000,E,Estimated value,
QCL,Crops and livestock products,143,Morocco,5312,Area harvested,417,"Peas, green",1978,1978,ha,7000,E,Estimated value,
QCL,Crops and livestock products,143,Morocco,5419,Yield,417,"Peas, green",1978,1978,100 g/ha,38571,E,Estimated value,
QCL,Crops and livestock products,143,Morocco,5510,Production,417,"Peas, green",1978,1978,t,27000,E,Estimated value,
QCL,Crops and livestock products,143,Morocco,5312,Area harvested,417,"Peas, green",1979,1979,ha,7200,E,Estimated value,
QCL,Crops and livestock products,143,Morocco,5419,Yield,417,"Peas, green",1979,1979,100 g/ha,38889,E,Estimated value,
QCL,Crops and livestock products,143,Morocco,5510,Production,417,"Peas, green",1979,1979,t,28000,E,Estimated value,
QCL,Crops and livestock products,143,Morocco,5312,Area harvested,417,"Peas, green",1980,1980,ha,7200,E,Estimated value,
QCL,Crops and livestock products,143,Morocco,5419,Yield,417,"Peas, green",1980,1980,100 g/ha,40278,E,Estimated value,
QCL,Crops and livestock products,143,Morocco,5510,Production,417,"Peas, green",1980,1980,t,29000,E,Estimated value,
QCL,Crops and livestock products,143,Morocco,5312,Area harvested,417,"Peas, green",1981,1981,ha,7300,E,Estimated value,
QCL,Crops and livestock products,143,Morocco,5419,Yield,417,"Peas, green",1981,1981,100 g/ha,40411,E,Estimated value,
QCL,Crops and livestock products,143,Morocco,5510,Production,417,"Peas, green",1981,1981,t,29500,E,Estimated value,
QCL,Crops and livestock products,143,Morocco,5312,Area harvested,417,"Peas, green",1982,1982,ha,5000,E,Estimated value,
QCL,Crops and livestock products,143,Morocco,5419,Yield,417,"Peas, green",1982,1982,100 g/ha,60000,E,Estimated value,
QCL,Crops and livestock products,143,Morocco,5510,Production,417,"Peas, green",1982,1982,t,30000,E,Estimated value,
QCL,Crops and livestock products,143,Morocco,5312,Area harvested,417,"Peas, green",1983,1983,ha,4500,E,Estimated value,
QCL,Crops and livestock products,143,Morocco,5419,Yield,417,"Peas, green",1983,1983,100 g/ha,68889,E,Estimated value,
QCL,Crops and livestock products,143,Morocco,5510,Production,417,"Peas, green",1983,1983,t,31000,E,Estimated value,
QCL,Crops and livestock products,143,Morocco,5312,Area harvested,417,"Peas, green",1984,1984,ha,4200,E,Estimated value,
QCL,Crops and livestock products,143,Morocco,5419,Yield,417,"Peas, green",1984,1984,100 g/ha,64286,E,Estimated value,
QCL,Crops and livestock products,143,Morocco,5510,Production,417,"Peas, green",1984,1984,t,27000,E,Estimated value,
QCL,Crops and livestock products,143,Morocco,5312,Area harvested,417,"Peas, green",1985,1985,ha,4500,E,Estimated value,
QCL,Crops and livestock products,143,Morocco,5419,Yield,417,"Peas, green",1985,1985,100 g/ha,55556,E,Estimated value,
QCL,Crops and livestock products,143,Morocco,5510,Production,417,"Peas, green",1985,1985,t,25000,E,Estimated value,
QCL,Crops and livestock products,143,Morocco,5312,Area harvested,417,"Peas, green",1986,1986,ha,4000,E,Estimated value,
QCL,Crops and livestock products,143,Morocco,5419,Yield,417,"Peas, green",1986,1986,100 g/ha,50000,E,Estimated value,
QCL,Crops and livestock products,143,Morocco,5510,Production,417,"Peas, green",1986,1986,t,20000,E,Estimated value,
QCL,Crops and livestock products,143,Morocco,5312,Area harvested,417,"Peas, green",1987,1987,ha,3800,A,Official figure,
QCL,Crops and livestock products,143,Morocco,5419,Yield,417,"Peas, green",1987,1987,100 g/ha,46842,A,Official figure,
QCL,Crops and livestock products,143,Morocco,5510,Production,417,"Peas, green",1987,1987,t,17800,A,Official figure,
QCL,Crops and livestock products,143,Morocco,5312,Area harvested,417,"Peas, green",1988,1988,ha,5000,A,Official figure,
QCL,Crops and livestock products,143,Morocco,5419,Yield,417,"Peas, green",1988,1988,100 g/ha,39200,A,Official figure,
QCL,Crops and livestock products,143,Morocco,5510,Production,417,"Peas, green",1988,1988,t,19600,A,Official figure,
QCL,Crops and livestock products,143,Morocco,5312,Area harvested,417,"Peas, green",1989,1989,ha,3641,A,Official figure,
QCL,Crops and livestock products,143,Morocco,5419,Yield,417,"Peas, green",1989,1989,100 g/ha,74144,A,Official figure,
QCL,Crops and livestock products,143,Morocco,5510,Production,417,"Peas, green",1989,1989,t,26996,A,Official figure,
QCL,Crops and livestock products,143,Morocco,5312,Area harvested,417,"Peas, green",1990,1990,ha,4000,A,Official figure,
QCL,Crops and livestock products,143,Morocco,5419,Yield,417,"Peas, green",1990,1990,100 g/ha,75000,A,Official figure,
QCL,Crops and livestock products,143,Morocco,5510,Production,417,"Peas, green",1990,1990,t,30000,A,Official figure,
QCL,Crops and livestock products,143,Morocco,5312,Area harvested,417,"Peas, green",1991,1991,ha,6581,A,Official figure,
QCL,Crops and livestock products,143,Morocco,5419,Yield,417,"Peas, green",1991,1991,100 g/ha,71045,A,Official figure,
QCL,Crops and livestock products,143,Morocco,5510,Production,417,"Peas, green",1991,1991,t,46755,A,Official figure,
QCL,Crops and livestock products,143,Morocco,5312,Area harvested,417,"Peas, green",1992,1992,ha,6779,A,Official figure,
QCL,Crops and livestock products,143,Morocco,5419,Yield,417,"Peas, green",1992,1992,100 g/ha,35799,A,Official figure,
QCL,Crops and livestock products,143,Morocco,5510,Production,417,"Peas, green",1992,1992,t,24268,A,Official figure,
QCL,Crops and livestock products,143,Morocco,5312,Area harvested,417,"Peas, green",1993,1993,ha,8500,A,Official figure,
QCL,Crops and livestock products,143,Morocco,5419,Yield,417,"Peas, green",1993,1993,100 g/ha,42471,A,Official figure,
QCL,Crops and livestock products,143,Morocco,5510,Production,417,"Peas, green",1993,1993,t,36100,A,Official figure,
QCL,Crops and livestock products,143,Morocco,5312,Area harvested,417,"Peas, green",1994,1994,ha,13320,A,Official figure,
QCL,Crops and livestock products,143,Morocco,5419,Yield,417,"Peas, green",1994,1994,100 g/ha,46140,A,Official figure,
QCL,Crops and livestock products,143,Morocco,5510,Production,417,"Peas, green",1994,1994,t,61459,A,Official figure,
QCL,Crops and livestock products,143,Morocco,5312,Area harvested,417,"Peas, green",1995,1995,ha,6030,A,Official figure,
QCL,Crops and livestock products,143,Morocco,5419,Yield,417,"Peas, green",1995,1995,100 g/ha,34444,A,Official figure,
QCL,Crops and livestock products,143,Morocco,5510,Production,417,"Peas, green",1995,1995,t,20770,A,Official figure,
QCL,Crops and livestock products,143,Morocco,5312,Area harvested,417,"Peas, green",1996,1996,ha,11300,A,Official figure,
QCL,Crops and livestock products,143,Morocco,5419,Yield,417,"Peas, green",1996,1996,100 g/ha,41770,A,Official figure,
QCL,Crops and livestock products,143,Morocco,5510,Production,417,"Peas, green",1996,1996,t,47200,A,Official figure,
QCL,Crops and livestock products,143,Morocco,5312,Area harvested,417,"Peas, green",1997,1997,ha,12000,A,Official figure,
QCL,Crops and livestock products,143,Morocco,5419,Yield,417,"Peas, green",1997,1997,100 g/ha,32917,A,Official figure,
QCL,Crops and livestock products,143,Morocco,5510,Production,417,"Peas, green",1997,1997,t,39500,A,Official figure,
QCL,Crops and livestock products,143,Morocco,5312,Area harvested,417,"Peas, green",1998,1998,ha,15590,A,Official figure,
QCL,Crops and livestock products,143,Morocco,5419,Yield,417,"Peas, green",1998,1998,100 g/ha,37011,A,Official figure,
QCL,Crops and livestock products,143,Morocco,5510,Production,417,"Peas, green",1998,1998,t,57700,A,Official figure,
QCL,Crops and livestock products,143,Morocco,5312,Area harvested,417,"Peas, green",1999,1999,ha,15480,A,Official figure,
QCL,Crops and livestock products,143,Morocco,5419,Yield,417,"Peas, green",1999,1999,100 g/ha,30433,A,Official figure,
QCL,Crops and livestock products,143,Morocco,5510,Production,417,"Peas, green",1999,1999,t,47110,A,Official figure,
QCL,Crops and livestock products,143,Morocco,5312,Area harvested,417,"Peas, green",2000,2000,ha,10745,A,Official figure,
QCL,Crops and livestock products,143,Morocco,5419,Yield,417,"Peas, green",2000,2000,100 g/ha,33588,A,Official figure,
QCL,Crops and livestock products,143,Morocco,5510,Production,417,"Peas, green",2000,2000,t,36090,A,Official figure,
QCL,Crops and livestock products,143,Morocco,5312,Area harvested,417,"Peas, green",2001,2001,ha,16210,A,Official figure,
QCL,Crops and livestock products,143,Morocco,5419,Yield,417,"Peas, green",2001,2001,100 g/ha,48686,A,Official figure,
QCL,Crops and livestock products,143,Morocco,5510,Production,417,"Peas, green",2001,2001,t,78920,A,Official figure,
QCL,Crops and livestock products,143,Morocco,5312,Area harvested,417,"Peas, green",2002,2002,ha,11260,A,Official figure,
QCL,Crops and livestock products,143,Morocco,5419,Yield,417,"Peas, green",2002,2002,100 g/ha,60897,A,Official figure,
QCL,Crops and livestock products,143,Morocco,5510,Production,417,"Peas, green",2002,2002,t,68570,A,Official figure,
QCL,Crops and livestock products,143,Morocco,5312,Area harvested,417,"Peas, green",2003,2003,ha,19870,A,Official figure,
QCL,Crops and livestock products,143,Morocco,5419,Yield,417,"Peas, green",2003,2003,100 g/ha,58103,A,Official figure,
QCL,Crops and livestock products,143,Morocco,5510,Production,417,"Peas, green",2003,2003,t,115450,A,Official figure,
QCL,Crops and livestock products,143,Morocco,5312,Area harvested,417,"Peas, green",2004,2004,ha,20895,A,Official figure,
QCL,Crops and livestock products,143,Morocco,5419,Yield,417,"Peas, green",2004,2004,100 g/ha,69600,A,Official figure,
QCL,Crops and livestock products,143,Morocco,5510,Production,417,"Peas, green",2004,2004,t,145430,A,Official figure,
QCL,Crops and livestock products,143,Morocco,5312,Area harvested,417,"Peas, green",2005,2005,ha,14575,A,Official figure,
QCL,Crops and livestock products,143,Morocco,5419,Yield,417,"Peas, green",2005,2005,100 g/ha,44789,A,Official figure,
QCL,Crops and livestock products,143,Morocco,5510,Production,417,"Peas, green",2005,2005,t,65280,A,Official figure,
QCL,Crops and livestock products,143,Morocco,5312,Area harvested,417,"Peas, green",2006,2006,ha,21355,A,Official figure,
QCL,Crops and livestock products,143,Morocco,5419,Yield,417,"Peas, green",2006,2006,100 g/ha,68752,A,Official figure,
QCL,Crops and livestock products,143,Morocco,5510,Production,417,"Peas, green",2006,2006,t,146820,A,Official figure,
QCL,Crops and livestock products,143,Morocco,5312,Area harvested,417,"Peas, green",2007,2007,ha,18606,A,Official figure,
QCL,Crops and livestock products,143,Morocco,5419,Yield,417,"Peas, green",2007,2007,100 g/ha,64952,A,Official figure,
QCL,Crops and livestock products,143,Morocco,5510,Production,417,"Peas, green",2007,2007,t,120850,A,Official figure,
QCL,Crops and livestock products,143,Morocco,5312,Area harvested,417,"Peas, green",2008,2008,ha,16935,A,Official figure,
QCL,Crops and livestock products,143,Morocco,5419,Yield,417,"Peas, green",2008,2008,100 g/ha,69179,A,Official figure,
QCL,Crops and livestock products,143,Morocco,5510,Production,417,"Peas, green",2008,2008,t,117155,A,Official figure,
QCL,Crops and livestock products,143,Morocco,5312,Area harvested,417,"Peas, green",2009,2009,ha,19175,A,Official figure,
QCL,Crops and livestock products,143,Morocco,5419,Yield,417,"Peas, green",2009,2009,100 g/ha,75155,A,Official figure,
QCL,Crops and livestock products,143,Morocco,5510,Production,417,"Peas, green",2009,2009,t,144110,A,Official figure,
QCL,Crops and livestock products,143,Morocco,5312,Area harvested,417,"Peas, green",2010,2010,ha,17547,A,Official figure,
QCL,Crops and livestock products,143,Morocco,5419,Yield,417,"Peas, green",2010,2010,100 g/ha,79968,A,Official figure,
QCL,Crops and livestock products,143,Morocco,5510,Production,417,"Peas, green",2010,2010,t,140319,A,Official figure,
QCL,Crops and livestock products,143,Morocco,5312,Area harvested,417,"Peas, green",2011,2011,ha,20685,A,Official figure,
QCL,Crops and livestock products,143,Morocco,5419,Yield,417,"Peas, green",2011,2011,100 g/ha,77416,A,Official figure,
QCL,Crops and livestock products,143,Morocco,5510,Production,417,"Peas, green",2011,2011,t,160136,A,Official figure,
QCL,Crops and livestock products,143,Morocco,5312,Area harvested,417,"Peas, green",2012,2012,ha,21155,A,Official figure,
QCL,Crops and livestock products,143,Morocco,5419,Yield,417,"Peas, green",2012,2012,100 g/ha,62078,A,Official figure,
QCL,Crops and livestock products,143,Morocco,5510,Production,417,"Peas, green",2012,2012,t,131325,A,Official figure,
QCL,Crops and livestock products,143,Morocco,5312,Area harvested,417,"Peas, green",2013,2013,ha,23203,A,Official figure,
QCL,Crops and livestock products,143,Morocco,5419,Yield,417,"Peas, green",2013,2013,100 g/ha,54080,A,Official figure,
QCL,Crops and livestock products,143,Morocco,5510,Production,417,"Peas, green",2013,2013,t,125482,A,Official figure,
QCL,Crops and livestock products,143,Morocco,5312,Area harvested,417,"Peas, green",2014,2014,ha,15967,A,Official figure,
QCL,Crops and livestock products,143,Morocco,5419,Yield,417,"Peas, green",2014,2014,100 g/ha,61325,A,Official figure,
QCL,Crops and livestock products,143,Morocco,5510,Production,417,"Peas, green",2014,2014,t,97914.5,A,Official figure,
QCL,Crops and livestock products,143,Morocco,5312,Area harvested,417,"Peas, green",2015,2015,ha,20559,A,Official figure,
QCL,Crops and livestock products,143,Morocco,5419,Yield,417,"Peas, green",2015,2015,100 g/ha,62333,A,Official figure,
QCL,Crops and livestock products,143,Morocco,5510,Production,417,"Peas, green",2015,2015,t,128151,A,Official figure,
QCL,Crops and livestock products,143,Morocco,5312,Area harvested,417,"Peas, green",2016,2016,ha,10637,A,Official figure,
QCL,Crops and livestock products,143,Morocco,5419,Yield,417,"Peas, green",2016,2016,100 g/ha,71572,A,Official figure,
QCL,Crops and livestock products,143,Morocco,5510,Production,417,"Peas, green",2016,2016,t,76131.5,A,Official figure,
QCL,Crops and livestock products,143,Morocco,5312,Area harvested,417,"Peas, green",2017,2017,ha,19517,A,Official figure,
QCL,Crops and livestock products,143,Morocco,5419,Yield,417,"Peas, green",2017,2017,100 g/ha,41630,A,Official figure,
QCL,Crops and livestock products,143,Morocco,5510,Production,417,"Peas, green",2017,2017,t,81249,A,Official figure,
QCL,Crops and livestock products,143,Morocco,5312,Area harvested,417,"Peas, green",2018,2018,ha,20996,A,Official figure,
QCL,Crops and livestock products,143,Morocco,5419,Yield,417,"Peas, green",2018,2018,100 g/ha,58687,A,Official figure,
QCL,Crops and livestock products,143,Morocco,5510,Production,417,"Peas, green",2018,2018,t,123219.15,A,Official figure,
QCL,Crops and livestock products,143,Morocco,5312,Area harvested,417,"Peas, green",2019,2019,ha,20402,A,Official figure,
QCL,Crops and livestock products,143,Morocco,5419,Yield,417,"Peas, green",2019,2019,100 g/ha,52475,A,Official figure,
QCL,Crops and livestock products,143,Morocco,5510,Production,417,"Peas, green",2019,2019,t,107058.8,A,Official figure,
QCL,Crops and livestock products,143,Morocco,5312,Area harvested,417,"Peas, green",2020,2020,ha,14500,A,Official figure,
QCL,Crops and livestock products,143,Morocco,5419,Yield,417,"Peas, green",2020,2020,100 g/ha,66800,A,Official figure,
QCL,Crops and livestock products,143,Morocco,5510,Production,417,"Peas, green",2020,2020,t,96859.5,A,Official figure,
QCL,Crops and livestock products,143,Morocco,5312,Area harvested,417,"Peas, green",2021,2021,ha,12787,A,Official figure,
QCL,Crops and livestock products,143,Morocco,5419,Yield,417,"Peas, green",2021,2021,100 g/ha,61305,A,Official figure,
QCL,Crops and livestock products,143,Morocco,5510,Production,417,"Peas, green",2021,2021,t,78391,A,Official figure,
QCL,Crops and livestock products,143,Morocco,5312,Area harvested,417,"Peas, green",2022,2022,ha,13890,A,Official figure,
QCL,Crops and livestock products,143,Morocco,5419,Yield,417,"Peas, green",2022,2022,100 g/ha,63295,A,Official figure,
QCL,Crops and livestock products,143,Morocco,5510,Production,417,"Peas, green",2022,2022,t,87916.9,A,Official figure,
QCL,Crops and livestock products,143,Morocco,5312,Area harvested,748,"Peppermint, spearmint",1961,1961,ha,0,M,"Missing value (data cannot exist, not applicable)",
QCL,Crops and livestock products,143,Morocco,5510,Production,748,"Peppermint, spearmint",1961,1961,t,0,A,Official figure,
QCL,Crops and livestock products,143,Morocco,5312,Area harvested,748,"Peppermint, spearmint",1962,1962,ha,0,M,"Missing value (data cannot exist, not applicable)",
QCL,Crops and livestock products,143,Morocco,5510,Production,748,"Peppermint, spearmint",1962,1962,t,0,A,Official figure,
QCL,Crops and livestock products,143,Morocco,5312,Area harvested,748,"Peppermint, spearmint",1963,1963,ha,0,M,"Missing value (data cannot exist, not applicable)",
QCL,Crops and livestock products,143,Morocco,5510,Production,748,"Peppermint, spearmint",1963,1963,t,0,A,Official figure,
QCL,Crops and livestock products,143,Morocco,5312,Area harvested,748,"Peppermint, spearmint",1964,1964,ha,0,M,"Missing value (data cannot exist, not applicable)",
QCL,Crops and livestock products,143,Morocco,5510,Production,748,"Peppermint, spearmint",1964,1964,t,0,A,Official figure,
QCL,Crops and livestock products,143,Morocco,5312,Area harvested,748,"Peppermint, spearmint",1965,1965,ha,0,M,"Missing value (data cannot exist, not applicable)",
QCL,Crops and livestock products,143,Morocco,5510,Production,748,"Peppermint, spearmint",1965,1965,t,0,A,Official figure,
QCL,Crops and livestock products,143,Morocco,5312,Area harvested,748,"Peppermint, spearmint",1966,1966,ha,0,M,"Missing value (data cannot exist, not applicable)",
QCL,Crops and livestock products,143,Morocco,5510,Production,748,"Peppermint, spearmint",1966,1966,t,0,A,Official figure,
QCL,Crops and livestock products,143,Morocco,5312,Area harvested,748,"Peppermint, spearmint",1967,1967,ha,0,M,"Missing value (data cannot exist, not applicable)",
QCL,Crops and livestock products,143,Morocco,5510,Production,748,"Peppermint, spearmint",1967,1967,t,0,A,Official figure,
QCL,Crops and livestock products,143,Morocco,5312,Area harvested,748,"Peppermint, spearmint",1968,1968,ha,0,M,"Missing value (data cannot exist, not applicable)",
QCL,Crops and livestock products,143,Morocco,5510,Production,748,"Peppermint, spearmint",1968,1968,t,0,A,Official figure,
QCL,Crops and livestock products,143,Morocco,5312,Area harvested,748,"Peppermint, spearmint",1969,1969,ha,0,M,"Missing value (data cannot exist, not applicable)",
QCL,Crops and livestock products,143,Morocco,5510,Production,748,"Peppermint, spearmint",1969,1969,t,0,A,Official figure,
QCL,Crops and livestock products,143,Morocco,5312,Area harvested,748,"Peppermint, spearmint",1970,1970,ha,0,M,"Missing value (data cannot exist, not applicable)",
QCL,Crops and livestock products,143,Morocco,5510,Production,748,"Peppermint, spearmint",1970,1970,t,0,A,Official figure,
QCL,Crops and livestock products,143,Morocco,5312,Area harvested,748,"Peppermint, spearmint",1971,1971,ha,0,M,"Missing value (data cannot exist, not applicable)",
QCL,Crops and livestock products,143,Morocco,5510,Production,748,"Peppermint, spearmint",1971,1971,t,0,A,Official figure,
QCL,Crops and livestock products,143,Morocco,5312,Area harvested,748,"Peppermint, spearmint",1972,1972,ha,0,M,"Missing value (data cannot exist, not applicable)",
QCL,Crops and livestock products,143,Morocco,5510,Production,748,"Peppermint, spearmint",1972,1972,t,0,A,Official figure,
QCL,Crops and livestock products,143,Morocco,5312,Area harvested,748,"Peppermint, spearmint",1973,1973,ha,0,M,"Missing value (data cannot exist, not applicable)",
QCL,Crops and livestock products,143,Morocco,5510,Production,748,"Peppermint, spearmint",1973,1973,t,0,A,Official figure,
QCL,Crops and livestock products,143,Morocco,5312,Area harvested,748,"Peppermint, spearmint",1974,1974,ha,0,M,"Missing value (data cannot exist, not applicable)",
QCL,Crops and livestock products,143,Morocco,5510,Production,748,"Peppermint, spearmint",1974,1974,t,0,A,Official figure,
QCL,Crops and livestock products,143,Morocco,5312,Area harvested,748,"Peppermint, spearmint",1975,1975,ha,0,M,"Missing value (data cannot exist, not applicable)",
QCL,Crops and livestock products,143,Morocco,5510,Production,748,"Peppermint, spearmint",1975,1975,t,0,A,Official figure,
QCL,Crops and livestock products,143,Morocco,5312,Area harvested,748,"Peppermint, spearmint",1976,1976,ha,0,M,"Missing value (data cannot exist, not applicable)",
QCL,Crops and livestock products,143,Morocco,5510,Production,748,"Peppermint, spearmint",1976,1976,t,0,A,Official figure,
QCL,Crops and livestock products,143,Morocco,5312,Area harvested,748,"Peppermint, spearmint",1977,1977,ha,0,M,"Missing value (data cannot exist, not applicable)",
QCL,Crops and livestock products,143,Morocco,5510,Production,748,"Peppermint, spearmint",1977,1977,t,0,A,Official figure,
QCL,Crops and livestock products,143,Morocco,5312,Area harvested,748,"Peppermint, spearmint",1978,1978,ha,0,M,"Missing value (data cannot exist, not applicable)",
QCL,Crops and livestock products,143,Morocco,5510,Production,748,"Peppermint, spearmint",1978,1978,t,0,A,Official figure,
QCL,Crops and livestock products,143,Morocco,5312,Area harvested,748,"Peppermint, spearmint",1979,1979,ha,0,M,"Missing value (data cannot exist, not applicable)",
QCL,Crops and livestock products,143,Morocco,5510,Production,748,"Peppermint, spearmint",1979,1979,t,0,A,Official figure,
QCL,Crops and livestock products,143,Morocco,5312,Area harvested,748,"Peppermint, spearmint",1980,1980,ha,0,M,"Missing value (data cannot exist, not applicable)",
QCL,Crops and livestock products,143,Morocco,5510,Production,748,"Peppermint, spearmint",1980,1980,t,0,A,Official figure,
QCL,Crops and livestock products,143,Morocco,5312,Area harvested,748,"Peppermint, spearmint",1981,1981,ha,0,M,"Missing value (data cannot exist, not applicable)",
QCL,Crops and livestock products,143,Morocco,5510,Production,748,"Peppermint, spearmint",1981,1981,t,0,A,Official figure,
QCL,Crops and livestock products,143,Morocco,5312,Area harvested,748,"Peppermint, spearmint",1982,1982,ha,0,M,"Missing value (data cannot exist, not applicable)",
QCL,Crops and livestock products,143,Morocco,5510,Production,748,"Peppermint, spearmint",1982,1982,t,0,A,Official figure,
QCL,Crops and livestock products,143,Morocco,5312,Area harvested,748,"Peppermint, spearmint",1983,1983,ha,0,M,"Missing value (data cannot exist, not applicable)",
QCL,Crops and livestock products,143,Morocco,5510,Production,748,"Peppermint, spearmint",1983,1983,t,0,A,Official figure,
QCL,Crops and livestock products,143,Morocco,5312,Area harvested,748,"Peppermint, spearmint",1984,1984,ha,0,M,"Missing value (data cannot exist, not applicable)",
QCL,Crops and livestock products,143,Morocco,5510,Production,748,"Peppermint, spearmint",1984,1984,t,0,A,Official figure,
QCL,Crops and livestock products,143,Morocco,5312,Area harvested,748,"Peppermint, spearmint",1985,1985,ha,0,M,"Missing value (data cannot exist, not applicable)",
QCL,Crops and livestock products,143,Morocco,5510,Production,748,"Peppermint, spearmint",1985,1985,t,0,A,Official figure,
QCL,Crops and livestock products,143,Morocco,5312,Area harvested,748,"Peppermint, spearmint",1986,1986,ha,220,E,Estimated value,
QCL,Crops and livestock products,143,Morocco,5419,Yield,748,"Peppermint, spearmint",1986,1986,100 g/ha,227273,E,Estimated value,
QCL,Crops and livestock products,143,Morocco,5510,Production,748,"Peppermint, spearmint",1986,1986,t,5000,E,Estimated value,
QCL,Crops and livestock products,143,Morocco,5312,Area harvested,748,"Peppermint, spearmint",1987,1987,ha,450,E,Estimated value,
QCL,Crops and livestock products,143,Morocco,5419,Yield,748,"Peppermint, spearmint",1987,1987,100 g/ha,222222,E,Estimated value,
QCL,Crops and livestock products,143,Morocco,5510,Production,748,"Peppermint, spearmint",1987,1987,t,10000,E,Estimated value,
QCL,Crops and livestock products,143,Morocco,5312,Area harvested,748,"Peppermint, spearmint",1988,1988,ha,650,E,Estimated value,
QCL,Crops and livestock products,143,Morocco,5419,Yield,748,"Peppermint, spearmint",1988,1988,100 g/ha,230769,E,Estimated value,
QCL,Crops and livestock products,143,Morocco,5510,Production,748,"Peppermint, spearmint",1988,1988,t,15000,E,Estimated value,
QCL,Crops and livestock products,143,Morocco,5312,Area harvested,748,"Peppermint, spearmint",1989,1989,ha,1000,E,Estimated value,
QCL,Crops and livestock products,143,Morocco,5419,Yield,748,"Peppermint, spearmint",1989,1989,100 g/ha,233060,E,Estimated value,
QCL,Crops and livestock products,143,Morocco,5510,Production,748,"Peppermint, spearmint",1989,1989,t,23306,A,Official figure,
QCL,Crops and livestock products,143,Morocco,5312,Area harvested,748,"Peppermint, spearmint",1990,1990,ha,750,E,Estimated value,
QCL,Crops and livestock products,143,Morocco,5419,Yield,748,"Peppermint, spearmint",1990,1990,100 g/ha,226000,E,Estimated value,
QCL,Crops and livestock products,143,Morocco,5510,Production,748,"Peppermint, spearmint",1990,1990,t,16950,A,Official figure,
QCL,Crops and livestock products,143,Morocco,5312,Area harvested,748,"Peppermint, spearmint",1991,1991,ha,550,E,Estimated value,
QCL,Crops and livestock products,143,Morocco,5419,Yield,748,"Peppermint, spearmint",1991,1991,100 g/ha,233073,E,Estimated value,
QCL,Crops and livestock products,143,Morocco,5510,Production,748,"Peppermint, spearmint",1991,1991,t,12819,A,Official figure,
QCL,Crops and livestock products,143,Morocco,5312,Area harvested,748,"Peppermint, spearmint",1992,1992,ha,950,E,Estimated value,
QCL,Crops and livestock products,143,Morocco,5419,Yield,748,"Peppermint, spearmint",1992,1992,100 g/ha,231579,E,Estimated value,
QCL,Crops and livestock products,143,Morocco,5510,Production,748,"Peppermint, spearmint",1992,1992,t,22000,E,Estimated value,
QCL,Crops and livestock products,143,Morocco,5312,Area harvested,748,"Peppermint, spearmint",1993,1993,ha,1350,E,Estimated value,
QCL,Crops and livestock products,143,Morocco,5419,Yield,748,"Peppermint, spearmint",1993,1993,100 g/ha,229185,E,Estimated value,
QCL,Crops and livestock products,143,Morocco,5510,Production,748,"Peppermint, spearmint",1993,1993,t,30940,A,Official figure,
QCL,Crops and livestock products,143,Morocco,5312,Area harvested,748,"Peppermint, spearmint",1994,1994,ha,2100,E,Estimated value,
QCL,Crops and livestock products,143,Morocco,5419,Yield,748,"Peppermint, spearmint",1994,1994,100 g/ha,233643,E,Estimated value,
QCL,Crops and livestock products,143,Morocco,5510,Production,748,"Peppermint, spearmint",1994,1994,t,49065,A,Official figure,
QCL,Crops and livestock products,143,Morocco,5312,Area harvested,748,"Peppermint, spearmint",1995,1995,ha,2100,E,Estimated value,
QCL,Crops and livestock products,143,Morocco,5419,Yield,748,"Peppermint, spearmint",1995,1995,100 g/ha,233333,E,Estimated value,
QCL,Crops and livestock products,143,Morocco,5510,Production,748,"Peppermint, spearmint",1995,1995,t,49000,E,Estimated value,
QCL,Crops and livestock products,143,Morocco,5312,Area harvested,748,"Peppermint, spearmint",1996,1996,ha,2150,A,Official figure,
QCL,Crops and livestock products,143,Morocco,5419,Yield,748,"Peppermint, spearmint",1996,1996,100 g/ha,241860,A,Official figure,
QCL,Crops and livestock products,143,Morocco,5510,Production,748,"Peppermint, spearmint",1996,1996,t,52000,A,Official figure,
QCL,Crops and livestock products,143,Morocco,5312,Area harvested,748,"Peppermint, spearmint",1997,1997,ha,2260,A,Official figure,
QCL,Crops and livestock products,143,Morocco,5419,Yield,748,"Peppermint, spearmint",1997,1997,100 g/ha,212655,A,Official figure,
QCL,Crops and livestock products,143,Morocco,5510,Production,748,"Peppermint, spearmint",1997,1997,t,48060,A,Official figure,
QCL,Crops and livestock products,143,Morocco,5312,Area harvested,748,"Peppermint, spearmint",1998,1998,ha,2430,A,Official figure,
QCL,Crops and livestock products,143,Morocco,5419,Yield,748,"Peppermint, spearmint",1998,1998,100 g/ha,233745,A,Official figure,
QCL,Crops and livestock products,143,Morocco,5510,Production,748,"Peppermint, spearmint",1998,1998,t,56800,A,Official figure,
QCL,Crops and livestock products,143,Morocco,5312,Area harvested,748,"Peppermint, spearmint",1999,1999,ha,2400,A,Official figure,
QCL,Crops and livestock products,143,Morocco,5419,Yield,748,"Peppermint, spearmint",1999,1999,100 g/ha,336417,A,Official figure,
QCL,Crops and livestock products,143,Morocco,5510,Production,748,"Peppermint, spearmint",1999,1999,t,80740,A,Official figure,
QCL,Crops and livestock products,143,Morocco,5312,Area harvested,748,"Peppermint, spearmint",2000,2000,ha,1670,A,Official figure,
QCL,Crops and livestock products,143,Morocco,5419,Yield,748,"Peppermint, spearmint",2000,2000,100 g/ha,213114,A,Official figure,
QCL,Crops and livestock products,143,Morocco,5510,Production,748,"Peppermint, spearmint",2000,2000,t,35590,A,Official figure,
QCL,Crops and livestock products,143,Morocco,5312,Area harvested,748,"Peppermint, spearmint",2001,2001,ha,3565,A,Official figure,
QCL,Crops and livestock products,143,Morocco,5419,Yield,748,"Peppermint, spearmint",2001,2001,100 g/ha,149453,A,Official figure,
QCL,Crops and livestock products,143,Morocco,5510,Production,748,"Peppermint, spearmint",2001,2001,t,53280,A,Official figure,
QCL,Crops and livestock products,143,Morocco,5312,Area harvested,748,"Peppermint, spearmint",2002,2002,ha,2655,A,Official figure,
QCL,Crops and livestock products,143,Morocco,5419,Yield,748,"Peppermint, spearmint",2002,2002,100 g/ha,200829,A,Official figure,
QCL,Crops and livestock products,143,Morocco,5510,Production,748,"Peppermint, spearmint",2002,2002,t,53320,A,Official figure,
QCL,Crops and livestock products,143,Morocco,5312,Area harvested,748,"Peppermint, spearmint",2003,2003,ha,3950,A,Official figure,
QCL,Crops and livestock products,143,Morocco,5419,Yield,748,"Peppermint, spearmint",2003,2003,100 g/ha,272177,A,Official figure,
QCL,Crops and livestock products,143,Morocco,5510,Production,748,"Peppermint, spearmint",2003,2003,t,107510,A,Official figure,
QCL,Crops and livestock products,143,Morocco,5312,Area harvested,748,"Peppermint, spearmint",2004,2004,ha,3225,A,Official figure,
QCL,Crops and livestock products,143,Morocco,5419,Yield,748,"Peppermint, spearmint",2004,2004,100 g/ha,209922,A,Official figure,
QCL,Crops and livestock products,143,Morocco,5510,Production,748,"Peppermint, spearmint",2004,2004,t,67700,A,Official figure,
QCL,Crops and livestock products,143,Morocco,5312,Area harvested,748,"Peppermint, spearmint",2005,2005,ha,3125,A,Official figure,
QCL,Crops and livestock products,143,Morocco,5419,Yield,748,"Peppermint, spearmint",2005,2005,100 g/ha,197312,A,Official figure,
QCL,Crops and livestock products,143,Morocco,5510,Production,748,"Peppermint, spearmint",2005,2005,t,61660,A,Official figure,
QCL,Crops and livestock products,143,Morocco,5312,Area harvested,748,"Peppermint, spearmint",2006,2006,ha,3355,A,Official figure,
QCL,Crops and livestock products,143,Morocco,5419,Yield,748,"Peppermint, spearmint",2006,2006,100 g/ha,250209,A,Official figure,
QCL,Crops and livestock products,143,Morocco,5510,Production,748,"Peppermint, spearmint",2006,2006,t,83945,A,Official figure,
QCL,Crops and livestock products,143,Morocco,5312,Area harvested,748,"Peppermint, spearmint",2007,2007,ha,2930,A,Official figure,
QCL,Crops and livestock products,143,Morocco,5419,Yield,748,"Peppermint, spearmint",2007,2007,100 g/ha,225717,A,Official figure,
QCL,Crops and livestock products,143,Morocco,5510,Production,748,"Peppermint, spearmint",2007,2007,t,66135,A,Official figure,
QCL,Crops and livestock products,143,Morocco,5312,Area harvested,748,"Peppermint, spearmint",2008,2008,ha,2940,A,Official figure,
QCL,Crops and livestock products,143,Morocco,5419,Yield,748,"Peppermint, spearmint",2008,2008,100 g/ha,219745,A,Official figure,
QCL,Crops and livestock products,143,Morocco,5510,Production,748,"Peppermint, spearmint",2008,2008,t,64605,A,Official figure,
QCL,Crops and livestock products,143,Morocco,5312,Area harvested,748,"Peppermint, spearmint",2009,2009,ha,2728,A,Official figure,
QCL,Crops and livestock products,143,Morocco,5419,Yield,748,"Peppermint, spearmint",2009,2009,100 g/ha,190579,A,Official figure,
QCL,Crops and livestock products,143,Morocco,5510,Production,748,"Peppermint, spearmint",2009,2009,t,51990,A,Official figure,
QCL,Crops and livestock products,143,Morocco,5312,Area harvested,748,"Peppermint, spearmint",2010,2010,ha,2569,A,Official figure,
QCL,Crops and livestock products,143,Morocco,5419,Yield,748,"Peppermint, spearmint",2010,2010,100 g/ha,279798,A,Official figure,
QCL,Crops and livestock products,143,Morocco,5510,Production,748,"Peppermint, spearmint",2010,2010,t,71880,A,Official figure,
QCL,Crops and livestock products,143,Morocco,5312,Area harvested,748,"Peppermint, spearmint",2011,2011,ha,2125,A,Official figure,
QCL,Crops and livestock products,143,Morocco,5419,Yield,748,"Peppermint, spearmint",2011,2011,100 g/ha,260325,A,Official figure,
QCL,Crops and livestock products,143,Morocco,5510,Production,748,"Peppermint, spearmint",2011,2011,t,55319,A,Official figure,
QCL,Crops and livestock products,143,Morocco,5312,Area harvested,748,"Peppermint, spearmint",2012,2012,ha,4005,A,Official figure,
QCL,Crops and livestock products,143,Morocco,5419,Yield,748,"Peppermint, spearmint",2012,2012,100 g/ha,247203,A,Official figure,
QCL,Crops and livestock products,143,Morocco,5510,Production,748,"Peppermint, spearmint",2012,2012,t,99005,A,Official figure,
QCL,Crops and livestock products,143,Morocco,5312,Area harvested,748,"Peppermint, spearmint",2013,2013,ha,3491,A,Official figure,
QCL,Crops and livestock products,143,Morocco,5419,Yield,748,"Peppermint, spearmint",2013,2013,100 g/ha,250971,A,Official figure,
QCL,Crops and livestock products,143,Morocco,5510,Production,748,"Peppermint, spearmint",2013,2013,t,87601.5,A,Official figure,
QCL,Crops and livestock products,143,Morocco,5312,Area harvested,748,"Peppermint, spearmint",2014,2014,ha,3451,A,Official figure,
QCL,Crops and livestock products,143,Morocco,5419,Yield,748,"Peppermint, spearmint",2014,2014,100 g/ha,246637,A,Official figure,
QCL,Crops and livestock products,143,Morocco,5510,Production,748,"Peppermint, spearmint",2014,2014,t,85119.5,A,Official figure,
QCL,Crops and livestock products,143,Morocco,5312,Area harvested,748,"Peppermint, spearmint",2015,2015,ha,3164,A,Official figure,
QCL,Crops and livestock products,143,Morocco,5419,Yield,748,"Peppermint, spearmint",2015,2015,100 g/ha,315622,A,Official figure,
QCL,Crops and livestock products,143,Morocco,5510,Production,748,"Peppermint, spearmint",2015,2015,t,99869,A,Official figure,
QCL,Crops and livestock products,143,Morocco,5312,Area harvested,748,"Peppermint, spearmint",2016,2016,ha,3250,A,Official figure,
QCL,Crops and livestock products,143,Morocco,5419,Yield,748,"Peppermint, spearmint",2016,2016,100 g/ha,302979,A,Official figure,
QCL,Crops and livestock products,143,Morocco,5510,Production,748,"Peppermint, spearmint",2016,2016,t,98453,A,Official figure,
QCL,Crops and livestock products,143,Morocco,5312,Area harvested,748,"Peppermint, spearmint",2017,2017,ha,3651,A,Official figure,
QCL,Crops and livestock products,143,Morocco,5419,Yield,748,"Peppermint, spearmint",2017,2017,100 g/ha,251083,A,Official figure,
QCL,Crops and livestock products,143,Morocco,5510,Production,748,"Peppermint, spearmint",2017,2017,t,91658,A,Official figure,
QCL,Crops and livestock products,143,Morocco,5312,Area harvested,748,"Peppermint, spearmint",2018,2018,ha,3352,A,Official figure,
QCL,Crops and livestock products,143,Morocco,5419,Yield,748,"Peppermint, spearmint",2018,2018,100 g/ha,294507,A,Official figure,
QCL,Crops and livestock products,143,Morocco,5510,Production,748,"Peppermint, spearmint",2018,2018,t,98704,A,Official figure,
QCL,Crops and livestock products,143,Morocco,5312,Area harvested,748,"Peppermint, spearmint",2019,2019,ha,2713,A,Official figure,
QCL,Crops and livestock products,143,Morocco,5419,Yield,748,"Peppermint, spearmint",2019,2019,100 g/ha,245465,A,Official figure,
QCL,Crops and livestock products,143,Morocco,5510,Production,748,"Peppermint, spearmint",2019,2019,t,66582.5,A,Official figure,
QCL,Crops and livestock products,143,Morocco,5312,Area harvested,748,"Peppermint, spearmint",2020,2020,ha,2551,A,Official figure,
QCL,Crops and livestock products,143,Morocco,5419,Yield,748,"Peppermint, spearmint",2020,2020,100 g/ha,158379,A,Official figure,
QCL,Crops and livestock products,143,Morocco,5510,Production,748,"Peppermint, spearmint",2020,2020,t,40402.5,A,Official figure,
QCL,Crops and livestock products,143,Morocco,5312,Area harvested,748,"Peppermint, spearmint",2021,2021,ha,1610,A,Official figure,
QCL,Crops and livestock products,143,Morocco,5419,Yield,748,"Peppermint, spearmint",2021,2021,100 g/ha,186236,A,Official figure,
QCL,Crops and livestock products,143,Morocco,5510,Production,748,"Peppermint, spearmint",2021,2021,t,29984,A,Official figure,
QCL,Crops and livestock products,143,Morocco,5312,Area harvested,748,"Peppermint, spearmint",2022,2022,ha,1177,A,Official figure,
QCL,Crops and livestock products,143,Morocco,5419,Yield,748,"Peppermint, spearmint",2022,2022,100 g/ha,364469,A,Official figure,
QCL,Crops and livestock products,143,Morocco,5510,Production,748,"Peppermint, spearmint",2022,2022,t,42898,A,Official figure,
QCL,Crops and livestock products,143,Morocco,5510,Production,1043,"Pig fat, rendered",1961,1961,t,107.52,I,Imputed value,
QCL,Crops and livestock products,143,Morocco,5510,Production,1043,"Pig fat, rendered",1962,1962,t,88.56,I,Imputed value,
QCL,Crops and livestock products,143,Morocco,5510,Production,1043,"Pig fat, rendered",1963,1963,t,49.68,I,Imputed value,
QCL,Crops and livestock products,143,Morocco,5510,Production,1043,"Pig fat, rendered",1964,1964,t,51.6,I,Imputed value,
QCL,Crops and livestock products,143,Morocco,5510,Production,1043,"Pig fat, rendered",1965,1965,t,45.84,I,Imputed value,
QCL,Crops and livestock products,143,Morocco,5510,Production,1043,"Pig fat, rendered",1966,1966,t,28.8,I,Imputed value,
QCL,Crops and livestock products,143,Morocco,5510,Production,1043,"Pig fat, rendered",1967,1967,t,33.6,I,Imputed value,
QCL,Crops and livestock products,143,Morocco,5510,Production,1043,"Pig fat, rendered",1968,1968,t,52.8,I,Imputed value,
QCL,Crops and livestock products,143,Morocco,5510,Production,1043,"Pig fat, rendered",1969,1969,t,72,I,Imputed value,
QCL,Crops and livestock products,143,Morocco,5510,Production,1043,"Pig fat, rendered",1970,1970,t,67.2,I,Imputed value,
QCL,Crops and livestock products,143,Morocco,5510,Production,1043,"Pig fat, rendered",1971,1971,t,88.8,I,Imputed value,
QCL,Crops and livestock products,143,Morocco,5510,Production,1043,"Pig fat, rendered",1972,1972,t,96,I,Imputed value,
QCL,Crops and livestock products,143,Morocco,5510,Production,1043,"Pig fat, rendered",1973,1973,t,74.4,I,Imputed value,
QCL,Crops and livestock products,143,Morocco,5510,Production,1043,"Pig fat, rendered",1974,1974,t,43.2,I,Imputed value,
QCL,Crops and livestock products,143,Morocco,5510,Production,1043,"Pig fat, rendered",1975,1975,t,24,I,Imputed value,
QCL,Crops and livestock products,143,Morocco,5510,Production,1043,"Pig fat, rendered",1976,1976,t,21.6,I,Imputed value,
QCL,Crops and livestock products,143,Morocco,5510,Production,1043,"Pig fat, rendered",1977,1977,t,30,I,Imputed value,
QCL,Crops and livestock products,143,Morocco,5510,Production,1043,"Pig fat, rendered",1978,1978,t,25.2,I,Imputed value,
QCL,Crops and livestock products,143,Morocco,5510,Production,1043,"Pig fat, rendered",1979,1979,t,23.04,I,Imputed value,
QCL,Crops and livestock products,143,Morocco,5510,Production,1043,"Pig fat, rendered",1980,1980,t,23.86,I,Imputed value,
QCL,Crops and livestock products,143,Morocco,5510,Production,1043,"Pig fat, rendered",1981,1981,t,16.98,I,Imputed value,
QCL,Crops and livestock products,143,Morocco,5510,Production,1043,"Pig fat, rendered",1982,1982,t,22.8,I,Imputed value,
QCL,Crops and livestock products,143,Morocco,5510,Production,1043,"Pig fat, rendered",1983,1983,t,21.36,I,Imputed value,
QCL,Crops and livestock products,143,Morocco,5510,Production,1043,"Pig fat, rendered",1984,1984,t,26.16,I,Imputed value,
QCL,Crops and livestock products,143,Morocco,5510,Production,1043,"Pig fat, rendered",1985,1985,t,26.4,I,Imputed value,
QCL,Crops and livestock products,143,Morocco,5510,Production,1043,"Pig fat, rendered",1986,1986,t,27.84,I,Imputed value,
QCL,Crops and livestock products,143,Morocco,5510,Production,1043,"Pig fat, rendered",1987,1987,t,28.8,I,Imputed value,
QCL,Crops and livestock products,143,Morocco,5510,Production,1043,"Pig fat, rendered",1988,1988,t,29.52,I,Imputed value,
QCL,Crops and livestock products,143,Morocco,5510,Production,1043,"Pig fat, rendered",1989,1989,t,29.76,I,Imputed value,
QCL,Crops and livestock products,143,Morocco,5510,Production,1043,"Pig fat, rendered",1990,1990,t,30.48,I,Imputed value,
QCL,Crops and livestock products,143,Morocco,5510,Production,1043,"Pig fat, rendered",1991,1991,t,32.88,I,Imputed value,
QCL,Crops and livestock products,143,Morocco,5510,Production,1043,"Pig fat, rendered",1992,1992,t,33.84,I,Imputed value,
QCL,Crops and livestock products,143,Morocco,5510,Production,1043,"Pig fat, rendered",1993,1993,t,34.8,I,Imputed value,
QCL,Crops and livestock products,143,Morocco,5510,Production,1043,"Pig fat, rendered",1994,1994,t,34.8,I,Imputed value,
QCL,Crops and livestock products,143,Morocco,5510,Production,1043,"Pig fat, rendered",1995,1995,t,34.8,I,Imputed value,
QCL,Crops and livestock products,143,Morocco,5510,Production,1043,"Pig fat, rendered",1996,1996,t,34.8,I,Imputed value,
QCL,Crops and livestock products,143,Morocco,5510,Production,1043,"Pig fat, rendered",1997,1997,t,34.8,I,Imputed value,
QCL,Crops and livestock products,143,Morocco,5510,Production,1043,"Pig fat, rendered",1998,1998,t,28.8,I,Imputed value,
QCL,Crops and livestock products,143,Morocco,5510,Production,1043,"Pig fat, rendered",1999,1999,t,28.8,I,Imputed value,
QCL,Crops and livestock products,143,Morocco,5510,Production,1043,"Pig fat, rendered",2000,2000,t,28.8,I,Imputed value,
QCL,Crops and livestock products,143,Morocco,5510,Production,1043,"Pig fat, rendered",2001,2001,t,28.8,I,Imputed value,
QCL,Crops and livestock products,143,Morocco,5510,Production,1043,"Pig fat, rendered",2002,2002,t,28.8,I,Imputed value,
QCL,Crops and livestock products,143,Morocco,5510,Production,1043,"Pig fat, rendered",2003,2003,t,28.8,I,Imputed value,
QCL,Crops and livestock products,143,Morocco,5510,Production,1043,"Pig fat, rendered",2004,2004,t,28.8,I,Imputed value,
QCL,Crops and livestock products,143,Morocco,5510,Production,1043,"Pig fat, rendered",2005,2005,t,29.6,I,Imputed value,
QCL,Crops and livestock products,143,Morocco,5510,Production,1043,"Pig fat, rendered",2006,2006,t,30.4,I,Imputed value,
QCL,Crops and livestock products,143,Morocco,5510,Production,1043,"Pig fat, rendered",2007,2007,t,30.4,I,Imputed value,
QCL,Crops and livestock products,143,Morocco,5510,Production,1043,"Pig fat, rendered",2008,2008,t,28.8,I,Imputed value,
QCL,Crops and livestock products,143,Morocco,5510,Production,1043,"Pig fat, rendered",2009,2009,t,28.8,I,Imputed value,
QCL,Crops and livestock products,143,Morocco,5510,Production,1043,"Pig fat, rendered",2010,2010,t,31.2,I,Imputed value,
QCL,Crops and livestock products,143,Morocco,5510,Production,1043,"Pig fat, rendered",2011,2011,t,30,I,Imputed value,
QCL,Crops and livestock products,143,Morocco,5510,Production,1043,"Pig fat, rendered",2012,2012,t,29.76,I,Imputed value,
QCL,Crops and livestock products,143,Morocco,5510,Production,1043,"Pig fat, rendered",2013,2013,t,30.92,I,Imputed value,
QCL,Crops and livestock products,143,Morocco,5510,Production,1043,"Pig fat, rendered",2014,2014,t,30.08,I,Imputed value,
QCL,Crops and livestock products,143,Morocco,5510,Production,1043,"Pig fat, rendered",2015,2015,t,52.34,I,Imputed value,
QCL,Crops and livestock products,143,Morocco,5510,Production,1043,"Pig fat, rendered",2016,2016,t,46.29,I,Imputed value,
QCL,Crops and livestock products,143,Morocco,5510,Production,1043,"Pig fat, rendered",2017,2017,t,50.25,I,Imputed value,
QCL,Crops and livestock products,143,Morocco,5510,Production,1043,"Pig fat, rendered",2018,2018,t,64.64,I,Imputed value,
QCL,Crops and livestock products,143,Morocco,5510,Production,1043,"Pig fat, rendered",2019,2019,t,78.39,I,Imputed value,
QCL,Crops and livestock products,143,Morocco,5510,Production,1043,"Pig fat, rendered",2020,2020,t,75.81,I,Imputed value,
QCL,Crops and livestock products,143,Morocco,5510,Production,1043,"Pig fat, rendered",2021,2021,t,50.83,I,Imputed value,
QCL,Crops and livestock products,143,Morocco,5510,Production,574,Pineapples,1961,1961,t,10,E,Estimated value,
QCL,Crops and livestock products,143,Morocco,5510,Production,574,Pineapples,1962,1962,t,20,E,Estimated value,
QCL,Crops and livestock products,143,Morocco,5510,Production,574,Pineapples,1963,1963,t,20,E,Estimated value,
QCL,Crops and livestock products,143,Morocco,5510,Production,574,Pineapples,1964,1964,t,30,E,Estimated value,
QCL,Crops and livestock products,143,Morocco,5510,Production,574,Pineapples,1965,1965,t,100,E,Estimated value,
QCL,Crops and livestock products,143,Morocco,5510,Production,574,Pineapples,1966,1966,t,200,E,Estimated value,
QCL,Crops and livestock products,143,Morocco,5510,Production,574,Pineapples,1967,1967,t,300,E,Estimated value,
QCL,Crops and livestock products,143,Morocco,5510,Production,574,Pineapples,1968,1968,t,700,E,Estimated value,
QCL,Crops and livestock products,143,Morocco,5510,Production,574,Pineapples,1969,1969,t,400,E,Estimated value,
QCL,Crops and livestock products,143,Morocco,5510,Production,574,Pineapples,1970,1970,t,300,E,Estimated value,
QCL,Crops and livestock products,143,Morocco,5510,Production,574,Pineapples,1971,1971,t,300,E,Estimated value,
QCL,Crops and livestock products,143,Morocco,5510,Production,574,Pineapples,1972,1972,t,300,E,Estimated value,
QCL,Crops and livestock products,143,Morocco,5510,Production,574,Pineapples,1973,1973,t,300,E,Estimated value,
QCL,Crops and livestock products,143,Morocco,5510,Production,574,Pineapples,1974,1974,t,300,E,Estimated value,
QCL,Crops and livestock products,143,Morocco,5510,Production,574,Pineapples,1975,1975,t,200,E,Estimated value,
QCL,Crops and livestock products,143,Morocco,5510,Production,574,Pineapples,1976,1976,t,100,E,Estimated value,
QCL,Crops and livestock products,143,Morocco,5510,Production,574,Pineapples,1977,1977,t,50,E,Estimated value,
QCL,Crops and livestock products,143,Morocco,5510,Production,574,Pineapples,1978,1978,t,50,E,Estimated value,
QCL,Crops and livestock products,143,Morocco,5510,Production,574,Pineapples,1979,1979,t,0,A,Official figure,
QCL,Crops and livestock products,143,Morocco,5510,Production,574,Pineapples,1980,1980,t,0,A,Official figure,
QCL,Crops and livestock products,143,Morocco,5510,Production,574,Pineapples,1981,1981,t,0,A,Official figure,
QCL,Crops and livestock products,143,Morocco,5510,Production,574,Pineapples,1982,1982,t,0,A,Official figure,
QCL,Crops and livestock products,143,Morocco,5510,Production,574,Pineapples,1983,1983,t,0,A,Official figure,
QCL,Crops and livestock products,143,Morocco,5510,Production,574,Pineapples,1984,1984,t,0,A,Official figure,
QCL,Crops and livestock products,143,Morocco,5510,Production,574,Pineapples,1985,1985,t,0,A,Official figure,
QCL,Crops and livestock products,143,Morocco,5510,Production,574,Pineapples,1986,1986,t,0,A,Official figure,
QCL,Crops and livestock products,143,Morocco,5510,Production,574,Pineapples,1987,1987,t,0,A,Official figure,
QCL,Crops and livestock products,143,Morocco,5510,Production,574,Pineapples,1988,1988,t,0,A,Official figure,
QCL,Crops and livestock products,143,Morocco,5510,Production,574,Pineapples,1989,1989,t,0,A,Official figure,
QCL,Crops and livestock products,143,Morocco,5510,Production,574,Pineapples,1990,1990,t,0,A,Official figure,
QCL,Crops and livestock products,143,Morocco,5510,Production,574,Pineapples,1991,1991,t,0,A,Official figure,
QCL,Crops and livestock products,143,Morocco,5510,Production,574,Pineapples,1992,1992,t,0,A,Official figure,
QCL,Crops and livestock products,143,Morocco,5312,Area harvested,574,Pineapples,1993,1993,ha,0,M,"Missing value (data cannot exist, not applicable)",
QCL,Crops and livestock products,143,Morocco,5510,Production,574,Pineapples,1993,1993,t,0,M,"Missing value (data cannot exist, not applicable)",
QCL,Crops and livestock products,143,Morocco,5312,Area harvested,574,Pineapples,1994,1994,ha,0,M,"Missing value (data cannot exist, not applicable)",
QCL,Crops and livestock products,143,Morocco,5510,Production,574,Pineapples,1994,1994,t,0,M,"Missing value (data cannot exist, not applicable)",
QCL,Crops and livestock products,143,Morocco,5312,Area harvested,574,Pineapples,1995,1995,ha,0,M,"Missing value (data cannot exist, not applicable)",
QCL,Crops and livestock products,143,Morocco,5510,Production,574,Pineapples,1995,1995,t,0,M,"Missing value (data cannot exist, not applicable)",
QCL,Crops and livestock products,143,Morocco,5312,Area harvested,574,Pineapples,1996,1996,ha,0,M,"Missing value (data cannot exist, not applicable)",
QCL,Crops and livestock products,143,Morocco,5510,Production,574,Pineapples,1996,1996,t,0,M,"Missing value (data cannot exist, not applicable)",
QCL,Crops and livestock products,143,Morocco,5312,Area harvested,574,Pineapples,1997,1997,ha,0,M,"Missing value (data cannot exist, not applicable)",
QCL,Crops and livestock products,143,Morocco,5510,Production,574,Pineapples,1997,1997,t,0,M,"Missing value (data cannot exist, not applicable)",
QCL,Crops and livestock products,143,Morocco,5312,Area harvested,574,Pineapples,1998,1998,ha,0,M,"Missing value (data cannot exist, not applicable)",
QCL,Crops and livestock products,143,Morocco,5510,Production,574,Pineapples,1998,1998,t,0,M,"Missing value (data cannot exist, not applicable)",
QCL,Crops and livestock products,143,Morocco,5312,Area harvested,574,Pineapples,1999,1999,ha,0,M,"Missing value (data cannot exist, not applicable)",
QCL,Crops and livestock products,143,Morocco,5510,Production,574,Pineapples,1999,1999,t,0,M,"Missing value (data cannot exist, not applicable)",
QCL,Crops and livestock products,143,Morocco,5312,Area harvested,574,Pineapples,2000,2000,ha,0,M,"Missing value (data cannot exist, not applicable)",
QCL,Crops and livestock products,143,Morocco,5510,Production,574,Pineapples,2000,2000,t,0,M,"Missing value (data cannot exist, not applicable)",
QCL,Crops and livestock products,143,Morocco,5312,Area harvested,574,Pineapples,2001,2001,ha,0,M,"Missing value (data cannot exist, not applicable)",
QCL,Crops and livestock products,143,Morocco,5510,Production,574,Pineapples,2001,2001,t,0,M,"Missing value (data cannot exist, not applicable)",
QCL,Crops and livestock products,143,Morocco,5312,Area harvested,574,Pineapples,2002,2002,ha,0,M,"Missing value (data cannot exist, not applicable)",
QCL,Crops and livestock products,143,Morocco,5510,Production,574,Pineapples,2002,2002,t,0,M,"Missing value (data cannot exist, not applicable)",
QCL,Crops and livestock products,143,Morocco,5312,Area harvested,574,Pineapples,2003,2003,ha,0,M,"Missing value (data cannot exist, not applicable)",
QCL,Crops and livestock products,143,Morocco,5510,Production,574,Pineapples,2003,2003,t,0,M,"Missing value (data cannot exist, not applicable)",
QCL,Crops and livestock products,143,Morocco,5312,Area harvested,574,Pineapples,2004,2004,ha,0,M,"Missing value (data cannot exist, not applicable)",
QCL,Crops and livestock products,143,Morocco,5510,Production,574,Pineapples,2004,2004,t,0,M,"Missing value (data cannot exist, not applicable)",
QCL,Crops and livestock products,143,Morocco,5312,Area harvested,574,Pineapples,2005,2005,ha,0,M,"Missing value (data cannot exist, not applicable)",
QCL,Crops and livestock products,143,Morocco,5510,Production,574,Pineapples,2005,2005,t,0,M,"Missing value (data cannot exist, not applicable)",
QCL,Crops and livestock products,143,Morocco,5312,Area harvested,574,Pineapples,2006,2006,ha,0,M,"Missing value (data cannot exist, not applicable)",
QCL,Crops and livestock products,143,Morocco,5510,Production,574,Pineapples,2006,2006,t,0,M,"Missing value (data cannot exist, not applicable)",
QCL,Crops and livestock products,143,Morocco,5312,Area harvested,574,Pineapples,2007,2007,ha,0,M,"Missing value (data cannot exist, not applicable)",
QCL,Crops and livestock products,143,Morocco,5510,Production,574,Pineapples,2007,2007,t,0,M,"Missing value (data cannot exist, not applicable)",
QCL,Crops and livestock products,143,Morocco,5312,Area harvested,574,Pineapples,2008,2008,ha,0,M,"Missing value (data cannot exist, not applicable)",
QCL,Crops and livestock products,143,Morocco,5510,Production,574,Pineapples,2008,2008,t,0,M,"Missing value (data cannot exist, not applicable)",
QCL,Crops and livestock products,143,Morocco,5312,Area harvested,574,Pineapples,2009,2009,ha,0,M,"Missing value (data cannot exist, not applicable)",
QCL,Crops and livestock products,143,Morocco,5510,Production,574,Pineapples,2009,2009,t,0,M,"Missing value (data cannot exist, not applicable)",
QCL,Crops and livestock products,143,Morocco,5312,Area harvested,574,Pineapples,2010,2010,ha,0,M,"Missing value (data cannot exist, not applicable)",
QCL,Crops and livestock products,143,Morocco,5510,Production,574,Pineapples,2010,2010,t,0,M,"Missing value (data cannot exist, not applicable)",
QCL,Crops and livestock products,143,Morocco,5312,Area harvested,574,Pineapples,2011,2011,ha,0,M,"Missing value (data cannot exist, not applicable)",
QCL,Crops and livestock products,143,Morocco,5510,Production,574,Pineapples,2011,2011,t,0,M,"Missing value (data cannot exist, not applicable)",
QCL,Crops and livestock products,143,Morocco,5312,Area harvested,574,Pineapples,2012,2012,ha,0,M,"Missing value (data cannot exist, not applicable)",
QCL,Crops and livestock products,143,Morocco,5510,Production,574,Pineapples,2012,2012,t,0,M,"Missing value (data cannot exist, not applicable)",
QCL,Crops and livestock products,143,Morocco,5312,Area harvested,574,Pineapples,2013,2013,ha,0,M,"Missing value (data cannot exist, not applicable)",
QCL,Crops and livestock products,143,Morocco,5510,Production,574,Pineapples,2013,2013,t,0,M,"Missing value (data cannot exist, not applicable)",
QCL,Crops and livestock products,143,Morocco,5312,Area harvested,574,Pineapples,2014,2014,ha,0,M,"Missing value (data cannot exist, not applicable)",
QCL,Crops and livestock products,143,Morocco,5510,Production,574,Pineapples,2014,2014,t,0,M,"Missing value (data cannot exist, not applicable)",
QCL,Crops and livestock products,143,Morocco,5312,Area harvested,574,Pineapples,2015,2015,ha,0,M,"Missing value (data cannot exist, not applicable)",
QCL,Crops and livestock products,143,Morocco,5510,Production,574,Pineapples,2015,2015,t,0,M,"Missing value (data cannot exist, not applicable)",
QCL,Crops and livestock products,143,Morocco,5312,Area harvested,574,Pineapples,2016,2016,ha,0,M,"Missing value (data cannot exist, not applicable)",
QCL,Crops and livestock products,143,Morocco,5510,Production,574,Pineapples,2016,2016,t,0,M,"Missing value (data cannot exist, not applicable)",
QCL,Crops and livestock products,143,Morocco,5312,Area harvested,574,Pineapples,2017,2017,ha,0,M,"Missing value (data cannot exist, not applicable)",
QCL,Crops and livestock products,143,Morocco,5510,Production,574,Pineapples,2017,2017,t,0,M,"Missing value (data cannot exist, not applicable)",
QCL,Crops and livestock products,143,Morocco,5312,Area harvested,574,Pineapples,2018,2018,ha,0,M,"Missing value (data cannot exist, not applicable)",
QCL,Crops and livestock products,143,Morocco,5510,Production,574,Pineapples,2018,2018,t,0,M,"Missing value (data cannot exist, not applicable)",
QCL,Crops and livestock products,143,Morocco,5312,Area harvested,574,Pineapples,2019,2019,ha,0,M,"Missing value (data cannot exist, not applicable)",
QCL,Crops and livestock products,143,Morocco,5510,Production,574,Pineapples,2019,2019,t,0,M,"Missing value (data cannot exist, not applicable)",
QCL,Crops and livestock products,143,Morocco,5312,Area harvested,574,Pineapples,2020,2020,ha,0,M,"Missing value (data cannot exist, not applicable)",
QCL,Crops and livestock products,143,Morocco,5510,Production,574,Pineapples,2020,2020,t,0,M,"Missing value (data cannot exist, not applicable)",
QCL,Crops and livestock products,143,Morocco,5312,Area harvested,574,Pineapples,2021,2021,ha,0,M,"Missing value (data cannot exist, not applicable)",
QCL,Crops and livestock products,143,Morocco,5510,Production,574,Pineapples,2021,2021,t,0,M,"Missing value (data cannot exist, not applicable)",
QCL,Crops and livestock products,143,Morocco,5312,Area harvested,574,Pineapples,2022,2022,ha,0,M,"Missing value (data cannot exist, not applicable)",
QCL,Crops and livestock products,143,Morocco,5510,Production,574,Pineapples,2022,2022,t,0,M,"Missing value (data cannot exist, not applicable)",
QCL,Crops and livestock products,143,Morocco,5510,Production,223,"Pistachios, in shell",1961,1961,t,0,M,"Missing value (data cannot exist, not applicable)",
QCL,Crops and livestock products,143,Morocco,5510,Production,223,"Pistachios, in shell",1962,1962,t,0,M,"Missing value (data cannot exist, not applicable)",
QCL,Crops and livestock products,143,Morocco,5510,Production,223,"Pistachios, in shell",1963,1963,t,0,M,"Missing value (data cannot exist, not applicable)",
QCL,Crops and livestock products,143,Morocco,5510,Production,223,"Pistachios, in shell",1964,1964,t,0,M,"Missing value (data cannot exist, not applicable)",
QCL,Crops and livestock products,143,Morocco,5510,Production,223,"Pistachios, in shell",1965,1965,t,0,M,"Missing value (data cannot exist, not applicable)",
QCL,Crops and livestock products,143,Morocco,5510,Production,223,"Pistachios, in shell",1966,1966,t,0,M,"Missing value (data cannot exist, not applicable)",
QCL,Crops and livestock products,143,Morocco,5510,Production,223,"Pistachios, in shell",1967,1967,t,0,M,"Missing value (data cannot exist, not applicable)",
QCL,Crops and livestock products,143,Morocco,5510,Production,223,"Pistachios, in shell",1968,1968,t,0,M,"Missing value (data cannot exist, not applicable)",
QCL,Crops and livestock products,143,Morocco,5510,Production,223,"Pistachios, in shell",1969,1969,t,0,M,"Missing value (data cannot exist, not applicable)",
QCL,Crops and livestock products,143,Morocco,5510,Production,223,"Pistachios, in shell",1970,1970,t,0,M,"Missing value (data cannot exist, not applicable)",
QCL,Crops and livestock products,143,Morocco,5510,Production,223,"Pistachios, in shell",1971,1971,t,0,M,"Missing value (data cannot exist, not applicable)",
QCL,Crops and livestock products,143,Morocco,5510,Production,223,"Pistachios, in shell",1972,1972,t,0,M,"Missing value (data cannot exist, not applicable)",
QCL,Crops and livestock products,143,Morocco,5510,Production,223,"Pistachios, in shell",1973,1973,t,0,M,"Missing value (data cannot exist, not applicable)",
QCL,Crops and livestock products,143,Morocco,5510,Production,223,"Pistachios, in shell",1974,1974,t,0,M,"Missing value (data cannot exist, not applicable)",
QCL,Crops and livestock products,143,Morocco,5510,Production,223,"Pistachios, in shell",1975,1975,t,0,M,"Missing value (data cannot exist, not applicable)",
QCL,Crops and livestock products,143,Morocco,5510,Production,223,"Pistachios, in shell",1976,1976,t,0,M,"Missing value (data cannot exist, not applicable)",
QCL,Crops and livestock products,143,Morocco,5510,Production,223,"Pistachios, in shell",1977,1977,t,0,M,"Missing value (data cannot exist, not applicable)",
QCL,Crops and livestock products,143,Morocco,5510,Production,223,"Pistachios, in shell",1978,1978,t,0,M,"Missing value (data cannot exist, not applicable)",
QCL,Crops and livestock products,143,Morocco,5510,Production,223,"Pistachios, in shell",1979,1979,t,0,M,"Missing value (data cannot exist, not applicable)",
QCL,Crops and livestock products,143,Morocco,5510,Production,223,"Pistachios, in shell",1980,1980,t,0,M,"Missing value (data cannot exist, not applicable)",
QCL,Crops and livestock products,143,Morocco,5510,Production,223,"Pistachios, in shell",1981,1981,t,0,M,"Missing value (data cannot exist, not applicable)",
QCL,Crops and livestock products,143,Morocco,5510,Production,223,"Pistachios, in shell",1982,1982,t,0,M,"Missing value (data cannot exist, not applicable)",
QCL,Crops and livestock products,143,Morocco,5510,Production,223,"Pistachios, in shell",1983,1983,t,0,M,"Missing value (data cannot exist, not applicable)",
QCL,Crops and livestock products,143,Morocco,5510,Production,223,"Pistachios, in shell",1984,1984,t,0,M,"Missing value (data cannot exist, not applicable)",
QCL,Crops and livestock products,143,Morocco,5510,Production,223,"Pistachios, in shell",1985,1985,t,0,M,"Missing value (data cannot exist, not applicable)",
QCL,Crops and livestock products,143,Morocco,5510,Production,223,"Pistachios, in shell",1986,1986,t,0,M,"Missing value (data cannot exist, not applicable)",
QCL,Crops and livestock products,143,Morocco,5510,Production,223,"Pistachios, in shell",1987,1987,t,0,M,"Missing value (data cannot exist, not applicable)",
QCL,Crops and livestock products,143,Morocco,5510,Production,223,"Pistachios, in shell",1988,1988,t,0,M,"Missing value (data cannot exist, not applicable)",
QCL,Crops and livestock products,143,Morocco,5510,Production,223,"Pistachios, in shell",1989,1989,t,0,M,"Missing value (data cannot exist, not applicable)",
QCL,Crops and livestock products,143,Morocco,5510,Production,223,"Pistachios, in shell",1990,1990,t,50,E,Estimated value,
QCL,Crops and livestock products,143,Morocco,5510,Production,223,"Pistachios, in shell",1991,1991,t,50.46,I,Imputed value,
QCL,Crops and livestock products,143,Morocco,5510,Production,223,"Pistachios, in shell",1992,1992,t,50.48,I,Imputed value,
QCL,Crops and livestock products,143,Morocco,5510,Production,223,"Pistachios, in shell",1993,1993,t,50.5,I,Imputed value,
QCL,Crops and livestock products,143,Morocco,5510,Production,223,"Pistachios, in shell",1994,1994,t,50.5,I,Imputed value,
QCL,Crops and livestock products,143,Morocco,5510,Production,223,"Pistachios, in shell",1995,1995,t,50.61,I,Imputed value,
QCL,Crops and livestock products,143,Morocco,5510,Production,223,"Pistachios, in shell",1996,1996,t,50.53,I,Imputed value,
QCL,Crops and livestock products,143,Morocco,5510,Production,223,"Pistachios, in shell",1997,1997,t,60,A,Official figure,
QCL,Crops and livestock products,143,Morocco,5510,Production,223,"Pistachios, in shell",1998,1998,t,50,A,Official figure,
QCL,Crops and livestock products,143,Morocco,5510,Production,223,"Pistachios, in shell",1999,1999,t,49.32,I,Imputed value,
QCL,Crops and livestock products,143,Morocco,5510,Production,223,"Pistachios, in shell",2000,2000,t,50,A,Official figure,
QCL,Crops and livestock products,143,Morocco,5510,Production,223,"Pistachios, in shell",2001,2001,t,30,A,Official figure,
QCL,Crops and livestock products,143,Morocco,5510,Production,223,"Pistachios, in shell",2002,2002,t,45.53,I,Imputed value,
QCL,Crops and livestock products,143,Morocco,5510,Production,223,"Pistachios, in shell",2003,2003,t,50,A,Official figure,
QCL,Crops and livestock products,143,Morocco,5510,Production,223,"Pistachios, in shell",2004,2004,t,45.71,I,Imputed value,
QCL,Crops and livestock products,143,Morocco,5510,Production,223,"Pistachios, in shell",2005,2005,t,46.17,I,Imputed value,
QCL,Crops and livestock products,143,Morocco,5510,Production,223,"Pistachios, in shell",2006,2006,t,46.56,I,Imputed value,
QCL,Crops and livestock products,143,Morocco,5510,Production,223,"Pistachios, in shell",2007,2007,t,46.62,I,Imputed value,
QCL,Crops and livestock products,143,Morocco,5510,Production,223,"Pistachios, in shell",2008,2008,t,46.67,I,Imputed value,
QCL,Crops and livestock products,143,Morocco,5510,Production,223,"Pistachios, in shell",2009,2009,t,46.73,I,Imputed value,
QCL,Crops and livestock products,143,Morocco,5510,Production,223,"Pistachios, in shell",2010,2010,t,46.79,I,Imputed value,
QCL,Crops and livestock products,143,Morocco,5510,Production,223,"Pistachios, in shell",2011,2011,t,46.85,I,Imputed value,
QCL,Crops and livestock products,143,Morocco,5510,Production,223,"Pistachios, in shell",2012,2012,t,46.91,I,Imputed value,
QCL,Crops and livestock products,143,Morocco,5510,Production,223,"Pistachios, in shell",2013,2013,t,46.97,I,Imputed value,
QCL,Crops and livestock products,143,Morocco,5510,Production,223,"Pistachios, in shell",2014,2014,t,46.33,I,Imputed value,
QCL,Crops and livestock products,143,Morocco,5510,Production,223,"Pistachios, in shell",2015,2015,t,46.4,I,Imputed value,
QCL,Crops and livestock products,143,Morocco,5510,Production,223,"Pistachios, in shell",2016,2016,t,46.02,I,Imputed value,
QCL,Crops and livestock products,143,Morocco,5510,Production,223,"Pistachios, in shell",2017,2017,t,45.79,I,Imputed value,
QCL,Crops and livestock products,143,Morocco,5510,Production,223,"Pistachios, in shell",2018,2018,t,45.73,I,Imputed value,
QCL,Crops and livestock products,143,Morocco,5510,Production,223,"Pistachios, in shell",2019,2019,t,45.97,I,Imputed value,
QCL,Crops and livestock products,143,Morocco,5510,Production,223,"Pistachios, in shell",2020,2020,t,46.3,I,Imputed value,
QCL,Crops and livestock products,143,Morocco,5510,Production,223,"Pistachios, in shell",2021,2021,t,46.26,I,Imputed value,
QCL,Crops and livestock products,143,Morocco,5510,Production,223,"Pistachios, in shell",2022,2022,t,46.22,I,Imputed value,
QCL,Crops and livestock products,143,Morocco,5312,Area harvested,536,Plums and sloes,1961,1961,ha,0,M,"Missing value (data cannot exist, not applicable)",
QCL,Crops and livestock products,143,Morocco,5510,Production,536,Plums and sloes,1961,1961,t,4300,A,Official figure,
QCL,Crops and livestock products,143,Morocco,5312,Area harvested,536,Plums and sloes,1962,1962,ha,0,M,"Missing value (data cannot exist, not applicable)",
QCL,Crops and livestock products,143,Morocco,5510,Production,536,Plums and sloes,1962,1962,t,4510,A,Official figure,
QCL,Crops and livestock products,143,Morocco,5312,Area harvested,536,Plums and sloes,1963,1963,ha,0,M,"Missing value (data cannot exist, not applicable)",
QCL,Crops and livestock products,143,Morocco,5510,Production,536,Plums and sloes,1963,1963,t,3000,A,Official figure,
QCL,Crops and livestock products,143,Morocco,5312,Area harvested,536,Plums and sloes,1964,1964,ha,0,M,"Missing value (data cannot exist, not applicable)",
QCL,Crops and livestock products,143,Morocco,5510,Production,536,Plums and sloes,1964,1964,t,4573,A,Official figure,
QCL,Crops and livestock products,143,Morocco,5312,Area harvested,536,Plums and sloes,1965,1965,ha,0,M,"Missing value (data cannot exist, not applicable)",
QCL,Crops and livestock products,143,Morocco,5510,Production,536,Plums and sloes,1965,1965,t,7452,A,Official figure,
QCL,Crops and livestock products,143,Morocco,5312,Area harvested,536,Plums and sloes,1966,1966,ha,0,M,"Missing value (data cannot exist, not applicable)",
QCL,Crops and livestock products,143,Morocco,5510,Production,536,Plums and sloes,1966,1966,t,4173,A,Official figure,
QCL,Crops and livestock products,143,Morocco,5312,Area harvested,536,Plums and sloes,1967,1967,ha,0,M,"Missing value (data cannot exist, not applicable)",
QCL,Crops and livestock products,143,Morocco,5510,Production,536,Plums and sloes,1967,1967,t,4600,E,Estimated value,
QCL,Crops and livestock products,143,Morocco,5312,Area harvested,536,Plums and sloes,1968,1968,ha,0,M,"Missing value (data cannot exist, not applicable)",
QCL,Crops and livestock products,143,Morocco,5510,Production,536,Plums and sloes,1968,1968,t,4600,E,Estimated value,
QCL,Crops and livestock products,143,Morocco,5312,Area harvested,536,Plums and sloes,1969,1969,ha,0,M,"Missing value (data cannot exist, not applicable)",
QCL,Crops and livestock products,143,Morocco,5510,Production,536,Plums and sloes,1969,1969,t,5000,E,Estimated value,
QCL,Crops and livestock products,143,Morocco,5312,Area harvested,536,Plums and sloes,1970,1970,ha,0,M,"Missing value (data cannot exist, not applicable)",
QCL,Crops and livestock products,143,Morocco,5510,Production,536,Plums and sloes,1970,1970,t,5000,E,Estimated value,
QCL,Crops and livestock products,143,Morocco,5312,Area harvested,536,Plums and sloes,1971,1971,ha,0,M,"Missing value (data cannot exist, not applicable)",
QCL,Crops and livestock products,143,Morocco,5510,Production,536,Plums and sloes,1971,1971,t,6000,E,Estimated value,
QCL,Crops and livestock products,143,Morocco,5312,Area harvested,536,Plums and sloes,1972,1972,ha,0,M,"Missing value (data cannot exist, not applicable)",
QCL,Crops and livestock products,143,Morocco,5510,Production,536,Plums and sloes,1972,1972,t,8000,E,Estimated value,
QCL,Crops and livestock products,143,Morocco,5312,Area harvested,536,Plums and sloes,1973,1973,ha,0,M,"Missing value (data cannot exist, not applicable)",
QCL,Crops and livestock products,143,Morocco,5510,Production,536,Plums and sloes,1973,1973,t,10000,E,Estimated value,
QCL,Crops and livestock products,143,Morocco,5312,Area harvested,536,Plums and sloes,1974,1974,ha,0,M,"Missing value (data cannot exist, not applicable)",
QCL,Crops and livestock products,143,Morocco,5510,Production,536,Plums and sloes,1974,1974,t,12000,E,Estimated value,
QCL,Crops and livestock products,143,Morocco,5312,Area harvested,536,Plums and sloes,1975,1975,ha,0,M,"Missing value (data cannot exist, not applicable)",
QCL,Crops and livestock products,143,Morocco,5510,Production,536,Plums and sloes,1975,1975,t,14000,E,Estimated value,
QCL,Crops and livestock products,143,Morocco,5312,Area harvested,536,Plums and sloes,1976,1976,ha,0,M,"Missing value (data cannot exist, not applicable)",
QCL,Crops and livestock products,143,Morocco,5510,Production,536,Plums and sloes,1976,1976,t,16000,E,Estimated value,
QCL,Crops and livestock products,143,Morocco,5312,Area harvested,536,Plums and sloes,1977,1977,ha,0,M,"Missing value (data cannot exist, not applicable)",
QCL,Crops and livestock products,143,Morocco,5510,Production,536,Plums and sloes,1977,1977,t,18000,E,Estimated value,
QCL,Crops and livestock products,143,Morocco,5312,Area harvested,536,Plums and sloes,1978,1978,ha,0,M,"Missing value (data cannot exist, not applicable)",
QCL,Crops and livestock products,143,Morocco,5510,Production,536,Plums and sloes,1978,1978,t,20000,E,Estimated value,
QCL,Crops and livestock products,143,Morocco,5312,Area harvested,536,Plums and sloes,1979,1979,ha,0,M,"Missing value (data cannot exist, not applicable)",
QCL,Crops and livestock products,143,Morocco,5510,Production,536,Plums and sloes,1979,1979,t,25000,E,Estimated value,
QCL,Crops and livestock products,143,Morocco,5312,Area harvested,536,Plums and sloes,1980,1980,ha,0,M,"Missing value (data cannot exist, not applicable)",
QCL,Crops and livestock products,143,Morocco,5510,Production,536,Plums and sloes,1980,1980,t,28000,E,Estimated value,
QCL,Crops and livestock products,143,Morocco,5312,Area harvested,536,Plums and sloes,1981,1981,ha,0,M,"Missing value (data cannot exist, not applicable)",
QCL,Crops and livestock products,143,Morocco,5510,Production,536,Plums and sloes,1981,1981,t,30000,E,Estimated value,
QCL,Crops and livestock products,143,Morocco,5312,Area harvested,536,Plums and sloes,1982,1982,ha,0,M,"Missing value (data cannot exist, not applicable)",
QCL,Crops and livestock products,143,Morocco,5510,Production,536,Plums and sloes,1982,1982,t,32000,E,Estimated value,
QCL,Crops and livestock products,143,Morocco,5312,Area harvested,536,Plums and sloes,1983,1983,ha,0,M,"Missing value (data cannot exist, not applicable)",
QCL,Crops and livestock products,143,Morocco,5510,Production,536,Plums and sloes,1983,1983,t,35000,E,Estimated value,
QCL,Crops and livestock products,143,Morocco,5312,Area harvested,536,Plums and sloes,1984,1984,ha,0,M,"Missing value (data cannot exist, not applicable)",
QCL,Crops and livestock products,143,Morocco,5510,Production,536,Plums and sloes,1984,1984,t,38000,E,Estimated value,
QCL,Crops and livestock products,143,Morocco,5312,Area harvested,536,Plums and sloes,1985,1985,ha,6500,E,Estimated value,
QCL,Crops and livestock products,143,Morocco,5419,Yield,536,Plums and sloes,1985,1985,100 g/ha,61538,E,Estimated value,
QCL,Crops and livestock products,143,Morocco,5510,Production,536,Plums and sloes,1985,1985,t,40000,E,Estimated value,
QCL,Crops and livestock products,143,Morocco,5312,Area harvested,536,Plums and sloes,1986,1986,ha,6500,E,Estimated value,
QCL,Crops and livestock products,143,Morocco,5419,Yield,536,Plums and sloes,1986,1986,100 g/ha,69231,E,Estimated value,
QCL,Crops and livestock products,143,Morocco,5510,Production,536,Plums and sloes,1986,1986,t,45000,E,Estimated value,
QCL,Crops and livestock products,143,Morocco,5312,Area harvested,536,Plums and sloes,1987,1987,ha,6500,E,Estimated value,
QCL,Crops and livestock products,143,Morocco,5419,Yield,536,Plums and sloes,1987,1987,100 g/ha,63077,E,Estimated value,
QCL,Crops and livestock products,143,Morocco,5510,Production,536,Plums and sloes,1987,1987,t,41000,A,Official figure,
QCL,Crops and livestock products,143,Morocco,5312,Area harvested,536,Plums and sloes,1988,1988,ha,7000,A,Official figure,
QCL,Crops and livestock products,143,Morocco,5419,Yield,536,Plums and sloes,1988,1988,100 g/ha,81429,A,Official figure,
QCL,Crops and livestock products,143,Morocco,5510,Production,536,Plums and sloes,1988,1988,t,57000,A,Official figure,
QCL,Crops and livestock products,143,Morocco,5312,Area harvested,536,Plums and sloes,1989,1989,ha,6000,A,Official figure,
QCL,Crops and livestock products,143,Morocco,5419,Yield,536,Plums and sloes,1989,1989,100 g/ha,60000,A,Official figure,
QCL,Crops and livestock products,143,Morocco,5510,Production,536,Plums and sloes,1989,1989,t,36000,A,Official figure,
QCL,Crops and livestock products,143,Morocco,5312,Area harvested,536,Plums and sloes,1990,1990,ha,6500,A,Official figure,
QCL,Crops and livestock products,143,Morocco,5419,Yield,536,Plums and sloes,1990,1990,100 g/ha,72769,A,Official figure,
QCL,Crops and livestock products,143,Morocco,5510,Production,536,Plums and sloes,1990,1990,t,47300,A,Official figure,
QCL,Crops and livestock products,143,Morocco,5312,Area harvested,536,Plums and sloes,1991,1991,ha,6600,A,Official figure,
QCL,Crops and livestock products,143,Morocco,5419,Yield,536,Plums and sloes,1991,1991,100 g/ha,61970,A,Official figure,
QCL,Crops and livestock products,143,Morocco,5510,Production,536,Plums and sloes,1991,1991,t,40900,A,Official figure,
QCL,Crops and livestock products,143,Morocco,5312,Area harvested,536,Plums and sloes,1992,1992,ha,7000,A,Official figure,
QCL,Crops and livestock products,143,Morocco,5419,Yield,536,Plums and sloes,1992,1992,100 g/ha,64286,A,Official figure,
QCL,Crops and livestock products,143,Morocco,5510,Production,536,Plums and sloes,1992,1992,t,45000,A,Official figure,
QCL,Crops and livestock products,143,Morocco,5312,Area harvested,536,Plums and sloes,1993,1993,ha,7400,A,Official figure,
QCL,Crops and livestock products,143,Morocco,5419,Yield,536,Plums and sloes,1993,1993,100 g/ha,57297,A,Official figure,
QCL,Crops and livestock products,143,Morocco,5510,Production,536,Plums and sloes,1993,1993,t,42400,A,Official figure,
QCL,Crops and livestock products,143,Morocco,5312,Area harvested,536,Plums and sloes,1994,1994,ha,7400,A,Official figure,
QCL,Crops and livestock products,143,Morocco,5419,Yield,536,Plums and sloes,1994,1994,100 g/ha,77027,A,Official figure,
QCL,Crops and livestock products,143,Morocco,5510,Production,536,Plums and sloes,1994,1994,t,57000,A,Official figure,
QCL,Crops and livestock products,143,Morocco,5312,Area harvested,536,Plums and sloes,1995,1995,ha,6800,A,Official figure,
QCL,Crops and livestock products,143,Morocco,5419,Yield,536,Plums and sloes,1995,1995,100 g/ha,48235,A,Official figure,
QCL,Crops and livestock products,143,Morocco,5510,Production,536,Plums and sloes,1995,1995,t,32800,A,Official figure,
QCL,Crops and livestock products,143,Morocco,5312,Area harvested,536,Plums and sloes,1996,1996,ha,6900,A,Official figure,
QCL,Crops and livestock products,143,Morocco,5419,Yield,536,Plums and sloes,1996,1996,100 g/ha,69565,A,Official figure,
QCL,Crops and livestock products,143,Morocco,5510,Production,536,Plums and sloes,1996,1996,t,48000,A,Official figure,
QCL,Crops and livestock products,143,Morocco,5312,Area harvested,536,Plums and sloes,1997,1997,ha,6700,A,Official figure,
QCL,Crops and livestock products,143,Morocco,5419,Yield,536,Plums and sloes,1997,1997,100 g/ha,69403,A,Official figure,
QCL,Crops and livestock products,143,Morocco,5510,Production,536,Plums and sloes,1997,1997,t,46500,A,Official figure,
QCL,Crops and livestock products,143,Morocco,5312,Area harvested,536,Plums and sloes,1998,1998,ha,6700,A,Official figure,
QCL,Crops and livestock products,143,Morocco,5419,Yield,536,Plums and sloes,1998,1998,100 g/ha,61045,A,Official figure,
QCL,Crops and livestock products,143,Morocco,5510,Production,536,Plums and sloes,1998,1998,t,40900,A,Official figure,
QCL,Crops and livestock products,143,Morocco,5312,Area harvested,536,Plums and sloes,1999,1999,ha,6800,A,Official figure,
QCL,Crops and livestock products,143,Morocco,5419,Yield,536,Plums and sloes,1999,1999,100 g/ha,75588,A,Official figure,
QCL,Crops and livestock products,143,Morocco,5510,Production,536,Plums and sloes,1999,1999,t,51400,A,Official figure,
QCL,Crops and livestock products,143,Morocco,5312,Area harvested,536,Plums and sloes,2000,2000,ha,6800,A,Official figure,
QCL,Crops and livestock products,143,Morocco,5419,Yield,536,Plums and sloes,2000,2000,100 g/ha,57794,A,Official figure,
QCL,Crops and livestock products,143,Morocco,5510,Production,536,Plums and sloes,2000,2000,t,39300,A,Official figure,
QCL,Crops and livestock products,143,Morocco,5312,Area harvested,536,Plums and sloes,2001,2001,ha,7030,A,Official figure,
QCL,Crops and livestock products,143,Morocco,5419,Yield,536,Plums and sloes,2001,2001,100 g/ha,89758,A,Official figure,
QCL,Crops and livestock products,143,Morocco,5510,Production,536,Plums and sloes,2001,2001,t,63100,A,Official figure,
QCL,Crops and livestock products,143,Morocco,5312,Area harvested,536,Plums and sloes,2002,2002,ha,6800,A,Official figure,
QCL,Crops and livestock products,143,Morocco,5419,Yield,536,Plums and sloes,2002,2002,100 g/ha,63382,A,Official figure,
QCL,Crops and livestock products,143,Morocco,5510,Production,536,Plums and sloes,2002,2002,t,43100,A,Official figure,
QCL,Crops and livestock products,143,Morocco,5312,Area harvested,536,Plums and sloes,2003,2003,ha,7400,A,Official figure,
QCL,Crops and livestock products,143,Morocco,5419,Yield,536,Plums and sloes,2003,2003,100 g/ha,72838,A,Official figure,
QCL,Crops and livestock products,143,Morocco,5510,Production,536,Plums and sloes,2003,2003,t,53900,A,Official figure,
QCL,Crops and livestock products,143,Morocco,5312,Area harvested,536,Plums and sloes,2004,2004,ha,7500,A,Official figure,
QCL,Crops and livestock products,143,Morocco,5419,Yield,536,Plums and sloes,2004,2004,100 g/ha,63733,A,Official figure,
QCL,Crops and livestock products,143,Morocco,5510,Production,536,Plums and sloes,2004,2004,t,47800,A,Official figure,
QCL,Crops and livestock products,143,Morocco,5312,Area harvested,536,Plums and sloes,2005,2005,ha,7900,A,Official figure,
QCL,Crops and livestock products,143,Morocco,5419,Yield,536,Plums and sloes,2005,2005,100 g/ha,77215,A,Official figure,
QCL,Crops and livestock products,143,Morocco,5510,Production,536,Plums and sloes,2005,2005,t,61000,A,Official figure,
QCL,Crops and livestock products,143,Morocco,5312,Area harvested,536,Plums and sloes,2006,2006,ha,8000,A,Official figure,
QCL,Crops and livestock products,143,Morocco,5419,Yield,536,Plums and sloes,2006,2006,100 g/ha,100375,A,Official figure,
QCL,Crops and livestock products,143,Morocco,5510,Production,536,Plums and sloes,2006,2006,t,80300,A,Official figure,
QCL,Crops and livestock products,143,Morocco,5312,Area harvested,536,Plums and sloes,2007,2007,ha,8183,A,Official figure,
QCL,Crops and livestock products,143,Morocco,5419,Yield,536,Plums and sloes,2007,2007,100 g/ha,96874,A,Official figure,
QCL,Crops and livestock products,143,Morocco,5510,Production,536,Plums and sloes,2007,2007,t,79272,A,Official figure,
QCL,Crops and livestock products,143,Morocco,5312,Area harvested,536,Plums and sloes,2008,2008,ha,8132,A,Official figure,
QCL,Crops and livestock products,143,Morocco,5419,Yield,536,Plums and sloes,2008,2008,100 g/ha,80615,A,Official figure,
QCL,Crops and livestock products,143,Morocco,5510,Production,536,Plums and sloes,2008,2008,t,65556,A,Official figure,
QCL,Crops and livestock products,143,Morocco,5312,Area harvested,536,Plums and sloes,2009,2009,ha,8608,A,Official figure,
QCL,Crops and livestock products,143,Morocco,5419,Yield,536,Plums and sloes,2009,2009,100 g/ha,85661,A,Official figure,
QCL,Crops and livestock products,143,Morocco,5510,Production,536,Plums and sloes,2009,2009,t,73737,A,Official figure,
QCL,Crops and livestock products,143,Morocco,5312,Area harvested,536,Plums and sloes,2010,2010,ha,8951,A,Official figure,
QCL,Crops and livestock products,143,Morocco,5419,Yield,536,Plums and sloes,2010,2010,100 g/ha,87980,A,Official figure,
QCL,Crops and livestock products,143,Morocco,5510,Production,536,Plums and sloes,2010,2010,t,78751,A,Official figure,
QCL,Crops and livestock products,143,Morocco,5312,Area harvested,536,Plums and sloes,2011,2011,ha,7542,A,Official figure,
QCL,Crops and livestock products,143,Morocco,5419,Yield,536,Plums and sloes,2011,2011,100 g/ha,85798,A,Official figure,
QCL,Crops and livestock products,143,Morocco,5510,Production,536,Plums and sloes,2011,2011,t,64709,A,Official figure,
QCL,Crops and livestock products,143,Morocco,5312,Area harvested,536,Plums and sloes,2012,2012,ha,8491,A,Official figure,
QCL,Crops and livestock products,143,Morocco,5419,Yield,536,Plums and sloes,2012,2012,100 g/ha,88043,A,Official figure,
QCL,Crops and livestock products,143,Morocco,5510,Production,536,Plums and sloes,2012,2012,t,74757,A,Official figure,
QCL,Crops and livestock products,143,Morocco,5312,Area harvested,536,Plums and sloes,2013,2013,ha,14618,A,Official figure,
QCL,Crops and livestock products,143,Morocco,5419,Yield,536,Plums and sloes,2013,2013,100 g/ha,74814,A,Official figure,
QCL,Crops and livestock products,143,Morocco,5510,Production,536,Plums and sloes,2013,2013,t,109363.03,A,Official figure,
QCL,Crops and livestock products,143,Morocco,5312,Area harvested,536,Plums and sloes,2014,2014,ha,14816,A,Official figure,
QCL,Crops and livestock products,143,Morocco,5419,Yield,536,Plums and sloes,2014,2014,100 g/ha,62685,A,Official figure,
QCL,Crops and livestock products,143,Morocco,5510,Production,536,Plums and sloes,2014,2014,t,92871.9,A,Official figure,
QCL,Crops and livestock products,143,Morocco,5312,Area harvested,536,Plums and sloes,2015,2015,ha,14056,A,Official figure,
QCL,Crops and livestock products,143,Morocco,5419,Yield,536,Plums and sloes,2015,2015,100 g/ha,87660,A,Official figure,
QCL,Crops and livestock products,143,Morocco,5510,Production,536,Plums and sloes,2015,2015,t,123210.61,A,Official figure,
QCL,Crops and livestock products,143,Morocco,5312,Area harvested,536,Plums and sloes,2016,2016,ha,14926,A,Official figure,
QCL,Crops and livestock products,143,Morocco,5419,Yield,536,Plums and sloes,2016,2016,100 g/ha,82795,A,Official figure,
QCL,Crops and livestock products,143,Morocco,5510,Production,536,Plums and sloes,2016,2016,t,123576.94,A,Official figure,
QCL,Crops and livestock products,143,Morocco,5312,Area harvested,536,Plums and sloes,2017,2017,ha,15351,A,Official figure,
QCL,Crops and livestock products,143,Morocco,5419,Yield,536,Plums and sloes,2017,2017,100 g/ha,116857,A,Official figure,
QCL,Crops and livestock products,143,Morocco,5510,Production,536,Plums and sloes,2017,2017,t,179386.91,A,Official figure,
QCL,Crops and livestock products,143,Morocco,5312,Area harvested,536,Plums and sloes,2018,2018,ha,15451,A,Official figure,
QCL,Crops and livestock products,143,Morocco,5419,Yield,536,Plums and sloes,2018,2018,100 g/ha,132822,A,Official figure,
QCL,Crops and livestock products,143,Morocco,5510,Production,536,Plums and sloes,2018,2018,t,205222.41,A,Official figure,
QCL,Crops and livestock products,143,Morocco,5312,Area harvested,536,Plums and sloes,2019,2019,ha,15790,A,Official figure,
QCL,Crops and livestock products,143,Morocco,5419,Yield,536,Plums and sloes,2019,2019,100 g/ha,95939,A,Official figure,
QCL,Crops and livestock products,143,Morocco,5510,Production,536,Plums and sloes,2019,2019,t,151487.5,A,Official figure,
QCL,Crops and livestock products,143,Morocco,5312,Area harvested,536,Plums and sloes,2020,2020,ha,16198,A,Official figure,
QCL,Crops and livestock products,143,Morocco,5419,Yield,536,Plums and sloes,2020,2020,100 g/ha,88565,A,Official figure,
QCL,Crops and livestock products,143,Morocco,5510,Production,536,Plums and sloes,2020,2020,t,143456.66,A,Official figure,
QCL,Crops and livestock products,143,Morocco,5312,Area harvested,536,Plums and sloes,2021,2021,ha,14186,A,Official figure,
QCL,Crops and livestock products,143,Morocco,5419,Yield,536,Plums and sloes,2021,2021,100 g/ha,126012,A,Official figure,
QCL,Crops and livestock products,143,Morocco,5510,Production,536,Plums and sloes,2021,2021,t,178761,A,Official figure,
QCL,Crops and livestock products,143,Morocco,5312,Area harvested,536,Plums and sloes,2022,2022,ha,14178,A,Official figure,
QCL,Crops and livestock products,143,Morocco,5419,Yield,536,Plums and sloes,2022,2022,100 g/ha,126160,A,Official figure,
QCL,Crops and livestock products,143,Morocco,5510,Production,536,Plums and sloes,2022,2022,t,178865.43,A,Official figure,
QCL,Crops and livestock products,143,Morocco,5312,Area harvested,507,Pomelos and grapefruits,1961,1961,ha,0,M,"Missing value (data cannot exist, not applicable)",
QCL,Crops and livestock products,143,Morocco,5510,Production,507,Pomelos and grapefruits,1961,1961,t,13000,A,Official figure,
QCL,Crops and livestock products,143,Morocco,5312,Area harvested,507,Pomelos and grapefruits,1962,1962,ha,0,M,"Missing value (data cannot exist, not applicable)",
QCL,Crops and livestock products,143,Morocco,5510,Production,507,Pomelos and grapefruits,1962,1962,t,12000,X,Figure from international organizations,Unofficial figure
QCL,Crops and livestock products,143,Morocco,5312,Area harvested,507,Pomelos and grapefruits,1963,1963,ha,0,M,"Missing value (data cannot exist, not applicable)",
QCL,Crops and livestock products,143,Morocco,5510,Production,507,Pomelos and grapefruits,1963,1963,t,13000,X,Figure from international organizations,Unofficial figure
QCL,Crops and livestock products,143,Morocco,5312,Area harvested,507,Pomelos and grapefruits,1964,1964,ha,0,M,"Missing value (data cannot exist, not applicable)",
QCL,Crops and livestock products,143,Morocco,5510,Production,507,Pomelos and grapefruits,1964,1964,t,12000,A,Official figure,
QCL,Crops and livestock products,143,Morocco,5312,Area harvested,507,Pomelos and grapefruits,1965,1965,ha,0,M,"Missing value (data cannot exist, not applicable)",
QCL,Crops and livestock products,143,Morocco,5510,Production,507,Pomelos and grapefruits,1965,1965,t,12000,A,Official figure,
QCL,Crops and livestock products,143,Morocco,5312,Area harvested,507,Pomelos and grapefruits,1966,1966,ha,0,M,"Missing value (data cannot exist, not applicable)",
QCL,Crops and livestock products,143,Morocco,5510,Production,507,Pomelos and grapefruits,1966,1966,t,14000,X,Figure from international organizations,Unofficial figure
QCL,Crops and livestock products,143,Morocco,5312,Area harvested,507,Pomelos and grapefruits,1967,1967,ha,0,M,"Missing value (data cannot exist, not applicable)",
QCL,Crops and livestock products,143,Morocco,5510,Production,507,Pomelos and grapefruits,1967,1967,t,12000,X,Figure from international organizations,Unofficial figure
QCL,Crops and livestock products,143,Morocco,5312,Area harvested,507,Pomelos and grapefruits,1968,1968,ha,0,M,"Missing value (data cannot exist, not applicable)",
QCL,Crops and livestock products,143,Morocco,5510,Production,507,Pomelos and grapefruits,1968,1968,t,15000,E,Estimated value,
QCL,Crops and livestock products,143,Morocco,5312,Area harvested,507,Pomelos and grapefruits,1969,1969,ha,0,M,"Missing value (data cannot exist, not applicable)",
QCL,Crops and livestock products,143,Morocco,5510,Production,507,Pomelos and grapefruits,1969,1969,t,16000,E,Estimated value,
QCL,Crops and livestock products,143,Morocco,5312,Area harvested,507,Pomelos and grapefruits,1970,1970,ha,0,M,"Missing value (data cannot exist, not applicable)",
QCL,Crops and livestock products,143,Morocco,5510,Production,507,Pomelos and grapefruits,1970,1970,t,17000,E,Estimated value,
QCL,Crops and livestock products,143,Morocco,5312,Area harvested,507,Pomelos and grapefruits,1971,1971,ha,0,M,"Missing value (data cannot exist, not applicable)",
QCL,Crops and livestock products,143,Morocco,5510,Production,507,Pomelos and grapefruits,1971,1971,t,12000,X,Figure from international organizations,Unofficial figure
QCL,Crops and livestock products,143,Morocco,5312,Area harvested,507,Pomelos and grapefruits,1972,1972,ha,0,M,"Missing value (data cannot exist, not applicable)",
QCL,Crops and livestock products,143,Morocco,5510,Production,507,Pomelos and grapefruits,1972,1972,t,13000,X,Figure from international organizations,Unofficial figure
QCL,Crops and livestock products,143,Morocco,5312,Area harvested,507,Pomelos and grapefruits,1973,1973,ha,0,M,"Missing value (data cannot exist, not applicable)",
QCL,Crops and livestock products,143,Morocco,5510,Production,507,Pomelos and grapefruits,1973,1973,t,16000,E,Estimated value,
QCL,Crops and livestock products,143,Morocco,5312,Area harvested,507,Pomelos and grapefruits,1974,1974,ha,0,M,"Missing value (data cannot exist, not applicable)",
QCL,Crops and livestock products,143,Morocco,5510,Production,507,Pomelos and grapefruits,1974,1974,t,16000,A,Official figure,
QCL,Crops and livestock products,143,Morocco,5312,Area harvested,507,Pomelos and grapefruits,1975,1975,ha,0,M,"Missing value (data cannot exist, not applicable)",
QCL,Crops and livestock products,143,Morocco,5510,Production,507,Pomelos and grapefruits,1975,1975,t,16000,A,Official figure,
QCL,Crops and livestock products,143,Morocco,5312,Area harvested,507,Pomelos and grapefruits,1976,1976,ha,0,M,"Missing value (data cannot exist, not applicable)",
QCL,Crops and livestock products,143,Morocco,5510,Production,507,Pomelos and grapefruits,1976,1976,t,17000,X,Figure from international organizations,Unofficial figure
QCL,Crops and livestock products,143,Morocco,5312,Area harvested,507,Pomelos and grapefruits,1977,1977,ha,0,M,"Missing value (data cannot exist, not applicable)",
QCL,Crops and livestock products,143,Morocco,5510,Production,507,Pomelos and grapefruits,1977,1977,t,14000,X,Figure from international organizations,Unofficial figure
QCL,Crops and livestock products,143,Morocco,5312,Area harvested,507,Pomelos and grapefruits,1978,1978,ha,0,M,"Missing value (data cannot exist, not applicable)",
QCL,Crops and livestock products,143,Morocco,5510,Production,507,Pomelos and grapefruits,1978,1978,t,10000,A,Official figure,
QCL,Crops and livestock products,143,Morocco,5312,Area harvested,507,Pomelos and grapefruits,1979,1979,ha,0,M,"Missing value (data cannot exist, not applicable)",
QCL,Crops and livestock products,143,Morocco,5510,Production,507,Pomelos and grapefruits,1979,1979,t,15000,A,Official figure,
QCL,Crops and livestock products,143,Morocco,5312,Area harvested,507,Pomelos and grapefruits,1980,1980,ha,0,M,"Missing value (data cannot exist, not applicable)",
QCL,Crops and livestock products,143,Morocco,5510,Production,507,Pomelos and grapefruits,1980,1980,t,12000,A,Official figure,
QCL,Crops and livestock products,143,Morocco,5312,Area harvested,507,Pomelos and grapefruits,1981,1981,ha,0,M,"Missing value (data cannot exist, not applicable)",
QCL,Crops and livestock products,143,Morocco,5510,Production,507,Pomelos and grapefruits,1981,1981,t,10000,X,Figure from international organizations,Unofficial figure
QCL,Crops and livestock products,143,Morocco,5312,Area harvested,507,Pomelos and grapefruits,1982,1982,ha,0,M,"Missing value (data cannot exist, not applicable)",
QCL,Crops and livestock products,143,Morocco,5510,Production,507,Pomelos and grapefruits,1982,1982,t,10000,X,Figure from international organizations,Unofficial figure
QCL,Crops and livestock products,143,Morocco,5312,Area harvested,507,Pomelos and grapefruits,1983,1983,ha,0,M,"Missing value (data cannot exist, not applicable)",
QCL,Crops and livestock products,143,Morocco,5510,Production,507,Pomelos and grapefruits,1983,1983,t,12000,X,Figure from international organizations,Unofficial figure
QCL,Crops and livestock products,143,Morocco,5312,Area harvested,507,Pomelos and grapefruits,1984,1984,ha,0,M,"Missing value (data cannot exist, not applicable)",
QCL,Crops and livestock products,143,Morocco,5510,Production,507,Pomelos and grapefruits,1984,1984,t,15000,X,Figure from international organizations,Unofficial figure
QCL,Crops and livestock products,143,Morocco,5312,Area harvested,507,Pomelos and grapefruits,1985,1985,ha,1000,E,Estimated value,
QCL,Crops and livestock products,143,Morocco,5419,Yield,507,Pomelos and grapefruits,1985,1985,100 g/ha,170000,E,Estimated value,
QCL,Crops and livestock products,143,Morocco,5510,Production,507,Pomelos and grapefruits,1985,1985,t,17000,X,Figure from international organizations,Unofficial figure
QCL,Crops and livestock products,143,Morocco,5312,Area harvested,507,Pomelos and grapefruits,1986,1986,ha,1000,E,Estimated value,
QCL,Crops and livestock products,143,Morocco,5419,Yield,507,Pomelos and grapefruits,1986,1986,100 g/ha,180000,E,Estimated value,
QCL,Crops and livestock products,143,Morocco,5510,Production,507,Pomelos and grapefruits,1986,1986,t,18000,X,Figure from international organizations,Unofficial figure
QCL,Crops and livestock products,143,Morocco,5312,Area harvested,507,Pomelos and grapefruits,1987,1987,ha,1000,E,Estimated value,
QCL,Crops and livestock products,143,Morocco,5419,Yield,507,Pomelos and grapefruits,1987,1987,100 g/ha,220000,E,Estimated value,
QCL,Crops and livestock products,143,Morocco,5510,Production,507,Pomelos and grapefruits,1987,1987,t,22000,A,Official figure,
QCL,Crops and livestock products,143,Morocco,5312,Area harvested,507,Pomelos and grapefruits,1988,1988,ha,1000,E,Estimated value,
QCL,Crops and livestock products,143,Morocco,5419,Yield,507,Pomelos and grapefruits,1988,1988,100 g/ha,140000,E,Estimated value,
QCL,Crops and livestock products,143,Morocco,5510,Production,507,Pomelos and grapefruits,1988,1988,t,14000,E,Estimated value,
QCL,Crops and livestock products,143,Morocco,5312,Area harvested,507,Pomelos and grapefruits,1989,1989,ha,600,E,Estimated value,
QCL,Crops and livestock products,143,Morocco,5419,Yield,507,Pomelos and grapefruits,1989,1989,100 g/ha,100000,E,Estimated value,
QCL,Crops and livestock products,143,Morocco,5510,Production,507,Pomelos and grapefruits,1989,1989,t,6000,A,Official figure,
QCL,Crops and livestock products,143,Morocco,5312,Area harvested,507,Pomelos and grapefruits,1990,1990,ha,627,E,Estimated value,
QCL,Crops and livestock products,143,Morocco,5419,Yield,507,Pomelos and grapefruits,1990,1990,100 g/ha,111643,E,Estimated value,
QCL,Crops and livestock products,143,Morocco,5510,Production,507,Pomelos and grapefruits,1990,1990,t,7000,A,Official figure,
QCL,Crops and livestock products,143,Morocco,5312,Area harvested,507,Pomelos and grapefruits,1991,1991,ha,611,I,Imputed value,
QCL,Crops and livestock products,143,Morocco,5419,Yield,507,Pomelos and grapefruits,1991,1991,100 g/ha,130952,E,Estimated value,
QCL,Crops and livestock products,143,Morocco,5510,Production,507,Pomelos and grapefruits,1991,1991,t,8000,A,Official figure,
QCL,Crops and livestock products,143,Morocco,5312,Area harvested,507,Pomelos and grapefruits,1992,1992,ha,700,E,Estimated value,
QCL,Crops and livestock products,143,Morocco,5419,Yield,507,Pomelos and grapefruits,1992,1992,100 g/ha,100000,E,Estimated value,
QCL,Crops and livestock products,143,Morocco,5510,Production,507,Pomelos and grapefruits,1992,1992,t,7000,A,Official figure,
QCL,Crops and livestock products,143,Morocco,5312,Area harvested,507,Pomelos and grapefruits,1993,1993,ha,500,E,Estimated value,
QCL,Crops and livestock products,143,Morocco,5419,Yield,507,Pomelos and grapefruits,1993,1993,100 g/ha,100000,E,Estimated value,
QCL,Crops and livestock products,143,Morocco,5510,Production,507,Pomelos and grapefruits,1993,1993,t,5000,E,Estimated value,
QCL,Crops and livestock products,143,Morocco,5312,Area harvested,507,Pomelos and grapefruits,1994,1994,ha,300,E,Estimated value,
QCL,Crops and livestock products,143,Morocco,5419,Yield,507,Pomelos and grapefruits,1994,1994,100 g/ha,100000,E,Estimated value,
QCL,Crops and livestock products,143,Morocco,5510,Production,507,Pomelos and grapefruits,1994,1994,t,3000,E,Estimated value,
QCL,Crops and livestock products,143,Morocco,5312,Area harvested,507,Pomelos and grapefruits,1995,1995,ha,200,E,Estimated value,
QCL,Crops and livestock products,143,Morocco,5419,Yield,507,Pomelos and grapefruits,1995,1995,100 g/ha,100000,E,Estimated value,
QCL,Crops and livestock products,143,Morocco,5510,Production,507,Pomelos and grapefruits,1995,1995,t,2000,A,Official figure,
QCL,Crops and livestock products,143,Morocco,5312,Area harvested,507,Pomelos and grapefruits,1996,1996,ha,300,E,Estimated value,
QCL,Crops and livestock products,143,Morocco,5419,Yield,507,Pomelos and grapefruits,1996,1996,100 g/ha,100000,E,Estimated value,
QCL,Crops and livestock products,143,Morocco,5510,Production,507,Pomelos and grapefruits,1996,1996,t,3000,A,Official figure,
QCL,Crops and livestock products,143,Morocco,5312,Area harvested,507,Pomelos and grapefruits,1997,1997,ha,200,E,Estimated value,
QCL,Crops and livestock products,143,Morocco,5419,Yield,507,Pomelos and grapefruits,1997,1997,100 g/ha,100000,E,Estimated value,
QCL,Crops and livestock products,143,Morocco,5510,Production,507,Pomelos and grapefruits,1997,1997,t,2000,E,Estimated value,
QCL,Crops and livestock products,143,Morocco,5312,Area harvested,507,Pomelos and grapefruits,1998,1998,ha,100,A,Official figure,
QCL,Crops and livestock products,143,Morocco,5419,Yield,507,Pomelos and grapefruits,1998,1998,100 g/ha,400000,A,Official figure,
QCL,Crops and livestock products,143,Morocco,5510,Production,507,Pomelos and grapefruits,1998,1998,t,4000,A,Official figure,
QCL,Crops and livestock products,143,Morocco,5312,Area harvested,507,Pomelos and grapefruits,1999,1999,ha,100,A,Official figure,
QCL,Crops and livestock products,143,Morocco,5419,Yield,507,Pomelos and grapefruits,1999,1999,100 g/ha,100000,A,Official figure,
QCL,Crops and livestock products,143,Morocco,5510,Production,507,Pomelos and grapefruits,1999,1999,t,1000,A,Official figure,
QCL,Crops and livestock products,143,Morocco,5312,Area harvested,507,Pomelos and grapefruits,2000,2000,ha,100,A,Official figure,
QCL,Crops and livestock products,143,Morocco,5419,Yield,507,Pomelos and grapefruits,2000,2000,100 g/ha,200000,A,Official figure,
QCL,Crops and livestock products,143,Morocco,5510,Production,507,Pomelos and grapefruits,2000,2000,t,2000,A,Official figure,
QCL,Crops and livestock products,143,Morocco,5312,Area harvested,507,Pomelos and grapefruits,2001,2001,ha,100,A,Official figure,
QCL,Crops and livestock products,143,Morocco,5419,Yield,507,Pomelos and grapefruits,2001,2001,100 g/ha,100000,A,Official figure,
QCL,Crops and livestock products,143,Morocco,5510,Production,507,Pomelos and grapefruits,2001,2001,t,1000,A,Official figure,
QCL,Crops and livestock products,143,Morocco,5312,Area harvested,507,Pomelos and grapefruits,2002,2002,ha,100,A,Official figure,
QCL,Crops and livestock products,143,Morocco,5419,Yield,507,Pomelos and grapefruits,2002,2002,100 g/ha,200000,A,Official figure,
QCL,Crops and livestock products,143,Morocco,5510,Production,507,Pomelos and grapefruits,2002,2002,t,2000,A,Official figure,
QCL,Crops and livestock products,143,Morocco,5312,Area harvested,507,Pomelos and grapefruits,2003,2003,ha,100,A,Official figure,
QCL,Crops and livestock products,143,Morocco,5419,Yield,507,Pomelos and grapefruits,2003,2003,100 g/ha,210000,A,Official figure,
QCL,Crops and livestock products,143,Morocco,5510,Production,507,Pomelos and grapefruits,2003,2003,t,2100,A,Official figure,
QCL,Crops and livestock products,143,Morocco,5312,Area harvested,507,Pomelos and grapefruits,2004,2004,ha,100,A,Official figure,
QCL,Crops and livestock products,143,Morocco,5419,Yield,507,Pomelos and grapefruits,2004,2004,100 g/ha,140000,A,Official figure,
QCL,Crops and livestock products,143,Morocco,5510,Production,507,Pomelos and grapefruits,2004,2004,t,1400,A,Official figure,
QCL,Crops and livestock products,143,Morocco,5312,Area harvested,507,Pomelos and grapefruits,2005,2005,ha,100,A,Official figure,
QCL,Crops and livestock products,143,Morocco,5419,Yield,507,Pomelos and grapefruits,2005,2005,100 g/ha,100000,A,Official figure,
QCL,Crops and livestock products,143,Morocco,5510,Production,507,Pomelos and grapefruits,2005,2005,t,1000,A,Official figure,
QCL,Crops and livestock products,143,Morocco,5312,Area harvested,507,Pomelos and grapefruits,2006,2006,ha,100,A,Official figure,
QCL,Crops and livestock products,143,Morocco,5419,Yield,507,Pomelos and grapefruits,2006,2006,100 g/ha,100000,A,Official figure,
QCL,Crops and livestock products,143,Morocco,5510,Production,507,Pomelos and grapefruits,2006,2006,t,1000,A,Official figure,
QCL,Crops and livestock products,143,Morocco,5312,Area harvested,507,Pomelos and grapefruits,2007,2007,ha,91,A,Official figure,
QCL,Crops and livestock products,143,Morocco,5419,Yield,507,Pomelos and grapefruits,2007,2007,100 g/ha,110989,A,Official figure,
QCL,Crops and livestock products,143,Morocco,5510,Production,507,Pomelos and grapefruits,2007,2007,t,1010,A,Official figure,
QCL,Crops and livestock products,143,Morocco,5312,Area harvested,507,Pomelos and grapefruits,2008,2008,ha,100,A,Official figure,
QCL,Crops and livestock products,143,Morocco,5419,Yield,507,Pomelos and grapefruits,2008,2008,100 g/ha,100000,A,Official figure,
QCL,Crops and livestock products,143,Morocco,5510,Production,507,Pomelos and grapefruits,2008,2008,t,1000,A,Official figure,
QCL,Crops and livestock products,143,Morocco,5312,Area harvested,507,Pomelos and grapefruits,2009,2009,ha,120,E,Estimated value,
QCL,Crops and livestock products,143,Morocco,5419,Yield,507,Pomelos and grapefruits,2009,2009,100 g/ha,108333,E,Estimated value,
QCL,Crops and livestock products,143,Morocco,5510,Production,507,Pomelos and grapefruits,2009,2009,t,1300,E,Estimated value,
QCL,Crops and livestock products,143,Morocco,5312,Area harvested,507,Pomelos and grapefruits,2010,2010,ha,81,I,Imputed value,
QCL,Crops and livestock products,143,Morocco,5419,Yield,507,Pomelos and grapefruits,2010,2010,100 g/ha,119331,E,Estimated value,
QCL,Crops and livestock products,143,Morocco,5510,Production,507,Pomelos and grapefruits,2010,2010,t,970.56,I,Imputed value,
QCL,Crops and livestock products,143,Morocco,5312,Area harvested,507,Pomelos and grapefruits,2011,2011,ha,54,A,Official figure,
QCL,Crops and livestock products,143,Morocco,5419,Yield,507,Pomelos and grapefruits,2011,2011,100 g/ha,127593,A,Official figure,
QCL,Crops and livestock products,143,Morocco,5510,Production,507,Pomelos and grapefruits,2011,2011,t,689,A,Official figure,
QCL,Crops and livestock products,143,Morocco,5312,Area harvested,507,Pomelos and grapefruits,2012,2012,ha,73,A,Official figure,
QCL,Crops and livestock products,143,Morocco,5419,Yield,507,Pomelos and grapefruits,2012,2012,100 g/ha,115890,A,Official figure,
QCL,Crops and livestock products,143,Morocco,5510,Production,507,Pomelos and grapefruits,2012,2012,t,846,A,Official figure,
QCL,Crops and livestock products,143,Morocco,5312,Area harvested,507,Pomelos and grapefruits,2013,2013,ha,58,A,Official figure,
QCL,Crops and livestock products,143,Morocco,5419,Yield,507,Pomelos and grapefruits,2013,2013,100 g/ha,89655,A,Official figure,
QCL,Crops and livestock products,143,Morocco,5510,Production,507,Pomelos and grapefruits,2013,2013,t,520,A,Official figure,
QCL,Crops and livestock products,143,Morocco,5312,Area harvested,507,Pomelos and grapefruits,2014,2014,ha,42,A,Official figure,
QCL,Crops and livestock products,143,Morocco,5419,Yield,507,Pomelos and grapefruits,2014,2014,100 g/ha,113095,A,Official figure,
QCL,Crops and livestock products,143,Morocco,5510,Production,507,Pomelos and grapefruits,2014,2014,t,475,A,Official figure,
QCL,Crops and livestock products,143,Morocco,5312,Area harvested,507,Pomelos and grapefruits,2015,2015,ha,42,A,Official figure,
QCL,Crops and livestock products,143,Morocco,5419,Yield,507,Pomelos and grapefruits,2015,2015,100 g/ha,82446,A,Official figure,
QCL,Crops and livestock products,143,Morocco,5510,Production,507,Pomelos and grapefruits,2015,2015,t,346.27,A,Official figure,
QCL,Crops and livestock products,143,Morocco,5312,Area harvested,507,Pomelos and grapefruits,2016,2016,ha,59,A,Official figure,
QCL,Crops and livestock products,143,Morocco,5419,Yield,507,Pomelos and grapefruits,2016,2016,100 g/ha,92694,A,Official figure,
QCL,Crops and livestock products,143,Morocco,5510,Production,507,Pomelos and grapefruits,2016,2016,t,548.28,A,Official figure,
QCL,Crops and livestock products,143,Morocco,5312,Area harvested,507,Pomelos and grapefruits,2017,2017,ha,59,A,Official figure,
QCL,Crops and livestock products,143,Morocco,5419,Yield,507,Pomelos and grapefruits,2017,2017,100 g/ha,109273,A,Official figure,
QCL,Crops and livestock products,143,Morocco,5510,Production,507,Pomelos and grapefruits,2017,2017,t,646.35,A,Official figure,
QCL,Crops and livestock products,143,Morocco,5312,Area harvested,507,Pomelos and grapefruits,2018,2018,ha,94,A,Official figure,
QCL,Crops and livestock products,143,Morocco,5419,Yield,507,Pomelos and grapefruits,2018,2018,100 g/ha,157393,A,Official figure,
QCL,Crops and livestock products,143,Morocco,5510,Production,507,Pomelos and grapefruits,2018,2018,t,1485,A,Official figure,
QCL,Crops and livestock products,143,Morocco,5312,Area harvested,507,Pomelos and grapefruits,2019,2019,ha,119,A,Official figure,
QCL,Crops and livestock products,143,Morocco,5419,Yield,507,Pomelos and grapefruits,2019,2019,100 g/ha,189778,A,Official figure,
QCL,Crops and livestock products,143,Morocco,5510,Production,507,Pomelos and grapefruits,2019,2019,t,2265,A,Official figure,
QCL,Crops and livestock products,143,Morocco,5312,Area harvested,507,Pomelos and grapefruits,2020,2020,ha,107,A,Official figure,
QCL,Crops and livestock products,143,Morocco,5419,Yield,507,Pomelos and grapefruits,2020,2020,100 g/ha,160936,A,Official figure,
QCL,Crops and livestock products,143,Morocco,5510,Production,507,Pomelos and grapefruits,2020,2020,t,1719.6,A,Official figure,
QCL,Crops and livestock products,143,Morocco,5312,Area harvested,507,Pomelos and grapefruits,2021,2021,ha,106,A,Official figure,
QCL,Crops and livestock products,143,Morocco,5419,Yield,507,Pomelos and grapefruits,2021,2021,100 g/ha,223962,A,Official figure,
QCL,Crops and livestock products,143,Morocco,5510,Production,507,Pomelos and grapefruits,2021,2021,t,2374,A,Official figure,
QCL,Crops and livestock products,143,Morocco,5312,Area harvested,507,Pomelos and grapefruits,2022,2022,ha,107,A,Official figure,
QCL,Crops and livestock products,143,Morocco,5419,Yield,507,Pomelos and grapefruits,2022,2022,100 g/ha,199064,A,Official figure,
QCL,Crops and livestock products,143,Morocco,5510,Production,507,Pomelos and grapefruits,2022,2022,t,2127,A,Official figure,
QCL,Crops and livestock products,143,Morocco,5312,Area harvested,116,Potatoes,1961,1961,ha,15000,A,Official figure,
QCL,Crops and livestock products,143,Morocco,5419,Yield,116,Potatoes,1961,1961,100 g/ha,100000,A,Official figure,
QCL,Crops and livestock products,143,Morocco,5510,Production,116,Potatoes,1961,1961,t,150000,A,Official figure,
QCL,Crops and livestock products,143,Morocco,5312,Area harvested,116,Potatoes,1962,1962,ha,22776,A,Official figure,
QCL,Crops and livestock products,143,Morocco,5419,Yield,116,Potatoes,1962,1962,100 g/ha,94837,A,Official figure,
QCL,Crops and livestock products,143,Morocco,5510,Production,116,Potatoes,1962,1962,t,216000,A,Official figure,
QCL,Crops and livestock products,143,Morocco,5312,Area harvested,116,Potatoes,1963,1963,ha,24895,A,Official figure,
QCL,Crops and livestock products,143,Morocco,5419,Yield,116,Potatoes,1963,1963,100 g/ha,90512,A,Official figure,
QCL,Crops and livestock products,143,Morocco,5510,Production,116,Potatoes,1963,1963,t,225330,A,Official figure,
QCL,Crops and livestock products,143,Morocco,5312,Area harvested,116,Potatoes,1964,1964,ha,18200,A,Official figure,
QCL,Crops and livestock products,143,Morocco,5419,Yield,116,Potatoes,1964,1964,100 g/ha,103297,A,Official figure,
QCL,Crops and livestock products,143,Morocco,5510,Production,116,Potatoes,1964,1964,t,188000,A,Official figure,
QCL,Crops and livestock products,143,Morocco,5312,Area harvested,116,Potatoes,1965,1965,ha,25788,A,Official figure,
QCL,Crops and livestock products,143,Morocco,5419,Yield,116,Potatoes,1965,1965,100 g/ha,104700,A,Official figure,
QCL,Crops and livestock products,143,Morocco,5510,Production,116,Potatoes,1965,1965,t,270000,A,Official figure,
QCL,Crops and livestock products,143,Morocco,5312,Area harvested,116,Potatoes,1966,1966,ha,26096,A,Official figure,
QCL,Crops and livestock products,143,Morocco,5419,Yield,116,Potatoes,1966,1966,100 g/ha,105380,A,Official figure,
QCL,Crops and livestock products,143,Morocco,5510,Production,116,Potatoes,1966,1966,t,275000,A,Official figure,
QCL,Crops and livestock products,143,Morocco,5312,Area harvested,116,Potatoes,1967,1967,ha,24000,A,Official figure,
QCL,Crops and livestock products,143,Morocco,5419,Yield,116,Potatoes,1967,1967,100 g/ha,85417,A,Official figure,
QCL,Crops and livestock products,143,Morocco,5510,Production,116,Potatoes,1967,1967,t,205000,A,Official figure,
QCL,Crops and livestock products,143,Morocco,5312,Area harvested,116,Potatoes,1968,1968,ha,20000,A,Official figure,
QCL,Crops and livestock products,143,Morocco,5419,Yield,116,Potatoes,1968,1968,100 g/ha,80000,A,Official figure,
QCL,Crops and livestock products,143,Morocco,5510,Production,116,Potatoes,1968,1968,t,160000,A,Official figure,
QCL,Crops and livestock products,143,Morocco,5312,Area harvested,116,Potatoes,1969,1969,ha,28000,E,Estimated value,
QCL,Crops and livestock products,143,Morocco,5419,Yield,116,Potatoes,1969,1969,100 g/ha,107143,E,Estimated value,
QCL,Crops and livestock products,143,Morocco,5510,Production,116,Potatoes,1969,1969,t,300000,A,Official figure,
QCL,Crops and livestock products,143,Morocco,5312,Area harvested,116,Potatoes,1970,1970,ha,28000,E,Estimated value,
QCL,Crops and livestock products,143,Morocco,5419,Yield,116,Potatoes,1970,1970,100 g/ha,98214,E,Estimated value,
QCL,Crops and livestock products,143,Morocco,5510,Production,116,Potatoes,1970,1970,t,275000,X,Figure from international organizations,Unofficial figure
QCL,Crops and livestock products,143,Morocco,5312,Area harvested,116,Potatoes,1971,1971,ha,28000,E,Estimated value,
QCL,Crops and livestock products,143,Morocco,5419,Yield,116,Potatoes,1971,1971,100 g/ha,98214,E,Estimated value,
QCL,Crops and livestock products,143,Morocco,5510,Production,116,Potatoes,1971,1971,t,275000,X,Figure from international organizations,Unofficial figure
QCL,Crops and livestock products,143,Morocco,5312,Area harvested,116,Potatoes,1972,1972,ha,20000,E,Estimated value,
QCL,Crops and livestock products,143,Morocco,5419,Yield,116,Potatoes,1972,1972,100 g/ha,140000,E,Estimated value,
QCL,Crops and livestock products,143,Morocco,5510,Production,116,Potatoes,1972,1972,t,280000,X,Figure from international organizations,Unofficial figure
QCL,Crops and livestock products,143,Morocco,5312,Area harvested,116,Potatoes,1973,1973,ha,20000,E,Estimated value,
QCL,Crops and livestock products,143,Morocco,5419,Yield,116,Potatoes,1973,1973,100 g/ha,140000,E,Estimated value,
QCL,Crops and livestock products,143,Morocco,5510,Production,116,Potatoes,1973,1973,t,280000,X,Figure from international organizations,Unofficial figure
QCL,Crops and livestock products,143,Morocco,5312,Area harvested,116,Potatoes,1974,1974,ha,20000,E,Estimated value,
QCL,Crops and livestock products,143,Morocco,5419,Yield,116,Potatoes,1974,1974,100 g/ha,137500,E,Estimated value,
QCL,Crops and livestock products,143,Morocco,5510,Production,116,Potatoes,1974,1974,t,275000,X,Figure from international organizations,Unofficial figure
QCL,Crops and livestock products,143,Morocco,5312,Area harvested,116,Potatoes,1975,1975,ha,19491,A,Official figure,
QCL,Crops and livestock products,143,Morocco,5419,Yield,116,Potatoes,1975,1975,100 g/ha,100067,A,Official figure,
QCL,Crops and livestock products,143,Morocco,5510,Production,116,Potatoes,1975,1975,t,195040,A,Official figure,
QCL,Crops and livestock products,143,Morocco,5312,Area harvested,116,Potatoes,1976,1976,ha,16411,A,Official figure,
QCL,Crops and livestock products,143,Morocco,5419,Yield,116,Potatoes,1976,1976,100 g/ha,103589,A,Official figure,
QCL,Crops and livestock products,143,Morocco,5510,Production,116,Potatoes,1976,1976,t,170000,A,Official figure,
QCL,Crops and livestock products,143,Morocco,5312,Area harvested,116,Potatoes,1977,1977,ha,25000,E,Estimated value,
QCL,Crops and livestock products,143,Morocco,5419,Yield,116,Potatoes,1977,1977,100 g/ha,120000,E,Estimated value,
QCL,Crops and livestock products,143,Morocco,5510,Production,116,Potatoes,1977,1977,t,300000,E,Estimated value,
QCL,Crops and livestock products,143,Morocco,5312,Area harvested,116,Potatoes,1978,1978,ha,33600,X,Figure from international organizations,Unofficial figure
QCL,Crops and livestock products,143,Morocco,5419,Yield,116,Potatoes,1978,1978,100 g/ha,141000,X,Figure from international organizations,
QCL,Crops and livestock products,143,Morocco,5510,Production,116,Potatoes,1978,1978,t,473760,X,Figure from international organizations,Unofficial figure
QCL,Crops and livestock products,143,Morocco,5312,Area harvested,116,Potatoes,1979,1979,ha,40000,X,Figure from international organizations,Unofficial figure
QCL,Crops and livestock products,143,Morocco,5419,Yield,116,Potatoes,1979,1979,100 g/ha,142000,X,Figure from international organizations,
QCL,Crops and livestock products,143,Morocco,5510,Production,116,Potatoes,1979,1979,t,568000,X,Figure from international organizations,Unofficial figure
QCL,Crops and livestock products,143,Morocco,5312,Area harvested,116,Potatoes,1980,1980,ha,38000,A,Official figure,
QCL,Crops and livestock products,143,Morocco,5419,Yield,116,Potatoes,1980,1980,100 g/ha,143000,E,Estimated value,
QCL,Crops and livestock products,143,Morocco,5510,Production,116,Potatoes,1980,1980,t,543400,X,Figure from international organizations,Unofficial figure
QCL,Crops and livestock products,143,Morocco,5312,Area harvested,116,Potatoes,1981,1981,ha,28300,A,Official figure,
QCL,Crops and livestock products,143,Morocco,5419,Yield,116,Potatoes,1981,1981,100 g/ha,140000,E,Estimated value,
QCL,Crops and livestock products,143,Morocco,5510,Production,116,Potatoes,1981,1981,t,396200,X,Figure from international organizations,Unofficial figure
QCL,Crops and livestock products,143,Morocco,5312,Area harvested,116,Potatoes,1982,1982,ha,40000,E,Estimated value,
QCL,Crops and livestock products,143,Morocco,5419,Yield,116,Potatoes,1982,1982,100 g/ha,119250,E,Estimated value,
QCL,Crops and livestock products,143,Morocco,5510,Production,116,Potatoes,1982,1982,t,477000,A,Official figure,
QCL,Crops and livestock products,143,Morocco,5312,Area harvested,116,Potatoes,1983,1983,ha,40600,A,Official figure,
QCL,Crops and livestock products,143,Morocco,5419,Yield,116,Potatoes,1983,1983,100 g/ha,157389,A,Official figure,
QCL,Crops and livestock products,143,Morocco,5510,Production,116,Potatoes,1983,1983,t,639000,A,Official figure,
QCL,Crops and livestock products,143,Morocco,5312,Area harvested,116,Potatoes,1984,1984,ha,38700,A,Official figure,
QCL,Crops and livestock products,143,Morocco,5419,Yield,116,Potatoes,1984,1984,100 g/ha,159457,A,Official figure,
QCL,Crops and livestock products,143,Morocco,5510,Production,116,Potatoes,1984,1984,t,617100,A,Official figure,
QCL,Crops and livestock products,143,Morocco,5312,Area harvested,116,Potatoes,1985,1985,ha,48400,A,Official figure,
QCL,Crops and livestock products,143,Morocco,5419,Yield,116,Potatoes,1985,1985,100 g/ha,173719,A,Official figure,
QCL,Crops and livestock products,143,Morocco,5510,Production,116,Potatoes,1985,1985,t,840800,A,Official figure,
QCL,Crops and livestock products,143,Morocco,5312,Area harvested,116,Potatoes,1986,1986,ha,44200,A,Official figure,
QCL,Crops and livestock products,143,Morocco,5419,Yield,116,Potatoes,1986,1986,100 g/ha,165898,A,Official figure,
QCL,Crops and livestock products,143,Morocco,5510,Production,116,Potatoes,1986,1986,t,733270,A,Official figure,
QCL,Crops and livestock products,143,Morocco,5312,Area harvested,116,Potatoes,1987,1987,ha,35500,A,Official figure,
QCL,Crops and livestock products,143,Morocco,5419,Yield,116,Potatoes,1987,1987,100 g/ha,217144,A,Official figure,
QCL,Crops and livestock products,143,Morocco,5510,Production,116,Potatoes,1987,1987,t,770860,A,Official figure,
QCL,Crops and livestock products,143,Morocco,5312,Area harvested,116,Potatoes,1988,1988,ha,51400,A,Official figure,
QCL,Crops and livestock products,143,Morocco,5419,Yield,116,Potatoes,1988,1988,100 g/ha,167286,A,Official figure,
QCL,Crops and livestock products,143,Morocco,5510,Production,116,Potatoes,1988,1988,t,859850,A,Official figure,
QCL,Crops and livestock products,143,Morocco,5312,Area harvested,116,Potatoes,1989,1989,ha,54800,A,Official figure,
QCL,Crops and livestock products,143,Morocco,5419,Yield,116,Potatoes,1989,1989,100 g/ha,167062,A,Official figure,
QCL,Crops and livestock products,143,Morocco,5510,Production,116,Potatoes,1989,1989,t,915500,A,Official figure,
QCL,Crops and livestock products,143,Morocco,5312,Area harvested,116,Potatoes,1990,1990,ha,51298,A,Official figure,
QCL,Crops and livestock products,143,Morocco,5419,Yield,116,Potatoes,1990,1990,100 g/ha,171851,A,Official figure,
QCL,Crops and livestock products,143,Morocco,5510,Production,116,Potatoes,1990,1990,t,881561,A,Official figure,
QCL,Crops and livestock products,143,Morocco,5312,Area harvested,116,Potatoes,1991,1991,ha,62452,A,Official figure,
QCL,Crops and livestock products,143,Morocco,5419,Yield,116,Potatoes,1991,1991,100 g/ha,171948,A,Official figure,
QCL,Crops and livestock products,143,Morocco,5510,Production,116,Potatoes,1991,1991,t,1073851,A,Official figure,
QCL,Crops and livestock products,143,Morocco,5312,Area harvested,116,Potatoes,1992,1992,ha,60656,A,Official figure,
QCL,Crops and livestock products,143,Morocco,5419,Yield,116,Potatoes,1992,1992,100 g/ha,151411,A,Official figure,
QCL,Crops and livestock products,143,Morocco,5510,Production,116,Potatoes,1992,1992,t,918397,A,Official figure,
QCL,Crops and livestock products,143,Morocco,5312,Area harvested,116,Potatoes,1993,1993,ha,56300,A,Official figure,
QCL,Crops and livestock products,143,Morocco,5419,Yield,116,Potatoes,1993,1993,100 g/ha,156153,A,Official figure,
QCL,Crops and livestock products,143,Morocco,5510,Production,116,Potatoes,1993,1993,t,879140,A,Official figure,
QCL,Crops and livestock products,143,Morocco,5312,Area harvested,116,Potatoes,1994,1994,ha,58800,A,Official figure,
QCL,Crops and livestock products,143,Morocco,5419,Yield,116,Potatoes,1994,1994,100 g/ha,176522,A,Official figure,
QCL,Crops and livestock products,143,Morocco,5510,Production,116,Potatoes,1994,1994,t,1037950,A,Official figure,
QCL,Crops and livestock products,143,Morocco,5312,Area harvested,116,Potatoes,1995,1995,ha,53600,A,Official figure,
QCL,Crops and livestock products,143,Morocco,5419,Yield,116,Potatoes,1995,1995,100 g/ha,166304,A,Official figure,
QCL,Crops and livestock products,143,Morocco,5510,Production,116,Potatoes,1995,1995,t,891390,A,Official figure,
QCL,Crops and livestock products,143,Morocco,5312,Area harvested,116,Potatoes,1996,1996,ha,65600,A,Official figure,
QCL,Crops and livestock products,143,Morocco,5419,Yield,116,Potatoes,1996,1996,100 g/ha,190473,A,Official figure,
QCL,Crops and livestock products,143,Morocco,5510,Production,116,Potatoes,1996,1996,t,1249500,A,Official figure,
QCL,Crops and livestock products,143,Morocco,5312,Area harvested,116,Potatoes,1997,1997,ha,66400,A,Official figure,
QCL,Crops and livestock products,143,Morocco,5419,Yield,116,Potatoes,1997,1997,100 g/ha,178706,A,Official figure,
QCL,Crops and livestock products,143,Morocco,5510,Production,116,Potatoes,1997,1997,t,1186610,A,Official figure,
QCL,Crops and livestock products,143,Morocco,5312,Area harvested,116,Potatoes,1998,1998,ha,58500,A,Official figure,
QCL,Crops and livestock products,143,Morocco,5419,Yield,116,Potatoes,1998,1998,100 g/ha,190427,A,Official figure,
QCL,Crops and livestock products,143,Morocco,5510,Production,116,Potatoes,1998,1998,t,1114000,A,Official figure,
QCL,Crops and livestock products,143,Morocco,5312,Area harvested,116,Potatoes,1999,1999,ha,62215,A,Official figure,
QCL,Crops and livestock products,143,Morocco,5419,Yield,116,Potatoes,1999,1999,100 g/ha,183361,A,Official figure,
QCL,Crops and livestock products,143,Morocco,5510,Production,116,Potatoes,1999,1999,t,1140780,A,Official figure,
QCL,Crops and livestock products,143,Morocco,5312,Area harvested,116,Potatoes,2000,2000,ha,60510,A,Official figure,
QCL,Crops and livestock products,143,Morocco,5419,Yield,116,Potatoes,2000,2000,100 g/ha,180193,A,Official figure,
QCL,Crops and livestock products,143,Morocco,5510,Production,116,Potatoes,2000,2000,t,1090350,A,Official figure,
QCL,Crops and livestock products,143,Morocco,5312,Area harvested,116,Potatoes,2001,2001,ha,61500,A,Official figure,
QCL,Crops and livestock products,143,Morocco,5419,Yield,116,Potatoes,2001,2001,100 g/ha,187740,A,Official figure,
QCL,Crops and livestock products,143,Morocco,5510,Production,116,Potatoes,2001,2001,t,1154600,A,Official figure,
QCL,Crops and livestock products,143,Morocco,5312,Area harvested,116,Potatoes,2002,2002,ha,57520,A,Official figure,
QCL,Crops and livestock products,143,Morocco,5419,Yield,116,Potatoes,2002,2002,100 g/ha,231985,A,Official figure,
QCL,Crops and livestock products,143,Morocco,5510,Production,116,Potatoes,2002,2002,t,1334380,A,Official figure,
QCL,Crops and livestock products,143,Morocco,5312,Area harvested,116,Potatoes,2003,2003,ha,64355,A,Official figure,
QCL,Crops and livestock products,143,Morocco,5419,Yield,116,Potatoes,2003,2003,100 g/ha,217772,A,Official figure,
QCL,Crops and livestock products,143,Morocco,5510,Production,116,Potatoes,2003,2003,t,1401470,A,Official figure,
QCL,Crops and livestock products,143,Morocco,5312,Area harvested,116,Potatoes,2004,2004,ha,61320,A,Official figure,
QCL,Crops and livestock products,143,Morocco,5419,Yield,116,Potatoes,2004,2004,100 g/ha,241650,A,Official figure,
QCL,Crops and livestock products,143,Morocco,5510,Production,116,Potatoes,2004,2004,t,1481800,A,Official figure,
QCL,Crops and livestock products,143,Morocco,5312,Area harvested,116,Potatoes,2005,2005,ha,62100,A,Official figure,
QCL,Crops and livestock products,143,Morocco,5419,Yield,116,Potatoes,2005,2005,100 g/ha,238090,A,Official figure,
QCL,Crops and livestock products,143,Morocco,5510,Production,116,Potatoes,2005,2005,t,1478540,A,Official figure,
QCL,Crops and livestock products,143,Morocco,5312,Area harvested,116,Potatoes,2006,2006,ha,59600,A,Official figure,
QCL,Crops and livestock products,143,Morocco,5419,Yield,116,Potatoes,2006,2006,100 g/ha,263272,A,Official figure,
QCL,Crops and livestock products,143,Morocco,5510,Production,116,Potatoes,2006,2006,t,1569100,A,Official figure,
QCL,Crops and livestock products,143,Morocco,5312,Area harvested,116,Potatoes,2007,2007,ha,57958,A,Official figure,
QCL,Crops and livestock products,143,Morocco,5419,Yield,116,Potatoes,2007,2007,100 g/ha,247975,A,Official figure,
QCL,Crops and livestock products,143,Morocco,5510,Production,116,Potatoes,2007,2007,t,1437215,A,Official figure,
QCL,Crops and livestock products,143,Morocco,5312,Area harvested,116,Potatoes,2008,2008,ha,62800,A,Official figure,
QCL,Crops and livestock products,143,Morocco,5419,Yield,116,Potatoes,2008,2008,100 g/ha,244675,A,Official figure,
QCL,Crops and livestock products,143,Morocco,5510,Production,116,Potatoes,2008,2008,t,1536560,A,Official figure,
QCL,Crops and livestock products,143,Morocco,5312,Area harvested,116,Potatoes,2009,2009,ha,63200,A,Official figure,
QCL,Crops and livestock products,143,Morocco,5419,Yield,116,Potatoes,2009,2009,100 g/ha,195328,A,Official figure,
QCL,Crops and livestock products,143,Morocco,5510,Production,116,Potatoes,2009,2009,t,1234470,A,Official figure,
QCL,Crops and livestock products,143,Morocco,5312,Area harvested,116,Potatoes,2010,2010,ha,56600,A,Official figure,
QCL,Crops and livestock products,143,Morocco,5419,Yield,116,Potatoes,2010,2010,100 g/ha,283502,A,Official figure,
QCL,Crops and livestock products,143,Morocco,5510,Production,116,Potatoes,2010,2010,t,1604620,A,Official figure,
QCL,Crops and livestock products,143,Morocco,5312,Area harvested,116,Potatoes,2011,2011,ha,57846,A,Official figure,
QCL,Crops and livestock products,143,Morocco,5419,Yield,116,Potatoes,2011,2011,100 g/ha,297584,A,Official figure,
QCL,Crops and livestock products,143,Morocco,5510,Production,116,Potatoes,2011,2011,t,1721402,A,Official figure,
QCL,Crops and livestock products,143,Morocco,5312,Area harvested,116,Potatoes,2012,2012,ha,59217,A,Official figure,
QCL,Crops and livestock products,143,Morocco,5419,Yield,116,Potatoes,2012,2012,100 g/ha,279800,A,Official figure,
QCL,Crops and livestock products,143,Morocco,5510,Production,116,Potatoes,2012,2012,t,1656891,A,Official figure,
QCL,Crops and livestock products,143,Morocco,5312,Area harvested,116,Potatoes,2013,2013,ha,53048,A,Official figure,
QCL,Crops and livestock products,143,Morocco,5419,Yield,116,Potatoes,2013,2013,100 g/ha,363561,A,Official figure,
QCL,Crops and livestock products,143,Morocco,5510,Production,116,Potatoes,2013,2013,t,1928606.3,A,Official figure,
QCL,Crops and livestock products,143,Morocco,5312,Area harvested,116,Potatoes,2014,2014,ha,63515,A,Official figure,
QCL,Crops and livestock products,143,Morocco,5419,Yield,116,Potatoes,2014,2014,100 g/ha,307171,A,Official figure,
QCL,Crops and livestock products,143,Morocco,5510,Production,116,Potatoes,2014,2014,t,1950981.5,A,Official figure,
QCL,Crops and livestock products,143,Morocco,5312,Area harvested,116,Potatoes,2015,2015,ha,64515,A,Official figure,
QCL,Crops and livestock products,143,Morocco,5419,Yield,116,Potatoes,2015,2015,100 g/ha,298292,A,Official figure,
QCL,Crops and livestock products,143,Morocco,5510,Production,116,Potatoes,2015,2015,t,1924430,A,Official figure,
QCL,Crops and livestock products,143,Morocco,5312,Area harvested,116,Potatoes,2016,2016,ha,59435,A,Official figure,
QCL,Crops and livestock products,143,Morocco,5419,Yield,116,Potatoes,2016,2016,100 g/ha,293368,A,Official figure,
QCL,Crops and livestock products,143,Morocco,5510,Production,116,Potatoes,2016,2016,t,1743616.5,A,Official figure,
QCL,Crops and livestock products,143,Morocco,5312,Area harvested,116,Potatoes,2017,2017,ha,64293,A,Official figure,
QCL,Crops and livestock products,143,Morocco,5419,Yield,116,Potatoes,2017,2017,100 g/ha,299390,A,Official figure,
QCL,Crops and livestock products,143,Morocco,5510,Production,116,Potatoes,2017,2017,t,1924871,A,Official figure,
QCL,Crops and livestock products,143,Morocco,5312,Area harvested,116,Potatoes,2018,2018,ha,62033,A,Official figure,
QCL,Crops and livestock products,143,Morocco,5419,Yield,116,Potatoes,2018,2018,100 g/ha,301315,A,Official figure,
QCL,Crops and livestock products,143,Morocco,5510,Production,116,Potatoes,2018,2018,t,1869149,A,Official figure,
QCL,Crops and livestock products,143,Morocco,5312,Area harvested,116,Potatoes,2019,2019,ha,62463,A,Official figure,
QCL,Crops and livestock products,143,Morocco,5419,Yield,116,Potatoes,2019,2019,100 g/ha,313262,A,Official figure,
QCL,Crops and livestock products,143,Morocco,5510,Production,116,Potatoes,2019,2019,t,1956711,A,Official figure,
QCL,Crops and livestock products,143,Morocco,5312,Area harvested,116,Potatoes,2020,2020,ha,57534,A,Official figure,
QCL,Crops and livestock products,143,Morocco,5419,Yield,116,Potatoes,2020,2020,100 g/ha,296709,A,Official figure,
QCL,Crops and livestock products,143,Morocco,5510,Production,116,Potatoes,2020,2020,t,1707068.2,A,Official figure,
QCL,Crops and livestock products,143,Morocco,5312,Area harvested,116,Potatoes,2021,2021,ha,51787,A,Official figure,
QCL,Crops and livestock products,143,Morocco,5419,Yield,116,Potatoes,2021,2021,100 g/ha,317040,A,Official figure,
QCL,Crops and livestock products,143,Morocco,5510,Production,116,Potatoes,2021,2021,t,1641853,A,Official figure,
QCL,Crops and livestock products,143,Morocco,5312,Area harvested,116,Potatoes,2022,2022,ha,53882,A,Official figure,
QCL,Crops and livestock products,143,Morocco,5419,Yield,116,Potatoes,2022,2022,100 g/ha,328192,A,Official figure,
QCL,Crops and livestock products,143,Morocco,5510,Production,116,Potatoes,2022,2022,t,1768362,A,Official figure,
QCL,Crops and livestock products,143,Morocco,5312,Area harvested,394,"Pumpkins, squash and gourds",1961,1961,ha,3900,E,Estimated value,
QCL,Crops and livestock products,143,Morocco,5419,Yield,394,"Pumpkins, squash and gourds",1961,1961,100 g/ha,141026,E,Estimated value,
QCL,Crops and livestock products,143,Morocco,5510,Production,394,"Pumpkins, squash and gourds",1961,1961,t,55000,A,Official figure,
QCL,Crops and livestock products,143,Morocco,5312,Area harvested,394,"Pumpkins, squash and gourds",1962,1962,ha,3600,E,Estimated value,
QCL,Crops and livestock products,143,Morocco,5419,Yield,394,"Pumpkins, squash and gourds",1962,1962,100 g/ha,138889,E,Estimated value,
QCL,Crops and livestock products,143,Morocco,5510,Production,394,"Pumpkins, squash and gourds",1962,1962,t,50000,A,Official figure,
QCL,Crops and livestock products,143,Morocco,5312,Area harvested,394,"Pumpkins, squash and gourds",1963,1963,ha,3100,E,Estimated value,
QCL,Crops and livestock products,143,Morocco,5419,Yield,394,"Pumpkins, squash and gourds",1963,1963,100 g/ha,141935,E,Estimated value,
QCL,Crops and livestock products,143,Morocco,5510,Production,394,"Pumpkins, squash and gourds",1963,1963,t,44000,A,Official figure,
QCL,Crops and livestock products,143,Morocco,5312,Area harvested,394,"Pumpkins, squash and gourds",1964,1964,ha,2900,E,Estimated value,
QCL,Crops and livestock products,143,Morocco,5419,Yield,394,"Pumpkins, squash and gourds",1964,1964,100 g/ha,137931,E,Estimated value,
QCL,Crops and livestock products,143,Morocco,5510,Production,394,"Pumpkins, squash and gourds",1964,1964,t,40000,A,Official figure,
QCL,Crops and livestock products,143,Morocco,5312,Area harvested,394,"Pumpkins, squash and gourds",1965,1965,ha,3600,E,Estimated value,
QCL,Crops and livestock products,143,Morocco,5419,Yield,394,"Pumpkins, squash and gourds",1965,1965,100 g/ha,138889,E,Estimated value,
QCL,Crops and livestock products,143,Morocco,5510,Production,394,"Pumpkins, squash and gourds",1965,1965,t,50000,E,Estimated value,
QCL,Crops and livestock products,143,Morocco,5312,Area harvested,394,"Pumpkins, squash and gourds",1966,1966,ha,5100,E,Estimated value,
QCL,Crops and livestock products,143,Morocco,5419,Yield,394,"Pumpkins, squash and gourds",1966,1966,100 g/ha,140788,E,Estimated value,
QCL,Crops and livestock products,143,Morocco,5510,Production,394,"Pumpkins, squash and gourds",1966,1966,t,71802,A,Official figure,
QCL,Crops and livestock products,143,Morocco,5312,Area harvested,394,"Pumpkins, squash and gourds",1967,1967,ha,4300,E,Estimated value,
QCL,Crops and livestock products,143,Morocco,5419,Yield,394,"Pumpkins, squash and gourds",1967,1967,100 g/ha,139535,E,Estimated value,
QCL,Crops and livestock products,143,Morocco,5510,Production,394,"Pumpkins, squash and gourds",1967,1967,t,60000,E,Estimated value,
QCL,Crops and livestock products,143,Morocco,5312,Area harvested,394,"Pumpkins, squash and gourds",1968,1968,ha,5000,E,Estimated value,
QCL,Crops and livestock products,143,Morocco,5419,Yield,394,"Pumpkins, squash and gourds",1968,1968,100 g/ha,130000,E,Estimated value,
QCL,Crops and livestock products,143,Morocco,5510,Production,394,"Pumpkins, squash and gourds",1968,1968,t,65000,E,Estimated value,
QCL,Crops and livestock products,143,Morocco,5312,Area harvested,394,"Pumpkins, squash and gourds",1969,1969,ha,3900,E,Estimated value,
QCL,Crops and livestock products,143,Morocco,5419,Yield,394,"Pumpkins, squash and gourds",1969,1969,100 g/ha,141026,E,Estimated value,
QCL,Crops and livestock products,143,Morocco,5510,Production,394,"Pumpkins, squash and gourds",1969,1969,t,55000,E,Estimated value,
QCL,Crops and livestock products,143,Morocco,5312,Area harvested,394,"Pumpkins, squash and gourds",1970,1970,ha,5000,E,Estimated value,
QCL,Crops and livestock products,143,Morocco,5419,Yield,394,"Pumpkins, squash and gourds",1970,1970,100 g/ha,140000,E,Estimated value,
QCL,Crops and livestock products,143,Morocco,5510,Production,394,"Pumpkins, squash and gourds",1970,1970,t,70000,E,Estimated value,
QCL,Crops and livestock products,143,Morocco,5312,Area harvested,394,"Pumpkins, squash and gourds",1971,1971,ha,5000,E,Estimated value,
QCL,Crops and livestock products,143,Morocco,5419,Yield,394,"Pumpkins, squash and gourds",1971,1971,100 g/ha,140000,E,Estimated value,
QCL,Crops and livestock products,143,Morocco,5510,Production,394,"Pumpkins, squash and gourds",1971,1971,t,70000,E,Estimated value,
QCL,Crops and livestock products,143,Morocco,5312,Area harvested,394,"Pumpkins, squash and gourds",1972,1972,ha,5000,E,Estimated value,
QCL,Crops and livestock products,143,Morocco,5419,Yield,394,"Pumpkins, squash and gourds",1972,1972,100 g/ha,140000,E,Estimated value,
QCL,Crops and livestock products,143,Morocco,5510,Production,394,"Pumpkins, squash and gourds",1972,1972,t,70000,E,Estimated value,
QCL,Crops and livestock products,143,Morocco,5312,Area harvested,394,"Pumpkins, squash and gourds",1973,1973,ha,5100,E,Estimated value,
QCL,Crops and livestock products,143,Morocco,5419,Yield,394,"Pumpkins, squash and gourds",1973,1973,100 g/ha,141176,E,Estimated value,
QCL,Crops and livestock products,143,Morocco,5510,Production,394,"Pumpkins, squash and gourds",1973,1973,t,72000,E,Estimated value,
QCL,Crops and livestock products,143,Morocco,5312,Area harvested,394,"Pumpkins, squash and gourds",1974,1974,ha,5200,E,Estimated value,
QCL,Crops and livestock products,143,Morocco,5419,Yield,394,"Pumpkins, squash and gourds",1974,1974,100 g/ha,140385,E,Estimated value,
QCL,Crops and livestock products,143,Morocco,5510,Production,394,"Pumpkins, squash and gourds",1974,1974,t,73000,E,Estimated value,
QCL,Crops and livestock products,143,Morocco,5312,Area harvested,394,"Pumpkins, squash and gourds",1975,1975,ha,5300,E,Estimated value,
QCL,Crops and livestock products,143,Morocco,5419,Yield,394,"Pumpkins, squash and gourds",1975,1975,100 g/ha,139623,E,Estimated value,
QCL,Crops and livestock products,143,Morocco,5510,Production,394,"Pumpkins, squash and gourds",1975,1975,t,74000,A,Official figure,
QCL,Crops and livestock products,143,Morocco,5312,Area harvested,394,"Pumpkins, squash and gourds",1976,1976,ha,5600,E,Estimated value,
QCL,Crops and livestock products,143,Morocco,5419,Yield,394,"Pumpkins, squash and gourds",1976,1976,100 g/ha,133929,E,Estimated value,
QCL,Crops and livestock products,143,Morocco,5510,Production,394,"Pumpkins, squash and gourds",1976,1976,t,75000,E,Estimated value,
QCL,Crops and livestock products,143,Morocco,5312,Area harvested,394,"Pumpkins, squash and gourds",1977,1977,ha,5600,E,Estimated value,
QCL,Crops and livestock products,143,Morocco,5419,Yield,394,"Pumpkins, squash and gourds",1977,1977,100 g/ha,135714,E,Estimated value,
QCL,Crops and livestock products,143,Morocco,5510,Production,394,"Pumpkins, squash and gourds",1977,1977,t,76000,E,Estimated value,
QCL,Crops and livestock products,143,Morocco,5312,Area harvested,394,"Pumpkins, squash and gourds",1978,1978,ha,5800,E,Estimated value,
QCL,Crops and livestock products,143,Morocco,5419,Yield,394,"Pumpkins, squash and gourds",1978,1978,100 g/ha,134483,E,Estimated value,
QCL,Crops and livestock products,143,Morocco,5510,Production,394,"Pumpkins, squash and gourds",1978,1978,t,78000,E,Estimated value,
QCL,Crops and livestock products,143,Morocco,5312,Area harvested,394,"Pumpkins, squash and gourds",1979,1979,ha,5900,E,Estimated value,
QCL,Crops and livestock products,143,Morocco,5419,Yield,394,"Pumpkins, squash and gourds",1979,1979,100 g/ha,135593,E,Estimated value,
QCL,Crops and livestock products,143,Morocco,5510,Production,394,"Pumpkins, squash and gourds",1979,1979,t,80000,E,Estimated value,
QCL,Crops and livestock products,143,Morocco,5312,Area harvested,394,"Pumpkins, squash and gourds",1980,1980,ha,6000,E,Estimated value,
QCL,Crops and livestock products,143,Morocco,5419,Yield,394,"Pumpkins, squash and gourds",1980,1980,100 g/ha,135833,E,Estimated value,
QCL,Crops and livestock products,143,Morocco,5510,Production,394,"Pumpkins, squash and gourds",1980,1980,t,81500,E,Estimated value,
QCL,Crops and livestock products,143,Morocco,5312,Area harvested,394,"Pumpkins, squash and gourds",1981,1981,ha,6100,E,Estimated value,
QCL,Crops and livestock products,143,Morocco,5419,Yield,394,"Pumpkins, squash and gourds",1981,1981,100 g/ha,136066,E,Estimated value,
QCL,Crops and livestock products,143,Morocco,5510,Production,394,"Pumpkins, squash and gourds",1981,1981,t,83000,E,Estimated value,
QCL,Crops and livestock products,143,Morocco,5312,Area harvested,394,"Pumpkins, squash and gourds",1982,1982,ha,6100,E,Estimated value,
QCL,Crops and livestock products,143,Morocco,5419,Yield,394,"Pumpkins, squash and gourds",1982,1982,100 g/ha,137705,E,Estimated value,
QCL,Crops and livestock products,143,Morocco,5510,Production,394,"Pumpkins, squash and gourds",1982,1982,t,84000,E,Estimated value,
QCL,Crops and livestock products,143,Morocco,5312,Area harvested,394,"Pumpkins, squash and gourds",1983,1983,ha,6200,E,Estimated value,
QCL,Crops and livestock products,143,Morocco,5419,Yield,394,"Pumpkins, squash and gourds",1983,1983,100 g/ha,137097,E,Estimated value,
QCL,Crops and livestock products,143,Morocco,5510,Production,394,"Pumpkins, squash and gourds",1983,1983,t,85000,E,Estimated value,
QCL,Crops and livestock products,143,Morocco,5312,Area harvested,394,"Pumpkins, squash and gourds",1984,1984,ha,6200,E,Estimated value,
QCL,Crops and livestock products,143,Morocco,5419,Yield,394,"Pumpkins, squash and gourds",1984,1984,100 g/ha,137097,E,Estimated value,
QCL,Crops and livestock products,143,Morocco,5510,Production,394,"Pumpkins, squash and gourds",1984,1984,t,85000,E,Estimated value,
QCL,Crops and livestock products,143,Morocco,5312,Area harvested,394,"Pumpkins, squash and gourds",1985,1985,ha,6300,A,Official figure,
QCL,Crops and livestock products,143,Morocco,5419,Yield,394,"Pumpkins, squash and gourds",1985,1985,100 g/ha,138095,E,Estimated value,
QCL,Crops and livestock products,143,Morocco,5510,Production,394,"Pumpkins, squash and gourds",1985,1985,t,87000,E,Estimated value,
QCL,Crops and livestock products,143,Morocco,5312,Area harvested,394,"Pumpkins, squash and gourds",1986,1986,ha,6400,E,Estimated value,
QCL,Crops and livestock products,143,Morocco,5419,Yield,394,"Pumpkins, squash and gourds",1986,1986,100 g/ha,140625,E,Estimated value,
QCL,Crops and livestock products,143,Morocco,5510,Production,394,"Pumpkins, squash and gourds",1986,1986,t,90000,E,Estimated value,
QCL,Crops and livestock products,143,Morocco,5312,Area harvested,394,"Pumpkins, squash and gourds",1987,1987,ha,6400,A,Official figure,
QCL,Crops and livestock products,143,Morocco,5419,Yield,394,"Pumpkins, squash and gourds",1987,1987,100 g/ha,180625,A,Official figure,
QCL,Crops and livestock products,143,Morocco,5510,Production,394,"Pumpkins, squash and gourds",1987,1987,t,115600,A,Official figure,
QCL,Crops and livestock products,143,Morocco,5312,Area harvested,394,"Pumpkins, squash and gourds",1988,1988,ha,6300,A,Official figure,
QCL,Crops and livestock products,143,Morocco,5419,Yield,394,"Pumpkins, squash and gourds",1988,1988,100 g/ha,184762,A,Official figure,
QCL,Crops and livestock products,143,Morocco,5510,Production,394,"Pumpkins, squash and gourds",1988,1988,t,116400,A,Official figure,
QCL,Crops and livestock products,143,Morocco,5312,Area harvested,394,"Pumpkins, squash and gourds",1989,1989,ha,5894,A,Official figure,
QCL,Crops and livestock products,143,Morocco,5419,Yield,394,"Pumpkins, squash and gourds",1989,1989,100 g/ha,161815,A,Official figure,
QCL,Crops and livestock products,143,Morocco,5510,Production,394,"Pumpkins, squash and gourds",1989,1989,t,95374,A,Official figure,
QCL,Crops and livestock products,143,Morocco,5312,Area harvested,394,"Pumpkins, squash and gourds",1990,1990,ha,8134,A,Official figure,
QCL,Crops and livestock products,143,Morocco,5419,Yield,394,"Pumpkins, squash and gourds",1990,1990,100 g/ha,143611,A,Official figure,
QCL,Crops and livestock products,143,Morocco,5510,Production,394,"Pumpkins, squash and gourds",1990,1990,t,116813,A,Official figure,
QCL,Crops and livestock products,143,Morocco,5312,Area harvested,394,"Pumpkins, squash and gourds",1991,1991,ha,7049,A,Official figure,
QCL,Crops and livestock products,143,Morocco,5419,Yield,394,"Pumpkins, squash and gourds",1991,1991,100 g/ha,159864,A,Official figure,
QCL,Crops and livestock products,143,Morocco,5510,Production,394,"Pumpkins, squash and gourds",1991,1991,t,112688,A,Official figure,
QCL,Crops and livestock products,143,Morocco,5312,Area harvested,394,"Pumpkins, squash and gourds",1992,1992,ha,6805,A,Official figure,
QCL,Crops and livestock products,143,Morocco,5419,Yield,394,"Pumpkins, squash and gourds",1992,1992,100 g/ha,176816,A,Official figure,
QCL,Crops and livestock products,143,Morocco,5510,Production,394,"Pumpkins, squash and gourds",1992,1992,t,120323,A,Official figure,
QCL,Crops and livestock products,143,Morocco,5312,Area harvested,394,"Pumpkins, squash and gourds",1993,1993,ha,6000,A,Official figure,
QCL,Crops and livestock products,143,Morocco,5419,Yield,394,"Pumpkins, squash and gourds",1993,1993,100 g/ha,166667,E,Estimated value,
QCL,Crops and livestock products,143,Morocco,5510,Production,394,"Pumpkins, squash and gourds",1993,1993,t,100000,E,Estimated value,
QCL,Crops and livestock products,143,Morocco,5312,Area harvested,394,"Pumpkins, squash and gourds",1994,1994,ha,6800,A,Official figure,
QCL,Crops and livestock products,143,Morocco,5419,Yield,394,"Pumpkins, squash and gourds",1994,1994,100 g/ha,130441,A,Official figure,
QCL,Crops and livestock products,143,Morocco,5510,Production,394,"Pumpkins, squash and gourds",1994,1994,t,88700,A,Official figure,
QCL,Crops and livestock products,143,Morocco,5312,Area harvested,394,"Pumpkins, squash and gourds",1995,1995,ha,5217,A,Official figure,
QCL,Crops and livestock products,143,Morocco,5419,Yield,394,"Pumpkins, squash and gourds",1995,1995,100 g/ha,163232,A,Official figure,
QCL,Crops and livestock products,143,Morocco,5510,Production,394,"Pumpkins, squash and gourds",1995,1995,t,85158,A,Official figure,
QCL,Crops and livestock products,143,Morocco,5312,Area harvested,394,"Pumpkins, squash and gourds",1996,1996,ha,7760,A,Official figure,
QCL,Crops and livestock products,143,Morocco,5419,Yield,394,"Pumpkins, squash and gourds",1996,1996,100 g/ha,139175,A,Official figure,
QCL,Crops and livestock products,143,Morocco,5510,Production,394,"Pumpkins, squash and gourds",1996,1996,t,108000,A,Official figure,
QCL,Crops and livestock products,143,Morocco,5312,Area harvested,394,"Pumpkins, squash and gourds",1997,1997,ha,7300,A,Official figure,
QCL,Crops and livestock products,143,Morocco,5419,Yield,394,"Pumpkins, squash and gourds",1997,1997,100 g/ha,135890,A,Official figure,
QCL,Crops and livestock products,143,Morocco,5510,Production,394,"Pumpkins, squash and gourds",1997,1997,t,99200,A,Official figure,
QCL,Crops and livestock products,143,Morocco,5312,Area harvested,394,"Pumpkins, squash and gourds",1998,1998,ha,7743,A,Official figure,
QCL,Crops and livestock products,143,Morocco,5419,Yield,394,"Pumpkins, squash and gourds",1998,1998,100 g/ha,157691,A,Official figure,
QCL,Crops and livestock products,143,Morocco,5510,Production,394,"Pumpkins, squash and gourds",1998,1998,t,122100,A,Official figure,
QCL,Crops and livestock products,143,Morocco,5312,Area harvested,394,"Pumpkins, squash and gourds",1999,1999,ha,5920,A,Official figure,
QCL,Crops and livestock products,143,Morocco,5419,Yield,394,"Pumpkins, squash and gourds",1999,1999,100 g/ha,149738,A,Official figure,
QCL,Crops and livestock products,143,Morocco,5510,Production,394,"Pumpkins, squash and gourds",1999,1999,t,88645,A,Official figure,
QCL,Crops and livestock products,143,Morocco,5312,Area harvested,394,"Pumpkins, squash and gourds",2000,2000,ha,7085,A,Official figure,
QCL,Crops and livestock products,143,Morocco,5419,Yield,394,"Pumpkins, squash and gourds",2000,2000,100 g/ha,182823,A,Official figure,
QCL,Crops and livestock products,143,Morocco,5510,Production,394,"Pumpkins, squash and gourds",2000,2000,t,129530,A,Official figure,
QCL,Crops and livestock products,143,Morocco,5312,Area harvested,394,"Pumpkins, squash and gourds",2001,2001,ha,5898,A,Official figure,
QCL,Crops and livestock products,143,Morocco,5419,Yield,394,"Pumpkins, squash and gourds",2001,2001,100 g/ha,190624,A,Official figure,
QCL,Crops and livestock products,143,Morocco,5510,Production,394,"Pumpkins, squash and gourds",2001,2001,t,112430,A,Official figure,
QCL,Crops and livestock products,143,Morocco,5312,Area harvested,394,"Pumpkins, squash and gourds",2002,2002,ha,6000,A,Official figure,
QCL,Crops and livestock products,143,Morocco,5419,Yield,394,"Pumpkins, squash and gourds",2002,2002,100 g/ha,190083,A,Official figure,
QCL,Crops and livestock products,143,Morocco,5510,Production,394,"Pumpkins, squash and gourds",2002,2002,t,114050,A,Official figure,
QCL,Crops and livestock products,143,Morocco,5312,Area harvested,394,"Pumpkins, squash and gourds",2003,2003,ha,6585,A,Official figure,
QCL,Crops and livestock products,143,Morocco,5419,Yield,394,"Pumpkins, squash and gourds",2003,2003,100 g/ha,234434,A,Official figure,
QCL,Crops and livestock products,143,Morocco,5510,Production,394,"Pumpkins, squash and gourds",2003,2003,t,154375,A,Official figure,
QCL,Crops and livestock products,143,Morocco,5312,Area harvested,394,"Pumpkins, squash and gourds",2004,2004,ha,8893,A,Official figure,
QCL,Crops and livestock products,143,Morocco,5419,Yield,394,"Pumpkins, squash and gourds",2004,2004,100 g/ha,206803,A,Official figure,
QCL,Crops and livestock products,143,Morocco,5510,Production,394,"Pumpkins, squash and gourds",2004,2004,t,183910,A,Official figure,
QCL,Crops and livestock products,143,Morocco,5312,Area harvested,394,"Pumpkins, squash and gourds",2005,2005,ha,6783,A,Official figure,
QCL,Crops and livestock products,143,Morocco,5419,Yield,394,"Pumpkins, squash and gourds",2005,2005,100 g/ha,220456,A,Official figure,
QCL,Crops and livestock products,143,Morocco,5510,Production,394,"Pumpkins, squash and gourds",2005,2005,t,149535,A,Official figure,
QCL,Crops and livestock products,143,Morocco,5312,Area harvested,394,"Pumpkins, squash and gourds",2006,2006,ha,7745,A,Official figure,
QCL,Crops and livestock products,143,Morocco,5419,Yield,394,"Pumpkins, squash and gourds",2006,2006,100 g/ha,218606,A,Official figure,
QCL,Crops and livestock products,143,Morocco,5510,Production,394,"Pumpkins, squash and gourds",2006,2006,t,169310,A,Official figure,
QCL,Crops and livestock products,143,Morocco,5312,Area harvested,394,"Pumpkins, squash and gourds",2007,2007,ha,7700,E,Estimated value,
QCL,Crops and livestock products,143,Morocco,5419,Yield,394,"Pumpkins, squash and gourds",2007,2007,100 g/ha,220779,E,Estimated value,
QCL,Crops and livestock products,143,Morocco,5510,Production,394,"Pumpkins, squash and gourds",2007,2007,t,170000,E,Estimated value,
QCL,Crops and livestock products,143,Morocco,5312,Area harvested,394,"Pumpkins, squash and gourds",2008,2008,ha,8817,A,Official figure,
QCL,Crops and livestock products,143,Morocco,5419,Yield,394,"Pumpkins, squash and gourds",2008,2008,100 g/ha,265629,A,Official figure,
QCL,Crops and livestock products,143,Morocco,5510,Production,394,"Pumpkins, squash and gourds",2008,2008,t,234205,A,Official figure,
QCL,Crops and livestock products,143,Morocco,5312,Area harvested,394,"Pumpkins, squash and gourds",2009,2009,ha,9599,A,Official figure,
QCL,Crops and livestock products,143,Morocco,5419,Yield,394,"Pumpkins, squash and gourds",2009,2009,100 g/ha,247559,A,Official figure,
QCL,Crops and livestock products,143,Morocco,5510,Production,394,"Pumpkins, squash and gourds",2009,2009,t,237632,A,Official figure,
QCL,Crops and livestock products,143,Morocco,5312,Area harvested,394,"Pumpkins, squash and gourds",2010,2010,ha,7502,A,Official figure,
QCL,Crops and livestock products,143,Morocco,5419,Yield,394,"Pumpkins, squash and gourds",2010,2010,100 g/ha,276165,A,Official figure,
QCL,Crops and livestock products,143,Morocco,5510,Production,394,"Pumpkins, squash and gourds",2010,2010,t,207179,A,Official figure,
QCL,Crops and livestock products,143,Morocco,5312,Area harvested,394,"Pumpkins, squash and gourds",2011,2011,ha,8110,A,Official figure,
QCL,Crops and livestock products,143,Morocco,5419,Yield,394,"Pumpkins, squash and gourds",2011,2011,100 g/ha,270787,A,Official figure,
QCL,Crops and livestock products,143,Morocco,5510,Production,394,"Pumpkins, squash and gourds",2011,2011,t,219608,A,Official figure,
QCL,Crops and livestock products,143,Morocco,5312,Area harvested,394,"Pumpkins, squash and gourds",2012,2012,ha,9300,A,Official figure,
QCL,Crops and livestock products,143,Morocco,5419,Yield,394,"Pumpkins, squash and gourds",2012,2012,100 g/ha,275828,A,Official figure,
QCL,Crops and livestock products,143,Morocco,5510,Production,394,"Pumpkins, squash and gourds",2012,2012,t,256520,A,Official figure,
QCL,Crops and livestock products,143,Morocco,5312,Area harvested,394,"Pumpkins, squash and gourds",2013,2013,ha,8089,A,Official figure,
QCL,Crops and livestock products,143,Morocco,5419,Yield,394,"Pumpkins, squash and gourds",2013,2013,100 g/ha,277309,A,Official figure,
QCL,Crops and livestock products,143,Morocco,5510,Production,394,"Pumpkins, squash and gourds",2013,2013,t,224314.85,A,Official figure,
QCL,Crops and livestock products,143,Morocco,5312,Area harvested,394,"Pumpkins, squash and gourds",2014,2014,ha,8269,A,Official figure,
QCL,Crops and livestock products,143,Morocco,5419,Yield,394,"Pumpkins, squash and gourds",2014,2014,100 g/ha,260612,A,Official figure,
QCL,Crops and livestock products,143,Morocco,5510,Production,394,"Pumpkins, squash and gourds",2014,2014,t,215503.2,A,Official figure,
QCL,Crops and livestock products,143,Morocco,5312,Area harvested,394,"Pumpkins, squash and gourds",2015,2015,ha,8242,A,Official figure,
QCL,Crops and livestock products,143,Morocco,5419,Yield,394,"Pumpkins, squash and gourds",2015,2015,100 g/ha,244159,A,Official figure,
QCL,Crops and livestock products,143,Morocco,5510,Production,394,"Pumpkins, squash and gourds",2015,2015,t,201226.9,A,Official figure,
QCL,Crops and livestock products,143,Morocco,5312,Area harvested,394,"Pumpkins, squash and gourds",2016,2016,ha,7057,A,Official figure,
QCL,Crops and livestock products,143,Morocco,5419,Yield,394,"Pumpkins, squash and gourds",2016,2016,100 g/ha,268191,A,Official figure,
QCL,Crops and livestock products,143,Morocco,5510,Production,394,"Pumpkins, squash and gourds",2016,2016,t,189256,A,Official figure,
QCL,Crops and livestock products,143,Morocco,5312,Area harvested,394,"Pumpkins, squash and gourds",2017,2017,ha,7539,A,Official figure,
QCL,Crops and livestock products,143,Morocco,5419,Yield,394,"Pumpkins, squash and gourds",2017,2017,100 g/ha,238120,A,Official figure,
QCL,Crops and livestock products,143,Morocco,5510,Production,394,"Pumpkins, squash and gourds",2017,2017,t,179518.5,A,Official figure,
QCL,Crops and livestock products,143,Morocco,5312,Area harvested,394,"Pumpkins, squash and gourds",2018,2018,ha,6689,A,Official figure,
QCL,Crops and livestock products,143,Morocco,5419,Yield,394,"Pumpkins, squash and gourds",2018,2018,100 g/ha,269774,A,Official figure,
QCL,Crops and livestock products,143,Morocco,5510,Production,394,"Pumpkins, squash and gourds",2018,2018,t,180462.94,A,Official figure,
QCL,Crops and livestock products,143,Morocco,5312,Area harvested,394,"Pumpkins, squash and gourds",2019,2019,ha,8434,A,Official figure,
QCL,Crops and livestock products,143,Morocco,5419,Yield,394,"Pumpkins, squash and gourds",2019,2019,100 g/ha,235856,A,Official figure,
QCL,Crops and livestock products,143,Morocco,5510,Production,394,"Pumpkins, squash and gourds",2019,2019,t,198913.7,A,Official figure,
QCL,Crops and livestock products,143,Morocco,5312,Area harvested,394,"Pumpkins, squash and gourds",2020,2020,ha,7196,A,Official figure,
QCL,Crops and livestock products,143,Morocco,5419,Yield,394,"Pumpkins, squash and gourds",2020,2020,100 g/ha,214026,A,Official figure,
QCL,Crops and livestock products,143,Morocco,5510,Production,394,"Pumpkins, squash and gourds",2020,2020,t,154013.3,A,Official figure,
QCL,Crops and livestock products,143,Morocco,5312,Area harvested,394,"Pumpkins, squash and gourds",2021,2021,ha,11569,A,Official figure,
QCL,Crops and livestock products,143,Morocco,5419,Yield,394,"Pumpkins, squash and gourds",2021,2021,100 g/ha,284534,A,Official figure,
QCL,Crops and livestock products,143,Morocco,5510,Production,394,"Pumpkins, squash and gourds",2021,2021,t,329177,A,Official figure,
QCL,Crops and livestock products,143,Morocco,5312,Area harvested,394,"Pumpkins, squash and gourds",2022,2022,ha,11393,A,Official figure,
QCL,Crops and livestock products,143,Morocco,5419,Yield,394,"Pumpkins, squash and gourds",2022,2022,100 g/ha,256291,A,Official figure,
QCL,Crops and livestock products,143,Morocco,5510,Production,394,"Pumpkins, squash and gourds",2022,2022,t,291982,A,Official figure,
QCL,Crops and livestock products,143,Morocco,5510,Production,754,"Pyrethrum, dried flowers",1961,1961,t,150,E,Estimated value,
QCL,Crops and livestock products,143,Morocco,5510,Production,754,"Pyrethrum, dried flowers",1962,1962,t,150,E,Estimated value,
QCL,Crops and livestock products,143,Morocco,5510,Production,754,"Pyrethrum, dried flowers",1963,1963,t,150,E,Estimated value,
QCL,Crops and livestock products,143,Morocco,5510,Production,754,"Pyrethrum, dried flowers",1964,1964,t,150,E,Estimated value,
QCL,Crops and livestock products,143,Morocco,5510,Production,754,"Pyrethrum, dried flowers",1965,1965,t,150,E,Estimated value,
QCL,Crops and livestock products,143,Morocco,5510,Production,754,"Pyrethrum, dried flowers",1966,1966,t,150,E,Estimated value,
QCL,Crops and livestock products,143,Morocco,5510,Production,754,"Pyrethrum, dried flowers",1967,1967,t,150,E,Estimated value,
QCL,Crops and livestock products,143,Morocco,5510,Production,754,"Pyrethrum, dried flowers",1968,1968,t,150,E,Estimated value,
QCL,Crops and livestock products,143,Morocco,5510,Production,754,"Pyrethrum, dried flowers",1969,1969,t,150,E,Estimated value,
QCL,Crops and livestock products,143,Morocco,5510,Production,754,"Pyrethrum, dried flowers",1970,1970,t,150,E,Estimated value,
QCL,Crops and livestock products,143,Morocco,5510,Production,754,"Pyrethrum, dried flowers",1971,1971,t,150,E,Estimated value,
QCL,Crops and livestock products,143,Morocco,5510,Production,754,"Pyrethrum, dried flowers",1972,1972,t,150,E,Estimated value,
QCL,Crops and livestock products,143,Morocco,5510,Production,754,"Pyrethrum, dried flowers",1973,1973,t,150,E,Estimated value,
QCL,Crops and livestock products,143,Morocco,5510,Production,754,"Pyrethrum, dried flowers",1974,1974,t,150,E,Estimated value,
QCL,Crops and livestock products,143,Morocco,5510,Production,754,"Pyrethrum, dried flowers",1975,1975,t,150,E,Estimated value,
QCL,Crops and livestock products,143,Morocco,5510,Production,754,"Pyrethrum, dried flowers",1976,1976,t,150,E,Estimated value,
QCL,Crops and livestock products,143,Morocco,5510,Production,754,"Pyrethrum, dried flowers",1977,1977,t,150,E,Estimated value,
QCL,Crops and livestock products,143,Morocco,5510,Production,754,"Pyrethrum, dried flowers",1978,1978,t,150,E,Estimated value,
QCL,Crops and livestock products,143,Morocco,5510,Production,754,"Pyrethrum, dried flowers",1979,1979,t,150,E,Estimated value,
QCL,Crops and livestock products,143,Morocco,5510,Production,754,"Pyrethrum, dried flowers",1980,1980,t,150,E,Estimated value,
QCL,Crops and livestock products,143,Morocco,5510,Production,754,"Pyrethrum, dried flowers",1981,1981,t,150,E,Estimated value,
QCL,Crops and livestock products,143,Morocco,5510,Production,754,"Pyrethrum, dried flowers",1982,1982,t,150,E,Estimated value,
QCL,Crops and livestock products,143,Morocco,5510,Production,754,"Pyrethrum, dried flowers",1983,1983,t,150,E,Estimated value,
QCL,Crops and livestock products,143,Morocco,5510,Production,754,"Pyrethrum, dried flowers",1984,1984,t,300,E,Estimated value,
QCL,Crops and livestock products,143,Morocco,5510,Production,754,"Pyrethrum, dried flowers",1985,1985,t,200,E,Estimated value,
QCL,Crops and livestock products,143,Morocco,5510,Production,754,"Pyrethrum, dried flowers",1986,1986,t,200,E,Estimated value,
QCL,Crops and livestock products,143,Morocco,5510,Production,754,"Pyrethrum, dried flowers",1987,1987,t,300,E,Estimated value,
QCL,Crops and livestock products,143,Morocco,5510,Production,754,"Pyrethrum, dried flowers",1988,1988,t,200,E,Estimated value,
QCL,Crops and livestock products,143,Morocco,5510,Production,754,"Pyrethrum, dried flowers",1989,1989,t,150,E,Estimated value,
QCL,Crops and livestock products,143,Morocco,5510,Production,754,"Pyrethrum, dried flowers",1990,1990,t,200,E,Estimated value,
QCL,Crops and livestock products,143,Morocco,5312,Area harvested,754,"Pyrethrum, dried flowers",1991,1991,ha,770,E,Estimated value,
QCL,Crops and livestock products,143,Morocco,5419,Yield,754,"Pyrethrum, dried flowers",1991,1991,100 g/ha,2608,E,Estimated value,
QCL,Crops and livestock products,143,Morocco,5510,Production,754,"Pyrethrum, dried flowers",1991,1991,t,200.78,I,Imputed value,
QCL,Crops and livestock products,143,Morocco,5312,Area harvested,754,"Pyrethrum, dried flowers",1992,1992,ha,770,E,Estimated value,
QCL,Crops and livestock products,143,Morocco,5419,Yield,754,"Pyrethrum, dried flowers",1992,1992,100 g/ha,2597,E,Estimated value,
QCL,Crops and livestock products,143,Morocco,5510,Production,754,"Pyrethrum, dried flowers",1992,1992,t,200,E,Estimated value,
QCL,Crops and livestock products,143,Morocco,5312,Area harvested,754,"Pyrethrum, dried flowers",1993,1993,ha,770,E,Estimated value,
QCL,Crops and livestock products,143,Morocco,5419,Yield,754,"Pyrethrum, dried flowers",1993,1993,100 g/ha,2597,E,Estimated value,
QCL,Crops and livestock products,143,Morocco,5510,Production,754,"Pyrethrum, dried flowers",1993,1993,t,200,E,Estimated value,
QCL,Crops and livestock products,143,Morocco,5312,Area harvested,754,"Pyrethrum, dried flowers",1994,1994,ha,770,E,Estimated value,
QCL,Crops and livestock products,143,Morocco,5419,Yield,754,"Pyrethrum, dried flowers",1994,1994,100 g/ha,2597,E,Estimated value,
QCL,Crops and livestock products,143,Morocco,5510,Production,754,"Pyrethrum, dried flowers",1994,1994,t,200,E,Estimated value,
QCL,Crops and livestock products,143,Morocco,5312,Area harvested,754,"Pyrethrum, dried flowers",1995,1995,ha,770,E,Estimated value,
QCL,Crops and livestock products,143,Morocco,5419,Yield,754,"Pyrethrum, dried flowers",1995,1995,100 g/ha,2597,E,Estimated value,
QCL,Crops and livestock products,143,Morocco,5510,Production,754,"Pyrethrum, dried flowers",1995,1995,t,200,E,Estimated value,
QCL,Crops and livestock products,143,Morocco,5312,Area harvested,754,"Pyrethrum, dried flowers",1996,1996,ha,770,E,Estimated value,
QCL,Crops and livestock products,143,Morocco,5419,Yield,754,"Pyrethrum, dried flowers",1996,1996,100 g/ha,2597,E,Estimated value,
QCL,Crops and livestock products,143,Morocco,5510,Production,754,"Pyrethrum, dried flowers",1996,1996,t,200,E,Estimated value,
QCL,Crops and livestock products,143,Morocco,5312,Area harvested,754,"Pyrethrum, dried flowers",1997,1997,ha,770,E,Estimated value,
QCL,Crops and livestock products,143,Morocco,5419,Yield,754,"Pyrethrum, dried flowers",1997,1997,100 g/ha,2597,E,Estimated value,
QCL,Crops and livestock products,143,Morocco,5510,Production,754,"Pyrethrum, dried flowers",1997,1997,t,200,E,Estimated value,
QCL,Crops and livestock products,143,Morocco,5312,Area harvested,754,"Pyrethrum, dried flowers",1998,1998,ha,770,E,Estimated value,
QCL,Crops and livestock products,143,Morocco,5419,Yield,754,"Pyrethrum, dried flowers",1998,1998,100 g/ha,2597,E,Estimated value,
QCL,Crops and livestock products,143,Morocco,5510,Production,754,"Pyrethrum, dried flowers",1998,1998,t,200,E,Estimated value,
QCL,Crops and livestock products,143,Morocco,5312,Area harvested,754,"Pyrethrum, dried flowers",1999,1999,ha,770,E,Estimated value,
QCL,Crops and livestock products,143,Morocco,5419,Yield,754,"Pyrethrum, dried flowers",1999,1999,100 g/ha,2597,E,Estimated value,
QCL,Crops and livestock products,143,Morocco,5510,Production,754,"Pyrethrum, dried flowers",1999,1999,t,200,E,Estimated value,
QCL,Crops and livestock products,143,Morocco,5312,Area harvested,754,"Pyrethrum, dried flowers",2000,2000,ha,770,E,Estimated value,
QCL,Crops and livestock products,143,Morocco,5419,Yield,754,"Pyrethrum, dried flowers",2000,2000,100 g/ha,2597,E,Estimated value,
QCL,Crops and livestock products,143,Morocco,5510,Production,754,"Pyrethrum, dried flowers",2000,2000,t,200,E,Estimated value,
QCL,Crops and livestock products,143,Morocco,5312,Area harvested,754,"Pyrethrum, dried flowers",2001,2001,ha,770,E,Estimated value,
QCL,Crops and livestock products,143,Morocco,5419,Yield,754,"Pyrethrum, dried flowers",2001,2001,100 g/ha,2597,E,Estimated value,
QCL,Crops and livestock products,143,Morocco,5510,Production,754,"Pyrethrum, dried flowers",2001,2001,t,200,E,Estimated value,
QCL,Crops and livestock products,143,Morocco,5312,Area harvested,754,"Pyrethrum, dried flowers",2002,2002,ha,770,E,Estimated value,
QCL,Crops and livestock products,143,Morocco,5419,Yield,754,"Pyrethrum, dried flowers",2002,2002,100 g/ha,2597,E,Estimated value,
QCL,Crops and livestock products,143,Morocco,5510,Production,754,"Pyrethrum, dried flowers",2002,2002,t,200,E,Estimated value,
QCL,Crops and livestock products,143,Morocco,5312,Area harvested,754,"Pyrethrum, dried flowers",2003,2003,ha,770,E,Estimated value,
QCL,Crops and livestock products,143,Morocco,5419,Yield,754,"Pyrethrum, dried flowers",2003,2003,100 g/ha,2597,E,Estimated value,
QCL,Crops and livestock products,143,Morocco,5510,Production,754,"Pyrethrum, dried flowers",2003,2003,t,200,E,Estimated value,
QCL,Crops and livestock products,143,Morocco,5312,Area harvested,754,"Pyrethrum, dried flowers",2004,2004,ha,770,E,Estimated value,
QCL,Crops and livestock products,143,Morocco,5419,Yield,754,"Pyrethrum, dried flowers",2004,2004,100 g/ha,2597,E,Estimated value,
QCL,Crops and livestock products,143,Morocco,5510,Production,754,"Pyrethrum, dried flowers",2004,2004,t,200,E,Estimated value,
QCL,Crops and livestock products,143,Morocco,5312,Area harvested,754,"Pyrethrum, dried flowers",2005,2005,ha,770,E,Estimated value,
QCL,Crops and livestock products,143,Morocco,5419,Yield,754,"Pyrethrum, dried flowers",2005,2005,100 g/ha,2597,E,Estimated value,
QCL,Crops and livestock products,143,Morocco,5510,Production,754,"Pyrethrum, dried flowers",2005,2005,t,200,E,Estimated value,
QCL,Crops and livestock products,143,Morocco,5312,Area harvested,754,"Pyrethrum, dried flowers",2006,2006,ha,770,E,Estimated value,
QCL,Crops and livestock products,143,Morocco,5419,Yield,754,"Pyrethrum, dried flowers",2006,2006,100 g/ha,2597,E,Estimated value,
QCL,Crops and livestock products,143,Morocco,5510,Production,754,"Pyrethrum, dried flowers",2006,2006,t,200,E,Estimated value,
QCL,Crops and livestock products,143,Morocco,5312,Area harvested,754,"Pyrethrum, dried flowers",2007,2007,ha,770,E,Estimated value,
QCL,Crops and livestock products,143,Morocco,5419,Yield,754,"Pyrethrum, dried flowers",2007,2007,100 g/ha,2597,E,Estimated value,
QCL,Crops and livestock products,143,Morocco,5510,Production,754,"Pyrethrum, dried flowers",2007,2007,t,200,E,Estimated value,
QCL,Crops and livestock products,143,Morocco,5312,Area harvested,754,"Pyrethrum, dried flowers",2008,2008,ha,700,E,Estimated value,
QCL,Crops and livestock products,143,Morocco,5419,Yield,754,"Pyrethrum, dried flowers",2008,2008,100 g/ha,2571,E,Estimated value,
QCL,Crops and livestock products,143,Morocco,5510,Production,754,"Pyrethrum, dried flowers",2008,2008,t,180,E,Estimated value,
QCL,Crops and livestock products,143,Morocco,5312,Area harvested,754,"Pyrethrum, dried flowers",2009,2009,ha,720,E,Estimated value,
QCL,Crops and livestock products,143,Morocco,5419,Yield,754,"Pyrethrum, dried flowers",2009,2009,100 g/ha,2595,E,Estimated value,
QCL,Crops and livestock products,143,Morocco,5510,Production,754,"Pyrethrum, dried flowers",2009,2009,t,186.83,I,Imputed value,
QCL,Crops and livestock products,143,Morocco,5312,Area harvested,754,"Pyrethrum, dried flowers",2010,2010,ha,720,E,Estimated value,
QCL,Crops and livestock products,143,Morocco,5419,Yield,754,"Pyrethrum, dried flowers",2010,2010,100 g/ha,2589,E,Estimated value,
QCL,Crops and livestock products,143,Morocco,5510,Production,754,"Pyrethrum, dried flowers",2010,2010,t,186.39,I,Imputed value,
QCL,Crops and livestock products,143,Morocco,5312,Area harvested,754,"Pyrethrum, dried flowers",2011,2011,ha,700,E,Estimated value,
QCL,Crops and livestock products,143,Morocco,5419,Yield,754,"Pyrethrum, dried flowers",2011,2011,100 g/ha,2571,E,Estimated value,
QCL,Crops and livestock products,143,Morocco,5510,Production,754,"Pyrethrum, dried flowers",2011,2011,t,180,E,Estimated value,
QCL,Crops and livestock products,143,Morocco,5312,Area harvested,754,"Pyrethrum, dried flowers",2012,2012,ha,720,E,Estimated value,
QCL,Crops and livestock products,143,Morocco,5419,Yield,754,"Pyrethrum, dried flowers",2012,2012,100 g/ha,2610,E,Estimated value,
QCL,Crops and livestock products,143,Morocco,5510,Production,754,"Pyrethrum, dried flowers",2012,2012,t,187.94,I,Imputed value,
QCL,Crops and livestock products,143,Morocco,5312,Area harvested,754,"Pyrethrum, dried flowers",2013,2013,ha,720,E,Estimated value,
QCL,Crops and livestock products,143,Morocco,5419,Yield,754,"Pyrethrum, dried flowers",2013,2013,100 g/ha,2604,E,Estimated value,
QCL,Crops and livestock products,143,Morocco,5510,Production,754,"Pyrethrum, dried flowers",2013,2013,t,187.48,I,Imputed value,
QCL,Crops and livestock products,143,Morocco,5312,Area harvested,754,"Pyrethrum, dried flowers",2014,2014,ha,720,E,Estimated value,
QCL,Crops and livestock products,143,Morocco,5419,Yield,754,"Pyrethrum, dried flowers",2014,2014,100 g/ha,2577,E,Estimated value,
QCL,Crops and livestock products,143,Morocco,5510,Production,754,"Pyrethrum, dried flowers",2014,2014,t,185.57,I,Imputed value,
QCL,Crops and livestock products,143,Morocco,5312,Area harvested,754,"Pyrethrum, dried flowers",2015,2015,ha,700,E,Estimated value,
QCL,Crops and livestock products,143,Morocco,5419,Yield,754,"Pyrethrum, dried flowers",2015,2015,100 g/ha,2629,E,Estimated value,
QCL,Crops and livestock products,143,Morocco,5510,Production,754,"Pyrethrum, dried flowers",2015,2015,t,184.06,I,Imputed value,
QCL,Crops and livestock products,143,Morocco,5312,Area harvested,754,"Pyrethrum, dried flowers",2016,2016,ha,700,E,Estimated value,
QCL,Crops and livestock products,143,Morocco,5419,Yield,754,"Pyrethrum, dried flowers",2016,2016,100 g/ha,2598,E,Estimated value,
QCL,Crops and livestock products,143,Morocco,5510,Production,754,"Pyrethrum, dried flowers",2016,2016,t,181.84,I,Imputed value,
QCL,Crops and livestock products,143,Morocco,5312,Area harvested,754,"Pyrethrum, dried flowers",2017,2017,ha,700,E,Estimated value,
QCL,Crops and livestock products,143,Morocco,5419,Yield,754,"Pyrethrum, dried flowers",2017,2017,100 g/ha,2571,E,Estimated value,
QCL,Crops and livestock products,143,Morocco,5510,Production,754,"Pyrethrum, dried flowers",2017,2017,t,179.94,I,Imputed value,
QCL,Crops and livestock products,143,Morocco,5312,Area harvested,754,"Pyrethrum, dried flowers",2018,2018,ha,700,E,Estimated value,
QCL,Crops and livestock products,143,Morocco,5419,Yield,754,"Pyrethrum, dried flowers",2018,2018,100 g/ha,2576,E,Estimated value,
QCL,Crops and livestock products,143,Morocco,5510,Production,754,"Pyrethrum, dried flowers",2018,2018,t,180.35,I,Imputed value,
QCL,Crops and livestock products,143,Morocco,5312,Area harvested,754,"Pyrethrum, dried flowers",2019,2019,ha,700,E,Estimated value,
QCL,Crops and livestock products,143,Morocco,5419,Yield,754,"Pyrethrum, dried flowers",2019,2019,100 g/ha,2582,E,Estimated value,
QCL,Crops and livestock products,143,Morocco,5510,Production,754,"Pyrethrum, dried flowers",2019,2019,t,180.77,I,Imputed value,
QCL,Crops and livestock products,143,Morocco,5312,Area harvested,754,"Pyrethrum, dried flowers",2020,2020,ha,700,E,Estimated value,
QCL,Crops and livestock products,143,Morocco,5419,Yield,754,"Pyrethrum, dried flowers",2020,2020,100 g/ha,2579,E,Estimated value,
QCL,Crops and livestock products,143,Morocco,5510,Production,754,"Pyrethrum, dried flowers",2020,2020,t,180.53,I,Imputed value,
QCL,Crops and livestock products,143,Morocco,5312,Area harvested,754,"Pyrethrum, dried flowers",2021,2021,ha,700,E,Estimated value,
QCL,Crops and livestock products,143,Morocco,5419,Yield,754,"Pyrethrum, dried flowers",2021,2021,100 g/ha,2577,E,Estimated value,
QCL,Crops and livestock products,143,Morocco,5510,Production,754,"Pyrethrum, dried flowers",2021,2021,t,180.41,I,Imputed value,
QCL,Crops and livestock products,143,Morocco,5312,Area harvested,754,"Pyrethrum, dried flowers",2022,2022,ha,694,I,Imputed value,
QCL,Crops and livestock products,143,Morocco,5419,Yield,754,"Pyrethrum, dried flowers",2022,2022,100 g/ha,2576,E,Estimated value,
QCL,Crops and livestock products,143,Morocco,5510,Production,754,"Pyrethrum, dried flowers",2022,2022,t,178.72,I,Imputed value,
QCL,Crops and livestock products,143,Morocco,5312,Area harvested,523,Quinces,1961,1961,ha,0,M,"Missing value (data cannot exist, not applicable)",
QCL,Crops and livestock products,143,Morocco,5510,Production,523,Quinces,1961,1961,t,30,E,Estimated value,
QCL,Crops and livestock products,143,Morocco,5312,Area harvested,523,Quinces,1962,1962,ha,0,M,"Missing value (data cannot exist, not applicable)",
QCL,Crops and livestock products,143,Morocco,5510,Production,523,Quinces,1962,1962,t,50,E,Estimated value,
QCL,Crops and livestock products,143,Morocco,5312,Area harvested,523,Quinces,1963,1963,ha,0,M,"Missing value (data cannot exist, not applicable)",
QCL,Crops and livestock products,143,Morocco,5510,Production,523,Quinces,1963,1963,t,50,E,Estimated value,
QCL,Crops and livestock products,143,Morocco,5312,Area harvested,523,Quinces,1964,1964,ha,0,M,"Missing value (data cannot exist, not applicable)",
QCL,Crops and livestock products,143,Morocco,5510,Production,523,Quinces,1964,1964,t,100,E,Estimated value,
QCL,Crops and livestock products,143,Morocco,5312,Area harvested,523,Quinces,1965,1965,ha,0,M,"Missing value (data cannot exist, not applicable)",
QCL,Crops and livestock products,143,Morocco,5510,Production,523,Quinces,1965,1965,t,100,E,Estimated value,
QCL,Crops and livestock products,143,Morocco,5312,Area harvested,523,Quinces,1966,1966,ha,0,M,"Missing value (data cannot exist, not applicable)",
QCL,Crops and livestock products,143,Morocco,5510,Production,523,Quinces,1966,1966,t,200,E,Estimated value,
QCL,Crops and livestock products,143,Morocco,5312,Area harvested,523,Quinces,1967,1967,ha,0,M,"Missing value (data cannot exist, not applicable)",
QCL,Crops and livestock products,143,Morocco,5510,Production,523,Quinces,1967,1967,t,200,E,Estimated value,
QCL,Crops and livestock products,143,Morocco,5312,Area harvested,523,Quinces,1968,1968,ha,0,M,"Missing value (data cannot exist, not applicable)",
QCL,Crops and livestock products,143,Morocco,5510,Production,523,Quinces,1968,1968,t,300,E,Estimated value,
QCL,Crops and livestock products,143,Morocco,5312,Area harvested,523,Quinces,1969,1969,ha,0,M,"Missing value (data cannot exist, not applicable)",
QCL,Crops and livestock products,143,Morocco,5510,Production,523,Quinces,1969,1969,t,300,E,Estimated value,
QCL,Crops and livestock products,143,Morocco,5312,Area harvested,523,Quinces,1970,1970,ha,0,M,"Missing value (data cannot exist, not applicable)",
QCL,Crops and livestock products,143,Morocco,5510,Production,523,Quinces,1970,1970,t,400,E,Estimated value,
QCL,Crops and livestock products,143,Morocco,5312,Area harvested,523,Quinces,1971,1971,ha,0,M,"Missing value (data cannot exist, not applicable)",
QCL,Crops and livestock products,143,Morocco,5510,Production,523,Quinces,1971,1971,t,600,E,Estimated value,
QCL,Crops and livestock products,143,Morocco,5312,Area harvested,523,Quinces,1972,1972,ha,0,M,"Missing value (data cannot exist, not applicable)",
QCL,Crops and livestock products,143,Morocco,5510,Production,523,Quinces,1972,1972,t,800,E,Estimated value,
QCL,Crops and livestock products,143,Morocco,5312,Area harvested,523,Quinces,1973,1973,ha,0,M,"Missing value (data cannot exist, not applicable)",
QCL,Crops and livestock products,143,Morocco,5510,Production,523,Quinces,1973,1973,t,1000,E,Estimated value,
QCL,Crops and livestock products,143,Morocco,5312,Area harvested,523,Quinces,1974,1974,ha,0,M,"Missing value (data cannot exist, not applicable)",
QCL,Crops and livestock products,143,Morocco,5510,Production,523,Quinces,1974,1974,t,1200,E,Estimated value,
QCL,Crops and livestock products,143,Morocco,5312,Area harvested,523,Quinces,1975,1975,ha,0,M,"Missing value (data cannot exist, not applicable)",
QCL,Crops and livestock products,143,Morocco,5510,Production,523,Quinces,1975,1975,t,1400,E,Estimated value,
QCL,Crops and livestock products,143,Morocco,5312,Area harvested,523,Quinces,1976,1976,ha,0,M,"Missing value (data cannot exist, not applicable)",
QCL,Crops and livestock products,143,Morocco,5510,Production,523,Quinces,1976,1976,t,1600,E,Estimated value,
QCL,Crops and livestock products,143,Morocco,5312,Area harvested,523,Quinces,1977,1977,ha,0,M,"Missing value (data cannot exist, not applicable)",
QCL,Crops and livestock products,143,Morocco,5510,Production,523,Quinces,1977,1977,t,1800,E,Estimated value,
QCL,Crops and livestock products,143,Morocco,5312,Area harvested,523,Quinces,1978,1978,ha,0,M,"Missing value (data cannot exist, not applicable)",
QCL,Crops and livestock products,143,Morocco,5510,Production,523,Quinces,1978,1978,t,2000,E,Estimated value,
QCL,Crops and livestock products,143,Morocco,5312,Area harvested,523,Quinces,1979,1979,ha,0,M,"Missing value (data cannot exist, not applicable)",
QCL,Crops and livestock products,143,Morocco,5510,Production,523,Quinces,1979,1979,t,2500,E,Estimated value,
QCL,Crops and livestock products,143,Morocco,5312,Area harvested,523,Quinces,1980,1980,ha,0,M,"Missing value (data cannot exist, not applicable)",
QCL,Crops and livestock products,143,Morocco,5510,Production,523,Quinces,1980,1980,t,3000,E,Estimated value,
QCL,Crops and livestock products,143,Morocco,5312,Area harvested,523,Quinces,1981,1981,ha,0,M,"Missing value (data cannot exist, not applicable)",
QCL,Crops and livestock products,143,Morocco,5510,Production,523,Quinces,1981,1981,t,3000,E,Estimated value,
QCL,Crops and livestock products,143,Morocco,5312,Area harvested,523,Quinces,1982,1982,ha,0,M,"Missing value (data cannot exist, not applicable)",
QCL,Crops and livestock products,143,Morocco,5510,Production,523,Quinces,1982,1982,t,3000,E,Estimated value,
QCL,Crops and livestock products,143,Morocco,5312,Area harvested,523,Quinces,1983,1983,ha,0,M,"Missing value (data cannot exist, not applicable)",
QCL,Crops and livestock products,143,Morocco,5510,Production,523,Quinces,1983,1983,t,5000,E,Estimated value,
QCL,Crops and livestock products,143,Morocco,5312,Area harvested,523,Quinces,1984,1984,ha,0,M,"Missing value (data cannot exist, not applicable)",
QCL,Crops and livestock products,143,Morocco,5510,Production,523,Quinces,1984,1984,t,7000,E,Estimated value,
QCL,Crops and livestock products,143,Morocco,5312,Area harvested,523,Quinces,1985,1985,ha,1150,E,Estimated value,
QCL,Crops and livestock products,143,Morocco,5419,Yield,523,Quinces,1985,1985,100 g/ha,69565,E,Estimated value,
QCL,Crops and livestock products,143,Morocco,5510,Production,523,Quinces,1985,1985,t,8000,E,Estimated value,
QCL,Crops and livestock products,143,Morocco,5312,Area harvested,523,Quinces,1986,1986,ha,1150,E,Estimated value,
QCL,Crops and livestock products,143,Morocco,5419,Yield,523,Quinces,1986,1986,100 g/ha,69565,E,Estimated value,
QCL,Crops and livestock products,143,Morocco,5510,Production,523,Quinces,1986,1986,t,8000,E,Estimated value,
QCL,Crops and livestock products,143,Morocco,5312,Area harvested,523,Quinces,1987,1987,ha,1150,E,Estimated value,
QCL,Crops and livestock products,143,Morocco,5419,Yield,523,Quinces,1987,1987,100 g/ha,69565,E,Estimated value,
QCL,Crops and livestock products,143,Morocco,5510,Production,523,Quinces,1987,1987,t,8000,A,Official figure,
QCL,Crops and livestock products,143,Morocco,5312,Area harvested,523,Quinces,1988,1988,ha,2200,A,Official figure,
QCL,Crops and livestock products,143,Morocco,5419,Yield,523,Quinces,1988,1988,100 g/ha,72727,A,Official figure,
QCL,Crops and livestock products,143,Morocco,5510,Production,523,Quinces,1988,1988,t,16000,A,Official figure,
QCL,Crops and livestock products,143,Morocco,5312,Area harvested,523,Quinces,1989,1989,ha,2200,A,Official figure,
QCL,Crops and livestock products,143,Morocco,5419,Yield,523,Quinces,1989,1989,100 g/ha,77273,A,Official figure,
QCL,Crops and livestock products,143,Morocco,5510,Production,523,Quinces,1989,1989,t,17000,A,Official figure,
QCL,Crops and livestock products,143,Morocco,5312,Area harvested,523,Quinces,1990,1990,ha,2300,A,Official figure,
QCL,Crops and livestock products,143,Morocco,5419,Yield,523,Quinces,1990,1990,100 g/ha,98696,A,Official figure,
QCL,Crops and livestock products,143,Morocco,5510,Production,523,Quinces,1990,1990,t,22700,A,Official figure,
QCL,Crops and livestock products,143,Morocco,5312,Area harvested,523,Quinces,1991,1991,ha,2400,A,Official figure,
QCL,Crops and livestock products,143,Morocco,5419,Yield,523,Quinces,1991,1991,100 g/ha,102083,A,Official figure,
QCL,Crops and livestock products,143,Morocco,5510,Production,523,Quinces,1991,1991,t,24500,A,Official figure,
QCL,Crops and livestock products,143,Morocco,5312,Area harvested,523,Quinces,1992,1992,ha,2400,A,Official figure,
QCL,Crops and livestock products,143,Morocco,5419,Yield,523,Quinces,1992,1992,100 g/ha,100000,A,Official figure,
QCL,Crops and livestock products,143,Morocco,5510,Production,523,Quinces,1992,1992,t,24000,A,Official figure,
QCL,Crops and livestock products,143,Morocco,5312,Area harvested,523,Quinces,1993,1993,ha,2600,A,Official figure,
QCL,Crops and livestock products,143,Morocco,5419,Yield,523,Quinces,1993,1993,100 g/ha,85385,A,Official figure,
QCL,Crops and livestock products,143,Morocco,5510,Production,523,Quinces,1993,1993,t,22200,A,Official figure,
QCL,Crops and livestock products,143,Morocco,5312,Area harvested,523,Quinces,1994,1994,ha,2800,A,Official figure,
QCL,Crops and livestock products,143,Morocco,5419,Yield,523,Quinces,1994,1994,100 g/ha,100000,A,Official figure,
QCL,Crops and livestock products,143,Morocco,5510,Production,523,Quinces,1994,1994,t,28000,A,Official figure,
QCL,Crops and livestock products,143,Morocco,5312,Area harvested,523,Quinces,1995,1995,ha,2400,A,Official figure,
QCL,Crops and livestock products,143,Morocco,5419,Yield,523,Quinces,1995,1995,100 g/ha,83333,A,Official figure,
QCL,Crops and livestock products,143,Morocco,5510,Production,523,Quinces,1995,1995,t,20000,A,Official figure,
QCL,Crops and livestock products,143,Morocco,5312,Area harvested,523,Quinces,1996,1996,ha,3000,A,Official figure,
QCL,Crops and livestock products,143,Morocco,5419,Yield,523,Quinces,1996,1996,100 g/ha,86333,A,Official figure,
QCL,Crops and livestock products,143,Morocco,5510,Production,523,Quinces,1996,1996,t,25900,A,Official figure,
QCL,Crops and livestock products,143,Morocco,5312,Area harvested,523,Quinces,1997,1997,ha,2800,A,Official figure,
QCL,Crops and livestock products,143,Morocco,5419,Yield,523,Quinces,1997,1997,100 g/ha,87500,A,Official figure,
QCL,Crops and livestock products,143,Morocco,5510,Production,523,Quinces,1997,1997,t,24500,A,Official figure,
QCL,Crops and livestock products,143,Morocco,5312,Area harvested,523,Quinces,1998,1998,ha,2800,A,Official figure,
QCL,Crops and livestock products,143,Morocco,5419,Yield,523,Quinces,1998,1998,100 g/ha,105357,A,Official figure,
QCL,Crops and livestock products,143,Morocco,5510,Production,523,Quinces,1998,1998,t,29500,A,Official figure,
QCL,Crops and livestock products,143,Morocco,5312,Area harvested,523,Quinces,1999,1999,ha,2900,A,Official figure,
QCL,Crops and livestock products,143,Morocco,5419,Yield,523,Quinces,1999,1999,100 g/ha,106552,A,Official figure,
QCL,Crops and livestock products,143,Morocco,5510,Production,523,Quinces,1999,1999,t,30900,A,Official figure,
QCL,Crops and livestock products,143,Morocco,5312,Area harvested,523,Quinces,2000,2000,ha,2900,A,Official figure,
QCL,Crops and livestock products,143,Morocco,5419,Yield,523,Quinces,2000,2000,100 g/ha,69310,A,Official figure,
QCL,Crops and livestock products,143,Morocco,5510,Production,523,Quinces,2000,2000,t,20100,A,Official figure,
QCL,Crops and livestock products,143,Morocco,5312,Area harvested,523,Quinces,2001,2001,ha,3100,A,Official figure,
QCL,Crops and livestock products,143,Morocco,5419,Yield,523,Quinces,2001,2001,100 g/ha,80323,A,Official figure,
QCL,Crops and livestock products,143,Morocco,5510,Production,523,Quinces,2001,2001,t,24900,A,Official figure,
QCL,Crops and livestock products,143,Morocco,5312,Area harvested,523,Quinces,2002,2002,ha,3000,A,Official figure,
QCL,Crops and livestock products,143,Morocco,5419,Yield,523,Quinces,2002,2002,100 g/ha,93667,A,Official figure,
QCL,Crops and livestock products,143,Morocco,5510,Production,523,Quinces,2002,2002,t,28100,A,Official figure,
QCL,Crops and livestock products,143,Morocco,5312,Area harvested,523,Quinces,2003,2003,ha,3100,A,Official figure,
QCL,Crops and livestock products,143,Morocco,5419,Yield,523,Quinces,2003,2003,100 g/ha,96452,A,Official figure,
QCL,Crops and livestock products,143,Morocco,5510,Production,523,Quinces,2003,2003,t,29900,A,Official figure,
QCL,Crops and livestock products,143,Morocco,5312,Area harvested,523,Quinces,2004,2004,ha,3200,A,Official figure,
QCL,Crops and livestock products,143,Morocco,5419,Yield,523,Quinces,2004,2004,100 g/ha,121875,A,Official figure,
QCL,Crops and livestock products,143,Morocco,5510,Production,523,Quinces,2004,2004,t,39000,A,Official figure,
QCL,Crops and livestock products,143,Morocco,5312,Area harvested,523,Quinces,2005,2005,ha,3400,A,Official figure,
QCL,Crops and livestock products,143,Morocco,5419,Yield,523,Quinces,2005,2005,100 g/ha,88529,A,Official figure,
QCL,Crops and livestock products,143,Morocco,5510,Production,523,Quinces,2005,2005,t,30100,A,Official figure,
QCL,Crops and livestock products,143,Morocco,5312,Area harvested,523,Quinces,2006,2006,ha,3220,A,Official figure,
QCL,Crops and livestock products,143,Morocco,5419,Yield,523,Quinces,2006,2006,100 g/ha,86957,A,Official figure,
QCL,Crops and livestock products,143,Morocco,5510,Production,523,Quinces,2006,2006,t,28000,A,Official figure,
QCL,Crops and livestock products,143,Morocco,5312,Area harvested,523,Quinces,2007,2007,ha,3743,A,Official figure,
QCL,Crops and livestock products,143,Morocco,5419,Yield,523,Quinces,2007,2007,100 g/ha,93791,A,Official figure,
QCL,Crops and livestock products,143,Morocco,5510,Production,523,Quinces,2007,2007,t,35106,A,Official figure,
QCL,Crops and livestock products,143,Morocco,5312,Area harvested,523,Quinces,2008,2008,ha,3815,A,Official figure,
QCL,Crops and livestock products,143,Morocco,5419,Yield,523,Quinces,2008,2008,100 g/ha,86849,A,Official figure,
QCL,Crops and livestock products,143,Morocco,5510,Production,523,Quinces,2008,2008,t,33133,A,Official figure,
QCL,Crops and livestock products,143,Morocco,5312,Area harvested,523,Quinces,2009,2009,ha,3900,A,Official figure,
QCL,Crops and livestock products,143,Morocco,5419,Yield,523,Quinces,2009,2009,100 g/ha,99267,A,Official figure,
QCL,Crops and livestock products,143,Morocco,5510,Production,523,Quinces,2009,2009,t,38714,A,Official figure,
QCL,Crops and livestock products,143,Morocco,5312,Area harvested,523,Quinces,2010,2010,ha,3788,A,Official figure,
QCL,Crops and livestock products,143,Morocco,5419,Yield,523,Quinces,2010,2010,100 g/ha,95671,A,Official figure,
QCL,Crops and livestock products,143,Morocco,5510,Production,523,Quinces,2010,2010,t,36240,A,Official figure,
QCL,Crops and livestock products,143,Morocco,5312,Area harvested,523,Quinces,2011,2011,ha,3833,A,Official figure,
QCL,Crops and livestock products,143,Morocco,5419,Yield,523,Quinces,2011,2011,100 g/ha,83470,A,Official figure,
QCL,Crops and livestock products,143,Morocco,5510,Production,523,Quinces,2011,2011,t,31994,A,Official figure,
QCL,Crops and livestock products,143,Morocco,5312,Area harvested,523,Quinces,2012,2012,ha,3401,A,Official figure,
QCL,Crops and livestock products,143,Morocco,5419,Yield,523,Quinces,2012,2012,100 g/ha,135254,A,Official figure,
QCL,Crops and livestock products,143,Morocco,5510,Production,523,Quinces,2012,2012,t,46000,A,Official figure,
QCL,Crops and livestock products,143,Morocco,5312,Area harvested,523,Quinces,2013,2013,ha,3502,A,Official figure,
QCL,Crops and livestock products,143,Morocco,5419,Yield,523,Quinces,2013,2013,100 g/ha,132739,A,Official figure,
QCL,Crops and livestock products,143,Morocco,5510,Production,523,Quinces,2013,2013,t,46479.55,A,Official figure,
QCL,Crops and livestock products,143,Morocco,5312,Area harvested,523,Quinces,2014,2014,ha,3463,A,Official figure,
QCL,Crops and livestock products,143,Morocco,5419,Yield,523,Quinces,2014,2014,100 g/ha,132476,A,Official figure,
QCL,Crops and livestock products,143,Morocco,5510,Production,523,Quinces,2014,2014,t,45881.7,A,Official figure,
QCL,Crops and livestock products,143,Morocco,5312,Area harvested,523,Quinces,2015,2015,ha,3380,A,Official figure,
QCL,Crops and livestock products,143,Morocco,5419,Yield,523,Quinces,2015,2015,100 g/ha,141052,A,Official figure,
QCL,Crops and livestock products,143,Morocco,5510,Production,523,Quinces,2015,2015,t,47678.3,A,Official figure,
QCL,Crops and livestock products,143,Morocco,5312,Area harvested,523,Quinces,2016,2016,ha,4651,A,Official figure,
QCL,Crops and livestock products,143,Morocco,5419,Yield,523,Quinces,2016,2016,100 g/ha,68987,A,Official figure,
QCL,Crops and livestock products,143,Morocco,5510,Production,523,Quinces,2016,2016,t,32087.2,A,Official figure,
QCL,Crops and livestock products,143,Morocco,5312,Area harvested,523,Quinces,2017,2017,ha,4067,A,Official figure,
QCL,Crops and livestock products,143,Morocco,5419,Yield,523,Quinces,2017,2017,100 g/ha,112483,A,Official figure,
QCL,Crops and livestock products,143,Morocco,5510,Production,523,Quinces,2017,2017,t,45745.7,A,Official figure,
QCL,Crops and livestock products,143,Morocco,5312,Area harvested,523,Quinces,2018,2018,ha,4357,A,Official figure,
QCL,Crops and livestock products,143,Morocco,5419,Yield,523,Quinces,2018,2018,100 g/ha,136449,A,Official figure,
QCL,Crops and livestock products,143,Morocco,5510,Production,523,Quinces,2018,2018,t,59443.88,A,Official figure,
QCL,Crops and livestock products,143,Morocco,5312,Area harvested,523,Quinces,2019,2019,ha,3532,A,Official figure,
QCL,Crops and livestock products,143,Morocco,5419,Yield,523,Quinces,2019,2019,100 g/ha,112136,A,Official figure,
QCL,Crops and livestock products,143,Morocco,5510,Production,523,Quinces,2019,2019,t,39600.7,A,Official figure,
QCL,Crops and livestock products,143,Morocco,5312,Area harvested,523,Quinces,2020,2020,ha,3411,A,Official figure,
QCL,Crops and livestock products,143,Morocco,5419,Yield,523,Quinces,2020,2020,100 g/ha,169181,A,Official figure,
QCL,Crops and livestock products,143,Morocco,5510,Production,523,Quinces,2020,2020,t,57700,A,Official figure,
QCL,Crops and livestock products,143,Morocco,5312,Area harvested,523,Quinces,2021,2021,ha,3180,A,Official figure,
QCL,Crops and livestock products,143,Morocco,5419,Yield,523,Quinces,2021,2021,100 g/ha,171827,A,Official figure,
QCL,Crops and livestock products,143,Morocco,5510,Production,523,Quinces,2021,2021,t,54641,A,Official figure,
QCL,Crops and livestock products,143,Morocco,5312,Area harvested,523,Quinces,2022,2022,ha,3068,A,Official figure,
QCL,Crops and livestock products,143,Morocco,5419,Yield,523,Quinces,2022,2022,100 g/ha,165214,A,Official figure,
QCL,Crops and livestock products,143,Morocco,5510,Production,523,Quinces,2022,2022,t,50688.5,A,Official figure,
QCL,Crops and livestock products,143,Morocco,5312,Area harvested,270,Rape or colza seed,1961,1961,ha,0,A,Official figure,
QCL,Crops and livestock products,143,Morocco,5510,Production,270,Rape or colza seed,1961,1961,t,0,A,Official figure,
QCL,Crops and livestock products,143,Morocco,5312,Area harvested,270,Rape or colza seed,1962,1962,ha,0,A,Official figure,
QCL,Crops and livestock products,143,Morocco,5510,Production,270,Rape or colza seed,1962,1962,t,0,A,Official figure,
QCL,Crops and livestock products,143,Morocco,5312,Area harvested,270,Rape or colza seed,1963,1963,ha,0,A,Official figure,
QCL,Crops and livestock products,143,Morocco,5510,Production,270,Rape or colza seed,1963,1963,t,0,A,Official figure,
QCL,Crops and livestock products,143,Morocco,5312,Area harvested,270,Rape or colza seed,1964,1964,ha,0,A,Official figure,
QCL,Crops and livestock products,143,Morocco,5510,Production,270,Rape or colza seed,1964,1964,t,0,A,Official figure,
QCL,Crops and livestock products,143,Morocco,5312,Area harvested,270,Rape or colza seed,1965,1965,ha,0,A,Official figure,
QCL,Crops and livestock products,143,Morocco,5510,Production,270,Rape or colza seed,1965,1965,t,0,A,Official figure,
QCL,Crops and livestock products,143,Morocco,5312,Area harvested,270,Rape or colza seed,1966,1966,ha,0,A,Official figure,
QCL,Crops and livestock products,143,Morocco,5510,Production,270,Rape or colza seed,1966,1966,t,0,A,Official figure,
QCL,Crops and livestock products,143,Morocco,5312,Area harvested,270,Rape or colza seed,1967,1967,ha,0,A,Official figure,
QCL,Crops and livestock products,143,Morocco,5510,Production,270,Rape or colza seed,1967,1967,t,0,A,Official figure,
QCL,Crops and livestock products,143,Morocco,5312,Area harvested,270,Rape or colza seed,1968,1968,ha,0,A,Official figure,
QCL,Crops and livestock products,143,Morocco,5510,Production,270,Rape or colza seed,1968,1968,t,0,A,Official figure,
QCL,Crops and livestock products,143,Morocco,5312,Area harvested,270,Rape or colza seed,1969,1969,ha,0,A,Official figure,
QCL,Crops and livestock products,143,Morocco,5510,Production,270,Rape or colza seed,1969,1969,t,0,A,Official figure,
QCL,Crops and livestock products,143,Morocco,5312,Area harvested,270,Rape or colza seed,1970,1970,ha,0,A,Official figure,
QCL,Crops and livestock products,143,Morocco,5510,Production,270,Rape or colza seed,1970,1970,t,0,A,Official figure,
QCL,Crops and livestock products,143,Morocco,5312,Area harvested,270,Rape or colza seed,1971,1971,ha,0,A,Official figure,
QCL,Crops and livestock products,143,Morocco,5510,Production,270,Rape or colza seed,1971,1971,t,0,A,Official figure,
QCL,Crops and livestock products,143,Morocco,5312,Area harvested,270,Rape or colza seed,1972,1972,ha,0,A,Official figure,
QCL,Crops and livestock products,143,Morocco,5510,Production,270,Rape or colza seed,1972,1972,t,0,A,Official figure,
QCL,Crops and livestock products,143,Morocco,5312,Area harvested,270,Rape or colza seed,1973,1973,ha,0,A,Official figure,
QCL,Crops and livestock products,143,Morocco,5510,Production,270,Rape or colza seed,1973,1973,t,0,A,Official figure,
QCL,Crops and livestock products,143,Morocco,5312,Area harvested,270,Rape or colza seed,1974,1974,ha,0,A,Official figure,
QCL,Crops and livestock products,143,Morocco,5510,Production,270,Rape or colza seed,1974,1974,t,0,A,Official figure,
QCL,Crops and livestock products,143,Morocco,5312,Area harvested,270,Rape or colza seed,1975,1975,ha,0,A,Official figure,
QCL,Crops and livestock products,143,Morocco,5510,Production,270,Rape or colza seed,1975,1975,t,0,A,Official figure,
QCL,Crops and livestock products,143,Morocco,5312,Area harvested,270,Rape or colza seed,1976,1976,ha,0,A,Official figure,
QCL,Crops and livestock products,143,Morocco,5510,Production,270,Rape or colza seed,1976,1976,t,0,A,Official figure,
QCL,Crops and livestock products,143,Morocco,5312,Area harvested,270,Rape or colza seed,1977,1977,ha,0,A,Official figure,
QCL,Crops and livestock products,143,Morocco,5510,Production,270,Rape or colza seed,1977,1977,t,0,A,Official figure,
QCL,Crops and livestock products,143,Morocco,5312,Area harvested,270,Rape or colza seed,1978,1978,ha,0,A,Official figure,
QCL,Crops and livestock products,143,Morocco,5510,Production,270,Rape or colza seed,1978,1978,t,0,A,Official figure,
QCL,Crops and livestock products,143,Morocco,5312,Area harvested,270,Rape or colza seed,1979,1979,ha,0,A,Official figure,
QCL,Crops and livestock products,143,Morocco,5510,Production,270,Rape or colza seed,1979,1979,t,0,A,Official figure,
QCL,Crops and livestock products,143,Morocco,5312,Area harvested,270,Rape or colza seed,1980,1980,ha,0,A,Official figure,
QCL,Crops and livestock products,143,Morocco,5510,Production,270,Rape or colza seed,1980,1980,t,0,A,Official figure,
QCL,Crops and livestock products,143,Morocco,5312,Area harvested,270,Rape or colza seed,1981,1981,ha,400,A,Official figure,
QCL,Crops and livestock products,143,Morocco,5419,Yield,270,Rape or colza seed,1981,1981,100 g/ha,12000,A,Official figure,
QCL,Crops and livestock products,143,Morocco,5510,Production,270,Rape or colza seed,1981,1981,t,480,A,Official figure,
QCL,Crops and livestock products,143,Morocco,5312,Area harvested,270,Rape or colza seed,1982,1982,ha,500,A,Official figure,
QCL,Crops and livestock products,143,Morocco,5419,Yield,270,Rape or colza seed,1982,1982,100 g/ha,12000,A,Official figure,
QCL,Crops and livestock products,143,Morocco,5510,Production,270,Rape or colza seed,1982,1982,t,600,A,Official figure,
QCL,Crops and livestock products,143,Morocco,5312,Area harvested,270,Rape or colza seed,1983,1983,ha,500,A,Official figure,
QCL,Crops and livestock products,143,Morocco,5419,Yield,270,Rape or colza seed,1983,1983,100 g/ha,12000,A,Official figure,
QCL,Crops and livestock products,143,Morocco,5510,Production,270,Rape or colza seed,1983,1983,t,600,A,Official figure,
QCL,Crops and livestock products,143,Morocco,5312,Area harvested,270,Rape or colza seed,1984,1984,ha,600,X,Figure from international organizations,Unofficial figure
QCL,Crops and livestock products,143,Morocco,5419,Yield,270,Rape or colza seed,1984,1984,100 g/ha,10000,E,Estimated value,
QCL,Crops and livestock products,143,Morocco,5510,Production,270,Rape or colza seed,1984,1984,t,600,E,Estimated value,
QCL,Crops and livestock products,143,Morocco,5312,Area harvested,270,Rape or colza seed,1985,1985,ha,600,X,Figure from international organizations,Unofficial figure
QCL,Crops and livestock products,143,Morocco,5419,Yield,270,Rape or colza seed,1985,1985,100 g/ha,10000,E,Estimated value,
QCL,Crops and livestock products,143,Morocco,5510,Production,270,Rape or colza seed,1985,1985,t,600,E,Estimated value,
QCL,Crops and livestock products,143,Morocco,5312,Area harvested,270,Rape or colza seed,1986,1986,ha,600,E,Estimated value,
QCL,Crops and livestock products,143,Morocco,5419,Yield,270,Rape or colza seed,1986,1986,100 g/ha,10000,E,Estimated value,
QCL,Crops and livestock products,143,Morocco,5510,Production,270,Rape or colza seed,1986,1986,t,600,E,Estimated value,
QCL,Crops and livestock products,143,Morocco,5312,Area harvested,270,Rape or colza seed,1987,1987,ha,800,E,Estimated value,
QCL,Crops and livestock products,143,Morocco,5419,Yield,270,Rape or colza seed,1987,1987,100 g/ha,10000,E,Estimated value,
QCL,Crops and livestock products,143,Morocco,5510,Production,270,Rape or colza seed,1987,1987,t,800,A,Official figure,
QCL,Crops and livestock products,143,Morocco,5312,Area harvested,270,Rape or colza seed,1988,1988,ha,440,A,Official figure,
QCL,Crops and livestock products,143,Morocco,5419,Yield,270,Rape or colza seed,1988,1988,100 g/ha,13636,A,Official figure,
QCL,Crops and livestock products,143,Morocco,5510,Production,270,Rape or colza seed,1988,1988,t,600,A,Official figure,
QCL,Crops and livestock products,143,Morocco,5312,Area harvested,270,Rape or colza seed,1989,1989,ha,1800,A,Official figure,
QCL,Crops and livestock products,143,Morocco,5419,Yield,270,Rape or colza seed,1989,1989,100 g/ha,9444,A,Official figure,
QCL,Crops and livestock products,143,Morocco,5510,Production,270,Rape or colza seed,1989,1989,t,1700,A,Official figure,
QCL,Crops and livestock products,143,Morocco,5312,Area harvested,270,Rape or colza seed,1990,1990,ha,4700,A,Official figure,
QCL,Crops and livestock products,143,Morocco,5419,Yield,270,Rape or colza seed,1990,1990,100 g/ha,10213,A,Official figure,
QCL,Crops and livestock products,143,Morocco,5510,Production,270,Rape or colza seed,1990,1990,t,4800,A,Official figure,
QCL,Crops and livestock products,143,Morocco,5312,Area harvested,270,Rape or colza seed,1991,1991,ha,2600,A,Official figure,
QCL,Crops and livestock products,143,Morocco,5419,Yield,270,Rape or colza seed,1991,1991,100 g/ha,6538,A,Official figure,
QCL,Crops and livestock products,143,Morocco,5510,Production,270,Rape or colza seed,1991,1991,t,1700,A,Official figure,
QCL,Crops and livestock products,143,Morocco,5312,Area harvested,270,Rape or colza seed,1992,1992,ha,1000,A,Official figure,
QCL,Crops and livestock products,143,Morocco,5419,Yield,270,Rape or colza seed,1992,1992,100 g/ha,10000,A,Official figure,
QCL,Crops and livestock products,143,Morocco,5510,Production,270,Rape or colza seed,1992,1992,t,1000,A,Official figure,
QCL,Crops and livestock products,143,Morocco,5312,Area harvested,270,Rape or colza seed,1993,1993,ha,1000,X,Figure from international organizations,Unofficial figure
QCL,Crops and livestock products,143,Morocco,5419,Yield,270,Rape or colza seed,1993,1993,100 g/ha,11000,E,Estimated value,
QCL,Crops and livestock products,143,Morocco,5510,Production,270,Rape or colza seed,1993,1993,t,1100,A,Official figure,
QCL,Crops and livestock products,143,Morocco,5312,Area harvested,270,Rape or colza seed,1994,1994,ha,2000,X,Figure from international organizations,Unofficial figure
QCL,Crops and livestock products,143,Morocco,5419,Yield,270,Rape or colza seed,1994,1994,100 g/ha,9800,E,Estimated value,
QCL,Crops and livestock products,143,Morocco,5510,Production,270,Rape or colza seed,1994,1994,t,1960,A,Official figure,
QCL,Crops and livestock products,143,Morocco,5312,Area harvested,270,Rape or colza seed,1995,1995,ha,2000,X,Figure from international organizations,Unofficial figure
QCL,Crops and livestock products,143,Morocco,5419,Yield,270,Rape or colza seed,1995,1995,100 g/ha,10000,X,Figure from international organizations,
QCL,Crops and livestock products,143,Morocco,5510,Production,270,Rape or colza seed,1995,1995,t,2000,X,Figure from international organizations,Unofficial figure
QCL,Crops and livestock products,143,Morocco,5312,Area harvested,270,Rape or colza seed,1996,1996,ha,600,A,Official figure,
QCL,Crops and livestock products,143,Morocco,5419,Yield,270,Rape or colza seed,1996,1996,100 g/ha,15333,A,Official figure,
QCL,Crops and livestock products,143,Morocco,5510,Production,270,Rape or colza seed,1996,1996,t,920,A,Official figure,
QCL,Crops and livestock products,143,Morocco,5312,Area harvested,270,Rape or colza seed,1997,1997,ha,500,A,Official figure,
QCL,Crops and livestock products,143,Morocco,5419,Yield,270,Rape or colza seed,1997,1997,100 g/ha,10000,A,Official figure,
QCL,Crops and livestock products,143,Morocco,5510,Production,270,Rape or colza seed,1997,1997,t,500,A,Official figure,
QCL,Crops and livestock products,143,Morocco,5312,Area harvested,270,Rape or colza seed,1998,1998,ha,900,A,Official figure,
QCL,Crops and livestock products,143,Morocco,5419,Yield,270,Rape or colza seed,1998,1998,100 g/ha,13333,A,Official figure,
QCL,Crops and livestock products,143,Morocco,5510,Production,270,Rape or colza seed,1998,1998,t,1200,A,Official figure,
QCL,Crops and livestock products,143,Morocco,5312,Area harvested,270,Rape or colza seed,1999,1999,ha,1000,X,Figure from international organizations,Unofficial figure
QCL,Crops and livestock products,143,Morocco,5419,Yield,270,Rape or colza seed,1999,1999,100 g/ha,10000,X,Figure from international organizations,
QCL,Crops and livestock products,143,Morocco,5510,Production,270,Rape or colza seed,1999,1999,t,1000,X,Figure from international organizations,Unofficial figure
QCL,Crops and livestock products,143,Morocco,5312,Area harvested,270,Rape or colza seed,2000,2000,ha,1000,X,Figure from international organizations,Unofficial figure
QCL,Crops and livestock products,143,Morocco,5419,Yield,270,Rape or colza seed,2000,2000,100 g/ha,10000,X,Figure from international organizations,
QCL,Crops and livestock products,143,Morocco,5510,Production,270,Rape or colza seed,2000,2000,t,1000,X,Figure from international organizations,Unofficial figure
QCL,Crops and livestock products,143,Morocco,5312,Area harvested,270,Rape or colza seed,2001,2001,ha,400,A,Official figure,
QCL,Crops and livestock products,143,Morocco,5419,Yield,270,Rape or colza seed,2001,2001,100 g/ha,7500,A,Official figure,
QCL,Crops and livestock products,143,Morocco,5510,Production,270,Rape or colza seed,2001,2001,t,300,A,Official figure,
QCL,Crops and livestock products,143,Morocco,5312,Area harvested,270,Rape or colza seed,2002,2002,ha,1000,X,Figure from international organizations,Unofficial figure
QCL,Crops and livestock products,143,Morocco,5419,Yield,270,Rape or colza seed,2002,2002,100 g/ha,10000,X,Figure from international organizations,
QCL,Crops and livestock products,143,Morocco,5510,Production,270,Rape or colza seed,2002,2002,t,1000,X,Figure from international organizations,Unofficial figure
QCL,Crops and livestock products,143,Morocco,5312,Area harvested,270,Rape or colza seed,2003,2003,ha,1000,X,Figure from international organizations,Unofficial figure
QCL,Crops and livestock products,143,Morocco,5419,Yield,270,Rape or colza seed,2003,2003,100 g/ha,10000,X,Figure from international organizations,
QCL,Crops and livestock products,143,Morocco,5510,Production,270,Rape or colza seed,2003,2003,t,1000,X,Figure from international organizations,Unofficial figure
QCL,Crops and livestock products,143,Morocco,5312,Area harvested,270,Rape or colza seed,2004,2004,ha,1000,X,Figure from international organizations,Unofficial figure
QCL,Crops and livestock products,143,Morocco,5419,Yield,270,Rape or colza seed,2004,2004,100 g/ha,10000,X,Figure from international organizations,
QCL,Crops and livestock products,143,Morocco,5510,Production,270,Rape or colza seed,2004,2004,t,1000,X,Figure from international organizations,Unofficial figure
QCL,Crops and livestock products,143,Morocco,5312,Area harvested,270,Rape or colza seed,2005,2005,ha,1000,X,Figure from international organizations,Unofficial figure
QCL,Crops and livestock products,143,Morocco,5419,Yield,270,Rape or colza seed,2005,2005,100 g/ha,10000,X,Figure from international organizations,
QCL,Crops and livestock products,143,Morocco,5510,Production,270,Rape or colza seed,2005,2005,t,1000,X,Figure from international organizations,Unofficial figure
QCL,Crops and livestock products,143,Morocco,5312,Area harvested,270,Rape or colza seed,2006,2006,ha,1000,X,Figure from international organizations,Unofficial figure
QCL,Crops and livestock products,143,Morocco,5419,Yield,270,Rape or colza seed,2006,2006,100 g/ha,10000,X,Figure from international organizations,
QCL,Crops and livestock products,143,Morocco,5510,Production,270,Rape or colza seed,2006,2006,t,1000,X,Figure from international organizations,Unofficial figure
QCL,Crops and livestock products,143,Morocco,5312,Area harvested,270,Rape or colza seed,2007,2007,ha,1000,X,Figure from international organizations,Unofficial figure
QCL,Crops and livestock products,143,Morocco,5419,Yield,270,Rape or colza seed,2007,2007,100 g/ha,10000,X,Figure from international organizations,
QCL,Crops and livestock products,143,Morocco,5510,Production,270,Rape or colza seed,2007,2007,t,1000,X,Figure from international organizations,Unofficial figure
QCL,Crops and livestock products,143,Morocco,5312,Area harvested,270,Rape or colza seed,2008,2008,ha,1000,X,Figure from international organizations,Unofficial figure
QCL,Crops and livestock products,143,Morocco,5419,Yield,270,Rape or colza seed,2008,2008,100 g/ha,10000,X,Figure from international organizations,
QCL,Crops and livestock products,143,Morocco,5510,Production,270,Rape or colza seed,2008,2008,t,1000,X,Figure from international organizations,Unofficial figure
QCL,Crops and livestock products,143,Morocco,5312,Area harvested,270,Rape or colza seed,2009,2009,ha,1000,X,Figure from international organizations,Unofficial figure
QCL,Crops and livestock products,143,Morocco,5419,Yield,270,Rape or colza seed,2009,2009,100 g/ha,10000,X,Figure from international organizations,
QCL,Crops and livestock products,143,Morocco,5510,Production,270,Rape or colza seed,2009,2009,t,1000,X,Figure from international organizations,Unofficial figure
QCL,Crops and livestock products,143,Morocco,5312,Area harvested,270,Rape or colza seed,2010,2010,ha,1000,X,Figure from international organizations,Unofficial figure
QCL,Crops and livestock products,143,Morocco,5419,Yield,270,Rape or colza seed,2010,2010,100 g/ha,10000,X,Figure from international organizations,
QCL,Crops and livestock products,143,Morocco,5510,Production,270,Rape or colza seed,2010,2010,t,1000,X,Figure from international organizations,Unofficial figure
QCL,Crops and livestock products,143,Morocco,5312,Area harvested,270,Rape or colza seed,2011,2011,ha,1000,X,Figure from international organizations,Unofficial figure
QCL,Crops and livestock products,143,Morocco,5419,Yield,270,Rape or colza seed,2011,2011,100 g/ha,10000,X,Figure from international organizations,
QCL,Crops and livestock products,143,Morocco,5510,Production,270,Rape or colza seed,2011,2011,t,1000,X,Figure from international organizations,Unofficial figure
QCL,Crops and livestock products,143,Morocco,5312,Area harvested,270,Rape or colza seed,2012,2012,ha,1000,X,Figure from international organizations,Unofficial figure
QCL,Crops and livestock products,143,Morocco,5419,Yield,270,Rape or colza seed,2012,2012,100 g/ha,10000,X,Figure from international organizations,
QCL,Crops and livestock products,143,Morocco,5510,Production,270,Rape or colza seed,2012,2012,t,1000,X,Figure from international organizations,Unofficial figure
QCL,Crops and livestock products,143,Morocco,5312,Area harvested,270,Rape or colza seed,2013,2013,ha,1000,X,Figure from international organizations,Unofficial figure
QCL,Crops and livestock products,143,Morocco,5419,Yield,270,Rape or colza seed,2013,2013,100 g/ha,10000,X,Figure from international organizations,
QCL,Crops and livestock products,143,Morocco,5510,Production,270,Rape or colza seed,2013,2013,t,1000,X,Figure from international organizations,Unofficial figure
QCL,Crops and livestock products,143,Morocco,5312,Area harvested,270,Rape or colza seed,2014,2014,ha,1000,X,Figure from international organizations,Unofficial figure
QCL,Crops and livestock products,143,Morocco,5419,Yield,270,Rape or colza seed,2014,2014,100 g/ha,20000,X,Figure from international organizations,
QCL,Crops and livestock products,143,Morocco,5510,Production,270,Rape or colza seed,2014,2014,t,2000,X,Figure from international organizations,Unofficial figure
QCL,Crops and livestock products,143,Morocco,5312,Area harvested,270,Rape or colza seed,2015,2015,ha,1000,X,Figure from international organizations,Unofficial figure
QCL,Crops and livestock products,143,Morocco,5419,Yield,270,Rape or colza seed,2015,2015,100 g/ha,20000,X,Figure from international organizations,
QCL,Crops and livestock products,143,Morocco,5510,Production,270,Rape or colza seed,2015,2015,t,2000,X,Figure from international organizations,Unofficial figure
QCL,Crops and livestock products,143,Morocco,5312,Area harvested,270,Rape or colza seed,2016,2016,ha,2000,X,Figure from international organizations,Unofficial figure
QCL,Crops and livestock products,143,Morocco,5419,Yield,270,Rape or colza seed,2016,2016,100 g/ha,10000,X,Figure from international organizations,
QCL,Crops and livestock products,143,Morocco,5510,Production,270,Rape or colza seed,2016,2016,t,2000,X,Figure from international organizations,Unofficial figure
QCL,Crops and livestock products,143,Morocco,5312,Area harvested,270,Rape or colza seed,2017,2017,ha,2000,X,Figure from international organizations,Unofficial figure
QCL,Crops and livestock products,143,Morocco,5419,Yield,270,Rape or colza seed,2017,2017,100 g/ha,15000,X,Figure from international organizations,
QCL,Crops and livestock products,143,Morocco,5510,Production,270,Rape or colza seed,2017,2017,t,3000,X,Figure from international organizations,Unofficial figure
QCL,Crops and livestock products,143,Morocco,5312,Area harvested,270,Rape or colza seed,2018,2018,ha,2000,X,Figure from international organizations,Unofficial figure
QCL,Crops and livestock products,143,Morocco,5419,Yield,270,Rape or colza seed,2018,2018,100 g/ha,15000,X,Figure from international organizations,
QCL,Crops and livestock products,143,Morocco,5510,Production,270,Rape or colza seed,2018,2018,t,3000,X,Figure from international organizations,Unofficial figure
QCL,Crops and livestock products,143,Morocco,5312,Area harvested,270,Rape or colza seed,2019,2019,ha,1000,X,Figure from international organizations,Unofficial figure
QCL,Crops and livestock products,143,Morocco,5419,Yield,270,Rape or colza seed,2019,2019,100 g/ha,20000,X,Figure from international organizations,
QCL,Crops and livestock products,143,Morocco,5510,Production,270,Rape or colza seed,2019,2019,t,2000,X,Figure from international organizations,Unofficial figure
QCL,Crops and livestock products,143,Morocco,5312,Area harvested,270,Rape or colza seed,2020,2020,ha,2000,X,Figure from international organizations,Unofficial figure
QCL,Crops and livestock products,143,Morocco,5419,Yield,270,Rape or colza seed,2020,2020,100 g/ha,15000,X,Figure from international organizations,
QCL,Crops and livestock products,143,Morocco,5510,Production,270,Rape or colza seed,2020,2020,t,3000,X,Figure from international organizations,Unofficial figure
QCL,Crops and livestock products,143,Morocco,5312,Area harvested,270,Rape or colza seed,2021,2021,ha,2000,X,Figure from international organizations,Unofficial figure
QCL,Crops and livestock products,143,Morocco,5419,Yield,270,Rape or colza seed,2021,2021,100 g/ha,15000,X,Figure from international organizations,
QCL,Crops and livestock products,143,Morocco,5510,Production,270,Rape or colza seed,2021,2021,t,3000,X,Figure from international organizations,Unofficial figure
QCL,Crops and livestock products,143,Morocco,5312,Area harvested,270,Rape or colza seed,2022,2022,ha,1000,A,Official figure,
QCL,Crops and livestock products,143,Morocco,5419,Yield,270,Rape or colza seed,2022,2022,100 g/ha,20000,A,Official figure,
QCL,Crops and livestock products,143,Morocco,5510,Production,270,Rape or colza seed,2022,2022,t,2000,A,Official figure,
QCL,Crops and livestock products,143,Morocco,5510,Production,271,"Rapeseed or canola oil, crude",1961,1961,t,1820.58,I,Imputed value,
QCL,Crops and livestock products,143,Morocco,5510,Production,271,"Rapeseed or canola oil, crude",1962,1962,t,0,A,Official figure,
QCL,Crops and livestock products,143,Morocco,5510,Production,271,"Rapeseed or canola oil, crude",1963,1963,t,0,A,Official figure,
QCL,Crops and livestock products,143,Morocco,5510,Production,271,"Rapeseed or canola oil, crude",1964,1964,t,2.66,I,Imputed value,
QCL,Crops and livestock products,143,Morocco,5510,Production,271,"Rapeseed or canola oil, crude",1965,1965,t,7.6,I,Imputed value,
QCL,Crops and livestock products,143,Morocco,5510,Production,271,"Rapeseed or canola oil, crude",1966,1966,t,1909.88,I,Imputed value,
QCL,Crops and livestock products,143,Morocco,5510,Production,271,"Rapeseed or canola oil, crude",1967,1967,t,6080.76,I,Imputed value,
QCL,Crops and livestock products,143,Morocco,5510,Production,271,"Rapeseed or canola oil, crude",1968,1968,t,4743.16,I,Imputed value,
QCL,Crops and livestock products,143,Morocco,5510,Production,271,"Rapeseed or canola oil, crude",1969,1969,t,6824.04,I,Imputed value,
QCL,Crops and livestock products,143,Morocco,5510,Production,271,"Rapeseed or canola oil, crude",1970,1970,t,6179.56,I,Imputed value,
QCL,Crops and livestock products,143,Morocco,5510,Production,271,"Rapeseed or canola oil, crude",1971,1971,t,4388.62,I,Imputed value,
QCL,Crops and livestock products,143,Morocco,5510,Production,271,"Rapeseed or canola oil, crude",1972,1972,t,5756.24,I,Imputed value,
QCL,Crops and livestock products,143,Morocco,5510,Production,271,"Rapeseed or canola oil, crude",1973,1973,t,5657.82,I,Imputed value,
QCL,Crops and livestock products,143,Morocco,5510,Production,271,"Rapeseed or canola oil, crude",1974,1974,t,5907.1,I,Imputed value,
QCL,Crops and livestock products,143,Morocco,5510,Production,271,"Rapeseed or canola oil, crude",1975,1975,t,9.12,I,Imputed value,
QCL,Crops and livestock products,143,Morocco,5510,Production,271,"Rapeseed or canola oil, crude",1976,1976,t,6885.6,I,Imputed value,
QCL,Crops and livestock products,143,Morocco,5510,Production,271,"Rapeseed or canola oil, crude",1977,1977,t,0,A,Official figure,
QCL,Crops and livestock products,143,Morocco,5510,Production,271,"Rapeseed or canola oil, crude",1978,1978,t,15.58,I,Imputed value,
QCL,Crops and livestock products,143,Morocco,5510,Production,271,"Rapeseed or canola oil, crude",1979,1979,t,7980,I,Imputed value,
QCL,Crops and livestock products,143,Morocco,5510,Production,271,"Rapeseed or canola oil, crude",1980,1980,t,5320,I,Imputed value,
QCL,Crops and livestock products,143,Morocco,5510,Production,271,"Rapeseed or canola oil, crude",1981,1981,t,2150.42,I,Imputed value,
QCL,Crops and livestock products,143,Morocco,5510,Production,271,"Rapeseed or canola oil, crude",1982,1982,t,2948.04,I,Imputed value,
QCL,Crops and livestock products,143,Morocco,5510,Production,271,"Rapeseed or canola oil, crude",1983,1983,t,7542.62,I,Imputed value,
QCL,Crops and livestock products,143,Morocco,5510,Production,271,"Rapeseed or canola oil, crude",1984,1984,t,4408,I,Imputed value,
QCL,Crops and livestock products,143,Morocco,5510,Production,271,"Rapeseed or canola oil, crude",1985,1985,t,11275.36,I,Imputed value,
QCL,Crops and livestock products,143,Morocco,5510,Production,271,"Rapeseed or canola oil, crude",1986,1986,t,228.76,I,Imputed value,
QCL,Crops and livestock products,143,Morocco,5510,Production,271,"Rapeseed or canola oil, crude",1987,1987,t,5325.7,I,Imputed value,
QCL,Crops and livestock products,143,Morocco,5510,Production,271,"Rapeseed or canola oil, crude",1988,1988,t,229.52,I,Imputed value,
QCL,Crops and livestock products,143,Morocco,5510,Production,271,"Rapeseed or canola oil, crude",1989,1989,t,658.16,I,Imputed value,
QCL,Crops and livestock products,143,Morocco,5510,Production,271,"Rapeseed or canola oil, crude",1990,1990,t,1824,I,Imputed value,
QCL,Crops and livestock products,143,Morocco,5510,Production,271,"Rapeseed or canola oil, crude",1991,1991,t,5997.54,I,Imputed value,
QCL,Crops and livestock products,143,Morocco,5510,Production,271,"Rapeseed or canola oil, crude",1992,1992,t,11927.44,I,Imputed value,
QCL,Crops and livestock products,143,Morocco,5510,Production,271,"Rapeseed or canola oil, crude",1993,1993,t,16958.26,I,Imputed value,
QCL,Crops and livestock products,143,Morocco,5510,Production,271,"Rapeseed or canola oil, crude",1994,1994,t,14019.34,I,Imputed value,
QCL,Crops and livestock products,143,Morocco,5510,Production,271,"Rapeseed or canola oil, crude",1995,1995,t,19407.74,I,Imputed value,
QCL,Crops and livestock products,143,Morocco,5510,Production,271,"Rapeseed or canola oil, crude",1996,1996,t,17071.5,I,Imputed value,
QCL,Crops and livestock products,143,Morocco,5510,Production,271,"Rapeseed or canola oil, crude",1997,1997,t,197.22,I,Imputed value,
QCL,Crops and livestock products,143,Morocco,5510,Production,271,"Rapeseed or canola oil, crude",1998,1998,t,10494.46,I,Imputed value,
QCL,Crops and livestock products,143,Morocco,5510,Production,271,"Rapeseed or canola oil, crude",1999,1999,t,383.8,I,Imputed value,
QCL,Crops and livestock products,143,Morocco,5510,Production,271,"Rapeseed or canola oil, crude",2000,2000,t,12177.86,I,Imputed value,
QCL,Crops and livestock products,143,Morocco,5510,Production,271,"Rapeseed or canola oil, crude",2001,2001,t,114.76,I,Imputed value,
QCL,Crops and livestock products,143,Morocco,5510,Production,271,"Rapeseed or canola oil, crude",2002,2002,t,418,I,Imputed value,
QCL,Crops and livestock products,143,Morocco,5510,Production,271,"Rapeseed or canola oil, crude",2003,2003,t,380,I,Imputed value,
QCL,Crops and livestock products,143,Morocco,5510,Production,271,"Rapeseed or canola oil, crude",2004,2004,t,943.92,I,Imputed value,
QCL,Crops and livestock products,143,Morocco,5510,Production,271,"Rapeseed or canola oil, crude",2005,2005,t,6887.88,I,Imputed value,
QCL,Crops and livestock products,143,Morocco,5510,Production,271,"Rapeseed or canola oil, crude",2006,2006,t,11191,I,Imputed value,
QCL,Crops and livestock products,143,Morocco,5510,Production,271,"Rapeseed or canola oil, crude",2007,2007,t,380,I,Imputed value,
QCL,Crops and livestock products,143,Morocco,5510,Production,271,"Rapeseed or canola oil, crude",2008,2008,t,2850,I,Imputed value,
QCL,Crops and livestock products,143,Morocco,5510,Production,271,"Rapeseed or canola oil, crude",2009,2009,t,2416.8,I,Imputed value,
QCL,Crops and livestock products,143,Morocco,5510,Production,271,"Rapeseed or canola oil, crude",2010,2010,t,306.61,I,Imputed value,
QCL,Crops and livestock products,143,Morocco,5510,Production,271,"Rapeseed or canola oil, crude",2011,2011,t,304.81,I,Imputed value,
QCL,Crops and livestock products,143,Morocco,5510,Production,271,"Rapeseed or canola oil, crude",2012,2012,t,306.77,I,Imputed value,
QCL,Crops and livestock products,143,Morocco,5510,Production,271,"Rapeseed or canola oil, crude",2013,2013,t,500,X,Figure from international organizations,Unofficial figure
QCL,Crops and livestock products,143,Morocco,5510,Production,271,"Rapeseed or canola oil, crude",2014,2014,t,400,X,Figure from international organizations,Unofficial figure
QCL,Crops and livestock products,143,Morocco,5510,Production,271,"Rapeseed or canola oil, crude",2015,2015,t,500,X,Figure from international organizations,Unofficial figure
QCL,Crops and livestock products,143,Morocco,5510,Production,271,"Rapeseed or canola oil, crude",2016,2016,t,500,X,Figure from international organizations,Unofficial figure
QCL,Crops and livestock products,143,Morocco,5510,Production,271,"Rapeseed or canola oil, crude",2017,2017,t,600,X,Figure from international organizations,Unofficial figure
QCL,Crops and livestock products,143,Morocco,5510,Production,271,"Rapeseed or canola oil, crude",2018,2018,t,600,X,Figure from international organizations,Unofficial figure
QCL,Crops and livestock products,143,Morocco,5510,Production,271,"Rapeseed or canola oil, crude",2019,2019,t,600,X,Figure from international organizations,Unofficial figure
QCL,Crops and livestock products,143,Morocco,5510,Production,271,"Rapeseed or canola oil, crude",2020,2020,t,500,X,Figure from international organizations,Unofficial figure
QCL,Crops and livestock products,143,Morocco,5510,Production,271,"Rapeseed or canola oil, crude",2021,2021,t,500,X,Figure from international organizations,Unofficial figure
QCL,Crops and livestock products,143,Morocco,5312,Area harvested,547,Raspberries,1961,1961,ha,0,M,"Missing value (data cannot exist, not applicable)",
QCL,Crops and livestock products,143,Morocco,5510,Production,547,Raspberries,1961,1961,t,0,A,Official figure,
QCL,Crops and livestock products,143,Morocco,5312,Area harvested,547,Raspberries,1962,1962,ha,0,M,"Missing value (data cannot exist, not applicable)",
QCL,Crops and livestock products,143,Morocco,5510,Production,547,Raspberries,1962,1962,t,0,A,Official figure,
QCL,Crops and livestock products,143,Morocco,5312,Area harvested,547,Raspberries,1963,1963,ha,0,M,"Missing value (data cannot exist, not applicable)",
QCL,Crops and livestock products,143,Morocco,5510,Production,547,Raspberries,1963,1963,t,0,A,Official figure,
QCL,Crops and livestock products,143,Morocco,5312,Area harvested,547,Raspberries,1964,1964,ha,0,M,"Missing value (data cannot exist, not applicable)",
QCL,Crops and livestock products,143,Morocco,5510,Production,547,Raspberries,1964,1964,t,0,A,Official figure,
QCL,Crops and livestock products,143,Morocco,5312,Area harvested,547,Raspberries,1965,1965,ha,0,M,"Missing value (data cannot exist, not applicable)",
QCL,Crops and livestock products,143,Morocco,5510,Production,547,Raspberries,1965,1965,t,0,A,Official figure,
QCL,Crops and livestock products,143,Morocco,5312,Area harvested,547,Raspberries,1966,1966,ha,0,M,"Missing value (data cannot exist, not applicable)",
QCL,Crops and livestock products,143,Morocco,5510,Production,547,Raspberries,1966,1966,t,0,A,Official figure,
QCL,Crops and livestock products,143,Morocco,5312,Area harvested,547,Raspberries,1967,1967,ha,0,M,"Missing value (data cannot exist, not applicable)",
QCL,Crops and livestock products,143,Morocco,5510,Production,547,Raspberries,1967,1967,t,0,A,Official figure,
QCL,Crops and livestock products,143,Morocco,5312,Area harvested,547,Raspberries,1968,1968,ha,0,M,"Missing value (data cannot exist, not applicable)",
QCL,Crops and livestock products,143,Morocco,5510,Production,547,Raspberries,1968,1968,t,0,A,Official figure,
QCL,Crops and livestock products,143,Morocco,5312,Area harvested,547,Raspberries,1969,1969,ha,0,M,"Missing value (data cannot exist, not applicable)",
QCL,Crops and livestock products,143,Morocco,5510,Production,547,Raspberries,1969,1969,t,0,A,Official figure,
QCL,Crops and livestock products,143,Morocco,5312,Area harvested,547,Raspberries,1970,1970,ha,0,M,"Missing value (data cannot exist, not applicable)",
QCL,Crops and livestock products,143,Morocco,5510,Production,547,Raspberries,1970,1970,t,0,A,Official figure,
QCL,Crops and livestock products,143,Morocco,5312,Area harvested,547,Raspberries,1971,1971,ha,0,M,"Missing value (data cannot exist, not applicable)",
QCL,Crops and livestock products,143,Morocco,5510,Production,547,Raspberries,1971,1971,t,20,E,Estimated value,
QCL,Crops and livestock products,143,Morocco,5312,Area harvested,547,Raspberries,1972,1972,ha,0,M,"Missing value (data cannot exist, not applicable)",
QCL,Crops and livestock products,143,Morocco,5510,Production,547,Raspberries,1972,1972,t,20,E,Estimated value,
QCL,Crops and livestock products,143,Morocco,5312,Area harvested,547,Raspberries,1973,1973,ha,0,M,"Missing value (data cannot exist, not applicable)",
QCL,Crops and livestock products,143,Morocco,5510,Production,547,Raspberries,1973,1973,t,50,E,Estimated value,
QCL,Crops and livestock products,143,Morocco,5312,Area harvested,547,Raspberries,1974,1974,ha,0,M,"Missing value (data cannot exist, not applicable)",
QCL,Crops and livestock products,143,Morocco,5510,Production,547,Raspberries,1974,1974,t,0,A,Official figure,
QCL,Crops and livestock products,143,Morocco,5312,Area harvested,547,Raspberries,1975,1975,ha,0,M,"Missing value (data cannot exist, not applicable)",
QCL,Crops and livestock products,143,Morocco,5510,Production,547,Raspberries,1975,1975,t,50,E,Estimated value,
QCL,Crops and livestock products,143,Morocco,5312,Area harvested,547,Raspberries,1976,1976,ha,0,M,"Missing value (data cannot exist, not applicable)",
QCL,Crops and livestock products,143,Morocco,5510,Production,547,Raspberries,1976,1976,t,50,E,Estimated value,
QCL,Crops and livestock products,143,Morocco,5312,Area harvested,547,Raspberries,1977,1977,ha,0,M,"Missing value (data cannot exist, not applicable)",
QCL,Crops and livestock products,143,Morocco,5510,Production,547,Raspberries,1977,1977,t,50,E,Estimated value,
QCL,Crops and livestock products,143,Morocco,5312,Area harvested,547,Raspberries,1978,1978,ha,0,M,"Missing value (data cannot exist, not applicable)",
QCL,Crops and livestock products,143,Morocco,5510,Production,547,Raspberries,1978,1978,t,50,E,Estimated value,
QCL,Crops and livestock products,143,Morocco,5312,Area harvested,547,Raspberries,1979,1979,ha,0,M,"Missing value (data cannot exist, not applicable)",
QCL,Crops and livestock products,143,Morocco,5510,Production,547,Raspberries,1979,1979,t,50,E,Estimated value,
QCL,Crops and livestock products,143,Morocco,5312,Area harvested,547,Raspberries,1980,1980,ha,0,M,"Missing value (data cannot exist, not applicable)",
QCL,Crops and livestock products,143,Morocco,5510,Production,547,Raspberries,1980,1980,t,50,E,Estimated value,
QCL,Crops and livestock products,143,Morocco,5312,Area harvested,547,Raspberries,1981,1981,ha,0,M,"Missing value (data cannot exist, not applicable)",
QCL,Crops and livestock products,143,Morocco,5510,Production,547,Raspberries,1981,1981,t,50,E,Estimated value,
QCL,Crops and livestock products,143,Morocco,5312,Area harvested,547,Raspberries,1982,1982,ha,0,M,"Missing value (data cannot exist, not applicable)",
QCL,Crops and livestock products,143,Morocco,5510,Production,547,Raspberries,1982,1982,t,50,E,Estimated value,
QCL,Crops and livestock products,143,Morocco,5312,Area harvested,547,Raspberries,1983,1983,ha,0,M,"Missing value (data cannot exist, not applicable)",
QCL,Crops and livestock products,143,Morocco,5510,Production,547,Raspberries,1983,1983,t,50,E,Estimated value,
QCL,Crops and livestock products,143,Morocco,5312,Area harvested,547,Raspberries,1984,1984,ha,0,M,"Missing value (data cannot exist, not applicable)",
QCL,Crops and livestock products,143,Morocco,5510,Production,547,Raspberries,1984,1984,t,50,E,Estimated value,
QCL,Crops and livestock products,143,Morocco,5312,Area harvested,547,Raspberries,1985,1985,ha,16,E,Estimated value,
QCL,Crops and livestock products,143,Morocco,5419,Yield,547,Raspberries,1985,1985,100 g/ha,31250,E,Estimated value,
QCL,Crops and livestock products,143,Morocco,5510,Production,547,Raspberries,1985,1985,t,50,E,Estimated value,
QCL,Crops and livestock products,143,Morocco,5312,Area harvested,547,Raspberries,1986,1986,ha,16,E,Estimated value,
QCL,Crops and livestock products,143,Morocco,5419,Yield,547,Raspberries,1986,1986,100 g/ha,31250,E,Estimated value,
QCL,Crops and livestock products,143,Morocco,5510,Production,547,Raspberries,1986,1986,t,50,E,Estimated value,
QCL,Crops and livestock products,143,Morocco,5312,Area harvested,547,Raspberries,1987,1987,ha,16,E,Estimated value,
QCL,Crops and livestock products,143,Morocco,5419,Yield,547,Raspberries,1987,1987,100 g/ha,31250,E,Estimated value,
QCL,Crops and livestock products,143,Morocco,5510,Production,547,Raspberries,1987,1987,t,50,E,Estimated value,
QCL,Crops and livestock products,143,Morocco,5312,Area harvested,547,Raspberries,1988,1988,ha,16,E,Estimated value,
QCL,Crops and livestock products,143,Morocco,5419,Yield,547,Raspberries,1988,1988,100 g/ha,43750,E,Estimated value,
QCL,Crops and livestock products,143,Morocco,5510,Production,547,Raspberries,1988,1988,t,70,E,Estimated value,
QCL,Crops and livestock products,143,Morocco,5312,Area harvested,547,Raspberries,1989,1989,ha,16,E,Estimated value,
QCL,Crops and livestock products,143,Morocco,5419,Yield,547,Raspberries,1989,1989,100 g/ha,43750,E,Estimated value,
QCL,Crops and livestock products,143,Morocco,5510,Production,547,Raspberries,1989,1989,t,70,E,Estimated value,
QCL,Crops and livestock products,143,Morocco,5312,Area harvested,547,Raspberries,1990,1990,ha,16,E,Estimated value,
QCL,Crops and livestock products,143,Morocco,5419,Yield,547,Raspberries,1990,1990,100 g/ha,35625,E,Estimated value,
QCL,Crops and livestock products,143,Morocco,5510,Production,547,Raspberries,1990,1990,t,57,E,Estimated value,
QCL,Crops and livestock products,143,Morocco,5312,Area harvested,547,Raspberries,1991,1991,ha,16,E,Estimated value,
QCL,Crops and livestock products,143,Morocco,5419,Yield,547,Raspberries,1991,1991,100 g/ha,62500,E,Estimated value,
QCL,Crops and livestock products,143,Morocco,5510,Production,547,Raspberries,1991,1991,t,100,E,Estimated value,
QCL,Crops and livestock products,143,Morocco,5312,Area harvested,547,Raspberries,1992,1992,ha,16,E,Estimated value,
QCL,Crops and livestock products,143,Morocco,5419,Yield,547,Raspberries,1992,1992,100 g/ha,69210,E,Estimated value,
QCL,Crops and livestock products,143,Morocco,5510,Production,547,Raspberries,1992,1992,t,110.74,I,Imputed value,
QCL,Crops and livestock products,143,Morocco,5312,Area harvested,547,Raspberries,1993,1993,ha,16,E,Estimated value,
QCL,Crops and livestock products,143,Morocco,5419,Yield,547,Raspberries,1993,1993,100 g/ha,74501,E,Estimated value,
QCL,Crops and livestock products,143,Morocco,5510,Production,547,Raspberries,1993,1993,t,119.2,I,Imputed value,
QCL,Crops and livestock products,143,Morocco,5312,Area harvested,547,Raspberries,1994,1994,ha,16,E,Estimated value,
QCL,Crops and livestock products,143,Morocco,5419,Yield,547,Raspberries,1994,1994,100 g/ha,81250,E,Estimated value,
QCL,Crops and livestock products,143,Morocco,5510,Production,547,Raspberries,1994,1994,t,130,E,Estimated value,
QCL,Crops and livestock products,143,Morocco,5312,Area harvested,547,Raspberries,1995,1995,ha,16,E,Estimated value,
QCL,Crops and livestock products,143,Morocco,5419,Yield,547,Raspberries,1995,1995,100 g/ha,84700,E,Estimated value,
QCL,Crops and livestock products,143,Morocco,5510,Production,547,Raspberries,1995,1995,t,135.52,I,Imputed value,
QCL,Crops and livestock products,143,Morocco,5312,Area harvested,547,Raspberries,1996,1996,ha,16,E,Estimated value,
QCL,Crops and livestock products,143,Morocco,5419,Yield,547,Raspberries,1996,1996,100 g/ha,89552,E,Estimated value,
QCL,Crops and livestock products,143,Morocco,5510,Production,547,Raspberries,1996,1996,t,143.28,I,Imputed value,
QCL,Crops and livestock products,143,Morocco,5312,Area harvested,547,Raspberries,1997,1997,ha,16,E,Estimated value,
QCL,Crops and livestock products,143,Morocco,5419,Yield,547,Raspberries,1997,1997,100 g/ha,93750,E,Estimated value,
QCL,Crops and livestock products,143,Morocco,5510,Production,547,Raspberries,1997,1997,t,150,E,Estimated value,
QCL,Crops and livestock products,143,Morocco,5312,Area harvested,547,Raspberries,1998,1998,ha,16,E,Estimated value,
QCL,Crops and livestock products,143,Morocco,5419,Yield,547,Raspberries,1998,1998,100 g/ha,99615,E,Estimated value,
QCL,Crops and livestock products,143,Morocco,5510,Production,547,Raspberries,1998,1998,t,159.38,I,Imputed value,
QCL,Crops and livestock products,143,Morocco,5312,Area harvested,547,Raspberries,1999,1999,ha,16,I,Imputed value,
QCL,Crops and livestock products,143,Morocco,5419,Yield,547,Raspberries,1999,1999,100 g/ha,104817,E,Estimated value,
QCL,Crops and livestock products,143,Morocco,5510,Production,547,Raspberries,1999,1999,t,170.38,I,Imputed value,
QCL,Crops and livestock products,143,Morocco,5312,Area harvested,547,Raspberries,2000,2000,ha,16,I,Imputed value,
QCL,Crops and livestock products,143,Morocco,5419,Yield,547,Raspberries,2000,2000,100 g/ha,109932,E,Estimated value,
QCL,Crops and livestock products,143,Morocco,5510,Production,547,Raspberries,2000,2000,t,180,E,Estimated value,
QCL,Crops and livestock products,143,Morocco,5312,Area harvested,547,Raspberries,2001,2001,ha,172,I,Imputed value,
QCL,Crops and livestock products,143,Morocco,5419,Yield,547,Raspberries,2001,2001,100 g/ha,98343,E,Estimated value,
QCL,Crops and livestock products,143,Morocco,5510,Production,547,Raspberries,2001,2001,t,1695.42,I,Imputed value,
QCL,Crops and livestock products,143,Morocco,5312,Area harvested,547,Raspberries,2002,2002,ha,223,I,Imputed value,
QCL,Crops and livestock products,143,Morocco,5419,Yield,547,Raspberries,2002,2002,100 g/ha,97154,E,Estimated value,
QCL,Crops and livestock products,143,Morocco,5510,Production,547,Raspberries,2002,2002,t,2165.52,I,Imputed value,
QCL,Crops and livestock products,143,Morocco,5312,Area harvested,547,Raspberries,2003,2003,ha,275,I,Imputed value,
QCL,Crops and livestock products,143,Morocco,5419,Yield,547,Raspberries,2003,2003,100 g/ha,96187,E,Estimated value,
QCL,Crops and livestock products,143,Morocco,5510,Production,547,Raspberries,2003,2003,t,2647.09,I,Imputed value,
QCL,Crops and livestock products,143,Morocco,5312,Area harvested,547,Raspberries,2004,2004,ha,329,I,Imputed value,
QCL,Crops and livestock products,143,Morocco,5419,Yield,547,Raspberries,2004,2004,100 g/ha,95430,E,Estimated value,
QCL,Crops and livestock products,143,Morocco,5510,Production,547,Raspberries,2004,2004,t,3143.91,I,Imputed value,
QCL,Crops and livestock products,143,Morocco,5312,Area harvested,547,Raspberries,2005,2005,ha,386,I,Imputed value,
QCL,Crops and livestock products,143,Morocco,5419,Yield,547,Raspberries,2005,2005,100 g/ha,94865,E,Estimated value,
QCL,Crops and livestock products,143,Morocco,5510,Production,547,Raspberries,2005,2005,t,3661,I,Imputed value,
QCL,Crops and livestock products,143,Morocco,5312,Area harvested,547,Raspberries,2006,2006,ha,445,I,Imputed value,
QCL,Crops and livestock products,143,Morocco,5419,Yield,547,Raspberries,2006,2006,100 g/ha,94471,E,Estimated value,
QCL,Crops and livestock products,143,Morocco,5510,Production,547,Raspberries,2006,2006,t,4204.85,I,Imputed value,
QCL,Crops and livestock products,143,Morocco,5312,Area harvested,547,Raspberries,2007,2007,ha,508,I,Imputed value,
QCL,Crops and livestock products,143,Morocco,5419,Yield,547,Raspberries,2007,2007,100 g/ha,94206,E,Estimated value,
QCL,Crops and livestock products,143,Morocco,5510,Production,547,Raspberries,2007,2007,t,4783.73,I,Imputed value,
QCL,Crops and livestock products,143,Morocco,5312,Area harvested,547,Raspberries,2008,2008,ha,589,I,Imputed value,
QCL,Crops and livestock products,143,Morocco,5419,Yield,547,Raspberries,2008,2008,100 g/ha,91843,E,Estimated value,
QCL,Crops and livestock products,143,Morocco,5510,Production,547,Raspberries,2008,2008,t,5406.86,I,Imputed value,
QCL,Crops and livestock products,143,Morocco,5312,Area harvested,547,Raspberries,2009,2009,ha,1107,I,Imputed value,
QCL,Crops and livestock products,143,Morocco,5419,Yield,547,Raspberries,2009,2009,100 g/ha,96635,E,Estimated value,
QCL,Crops and livestock products,143,Morocco,5510,Production,547,Raspberries,2009,2009,t,10696.61,I,Imputed value,
QCL,Crops and livestock products,143,Morocco,5312,Area harvested,547,Raspberries,2010,2010,ha,694,I,Imputed value,
QCL,Crops and livestock products,143,Morocco,5419,Yield,547,Raspberries,2010,2010,100 g/ha,96993,E,Estimated value,
QCL,Crops and livestock products,143,Morocco,5510,Production,547,Raspberries,2010,2010,t,6732.35,I,Imputed value,
QCL,Crops and livestock products,143,Morocco,5312,Area harvested,547,Raspberries,2011,2011,ha,777,I,Imputed value,
QCL,Crops and livestock products,143,Morocco,5419,Yield,547,Raspberries,2011,2011,100 g/ha,97404,E,Estimated value,
QCL,Crops and livestock products,143,Morocco,5510,Production,547,Raspberries,2011,2011,t,7563.86,I,Imputed value,
QCL,Crops and livestock products,143,Morocco,5312,Area harvested,547,Raspberries,2012,2012,ha,868,I,Imputed value,
QCL,Crops and livestock products,143,Morocco,5419,Yield,547,Raspberries,2012,2012,100 g/ha,97844,E,Estimated value,
QCL,Crops and livestock products,143,Morocco,5510,Production,547,Raspberries,2012,2012,t,8489.34,I,Imputed value,
QCL,Crops and livestock products,143,Morocco,5312,Area harvested,547,Raspberries,2013,2013,ha,968,I,Imputed value,
QCL,Crops and livestock products,143,Morocco,5419,Yield,547,Raspberries,2013,2013,100 g/ha,98288,E,Estimated value,
QCL,Crops and livestock products,143,Morocco,5510,Production,547,Raspberries,2013,2013,t,9514.25,I,Imputed value,
QCL,Crops and livestock products,143,Morocco,5312,Area harvested,547,Raspberries,2014,2014,ha,1078,I,Imputed value,
QCL,Crops and livestock products,143,Morocco,5419,Yield,547,Raspberries,2014,2014,100 g/ha,98713,E,Estimated value,
QCL,Crops and livestock products,143,Morocco,5510,Production,547,Raspberries,2014,2014,t,10637.28,I,Imputed value,
QCL,Crops and livestock products,143,Morocco,5312,Area harvested,547,Raspberries,2015,2015,ha,1196,I,Imputed value,
QCL,Crops and livestock products,143,Morocco,5419,Yield,547,Raspberries,2015,2015,100 g/ha,99093,E,Estimated value,
QCL,Crops and livestock products,143,Morocco,5510,Production,547,Raspberries,2015,2015,t,11850.86,I,Imputed value,
QCL,Crops and livestock products,143,Morocco,5312,Area harvested,547,Raspberries,2016,2016,ha,1659,I,Imputed value,
QCL,Crops and livestock products,143,Morocco,5419,Yield,547,Raspberries,2016,2016,100 g/ha,99404,E,Estimated value,
QCL,Crops and livestock products,143,Morocco,5510,Production,547,Raspberries,2016,2016,t,16488.35,I,Imputed value,
QCL,Crops and livestock products,143,Morocco,5312,Area harvested,547,Raspberries,2017,2017,ha,2164,I,Imputed value,
QCL,Crops and livestock products,143,Morocco,5419,Yield,547,Raspberries,2017,2017,100 g/ha,99622,E,Estimated value,
QCL,Crops and livestock products,143,Morocco,5510,Production,547,Raspberries,2017,2017,t,21561.8,I,Imputed value,
QCL,Crops and livestock products,143,Morocco,5312,Area harvested,547,Raspberries,2018,2018,ha,2393,I,Imputed value,
QCL,Crops and livestock products,143,Morocco,5419,Yield,547,Raspberries,2018,2018,100 g/ha,100286,E,Estimated value,
QCL,Crops and livestock products,143,Morocco,5510,Production,547,Raspberries,2018,2018,t,24000,E,Estimated value,
QCL,Crops and livestock products,143,Morocco,5312,Area harvested,547,Raspberries,2019,2019,ha,3531,I,Imputed value,
QCL,Crops and livestock products,143,Morocco,5419,Yield,547,Raspberries,2019,2019,100 g/ha,101968,E,Estimated value,
QCL,Crops and livestock products,143,Morocco,5510,Production,547,Raspberries,2019,2019,t,36000,E,Estimated value,
QCL,Crops and livestock products,143,Morocco,5312,Area harvested,547,Raspberries,2020,2020,ha,3410,I,Imputed value,
QCL,Crops and livestock products,143,Morocco,5419,Yield,547,Raspberries,2020,2020,100 g/ha,102626,E,Estimated value,
QCL,Crops and livestock products,143,Morocco,5510,Production,547,Raspberries,2020,2020,t,35000,E,Estimated value,
QCL,Crops and livestock products,143,Morocco,5312,Area harvested,547,Raspberries,2021,2021,ha,4066,I,Imputed value,
QCL,Crops and livestock products,143,Morocco,5419,Yield,547,Raspberries,2021,2021,100 g/ha,103307,E,Estimated value,
QCL,Crops and livestock products,143,Morocco,5510,Production,547,Raspberries,2021,2021,t,42000,E,Estimated value,
QCL,Crops and livestock products,143,Morocco,5312,Area harvested,547,Raspberries,2022,2022,ha,4331,I,Imputed value,
QCL,Crops and livestock products,143,Morocco,5419,Yield,547,Raspberries,2022,2022,100 g/ha,103988,E,Estimated value,
QCL,Crops and livestock products,143,Morocco,5510,Production,547,Raspberries,2022,2022,t,45039.48,I,Imputed value,
QCL,Crops and livestock products,143,Morocco,5510,Production,162,Raw cane or beet sugar (centrifugal only),1961,1961,t,6000,E,Estimated value,
QCL,Crops and livestock products,143,Morocco,5510,Production,162,Raw cane or beet sugar (centrifugal only),1962,1962,t,6000,E,Estimated value,
QCL,Crops and livestock products,143,Morocco,5510,Production,162,Raw cane or beet sugar (centrifugal only),1963,1963,t,5900,A,Official figure,
QCL,Crops and livestock products,143,Morocco,5510,Production,162,Raw cane or beet sugar (centrifugal only),1964,1964,t,21100,A,Official figure,
QCL,Crops and livestock products,143,Morocco,5510,Production,162,Raw cane or beet sugar (centrifugal only),1965,1965,t,23200,A,Official figure,
QCL,Crops and livestock products,143,Morocco,5510,Production,162,Raw cane or beet sugar (centrifugal only),1966,1966,t,54600,A,Official figure,
QCL,Crops and livestock products,143,Morocco,5510,Production,162,Raw cane or beet sugar (centrifugal only),1967,1967,t,47800,A,Official figure,
QCL,Crops and livestock products,143,Morocco,5510,Production,162,Raw cane or beet sugar (centrifugal only),1968,1968,t,107600,A,Official figure,
QCL,Crops and livestock products,143,Morocco,5510,Production,162,Raw cane or beet sugar (centrifugal only),1969,1969,t,117400,A,Official figure,
QCL,Crops and livestock products,143,Morocco,5510,Production,162,Raw cane or beet sugar (centrifugal only),1970,1970,t,163000,A,Official figure,
QCL,Crops and livestock products,143,Morocco,5510,Production,162,Raw cane or beet sugar (centrifugal only),1971,1971,t,222971,A,Official figure,
QCL,Crops and livestock products,143,Morocco,5510,Production,162,Raw cane or beet sugar (centrifugal only),1972,1972,t,245401,A,Official figure,
QCL,Crops and livestock products,143,Morocco,5510,Production,162,Raw cane or beet sugar (centrifugal only),1973,1973,t,227727,A,Official figure,
QCL,Crops and livestock products,143,Morocco,5510,Production,162,Raw cane or beet sugar (centrifugal only),1974,1974,t,264888,A,Official figure,
QCL,Crops and livestock products,143,Morocco,5510,Production,162,Raw cane or beet sugar (centrifugal only),1975,1975,t,257700,A,Official figure,
QCL,Crops and livestock products,143,Morocco,5510,Production,162,Raw cane or beet sugar (centrifugal only),1976,1976,t,328000,A,Official figure,
QCL,Crops and livestock products,143,Morocco,5510,Production,162,Raw cane or beet sugar (centrifugal only),1977,1977,t,243000,A,Official figure,
QCL,Crops and livestock products,143,Morocco,5510,Production,162,Raw cane or beet sugar (centrifugal only),1978,1978,t,409000,A,Official figure,
QCL,Crops and livestock products,143,Morocco,5510,Production,162,Raw cane or beet sugar (centrifugal only),1979,1979,t,363000,A,Official figure,
QCL,Crops and livestock products,143,Morocco,5510,Production,162,Raw cane or beet sugar (centrifugal only),1980,1980,t,359000,A,Official figure,
QCL,Crops and livestock products,143,Morocco,5510,Production,162,Raw cane or beet sugar (centrifugal only),1981,1981,t,369000,A,Official figure,
QCL,Crops and livestock products,143,Morocco,5510,Production,162,Raw cane or beet sugar (centrifugal only),1982,1982,t,384000,A,Official figure,
QCL,Crops and livestock products,143,Morocco,5510,Production,162,Raw cane or beet sugar (centrifugal only),1983,1983,t,470000,A,Official figure,
QCL,Crops and livestock products,143,Morocco,5510,Production,162,Raw cane or beet sugar (centrifugal only),1984,1984,t,405800,A,Official figure,
QCL,Crops and livestock products,143,Morocco,5510,Production,162,Raw cane or beet sugar (centrifugal only),1985,1985,t,362070,A,Official figure,
QCL,Crops and livestock products,143,Morocco,5510,Production,162,Raw cane or beet sugar (centrifugal only),1986,1986,t,411045,A,Official figure,
QCL,Crops and livestock products,143,Morocco,5510,Production,162,Raw cane or beet sugar (centrifugal only),1987,1987,t,425594,A,Official figure,
QCL,Crops and livestock products,143,Morocco,5510,Production,162,Raw cane or beet sugar (centrifugal only),1988,1988,t,504674,A,Official figure,
QCL,Crops and livestock products,143,Morocco,5510,Production,162,Raw cane or beet sugar (centrifugal only),1989,1989,t,470347,A,Official figure,
QCL,Crops and livestock products,143,Morocco,5510,Production,162,Raw cane or beet sugar (centrifugal only),1990,1990,t,499351,A,Official figure,
QCL,Crops and livestock products,143,Morocco,5510,Production,162,Raw cane or beet sugar (centrifugal only),1991,1991,t,498108,A,Official figure,
QCL,Crops and livestock products,143,Morocco,5510,Production,162,Raw cane or beet sugar (centrifugal only),1992,1992,t,452870,A,Official figure,
QCL,Crops and livestock products,143,Morocco,5510,Production,162,Raw cane or beet sugar (centrifugal only),1993,1993,t,506516,A,Official figure,
QCL,Crops and livestock products,143,Morocco,5510,Production,162,Raw cane or beet sugar (centrifugal only),1994,1994,t,481813,A,Official figure,
QCL,Crops and livestock products,143,Morocco,5510,Production,162,Raw cane or beet sugar (centrifugal only),1995,1995,t,454750,A,Official figure,
QCL,Crops and livestock products,143,Morocco,5510,Production,162,Raw cane or beet sugar (centrifugal only),1996,1996,t,399682,A,Official figure,
QCL,Crops and livestock products,143,Morocco,5510,Production,162,Raw cane or beet sugar (centrifugal only),1997,1997,t,406410,A,Official figure,
QCL,Crops and livestock products,143,Morocco,5510,Production,162,Raw cane or beet sugar (centrifugal only),1998,1998,t,458985,A,Official figure,
QCL,Crops and livestock products,143,Morocco,5510,Production,162,Raw cane or beet sugar (centrifugal only),1999,1999,t,480070,A,Official figure,
QCL,Crops and livestock products,143,Morocco,5510,Production,162,Raw cane or beet sugar (centrifugal only),2000,2000,t,523000,X,Figure from international organizations,Unofficial figure
QCL,Crops and livestock products,143,Morocco,5510,Production,162,Raw cane or beet sugar (centrifugal only),2001,2001,t,542000,X,Figure from international organizations,Unofficial figure
QCL,Crops and livestock products,143,Morocco,5510,Production,162,Raw cane or beet sugar (centrifugal only),2002,2002,t,515000,X,Figure from international organizations,Unofficial figure
QCL,Crops and livestock products,143,Morocco,5510,Production,162,Raw cane or beet sugar (centrifugal only),2003,2003,t,528000,X,Figure from international organizations,Unofficial figure
QCL,Crops and livestock products,143,Morocco,5510,Production,162,Raw cane or beet sugar (centrifugal only),2004,2004,t,514000,X,Figure from international organizations,Unofficial figure
QCL,Crops and livestock products,143,Morocco,5510,Production,162,Raw cane or beet sugar (centrifugal only),2005,2005,t,517000,X,Figure from international organizations,Unofficial figure
QCL,Crops and livestock products,143,Morocco,5510,Production,162,Raw cane or beet sugar (centrifugal only),2006,2006,t,444000,X,Figure from international organizations,Unofficial figure
QCL,Crops and livestock products,143,Morocco,5510,Production,162,Raw cane or beet sugar (centrifugal only),2007,2007,t,461000,X,Figure from international organizations,Unofficial figure
QCL,Crops and livestock products,143,Morocco,5510,Production,162,Raw cane or beet sugar (centrifugal only),2008,2008,t,510000,X,Figure from international organizations,Unofficial figure
QCL,Crops and livestock products,143,Morocco,5510,Production,162,Raw cane or beet sugar (centrifugal only),2009,2009,t,445000,X,Figure from international organizations,Unofficial figure
QCL,Crops and livestock products,143,Morocco,5510,Production,162,Raw cane or beet sugar (centrifugal only),2010,2010,t,482000,X,Figure from international organizations,Unofficial figure
QCL,Crops and livestock products,143,Morocco,5510,Production,162,Raw cane or beet sugar (centrifugal only),2011,2011,t,471000,X,Figure from international organizations,Unofficial figure
QCL,Crops and livestock products,143,Morocco,5510,Production,162,Raw cane or beet sugar (centrifugal only),2012,2012,t,396000,X,Figure from international organizations,Unofficial figure
QCL,Crops and livestock products,143,Morocco,5510,Production,162,Raw cane or beet sugar (centrifugal only),2013,2013,t,519000,X,Figure from international organizations,Unofficial figure
QCL,Crops and livestock products,143,Morocco,5510,Production,162,Raw cane or beet sugar (centrifugal only),2014,2014,t,552000,X,Figure from international organizations,Unofficial figure
QCL,Crops and livestock products,143,Morocco,5510,Production,162,Raw cane or beet sugar (centrifugal only),2015,2015,t,660000,X,Figure from international organizations,Unofficial figure
QCL,Crops and livestock products,143,Morocco,5510,Production,162,Raw cane or beet sugar (centrifugal only),2016,2016,t,560000,X,Figure from international organizations,Unofficial figure
QCL,Crops and livestock products,143,Morocco,5510,Production,162,Raw cane or beet sugar (centrifugal only),2017,2017,t,604000,X,Figure from international organizations,Unofficial figure
QCL,Crops and livestock products,143,Morocco,5510,Production,162,Raw cane or beet sugar (centrifugal only),2018,2018,t,642000,X,Figure from international organizations,Unofficial figure
QCL,Crops and livestock products,143,Morocco,5510,Production,162,Raw cane or beet sugar (centrifugal only),2019,2019,t,591243,X,Figure from international organizations,Unofficial figure
QCL,Crops and livestock products,143,Morocco,5510,Production,162,Raw cane or beet sugar (centrifugal only),2020,2020,t,525734,X,Figure from international organizations,Unofficial figure
QCL,Crops and livestock products,143,Morocco,5510,Production,162,Raw cane or beet sugar (centrifugal only),2021,2021,t,388393,X,Figure from international organizations,Unofficial figure
QCL,Crops and livestock products,143,Morocco,5420,Yield,919,Raw hides and skins of cattle,1961,1961,100 g/An,179,E,Estimated value,
QCL,Crops and livestock products,143,Morocco,5510,Production,919,Raw hides and skins of cattle,1961,1961,t,10504.98,I,Imputed value,
QCL,Crops and livestock products,143,Morocco,5320,Producing Animals/Slaughtered,919,Raw hides and skins of cattle,1961,1961,An,588400,E,Estimated value,
QCL,Crops and livestock products,143,Morocco,5420,Yield,919,Raw hides and skins of cattle,1962,1962,100 g/An,172,E,Estimated value,
QCL,Crops and livestock products,143,Morocco,5510,Production,919,Raw hides and skins of cattle,1962,1962,t,10606.77,I,Imputed value,
QCL,Crops and livestock products,143,Morocco,5320,Producing Animals/Slaughtered,919,Raw hides and skins of cattle,1962,1962,An,615800,E,Estimated value,
QCL,Crops and livestock products,143,Morocco,5420,Yield,919,Raw hides and skins of cattle,1963,1963,100 g/An,188,E,Estimated value,
QCL,Crops and livestock products,143,Morocco,5510,Production,919,Raw hides and skins of cattle,1963,1963,t,10617.74,I,Imputed value,
QCL,Crops and livestock products,143,Morocco,5320,Producing Animals/Slaughtered,919,Raw hides and skins of cattle,1963,1963,An,564900,E,Estimated value,
QCL,Crops and livestock products,143,Morocco,5420,Yield,919,Raw hides and skins of cattle,1964,1964,100 g/An,193,E,Estimated value,
QCL,Crops and livestock products,143,Morocco,5510,Production,919,Raw hides and skins of cattle,1964,1964,t,9969.4,I,Imputed value,
QCL,Crops and livestock products,143,Morocco,5320,Producing Animals/Slaughtered,919,Raw hides and skins of cattle,1964,1964,An,517580,E,Estimated value,
QCL,Crops and livestock products,143,Morocco,5420,Yield,919,Raw hides and skins of cattle,1965,1965,100 g/An,196,E,Estimated value,
QCL,Crops and livestock products,143,Morocco,5510,Production,919,Raw hides and skins of cattle,1965,1965,t,11322.45,I,Imputed value,
QCL,Crops and livestock products,143,Morocco,5320,Producing Animals/Slaughtered,919,Raw hides and skins of cattle,1965,1965,An,578490,E,Estimated value,
QCL,Crops and livestock products,143,Morocco,5420,Yield,919,Raw hides and skins of cattle,1966,1966,100 g/An,199,E,Estimated value,
QCL,Crops and livestock products,143,Morocco,5510,Production,919,Raw hides and skins of cattle,1966,1966,t,12387.36,I,Imputed value,
QCL,Crops and livestock products,143,Morocco,5320,Producing Animals/Slaughtered,919,Raw hides and skins of cattle,1966,1966,An,623000,A,Official figure,
QCL,Crops and livestock products,143,Morocco,5420,Yield,919,Raw hides and skins of cattle,1967,1967,100 g/An,188,E,Estimated value,
QCL,Crops and livestock products,143,Morocco,5510,Production,919,Raw hides and skins of cattle,1967,1967,t,12700.57,I,Imputed value,
QCL,Crops and livestock products,143,Morocco,5320,Producing Animals/Slaughtered,919,Raw hides and skins of cattle,1967,1967,An,676000,A,Official figure,
QCL,Crops and livestock products,143,Morocco,5420,Yield,919,Raw hides and skins of cattle,1968,1968,100 g/An,187,E,Estimated value,
QCL,Crops and livestock products,143,Morocco,5510,Production,919,Raw hides and skins of cattle,1968,1968,t,13624.53,I,Imputed value,
QCL,Crops and livestock products,143,Morocco,5320,Producing Animals/Slaughtered,919,Raw hides and skins of cattle,1968,1968,An,729000,A,Official figure,
QCL,Crops and livestock products,143,Morocco,5420,Yield,919,Raw hides and skins of cattle,1969,1969,100 g/An,185,E,Estimated value,
QCL,Crops and livestock products,143,Morocco,5510,Production,919,Raw hides and skins of cattle,1969,1969,t,14407.55,I,Imputed value,
QCL,Crops and livestock products,143,Morocco,5320,Producing Animals/Slaughtered,919,Raw hides and skins of cattle,1969,1969,An,780000,A,Official figure,
QCL,Crops and livestock products,143,Morocco,5420,Yield,919,Raw hides and skins of cattle,1970,1970,100 g/An,182,E,Estimated value,
QCL,Crops and livestock products,143,Morocco,5510,Production,919,Raw hides and skins of cattle,1970,1970,t,14407.55,I,Imputed value,
QCL,Crops and livestock products,143,Morocco,5320,Producing Animals/Slaughtered,919,Raw hides and skins of cattle,1970,1970,An,790000,E,Estimated value,
QCL,Crops and livestock products,143,Morocco,5420,Yield,919,Raw hides and skins of cattle,1971,1971,100 g/An,176,E,Estimated value,
QCL,Crops and livestock products,143,Morocco,5510,Production,919,Raw hides and skins of cattle,1971,1971,t,14094.34,I,Imputed value,
QCL,Crops and livestock products,143,Morocco,5320,Producing Animals/Slaughtered,919,Raw hides and skins of cattle,1971,1971,An,801000,E,Estimated value,
QCL,Crops and livestock products,143,Morocco,5420,Yield,919,Raw hides and skins of cattle,1972,1972,100 g/An,174,E,Estimated value,
QCL,Crops and livestock products,143,Morocco,5510,Production,919,Raw hides and skins of cattle,1972,1972,t,14564.15,I,Imputed value,
QCL,Crops and livestock products,143,Morocco,5320,Producing Animals/Slaughtered,919,Raw hides and skins of cattle,1972,1972,An,837827,A,Official figure,
QCL,Crops and livestock products,143,Morocco,5420,Yield,919,Raw hides and skins of cattle,1973,1973,100 g/An,164,E,Estimated value,
QCL,Crops and livestock products,143,Morocco,5510,Production,919,Raw hides and skins of cattle,1973,1973,t,14407.55,I,Imputed value,
QCL,Crops and livestock products,143,Morocco,5320,Producing Animals/Slaughtered,919,Raw hides and skins of cattle,1973,1973,An,876190,A,Official figure,
QCL,Crops and livestock products,143,Morocco,5420,Yield,919,Raw hides and skins of cattle,1974,1974,100 g/An,172,E,Estimated value,
QCL,Crops and livestock products,143,Morocco,5510,Production,919,Raw hides and skins of cattle,1974,1974,t,14094.34,I,Imputed value,
QCL,Crops and livestock products,143,Morocco,5320,Producing Animals/Slaughtered,919,Raw hides and skins of cattle,1974,1974,An,818181,A,Official figure,
QCL,Crops and livestock products,143,Morocco,5420,Yield,919,Raw hides and skins of cattle,1975,1975,100 g/An,164,E,Estimated value,
QCL,Crops and livestock products,143,Morocco,5510,Production,919,Raw hides and skins of cattle,1975,1975,t,12747.55,I,Imputed value,
QCL,Crops and livestock products,143,Morocco,5320,Producing Animals/Slaughtered,919,Raw hides and skins of cattle,1975,1975,An,775000,E,Estimated value,
QCL,Crops and livestock products,143,Morocco,5420,Yield,919,Raw hides and skins of cattle,1976,1976,100 g/An,182,E,Estimated value,
QCL,Crops and livestock products,143,Morocco,5510,Production,919,Raw hides and skins of cattle,1976,1976,t,12434.34,I,Imputed value,
QCL,Crops and livestock products,143,Morocco,5320,Producing Animals/Slaughtered,919,Raw hides and skins of cattle,1976,1976,An,683000,X,Figure from international organizations,Unofficial figure
QCL,Crops and livestock products,143,Morocco,5420,Yield,919,Raw hides and skins of cattle,1977,1977,100 g/An,214,E,Estimated value,
QCL,Crops and livestock products,143,Morocco,5510,Production,919,Raw hides and skins of cattle,1977,1977,t,14094.34,I,Imputed value,
QCL,Crops and livestock products,143,Morocco,5320,Producing Animals/Slaughtered,919,Raw hides and skins of cattle,1977,1977,An,660000,X,Figure from international organizations,Unofficial figure
QCL,Crops and livestock products,143,Morocco,5420,Yield,919,Raw hides and skins of cattle,1978,1978,100 g/An,229,E,Estimated value,
QCL,Crops and livestock products,143,Morocco,5510,Production,919,Raw hides and skins of cattle,1978,1978,t,14877.36,I,Imputed value,
QCL,Crops and livestock products,143,Morocco,5320,Producing Animals/Slaughtered,919,Raw hides and skins of cattle,1978,1978,An,650000,X,Figure from international organizations,Unofficial figure
QCL,Crops and livestock products,143,Morocco,5420,Yield,919,Raw hides and skins of cattle,1979,1979,100 g/An,234,E,Estimated value,
QCL,Crops and livestock products,143,Morocco,5510,Production,919,Raw hides and skins of cattle,1979,1979,t,15660.38,I,Imputed value,
QCL,Crops and livestock products,143,Morocco,5320,Producing Animals/Slaughtered,919,Raw hides and skins of cattle,1979,1979,An,670000,X,Figure from international organizations,Unofficial figure
QCL,Crops and livestock products,143,Morocco,5420,Yield,919,Raw hides and skins of cattle,1980,1980,100 g/An,214,E,Estimated value,
QCL,Crops and livestock products,143,Morocco,5510,Production,919,Raw hides and skins of cattle,1980,1980,t,16756.6,I,Imputed value,
QCL,Crops and livestock products,143,Morocco,5320,Producing Animals/Slaughtered,919,Raw hides and skins of cattle,1980,1980,An,784100,A,Official figure,
QCL,Crops and livestock products,143,Morocco,5420,Yield,919,Raw hides and skins of cattle,1981,1981,100 g/An,230,E,Estimated value,
QCL,Crops and livestock products,143,Morocco,5510,Production,919,Raw hides and skins of cattle,1981,1981,t,20515.09,I,Imputed value,
QCL,Crops and livestock products,143,Morocco,5320,Producing Animals/Slaughtered,919,Raw hides and skins of cattle,1981,1981,An,890800,A,Official figure,
QCL,Crops and livestock products,143,Morocco,5420,Yield,919,Raw hides and skins of cattle,1982,1982,100 g/An,247,E,Estimated value,
QCL,Crops and livestock products,143,Morocco,5510,Production,919,Raw hides and skins of cattle,1982,1982,t,23490.57,I,Imputed value,
QCL,Crops and livestock products,143,Morocco,5320,Producing Animals/Slaughtered,919,Raw hides and skins of cattle,1982,1982,An,950665,A,Official figure,
QCL,Crops and livestock products,143,Morocco,5420,Yield,919,Raw hides and skins of cattle,1983,1983,100 g/An,277,E,Estimated value,
QCL,Crops and livestock products,143,Morocco,5510,Production,919,Raw hides and skins of cattle,1983,1983,t,19418.87,I,Imputed value,
QCL,Crops and livestock products,143,Morocco,5320,Producing Animals/Slaughtered,919,Raw hides and skins of cattle,1983,1983,An,700400,A,Official figure,
QCL,Crops and livestock products,143,Morocco,5420,Yield,919,Raw hides and skins of cattle,1984,1984,100 g/An,267,E,Estimated value,
QCL,Crops and livestock products,143,Morocco,5510,Production,919,Raw hides and skins of cattle,1984,1984,t,17993.77,I,Imputed value,
QCL,Crops and livestock products,143,Morocco,5320,Producing Animals/Slaughtered,919,Raw hides and skins of cattle,1984,1984,An,675000,E,Estimated value,
QCL,Crops and livestock products,143,Morocco,5420,Yield,919,Raw hides and skins of cattle,1985,1985,100 g/An,266,E,Estimated value,
QCL,Crops and livestock products,143,Morocco,5510,Production,919,Raw hides and skins of cattle,1985,1985,t,13311.32,I,Imputed value,
QCL,Crops and livestock products,143,Morocco,5320,Producing Animals/Slaughtered,919,Raw hides and skins of cattle,1985,1985,An,500000,E,Estimated value,
QCL,Crops and livestock products,143,Morocco,5420,Yield,919,Raw hides and skins of cattle,1986,1986,100 g/An,262,E,Estimated value,
QCL,Crops and livestock products,143,Morocco,5510,Production,919,Raw hides and skins of cattle,1986,1986,t,16130.19,I,Imputed value,
QCL,Crops and livestock products,143,Morocco,5320,Producing Animals/Slaughtered,919,Raw hides and skins of cattle,1986,1986,An,615000,E,Estimated value,
QCL,Crops and livestock products,143,Morocco,5420,Yield,919,Raw hides and skins of cattle,1987,1987,100 g/An,262,E,Estimated value,
QCL,Crops and livestock products,143,Morocco,5510,Production,919,Raw hides and skins of cattle,1987,1987,t,18479.25,I,Imputed value,
QCL,Crops and livestock products,143,Morocco,5320,Producing Animals/Slaughtered,919,Raw hides and skins of cattle,1987,1987,An,705000,E,Estimated value,
QCL,Crops and livestock products,143,Morocco,5420,Yield,919,Raw hides and skins of cattle,1988,1988,100 g/An,263,E,Estimated value,
QCL,Crops and livestock products,143,Morocco,5510,Production,919,Raw hides and skins of cattle,1988,1988,t,19121.32,I,Imputed value,
QCL,Crops and livestock products,143,Morocco,5320,Producing Animals/Slaughtered,919,Raw hides and skins of cattle,1988,1988,An,726845,A,Official figure,
QCL,Crops and livestock products,143,Morocco,5420,Yield,919,Raw hides and skins of cattle,1989,1989,100 g/An,292,E,Estimated value,
QCL,Crops and livestock products,143,Morocco,5510,Production,919,Raw hides and skins of cattle,1989,1989,t,23497.61,I,Imputed value,
QCL,Crops and livestock products,143,Morocco,5320,Producing Animals/Slaughtered,919,Raw hides and skins of cattle,1989,1989,An,804195,A,Official figure,
QCL,Crops and livestock products,143,Morocco,5420,Yield,919,Raw hides and skins of cattle,1990,1990,100 g/An,254,E,Estimated value,
QCL,Crops and livestock products,143,Morocco,5510,Production,919,Raw hides and skins of cattle,1990,1990,t,22690.32,I,Imputed value,
QCL,Crops and livestock products,143,Morocco,5320,Producing Animals/Slaughtered,919,Raw hides and skins of cattle,1990,1990,An,891851,A,Official figure,
QCL,Crops and livestock products,143,Morocco,5420,Yield,919,Raw hides and skins of cattle,1991,1991,100 g/An,257,E,Estimated value,
QCL,Crops and livestock products,143,Morocco,5510,Production,919,Raw hides and skins of cattle,1991,1991,t,23333.96,I,Imputed value,
QCL,Crops and livestock products,143,Morocco,5320,Producing Animals/Slaughtered,919,Raw hides and skins of cattle,1991,1991,An,909688,A,Official figure,
QCL,Crops and livestock products,143,Morocco,5420,Yield,919,Raw hides and skins of cattle,1992,1992,100 g/An,210,E,Estimated value,
QCL,Crops and livestock products,143,Morocco,5510,Production,919,Raw hides and skins of cattle,1992,1992,t,22707.55,I,Imputed value,
QCL,Crops and livestock products,143,Morocco,5320,Producing Animals/Slaughtered,919,Raw hides and skins of cattle,1992,1992,An,1080000,A,Official figure,
QCL,Crops and livestock products,143,Morocco,5420,Yield,919,Raw hides and skins of cattle,1993,1993,100 g/An,206,E,Estimated value,
QCL,Crops and livestock products,143,Morocco,5510,Production,919,Raw hides and skins of cattle,1993,1993,t,23490.57,I,Imputed value,
QCL,Crops and livestock products,143,Morocco,5320,Producing Animals/Slaughtered,919,Raw hides and skins of cattle,1993,1993,An,1141000,A,Official figure,
QCL,Crops and livestock products,143,Morocco,5420,Yield,919,Raw hides and skins of cattle,1994,1994,100 g/An,239,E,Estimated value,
QCL,Crops and livestock products,143,Morocco,5510,Production,919,Raw hides and skins of cattle,1994,1994,t,19575.47,I,Imputed value,
QCL,Crops and livestock products,143,Morocco,5320,Producing Animals/Slaughtered,919,Raw hides and skins of cattle,1994,1994,An,820000,X,Figure from international organizations,Unofficial figure
QCL,Crops and livestock products,143,Morocco,5420,Yield,919,Raw hides and skins of cattle,1995,1995,100 g/An,242,E,Estimated value,
QCL,Crops and livestock products,143,Morocco,5510,Production,919,Raw hides and skins of cattle,1995,1995,t,19121.32,I,Imputed value,
QCL,Crops and livestock products,143,Morocco,5320,Producing Animals/Slaughtered,919,Raw hides and skins of cattle,1995,1995,An,790000,A,Official figure,
QCL,Crops and livestock products,143,Morocco,5420,Yield,919,Raw hides and skins of cattle,1996,1996,100 g/An,251,E,Estimated value,
QCL,Crops and livestock products,143,Morocco,5510,Production,919,Raw hides and skins of cattle,1996,1996,t,16130.19,I,Imputed value,
QCL,Crops and livestock products,143,Morocco,5320,Producing Animals/Slaughtered,919,Raw hides and skins of cattle,1996,1996,An,643000,A,Official figure,
QCL,Crops and livestock products,143,Morocco,5420,Yield,919,Raw hides and skins of cattle,1997,1997,100 g/An,276,E,Estimated value,
QCL,Crops and livestock products,143,Morocco,5510,Production,919,Raw hides and skins of cattle,1997,1997,t,19575.47,I,Imputed value,
QCL,Crops and livestock products,143,Morocco,5320,Producing Animals/Slaughtered,919,Raw hides and skins of cattle,1997,1997,An,710000,A,Official figure,
QCL,Crops and livestock products,143,Morocco,5420,Yield,919,Raw hides and skins of cattle,1998,1998,100 g/An,280,E,Estimated value,
QCL,Crops and livestock products,143,Morocco,5510,Production,919,Raw hides and skins of cattle,1998,1998,t,18792.45,I,Imputed value,
QCL,Crops and livestock products,143,Morocco,5320,Producing Animals/Slaughtered,919,Raw hides and skins of cattle,1998,1998,An,671000,A,Official figure,
QCL,Crops and livestock products,143,Morocco,5420,Yield,919,Raw hides and skins of cattle,1999,1999,100 g/An,302,E,Estimated value,
QCL,Crops and livestock products,143,Morocco,5510,Production,919,Raw hides and skins of cattle,1999,1999,t,21141.51,I,Imputed value,
QCL,Crops and livestock products,143,Morocco,5320,Producing Animals/Slaughtered,919,Raw hides and skins of cattle,1999,1999,An,700000,A,Official figure,
QCL,Crops and livestock products,143,Morocco,5420,Yield,919,Raw hides and skins of cattle,2000,2000,100 g/An,274,E,Estimated value,
QCL,Crops and livestock products,143,Morocco,5510,Production,919,Raw hides and skins of cattle,2000,2000,t,21924.53,I,Imputed value,
QCL,Crops and livestock products,143,Morocco,5320,Producing Animals/Slaughtered,919,Raw hides and skins of cattle,2000,2000,An,800000,A,Official figure,
QCL,Crops and livestock products,143,Morocco,5420,Yield,919,Raw hides and skins of cattle,2001,2001,100 g/An,282,E,Estimated value,
QCL,Crops and livestock products,143,Morocco,5510,Production,919,Raw hides and skins of cattle,2001,2001,t,22707.55,I,Imputed value,
QCL,Crops and livestock products,143,Morocco,5320,Producing Animals/Slaughtered,919,Raw hides and skins of cattle,2001,2001,An,805000,A,Official figure,
QCL,Crops and livestock products,143,Morocco,5420,Yield,919,Raw hides and skins of cattle,2002,2002,100 g/An,313,E,Estimated value,
QCL,Crops and livestock products,143,Morocco,5510,Production,919,Raw hides and skins of cattle,2002,2002,t,26622.64,I,Imputed value,
QCL,Crops and livestock products,143,Morocco,5320,Producing Animals/Slaughtered,919,Raw hides and skins of cattle,2002,2002,An,850000,E,Estimated value,
QCL,Crops and livestock products,143,Morocco,5420,Yield,919,Raw hides and skins of cattle,2003,2003,100 g/An,283,E,Estimated value,
QCL,Crops and livestock products,143,Morocco,5510,Production,919,Raw hides and skins of cattle,2003,2003,t,23490.57,I,Imputed value,
QCL,Crops and livestock products,143,Morocco,5320,Producing Animals/Slaughtered,919,Raw hides and skins of cattle,2003,2003,An,830000,E,Estimated value,
QCL,Crops and livestock products,143,Morocco,5420,Yield,919,Raw hides and skins of cattle,2004,2004,100 g/An,271,E,Estimated value,
QCL,Crops and livestock products,143,Morocco,5510,Production,919,Raw hides and skins of cattle,2004,2004,t,21924.53,I,Imputed value,
QCL,Crops and livestock products,143,Morocco,5320,Producing Animals/Slaughtered,919,Raw hides and skins of cattle,2004,2004,An,810000,E,Estimated value,
QCL,Crops and livestock products,143,Morocco,5420,Yield,919,Raw hides and skins of cattle,2005,2005,100 g/An,293,E,Estimated value,
QCL,Crops and livestock products,143,Morocco,5510,Production,919,Raw hides and skins of cattle,2005,2005,t,24586.79,I,Imputed value,
QCL,Crops and livestock products,143,Morocco,5320,Producing Animals/Slaughtered,919,Raw hides and skins of cattle,2005,2005,An,840000,E,Estimated value,
QCL,Crops and livestock products,143,Morocco,5420,Yield,919,Raw hides and skins of cattle,2006,2006,100 g/An,325,E,Estimated value,
QCL,Crops and livestock products,143,Morocco,5510,Production,919,Raw hides and skins of cattle,2006,2006,t,25056.6,I,Imputed value,
QCL,Crops and livestock products,143,Morocco,5320,Producing Animals/Slaughtered,919,Raw hides and skins of cattle,2006,2006,An,770000,A,Official figure,
QCL,Crops and livestock products,143,Morocco,5420,Yield,919,Raw hides and skins of cattle,2007,2007,100 g/An,297,E,Estimated value,
QCL,Crops and livestock products,143,Morocco,5510,Production,919,Raw hides and skins of cattle,2007,2007,t,25056.6,I,Imputed value,
QCL,Crops and livestock products,143,Morocco,5320,Producing Animals/Slaughtered,919,Raw hides and skins of cattle,2007,2007,An,845000,A,Official figure,
QCL,Crops and livestock products,143,Morocco,5420,Yield,919,Raw hides and skins of cattle,2008,2008,100 g/An,295,E,Estimated value,
QCL,Crops and livestock products,143,Morocco,5510,Production,919,Raw hides and skins of cattle,2008,2008,t,28188.68,I,Imputed value,
QCL,Crops and livestock products,143,Morocco,5320,Producing Animals/Slaughtered,919,Raw hides and skins of cattle,2008,2008,An,955000,A,Official figure,
QCL,Crops and livestock products,143,Morocco,5420,Yield,919,Raw hides and skins of cattle,2009,2009,100 g/An,303,E,Estimated value,
QCL,Crops and livestock products,143,Morocco,5510,Production,919,Raw hides and skins of cattle,2009,2009,t,29754.72,I,Imputed value,
QCL,Crops and livestock products,143,Morocco,5320,Producing Animals/Slaughtered,919,Raw hides and skins of cattle,2009,2009,An,981000,A,Official figure,
QCL,Crops and livestock products,143,Morocco,5420,Yield,919,Raw hides and skins of cattle,2010,2010,100 g/An,317,E,Estimated value,
QCL,Crops and livestock products,143,Morocco,5510,Production,919,Raw hides and skins of cattle,2010,2010,t,30067.92,I,Imputed value,
QCL,Crops and livestock products,143,Morocco,5320,Producing Animals/Slaughtered,919,Raw hides and skins of cattle,2010,2010,An,950000,X,Figure from international organizations,Unofficial figure
QCL,Crops and livestock products,143,Morocco,5420,Yield,919,Raw hides and skins of cattle,2011,2011,100 g/An,304,E,Estimated value,
QCL,Crops and livestock products,143,Morocco,5510,Production,919,Raw hides and skins of cattle,2011,2011,t,31110.44,I,Imputed value,
QCL,Crops and livestock products,143,Morocco,5320,Producing Animals/Slaughtered,919,Raw hides and skins of cattle,2011,2011,An,1025000,E,Estimated value,
QCL,Crops and livestock products,143,Morocco,5420,Yield,919,Raw hides and skins of cattle,2012,2012,100 g/An,305,E,Estimated value,
QCL,Crops and livestock products,143,Morocco,5510,Production,919,Raw hides and skins of cattle,2012,2012,t,32013.26,I,Imputed value,
QCL,Crops and livestock products,143,Morocco,5320,Producing Animals/Slaughtered,919,Raw hides and skins of cattle,2012,2012,An,1048000,E,Estimated value,
QCL,Crops and livestock products,143,Morocco,5420,Yield,919,Raw hides and skins of cattle,2013,2013,100 g/An,307,E,Estimated value,
QCL,Crops and livestock products,143,Morocco,5510,Production,919,Raw hides and skins of cattle,2013,2013,t,39777.36,I,Imputed value,
QCL,Crops and livestock products,143,Morocco,5320,Producing Animals/Slaughtered,919,Raw hides and skins of cattle,2013,2013,An,1296000,E,Estimated value,
QCL,Crops and livestock products,143,Morocco,5420,Yield,919,Raw hides and skins of cattle,2014,2014,100 g/An,335,E,Estimated value,
QCL,Crops and livestock products,143,Morocco,5510,Production,919,Raw hides and skins of cattle,2014,2014,t,40572.59,I,Imputed value,
QCL,Crops and livestock products,143,Morocco,5320,Producing Animals/Slaughtered,919,Raw hides and skins of cattle,2014,2014,An,1209627,I,Imputed value,
QCL,Crops and livestock products,143,Morocco,5420,Yield,919,Raw hides and skins of cattle,2015,2015,100 g/An,320,E,Estimated value,
QCL,Crops and livestock products,143,Morocco,5510,Production,919,Raw hides and skins of cattle,2015,2015,t,38448.42,I,Imputed value,
QCL,Crops and livestock products,143,Morocco,5320,Producing Animals/Slaughtered,919,Raw hides and skins of cattle,2015,2015,An,1200000,E,Estimated value,
QCL,Crops and livestock products,143,Morocco,5420,Yield,919,Raw hides and skins of cattle,2016,2016,100 g/An,336,E,Estimated value,
QCL,Crops and livestock products,143,Morocco,5510,Production,919,Raw hides and skins of cattle,2016,2016,t,40372.3,I,Imputed value,
QCL,Crops and livestock products,143,Morocco,5320,Producing Animals/Slaughtered,919,Raw hides and skins of cattle,2016,2016,An,1200000,E,Estimated value,
QCL,Crops and livestock products,143,Morocco,5420,Yield,919,Raw hides and skins of cattle,2017,2017,100 g/An,361,E,Estimated value,
QCL,Crops and livestock products,143,Morocco,5510,Production,919,Raw hides and skins of cattle,2017,2017,t,43308.46,I,Imputed value,
QCL,Crops and livestock products,143,Morocco,5320,Producing Animals/Slaughtered,919,Raw hides and skins of cattle,2017,2017,An,1200000,E,Estimated value,
QCL,Crops and livestock products,143,Morocco,5420,Yield,919,Raw hides and skins of cattle,2018,2018,100 g/An,428,E,Estimated value,
QCL,Crops and livestock products,143,Morocco,5510,Production,919,Raw hides and skins of cattle,2018,2018,t,44099.62,I,Imputed value,
QCL,Crops and livestock products,143,Morocco,5320,Producing Animals/Slaughtered,919,Raw hides and skins of cattle,2018,2018,An,1029805,I,Imputed value,
QCL,Crops and livestock products,143,Morocco,5420,Yield,919,Raw hides and skins of cattle,2019,2019,100 g/An,339,E,Estimated value,
QCL,Crops and livestock products,143,Morocco,5510,Production,919,Raw hides and skins of cattle,2019,2019,t,44319.18,I,Imputed value,
QCL,Crops and livestock products,143,Morocco,5320,Producing Animals/Slaughtered,919,Raw hides and skins of cattle,2019,2019,An,1306396,E,Estimated value,
QCL,Crops and livestock products,143,Morocco,5420,Yield,919,Raw hides and skins of cattle,2020,2020,100 g/An,339,E,Estimated value,
QCL,Crops and livestock products,143,Morocco,5510,Production,919,Raw hides and skins of cattle,2020,2020,t,44162.26,I,Imputed value,
QCL,Crops and livestock products,143,Morocco,5320,Producing Animals/Slaughtered,919,Raw hides and skins of cattle,2020,2020,An,1301770,E,Estimated value,
QCL,Crops and livestock products,143,Morocco,5420,Yield,919,Raw hides and skins of cattle,2021,2021,100 g/An,339,E,Estimated value,
QCL,Crops and livestock products,143,Morocco,5510,Production,919,Raw hides and skins of cattle,2021,2021,t,44162.26,I,Imputed value,
QCL,Crops and livestock products,143,Morocco,5320,Producing Animals/Slaughtered,919,Raw hides and skins of cattle,2021,2021,An,1301770,E,Estimated value,
QCL,Crops and livestock products,143,Morocco,5420,Yield,919,Raw hides and skins of cattle,2022,2022,100 g/An,435,E,Estimated value,
QCL,Crops and livestock products,143,Morocco,5510,Production,919,Raw hides and skins of cattle,2022,2022,t,40210.99,I,Imputed value,
QCL,Crops and livestock products,143,Morocco,5320,Producing Animals/Slaughtered,919,Raw hides and skins of cattle,2022,2022,An,923358,I,Imputed value,
QCL,Crops and livestock products,143,Morocco,5420,Yield,1025,Raw hides and skins of goats or kids,1961,1961,100 g/An,20,E,Estimated value,
QCL,Crops and livestock products,143,Morocco,5510,Production,1025,Raw hides and skins of goats or kids,1961,1961,t,4064.52,I,Imputed value,
QCL,Crops and livestock products,143,Morocco,5320,Producing Animals/Slaughtered,1025,Raw hides and skins of goats or kids,1961,1961,An,2030000,E,Estimated value,
QCL,Crops and livestock products,143,Morocco,5420,Yield,1025,Raw hides and skins of goats or kids,1962,1962,100 g/An,20,E,Estimated value,
QCL,Crops and livestock products,143,Morocco,5510,Production,1025,Raw hides and skins of goats or kids,1962,1962,t,3637.74,I,Imputed value,
QCL,Crops and livestock products,143,Morocco,5320,Producing Animals/Slaughtered,1025,Raw hides and skins of goats or kids,1962,1962,An,1800000,E,Estimated value,
QCL,Crops and livestock products,143,Morocco,5420,Yield,1025,Raw hides and skins of goats or kids,1963,1963,100 g/An,19,E,Estimated value,
QCL,Crops and livestock products,143,Morocco,5510,Production,1025,Raw hides and skins of goats or kids,1963,1963,t,3658.06,I,Imputed value,
QCL,Crops and livestock products,143,Morocco,5320,Producing Animals/Slaughtered,1025,Raw hides and skins of goats or kids,1963,1963,An,1885000,E,Estimated value,
QCL,Crops and livestock products,143,Morocco,5420,Yield,1025,Raw hides and skins of goats or kids,1964,1964,100 g/An,20,E,Estimated value,
QCL,Crops and livestock products,143,Morocco,5510,Production,1025,Raw hides and skins of goats or kids,1964,1964,t,3658.06,I,Imputed value,
QCL,Crops and livestock products,143,Morocco,5320,Producing Animals/Slaughtered,1025,Raw hides and skins of goats or kids,1964,1964,An,1856000,E,Estimated value,
QCL,Crops and livestock products,143,Morocco,5420,Yield,1025,Raw hides and skins of goats or kids,1965,1965,100 g/An,20,E,Estimated value,
QCL,Crops and livestock products,143,Morocco,5510,Production,1025,Raw hides and skins of goats or kids,1965,1965,t,3861.29,I,Imputed value,
QCL,Crops and livestock products,143,Morocco,5320,Producing Animals/Slaughtered,1025,Raw hides and skins of goats or kids,1965,1965,An,1962000,A,Official figure,
QCL,Crops and livestock products,143,Morocco,5420,Yield,1025,Raw hides and skins of goats or kids,1966,1966,100 g/An,20,E,Estimated value,
QCL,Crops and livestock products,143,Morocco,5510,Production,1025,Raw hides and skins of goats or kids,1966,1966,t,4064.52,I,Imputed value,
QCL,Crops and livestock products,143,Morocco,5320,Producing Animals/Slaughtered,1025,Raw hides and skins of goats or kids,1966,1966,An,2024200,A,Official figure,
QCL,Crops and livestock products,143,Morocco,5420,Yield,1025,Raw hides and skins of goats or kids,1967,1967,100 g/An,20,E,Estimated value,
QCL,Crops and livestock products,143,Morocco,5510,Production,1025,Raw hides and skins of goats or kids,1967,1967,t,4470.97,I,Imputed value,
QCL,Crops and livestock products,143,Morocco,5320,Producing Animals/Slaughtered,1025,Raw hides and skins of goats or kids,1967,1967,An,2212700,A,Official figure,
QCL,Crops and livestock products,143,Morocco,5420,Yield,1025,Raw hides and skins of goats or kids,1968,1968,100 g/An,21,E,Estimated value,
QCL,Crops and livestock products,143,Morocco,5510,Production,1025,Raw hides and skins of goats or kids,1968,1968,t,4877.42,I,Imputed value,
QCL,Crops and livestock products,143,Morocco,5320,Producing Animals/Slaughtered,1025,Raw hides and skins of goats or kids,1968,1968,An,2371040,A,Official figure,
QCL,Crops and livestock products,143,Morocco,5420,Yield,1025,Raw hides and skins of goats or kids,1969,1969,100 g/An,20,E,Estimated value,
QCL,Crops and livestock products,143,Morocco,5510,Production,1025,Raw hides and skins of goats or kids,1969,1969,t,4877.42,I,Imputed value,
QCL,Crops and livestock products,143,Morocco,5320,Producing Animals/Slaughtered,1025,Raw hides and skins of goats or kids,1969,1969,An,2500000,A,Official figure,
QCL,Crops and livestock products,143,Morocco,5420,Yield,1025,Raw hides and skins of goats or kids,1970,1970,100 g/An,20,E,Estimated value,
QCL,Crops and livestock products,143,Morocco,5510,Production,1025,Raw hides and skins of goats or kids,1970,1970,t,4979.03,I,Imputed value,
QCL,Crops and livestock products,143,Morocco,5320,Producing Animals/Slaughtered,1025,Raw hides and skins of goats or kids,1970,1970,An,2500000,E,Estimated value,
QCL,Crops and livestock products,143,Morocco,5420,Yield,1025,Raw hides and skins of goats or kids,1971,1971,100 g/An,20,E,Estimated value,
QCL,Crops and livestock products,143,Morocco,5510,Production,1025,Raw hides and skins of goats or kids,1971,1971,t,5080.65,I,Imputed value,
QCL,Crops and livestock products,143,Morocco,5320,Producing Animals/Slaughtered,1025,Raw hides and skins of goats or kids,1971,1971,An,2500000,A,Official figure,
QCL,Crops and livestock products,143,Morocco,5420,Yield,1025,Raw hides and skins of goats or kids,1972,1972,100 g/An,22,E,Estimated value,
QCL,Crops and livestock products,143,Morocco,5510,Production,1025,Raw hides and skins of goats or kids,1972,1972,t,5283.87,I,Imputed value,
QCL,Crops and livestock products,143,Morocco,5320,Producing Animals/Slaughtered,1025,Raw hides and skins of goats or kids,1972,1972,An,2363636,A,Official figure,
QCL,Crops and livestock products,143,Morocco,5420,Yield,1025,Raw hides and skins of goats or kids,1973,1973,100 g/An,20,E,Estimated value,
QCL,Crops and livestock products,143,Morocco,5510,Production,1025,Raw hides and skins of goats or kids,1973,1973,t,5283.87,I,Imputed value,
QCL,Crops and livestock products,143,Morocco,5320,Producing Animals/Slaughtered,1025,Raw hides and skins of goats or kids,1973,1973,An,2600000,A,Official figure,
QCL,Crops and livestock products,143,Morocco,5420,Yield,1025,Raw hides and skins of goats or kids,1974,1974,100 g/An,21,E,Estimated value,
QCL,Crops and livestock products,143,Morocco,5510,Production,1025,Raw hides and skins of goats or kids,1974,1974,t,5080.65,I,Imputed value,
QCL,Crops and livestock products,143,Morocco,5320,Producing Animals/Slaughtered,1025,Raw hides and skins of goats or kids,1974,1974,An,2380952,A,Official figure,
QCL,Crops and livestock products,143,Morocco,5420,Yield,1025,Raw hides and skins of goats or kids,1975,1975,100 g/An,21,E,Estimated value,
QCL,Crops and livestock products,143,Morocco,5510,Production,1025,Raw hides and skins of goats or kids,1975,1975,t,4674.19,I,Imputed value,
QCL,Crops and livestock products,143,Morocco,5320,Producing Animals/Slaughtered,1025,Raw hides and skins of goats or kids,1975,1975,An,2210000,X,Figure from international organizations,Unofficial figure
QCL,Crops and livestock products,143,Morocco,5420,Yield,1025,Raw hides and skins of goats or kids,1976,1976,100 g/An,23,E,Estimated value,
QCL,Crops and livestock products,143,Morocco,5510,Production,1025,Raw hides and skins of goats or kids,1976,1976,t,2635.84,I,Imputed value,
QCL,Crops and livestock products,143,Morocco,5320,Producing Animals/Slaughtered,1025,Raw hides and skins of goats or kids,1976,1976,An,1130000,X,Figure from international organizations,Unofficial figure
QCL,Crops and livestock products,143,Morocco,5420,Yield,1025,Raw hides and skins of goats or kids,1977,1977,100 g/An,21,E,Estimated value,
QCL,Crops and livestock products,143,Morocco,5510,Production,1025,Raw hides and skins of goats or kids,1977,1977,t,2875.65,I,Imputed value,
QCL,Crops and livestock products,143,Morocco,5320,Producing Animals/Slaughtered,1025,Raw hides and skins of goats or kids,1977,1977,An,1387000,X,Figure from international organizations,Unofficial figure
QCL,Crops and livestock products,143,Morocco,5420,Yield,1025,Raw hides and skins of goats or kids,1978,1978,100 g/An,23,E,Estimated value,
QCL,Crops and livestock products,143,Morocco,5510,Production,1025,Raw hides and skins of goats or kids,1978,1978,t,3658.06,I,Imputed value,
QCL,Crops and livestock products,143,Morocco,5320,Producing Animals/Slaughtered,1025,Raw hides and skins of goats or kids,1978,1978,An,1600000,X,Figure from international organizations,Unofficial figure
QCL,Crops and livestock products,143,Morocco,5420,Yield,1025,Raw hides and skins of goats or kids,1979,1979,100 g/An,20,E,Estimated value,
QCL,Crops and livestock products,143,Morocco,5510,Production,1025,Raw hides and skins of goats or kids,1979,1979,t,3861.29,I,Imputed value,
QCL,Crops and livestock products,143,Morocco,5320,Producing Animals/Slaughtered,1025,Raw hides and skins of goats or kids,1979,1979,An,1900000,X,Figure from international organizations,Unofficial figure
QCL,Crops and livestock products,143,Morocco,5420,Yield,1025,Raw hides and skins of goats or kids,1980,1980,100 g/An,21,E,Estimated value,
QCL,Crops and livestock products,143,Morocco,5510,Production,1025,Raw hides and skins of goats or kids,1980,1980,t,3861.29,I,Imputed value,
QCL,Crops and livestock products,143,Morocco,5320,Producing Animals/Slaughtered,1025,Raw hides and skins of goats or kids,1980,1980,An,1850000,X,Figure from international organizations,Unofficial figure
QCL,Crops and livestock products,143,Morocco,5420,Yield,1025,Raw hides and skins of goats or kids,1981,1981,100 g/An,19,E,Estimated value,
QCL,Crops and livestock products,143,Morocco,5510,Production,1025,Raw hides and skins of goats or kids,1981,1981,t,3048.39,I,Imputed value,
QCL,Crops and livestock products,143,Morocco,5320,Producing Animals/Slaughtered,1025,Raw hides and skins of goats or kids,1981,1981,An,1575400,A,Official figure,
QCL,Crops and livestock products,143,Morocco,5420,Yield,1025,Raw hides and skins of goats or kids,1982,1982,100 g/An,18,E,Estimated value,
QCL,Crops and livestock products,143,Morocco,5510,Production,1025,Raw hides and skins of goats or kids,1982,1982,t,2641.94,I,Imputed value,
QCL,Crops and livestock products,143,Morocco,5320,Producing Animals/Slaughtered,1025,Raw hides and skins of goats or kids,1982,1982,An,1504900,A,Official figure,
QCL,Crops and livestock products,143,Morocco,5420,Yield,1025,Raw hides and skins of goats or kids,1983,1983,100 g/An,18,E,Estimated value,
QCL,Crops and livestock products,143,Morocco,5510,Production,1025,Raw hides and skins of goats or kids,1983,1983,t,2294.42,I,Imputed value,
QCL,Crops and livestock products,143,Morocco,5320,Producing Animals/Slaughtered,1025,Raw hides and skins of goats or kids,1983,1983,An,1298500,A,Official figure,
QCL,Crops and livestock products,143,Morocco,5420,Yield,1025,Raw hides and skins of goats or kids,1984,1984,100 g/An,20,E,Estimated value,
QCL,Crops and livestock products,143,Morocco,5510,Production,1025,Raw hides and skins of goats or kids,1984,1984,t,2247.68,I,Imputed value,
QCL,Crops and livestock products,143,Morocco,5320,Producing Animals/Slaughtered,1025,Raw hides and skins of goats or kids,1984,1984,An,1123640,A,Official figure,
QCL,Crops and livestock products,143,Morocco,5420,Yield,1025,Raw hides and skins of goats or kids,1985,1985,100 g/An,20,E,Estimated value,
QCL,Crops and livestock products,143,Morocco,5510,Production,1025,Raw hides and skins of goats or kids,1985,1985,t,2459.03,I,Imputed value,
QCL,Crops and livestock products,143,Morocco,5320,Producing Animals/Slaughtered,1025,Raw hides and skins of goats or kids,1985,1985,An,1200000,E,Estimated value,
QCL,Crops and livestock products,143,Morocco,5420,Yield,1025,Raw hides and skins of goats or kids,1986,1986,100 g/An,27,E,Estimated value,
QCL,Crops and livestock products,143,Morocco,5510,Production,1025,Raw hides and skins of goats or kids,1986,1986,t,3251.61,I,Imputed value,
QCL,Crops and livestock products,143,Morocco,5320,Producing Animals/Slaughtered,1025,Raw hides and skins of goats or kids,1986,1986,An,1200000,E,Estimated value,
QCL,Crops and livestock products,143,Morocco,5420,Yield,1025,Raw hides and skins of goats or kids,1987,1987,100 g/An,27,E,Estimated value,
QCL,Crops and livestock products,143,Morocco,5510,Production,1025,Raw hides and skins of goats or kids,1987,1987,t,4064.52,I,Imputed value,
QCL,Crops and livestock products,143,Morocco,5320,Producing Animals/Slaughtered,1025,Raw hides and skins of goats or kids,1987,1987,An,1500000,E,Estimated value,
QCL,Crops and livestock products,143,Morocco,5420,Yield,1025,Raw hides and skins of goats or kids,1988,1988,100 g/An,28,E,Estimated value,
QCL,Crops and livestock products,143,Morocco,5510,Production,1025,Raw hides and skins of goats or kids,1988,1988,t,4064.52,I,Imputed value,
QCL,Crops and livestock products,143,Morocco,5320,Producing Animals/Slaughtered,1025,Raw hides and skins of goats or kids,1988,1988,An,1430000,E,Estimated value,
QCL,Crops and livestock products,143,Morocco,5420,Yield,1025,Raw hides and skins of goats or kids,1989,1989,100 g/An,29,E,Estimated value,
QCL,Crops and livestock products,143,Morocco,5510,Production,1025,Raw hides and skins of goats or kids,1989,1989,t,4755.48,I,Imputed value,
QCL,Crops and livestock products,143,Morocco,5320,Producing Animals/Slaughtered,1025,Raw hides and skins of goats or kids,1989,1989,An,1650000,E,Estimated value,
QCL,Crops and livestock products,143,Morocco,5420,Yield,1025,Raw hides and skins of goats or kids,1990,1990,100 g/An,28,E,Estimated value,
QCL,Crops and livestock products,143,Morocco,5510,Production,1025,Raw hides and skins of goats or kids,1990,1990,t,4369.35,I,Imputed value,
QCL,Crops and livestock products,143,Morocco,5320,Producing Animals/Slaughtered,1025,Raw hides and skins of goats or kids,1990,1990,An,1550000,E,Estimated value,
QCL,Crops and livestock products,143,Morocco,5420,Yield,1025,Raw hides and skins of goats or kids,1991,1991,100 g/An,29,E,Estimated value,
QCL,Crops and livestock products,143,Morocco,5510,Production,1025,Raw hides and skins of goats or kids,1991,1991,t,4227.1,I,Imputed value,
QCL,Crops and livestock products,143,Morocco,5320,Producing Animals/Slaughtered,1025,Raw hides and skins of goats or kids,1991,1991,An,1450000,E,Estimated value,
QCL,Crops and livestock products,143,Morocco,5420,Yield,1025,Raw hides and skins of goats or kids,1992,1992,100 g/An,28,E,Estimated value,
QCL,Crops and livestock products,143,Morocco,5510,Production,1025,Raw hides and skins of goats or kids,1992,1992,t,3962.9,I,Imputed value,
QCL,Crops and livestock products,143,Morocco,5320,Producing Animals/Slaughtered,1025,Raw hides and skins of goats or kids,1992,1992,An,1400000,E,Estimated value,
QCL,Crops and livestock products,143,Morocco,5420,Yield,1025,Raw hides and skins of goats or kids,1993,1993,100 g/An,29,E,Estimated value,
QCL,Crops and livestock products,143,Morocco,5510,Production,1025,Raw hides and skins of goats or kids,1993,1993,t,4064.52,I,Imputed value,
QCL,Crops and livestock products,143,Morocco,5320,Producing Animals/Slaughtered,1025,Raw hides and skins of goats or kids,1993,1993,An,1406000,A,Official figure,
QCL,Crops and livestock products,143,Morocco,5420,Yield,1025,Raw hides and skins of goats or kids,1994,1994,100 g/An,29,E,Estimated value,
QCL,Crops and livestock products,143,Morocco,5510,Production,1025,Raw hides and skins of goats or kids,1994,1994,t,4064.52,I,Imputed value,
QCL,Crops and livestock products,143,Morocco,5320,Producing Animals/Slaughtered,1025,Raw hides and skins of goats or kids,1994,1994,An,1420000,X,Figure from international organizations,Unofficial figure
QCL,Crops and livestock products,143,Morocco,5420,Yield,1025,Raw hides and skins of goats or kids,1995,1995,100 g/An,28,E,Estimated value,
QCL,Crops and livestock products,143,Morocco,5510,Production,1025,Raw hides and skins of goats or kids,1995,1995,t,4064.52,I,Imputed value,
QCL,Crops and livestock products,143,Morocco,5320,Producing Animals/Slaughtered,1025,Raw hides and skins of goats or kids,1995,1995,An,1430000,X,Figure from international organizations,Unofficial figure
QCL,Crops and livestock products,143,Morocco,5420,Yield,1025,Raw hides and skins of goats or kids,1996,1996,100 g/An,31,E,Estimated value,
QCL,Crops and livestock products,143,Morocco,5510,Production,1025,Raw hides and skins of goats or kids,1996,1996,t,4470.97,I,Imputed value,
QCL,Crops and livestock products,143,Morocco,5320,Producing Animals/Slaughtered,1025,Raw hides and skins of goats or kids,1996,1996,An,1430000,X,Figure from international organizations,Unofficial figure
QCL,Crops and livestock products,143,Morocco,5420,Yield,1025,Raw hides and skins of goats or kids,1997,1997,100 g/An,30,E,Estimated value,
QCL,Crops and livestock products,143,Morocco,5510,Production,1025,Raw hides and skins of goats or kids,1997,1997,t,4470.97,I,Imputed value,
QCL,Crops and livestock products,143,Morocco,5320,Producing Animals/Slaughtered,1025,Raw hides and skins of goats or kids,1997,1997,An,1480000,E,Estimated value,
QCL,Crops and livestock products,143,Morocco,5420,Yield,1025,Raw hides and skins of goats or kids,1998,1998,100 g/An,30,E,Estimated value,
QCL,Crops and livestock products,143,Morocco,5510,Production,1025,Raw hides and skins of goats or kids,1998,1998,t,4470.97,I,Imputed value,
QCL,Crops and livestock products,143,Morocco,5320,Producing Animals/Slaughtered,1025,Raw hides and skins of goats or kids,1998,1998,An,1500000,A,Official figure,
QCL,Crops and livestock products,143,Morocco,5420,Yield,1025,Raw hides and skins of goats or kids,1999,1999,100 g/An,28,E,Estimated value,
QCL,Crops and livestock products,143,Morocco,5510,Production,1025,Raw hides and skins of goats or kids,1999,1999,t,4064.52,I,Imputed value,
QCL,Crops and livestock products,143,Morocco,5320,Producing Animals/Slaughtered,1025,Raw hides and skins of goats or kids,1999,1999,An,1450000,E,Estimated value,
QCL,Crops and livestock products,143,Morocco,5420,Yield,1025,Raw hides and skins of goats or kids,2000,2000,100 g/An,29,E,Estimated value,
QCL,Crops and livestock products,143,Morocco,5510,Production,1025,Raw hides and skins of goats or kids,2000,2000,t,4470.97,I,Imputed value,
QCL,Crops and livestock products,143,Morocco,5320,Producing Animals/Slaughtered,1025,Raw hides and skins of goats or kids,2000,2000,An,1550000,E,Estimated value,
QCL,Crops and livestock products,143,Morocco,5420,Yield,1025,Raw hides and skins of goats or kids,2001,2001,100 g/An,26,E,Estimated value,
QCL,Crops and livestock products,143,Morocco,5510,Production,1025,Raw hides and skins of goats or kids,2001,2001,t,4166.13,I,Imputed value,
QCL,Crops and livestock products,143,Morocco,5320,Producing Animals/Slaughtered,1025,Raw hides and skins of goats or kids,2001,2001,An,1600000,E,Estimated value,
QCL,Crops and livestock products,143,Morocco,5420,Yield,1025,Raw hides and skins of goats or kids,2002,2002,100 g/An,29,E,Estimated value,
QCL,Crops and livestock products,143,Morocco,5510,Production,1025,Raw hides and skins of goats or kids,2002,2002,t,4470.97,I,Imputed value,
QCL,Crops and livestock products,143,Morocco,5320,Producing Animals/Slaughtered,1025,Raw hides and skins of goats or kids,2002,2002,An,1550000,E,Estimated value,
QCL,Crops and livestock products,143,Morocco,5420,Yield,1025,Raw hides and skins of goats or kids,2003,2003,100 g/An,28,E,Estimated value,
QCL,Crops and livestock products,143,Morocco,5510,Production,1025,Raw hides and skins of goats or kids,2003,2003,t,4470.97,I,Imputed value,
QCL,Crops and livestock products,143,Morocco,5320,Producing Animals/Slaughtered,1025,Raw hides and skins of goats or kids,2003,2003,An,1600000,E,Estimated value,
QCL,Crops and livestock products,143,Morocco,5420,Yield,1025,Raw hides and skins of goats or kids,2004,2004,100 g/An,24,E,Estimated value,
QCL,Crops and livestock products,143,Morocco,5510,Production,1025,Raw hides and skins of goats or kids,2004,2004,t,4674.19,I,Imputed value,
QCL,Crops and livestock products,143,Morocco,5320,Producing Animals/Slaughtered,1025,Raw hides and skins of goats or kids,2004,2004,An,1982768,A,Official figure,
QCL,Crops and livestock products,143,Morocco,5420,Yield,1025,Raw hides and skins of goats or kids,2005,2005,100 g/An,23,E,Estimated value,
QCL,Crops and livestock products,143,Morocco,5510,Production,1025,Raw hides and skins of goats or kids,2005,2005,t,4470.97,I,Imputed value,
QCL,Crops and livestock products,143,Morocco,5320,Producing Animals/Slaughtered,1025,Raw hides and skins of goats or kids,2005,2005,An,1962740,A,Official figure,
QCL,Crops and livestock products,143,Morocco,5420,Yield,1025,Raw hides and skins of goats or kids,2006,2006,100 g/An,23,E,Estimated value,
QCL,Crops and livestock products,143,Morocco,5510,Production,1025,Raw hides and skins of goats or kids,2006,2006,t,4572.58,I,Imputed value,
QCL,Crops and livestock products,143,Morocco,5320,Producing Animals/Slaughtered,1025,Raw hides and skins of goats or kids,2006,2006,An,1980000,E,Estimated value,
QCL,Crops and livestock products,143,Morocco,5420,Yield,1025,Raw hides and skins of goats or kids,2007,2007,100 g/An,23,E,Estimated value,
QCL,Crops and livestock products,143,Morocco,5510,Production,1025,Raw hides and skins of goats or kids,2007,2007,t,4470.97,I,Imputed value,
QCL,Crops and livestock products,143,Morocco,5320,Producing Animals/Slaughtered,1025,Raw hides and skins of goats or kids,2007,2007,An,1970000,A,Official figure,
QCL,Crops and livestock products,143,Morocco,5420,Yield,1025,Raw hides and skins of goats or kids,2008,2008,100 g/An,23,E,Estimated value,
QCL,Crops and livestock products,143,Morocco,5510,Production,1025,Raw hides and skins of goats or kids,2008,2008,t,4470.97,I,Imputed value,
QCL,Crops and livestock products,143,Morocco,5320,Producing Animals/Slaughtered,1025,Raw hides and skins of goats or kids,2008,2008,An,1980000,E,Estimated value,
QCL,Crops and livestock products,143,Morocco,5420,Yield,1025,Raw hides and skins of goats or kids,2009,2009,100 g/An,23,E,Estimated value,
QCL,Crops and livestock products,143,Morocco,5510,Production,1025,Raw hides and skins of goats or kids,2009,2009,t,4403.9,I,Imputed value,
QCL,Crops and livestock products,143,Morocco,5320,Producing Animals/Slaughtered,1025,Raw hides and skins of goats or kids,2009,2009,An,1952000,E,Estimated value,
QCL,Crops and livestock products,143,Morocco,5420,Yield,1025,Raw hides and skins of goats or kids,2010,2010,100 g/An,23,E,Estimated value,
QCL,Crops and livestock products,143,Morocco,5510,Production,1025,Raw hides and skins of goats or kids,2010,2010,t,4674.19,I,Imputed value,
QCL,Crops and livestock products,143,Morocco,5320,Producing Animals/Slaughtered,1025,Raw hides and skins of goats or kids,2010,2010,An,2050000,E,Estimated value,
QCL,Crops and livestock products,143,Morocco,5420,Yield,1025,Raw hides and skins of goats or kids,2011,2011,100 g/An,22,E,Estimated value,
QCL,Crops and livestock products,143,Morocco,5510,Production,1025,Raw hides and skins of goats or kids,2011,2011,t,4794.3,I,Imputed value,
QCL,Crops and livestock products,143,Morocco,5320,Producing Animals/Slaughtered,1025,Raw hides and skins of goats or kids,2011,2011,An,2150000,E,Estimated value,
QCL,Crops and livestock products,143,Morocco,5420,Yield,1025,Raw hides and skins of goats or kids,2012,2012,100 g/An,22,E,Estimated value,
QCL,Crops and livestock products,143,Morocco,5510,Production,1025,Raw hides and skins of goats or kids,2012,2012,t,4933.51,I,Imputed value,
QCL,Crops and livestock products,143,Morocco,5320,Producing Animals/Slaughtered,1025,Raw hides and skins of goats or kids,2012,2012,An,2200000,E,Estimated value,
QCL,Crops and livestock products,143,Morocco,5420,Yield,1025,Raw hides and skins of goats or kids,2013,2013,100 g/An,22,E,Estimated value,
QCL,Crops and livestock products,143,Morocco,5510,Production,1025,Raw hides and skins of goats or kids,2013,2013,t,5283.87,I,Imputed value,
QCL,Crops and livestock products,143,Morocco,5320,Producing Animals/Slaughtered,1025,Raw hides and skins of goats or kids,2013,2013,An,2363000,E,Estimated value,
QCL,Crops and livestock products,143,Morocco,5420,Yield,1025,Raw hides and skins of goats or kids,2014,2014,100 g/An,23,E,Estimated value,
QCL,Crops and livestock products,143,Morocco,5510,Production,1025,Raw hides and skins of goats or kids,2014,2014,t,5389.55,I,Imputed value,
QCL,Crops and livestock products,143,Morocco,5320,Producing Animals/Slaughtered,1025,Raw hides and skins of goats or kids,2014,2014,An,2374680,I,Imputed value,
QCL,Crops and livestock products,143,Morocco,5420,Yield,1025,Raw hides and skins of goats or kids,2015,2015,100 g/An,24,E,Estimated value,
QCL,Crops and livestock products,143,Morocco,5510,Production,1025,Raw hides and skins of goats or kids,2015,2015,t,5779.13,I,Imputed value,
QCL,Crops and livestock products,143,Morocco,5320,Producing Animals/Slaughtered,1025,Raw hides and skins of goats or kids,2015,2015,An,2372366,I,Imputed value,
QCL,Crops and livestock products,143,Morocco,5420,Yield,1025,Raw hides and skins of goats or kids,2016,2016,100 g/An,28,E,Estimated value,
QCL,Crops and livestock products,143,Morocco,5510,Production,1025,Raw hides and skins of goats or kids,2016,2016,t,6059.58,I,Imputed value,
QCL,Crops and livestock products,143,Morocco,5320,Producing Animals/Slaughtered,1025,Raw hides and skins of goats or kids,2016,2016,An,2132658,I,Imputed value,
QCL,Crops and livestock products,143,Morocco,5420,Yield,1025,Raw hides and skins of goats or kids,2017,2017,100 g/An,33,E,Estimated value,
QCL,Crops and livestock products,143,Morocco,5510,Production,1025,Raw hides and skins of goats or kids,2017,2017,t,6500.38,I,Imputed value,
QCL,Crops and livestock products,143,Morocco,5320,Producing Animals/Slaughtered,1025,Raw hides and skins of goats or kids,2017,2017,An,1990093,I,Imputed value,
QCL,Crops and livestock products,143,Morocco,5420,Yield,1025,Raw hides and skins of goats or kids,2018,2018,100 g/An,30,E,Estimated value,
QCL,Crops and livestock products,143,Morocco,5510,Production,1025,Raw hides and skins of goats or kids,2018,2018,t,6494.89,I,Imputed value,
QCL,Crops and livestock products,143,Morocco,5320,Producing Animals/Slaughtered,1025,Raw hides and skins of goats or kids,2018,2018,An,2201209,I,Imputed value,
QCL,Crops and livestock products,143,Morocco,5420,Yield,1025,Raw hides and skins of goats or kids,2019,2019,100 g/An,28,E,Estimated value,
QCL,Crops and livestock products,143,Morocco,5510,Production,1025,Raw hides and skins of goats or kids,2019,2019,t,6527.21,I,Imputed value,
QCL,Crops and livestock products,143,Morocco,5320,Producing Animals/Slaughtered,1025,Raw hides and skins of goats or kids,2019,2019,An,2313884,I,Imputed value,
QCL,Crops and livestock products,143,Morocco,5420,Yield,1025,Raw hides and skins of goats or kids,2020,2020,100 g/An,27,E,Estimated value,
QCL,Crops and livestock products,143,Morocco,5510,Production,1025,Raw hides and skins of goats or kids,2020,2020,t,6300,I,Imputed value,
QCL,Crops and livestock products,143,Morocco,5320,Producing Animals/Slaughtered,1025,Raw hides and skins of goats or kids,2020,2020,An,2313354,I,Imputed value,
QCL,Crops and livestock products,143,Morocco,5420,Yield,1025,Raw hides and skins of goats or kids,2021,2021,100 g/An,26,E,Estimated value,
QCL,Crops and livestock products,143,Morocco,5510,Production,1025,Raw hides and skins of goats or kids,2021,2021,t,6300,I,Imputed value,
QCL,Crops and livestock products,143,Morocco,5320,Producing Animals/Slaughtered,1025,Raw hides and skins of goats or kids,2021,2021,An,2421610,I,Imputed value,
QCL,Crops and livestock products,143,Morocco,5420,Yield,1025,Raw hides and skins of goats or kids,2022,2022,100 g/An,26,E,Estimated value,
QCL,Crops and livestock products,143,Morocco,5510,Production,1025,Raw hides and skins of goats or kids,2022,2022,t,6147.58,I,Imputed value,
QCL,Crops and livestock products,143,Morocco,5320,Producing Animals/Slaughtered,1025,Raw hides and skins of goats or kids,2022,2022,An,2370486,I,Imputed value,
QCL,Crops and livestock products,143,Morocco,5420,Yield,995,Raw hides and skins of sheep or lambs,1961,1961,100 g/An,17,E,Estimated value,
QCL,Crops and livestock products,143,Morocco,5510,Production,995,Raw hides and skins of sheep or lambs,1961,1961,t,6443.4,I,Imputed value,
QCL,Crops and livestock products,143,Morocco,5320,Producing Animals/Slaughtered,995,Raw hides and skins of sheep or lambs,1961,1961,An,3830310,E,Estimated value,
QCL,Crops and livestock products,143,Morocco,5420,Yield,995,Raw hides and skins of sheep or lambs,1962,1962,100 g/An,17,E,Estimated value,
QCL,Crops and livestock products,143,Morocco,5510,Production,995,Raw hides and skins of sheep or lambs,1962,1962,t,5260.21,I,Imputed value,
QCL,Crops and livestock products,143,Morocco,5320,Producing Animals/Slaughtered,995,Raw hides and skins of sheep or lambs,1962,1962,An,3024530,E,Estimated value,
QCL,Crops and livestock products,143,Morocco,5420,Yield,995,Raw hides and skins of sheep or lambs,1963,1963,100 g/An,19,E,Estimated value,
QCL,Crops and livestock products,143,Morocco,5510,Production,995,Raw hides and skins of sheep or lambs,1963,1963,t,4390.64,I,Imputed value,
QCL,Crops and livestock products,143,Morocco,5320,Producing Animals/Slaughtered,995,Raw hides and skins of sheep or lambs,1963,1963,An,2369710,E,Estimated value,
QCL,Crops and livestock products,143,Morocco,5420,Yield,995,Raw hides and skins of sheep or lambs,1964,1964,100 g/An,18,E,Estimated value,
QCL,Crops and livestock products,143,Morocco,5510,Production,995,Raw hides and skins of sheep or lambs,1964,1964,t,4727.06,I,Imputed value,
QCL,Crops and livestock products,143,Morocco,5320,Producing Animals/Slaughtered,995,Raw hides and skins of sheep or lambs,1964,1964,An,2695940,E,Estimated value,
QCL,Crops and livestock products,143,Morocco,5420,Yield,995,Raw hides and skins of sheep or lambs,1965,1965,100 g/An,18,E,Estimated value,
QCL,Crops and livestock products,143,Morocco,5510,Production,995,Raw hides and skins of sheep or lambs,1965,1965,t,5511.11,I,Imputed value,
QCL,Crops and livestock products,143,Morocco,5320,Producing Animals/Slaughtered,995,Raw hides and skins of sheep or lambs,1965,1965,An,3117478,E,Estimated value,
QCL,Crops and livestock products,143,Morocco,5420,Yield,995,Raw hides and skins of sheep or lambs,1966,1966,100 g/An,17,E,Estimated value,
QCL,Crops and livestock products,143,Morocco,5510,Production,995,Raw hides and skins of sheep or lambs,1966,1966,t,5702.13,I,Imputed value,
QCL,Crops and livestock products,143,Morocco,5320,Producing Animals/Slaughtered,995,Raw hides and skins of sheep or lambs,1966,1966,An,3280000,A,Official figure,
QCL,Crops and livestock products,143,Morocco,5420,Yield,995,Raw hides and skins of sheep or lambs,1967,1967,100 g/An,17,E,Estimated value,
QCL,Crops and livestock products,143,Morocco,5510,Production,995,Raw hides and skins of sheep or lambs,1967,1967,t,6087.02,I,Imputed value,
QCL,Crops and livestock products,143,Morocco,5320,Producing Animals/Slaughtered,995,Raw hides and skins of sheep or lambs,1967,1967,An,3500000,A,Official figure,
QCL,Crops and livestock products,143,Morocco,5420,Yield,995,Raw hides and skins of sheep or lambs,1968,1968,100 g/An,17,E,Estimated value,
QCL,Crops and livestock products,143,Morocco,5510,Production,995,Raw hides and skins of sheep or lambs,1968,1968,t,6700,I,Imputed value,
QCL,Crops and livestock products,143,Morocco,5320,Producing Animals/Slaughtered,995,Raw hides and skins of sheep or lambs,1968,1968,An,3835000,A,Official figure,
QCL,Crops and livestock products,143,Morocco,5420,Yield,995,Raw hides and skins of sheep or lambs,1969,1969,100 g/An,16,E,Estimated value,
QCL,Crops and livestock products,143,Morocco,5510,Production,995,Raw hides and skins of sheep or lambs,1969,1969,t,6414.89,I,Imputed value,
QCL,Crops and livestock products,143,Morocco,5320,Producing Animals/Slaughtered,995,Raw hides and skins of sheep or lambs,1969,1969,An,3950000,A,Official figure,
QCL,Crops and livestock products,143,Morocco,5420,Yield,995,Raw hides and skins of sheep or lambs,1970,1970,100 g/An,16,E,Estimated value,
QCL,Crops and livestock products,143,Morocco,5510,Production,995,Raw hides and skins of sheep or lambs,1970,1970,t,6600.21,I,Imputed value,
QCL,Crops and livestock products,143,Morocco,5320,Producing Animals/Slaughtered,995,Raw hides and skins of sheep or lambs,1970,1970,An,4100000,E,Estimated value,
QCL,Crops and livestock products,143,Morocco,5420,Yield,995,Raw hides and skins of sheep or lambs,1971,1971,100 g/An,15,E,Estimated value,
QCL,Crops and livestock products,143,Morocco,5510,Production,995,Raw hides and skins of sheep or lambs,1971,1971,t,6985.11,I,Imputed value,
QCL,Crops and livestock products,143,Morocco,5320,Producing Animals/Slaughtered,995,Raw hides and skins of sheep or lambs,1971,1971,An,4524760,A,Official figure,
QCL,Crops and livestock products,143,Morocco,5420,Yield,995,Raw hides and skins of sheep or lambs,1972,1972,100 g/An,17,E,Estimated value,
QCL,Crops and livestock products,143,Morocco,5510,Production,995,Raw hides and skins of sheep or lambs,1972,1972,t,7127.66,I,Imputed value,
QCL,Crops and livestock products,143,Morocco,5320,Producing Animals/Slaughtered,995,Raw hides and skins of sheep or lambs,1972,1972,An,4310344,A,Official figure,
QCL,Crops and livestock products,143,Morocco,5420,Yield,995,Raw hides and skins of sheep or lambs,1973,1973,100 g/An,15,E,Estimated value,
QCL,Crops and livestock products,143,Morocco,5510,Production,995,Raw hides and skins of sheep or lambs,1973,1973,t,7127.66,I,Imputed value,
QCL,Crops and livestock products,143,Morocco,5320,Producing Animals/Slaughtered,995,Raw hides and skins of sheep or lambs,1973,1973,An,4807692,A,Official figure,
QCL,Crops and livestock products,143,Morocco,5420,Yield,995,Raw hides and skins of sheep or lambs,1974,1974,100 g/An,15,E,Estimated value,
QCL,Crops and livestock products,143,Morocco,5510,Production,995,Raw hides and skins of sheep or lambs,1974,1974,t,7127.66,I,Imputed value,
QCL,Crops and livestock products,143,Morocco,5320,Producing Animals/Slaughtered,995,Raw hides and skins of sheep or lambs,1974,1974,An,4807692,A,Official figure,
QCL,Crops and livestock products,143,Morocco,5420,Yield,995,Raw hides and skins of sheep or lambs,1975,1975,100 g/An,15,E,Estimated value,
QCL,Crops and livestock products,143,Morocco,5510,Production,995,Raw hides and skins of sheep or lambs,1975,1975,t,6172.55,I,Imputed value,
QCL,Crops and livestock products,143,Morocco,5320,Producing Animals/Slaughtered,995,Raw hides and skins of sheep or lambs,1975,1975,An,4160000,X,Figure from international organizations,Unofficial figure
QCL,Crops and livestock products,143,Morocco,5420,Yield,995,Raw hides and skins of sheep or lambs,1976,1976,100 g/An,16,E,Estimated value,
QCL,Crops and livestock products,143,Morocco,5510,Production,995,Raw hides and skins of sheep or lambs,1976,1976,t,5787.66,I,Imputed value,
QCL,Crops and livestock products,143,Morocco,5320,Producing Animals/Slaughtered,995,Raw hides and skins of sheep or lambs,1976,1976,An,3590000,X,Figure from international organizations,Unofficial figure
QCL,Crops and livestock products,143,Morocco,5420,Yield,995,Raw hides and skins of sheep or lambs,1977,1977,100 g/An,18,E,Estimated value,
QCL,Crops and livestock products,143,Morocco,5510,Production,995,Raw hides and skins of sheep or lambs,1977,1977,t,6700,I,Imputed value,
QCL,Crops and livestock products,143,Morocco,5320,Producing Animals/Slaughtered,995,Raw hides and skins of sheep or lambs,1977,1977,An,3653000,X,Figure from international organizations,Unofficial figure
QCL,Crops and livestock products,143,Morocco,5420,Yield,995,Raw hides and skins of sheep or lambs,1978,1978,100 g/An,18,E,Estimated value,
QCL,Crops and livestock products,143,Morocco,5510,Production,995,Raw hides and skins of sheep or lambs,1978,1978,t,7127.66,I,Imputed value,
QCL,Crops and livestock products,143,Morocco,5320,Producing Animals/Slaughtered,995,Raw hides and skins of sheep or lambs,1978,1978,An,3870000,X,Figure from international organizations,Unofficial figure
QCL,Crops and livestock products,143,Morocco,5420,Yield,995,Raw hides and skins of sheep or lambs,1979,1979,100 g/An,20,E,Estimated value,
QCL,Crops and livestock products,143,Morocco,5510,Production,995,Raw hides and skins of sheep or lambs,1979,1979,t,7127.66,I,Imputed value,
QCL,Crops and livestock products,143,Morocco,5320,Producing Animals/Slaughtered,995,Raw hides and skins of sheep or lambs,1979,1979,An,3650000,X,Figure from international organizations,Unofficial figure
QCL,Crops and livestock products,143,Morocco,5420,Yield,995,Raw hides and skins of sheep or lambs,1980,1980,100 g/An,17,E,Estimated value,
QCL,Crops and livestock products,143,Morocco,5510,Production,995,Raw hides and skins of sheep or lambs,1980,1980,t,7412.77,I,Imputed value,
QCL,Crops and livestock products,143,Morocco,5320,Producing Animals/Slaughtered,995,Raw hides and skins of sheep or lambs,1980,1980,An,4365000,X,Figure from international organizations,Unofficial figure
QCL,Crops and livestock products,143,Morocco,5420,Yield,995,Raw hides and skins of sheep or lambs,1981,1981,100 g/An,19,E,Estimated value,
QCL,Crops and livestock products,143,Morocco,5510,Production,995,Raw hides and skins of sheep or lambs,1981,1981,t,9265.96,I,Imputed value,
QCL,Crops and livestock products,143,Morocco,5320,Producing Animals/Slaughtered,995,Raw hides and skins of sheep or lambs,1981,1981,An,4900000,X,Figure from international organizations,Unofficial figure
QCL,Crops and livestock products,143,Morocco,5420,Yield,995,Raw hides and skins of sheep or lambs,1982,1982,100 g/An,17,E,Estimated value,
QCL,Crops and livestock products,143,Morocco,5510,Production,995,Raw hides and skins of sheep or lambs,1982,1982,t,6557.45,I,Imputed value,
QCL,Crops and livestock products,143,Morocco,5320,Producing Animals/Slaughtered,995,Raw hides and skins of sheep or lambs,1982,1982,An,3784750,A,Official figure,
QCL,Crops and livestock products,143,Morocco,5420,Yield,995,Raw hides and skins of sheep or lambs,1983,1983,100 g/An,17,E,Estimated value,
QCL,Crops and livestock products,143,Morocco,5510,Production,995,Raw hides and skins of sheep or lambs,1983,1983,t,6757.02,I,Imputed value,
QCL,Crops and livestock products,143,Morocco,5320,Producing Animals/Slaughtered,995,Raw hides and skins of sheep or lambs,1983,1983,An,4080428,A,Official figure,
QCL,Crops and livestock products,143,Morocco,5420,Yield,995,Raw hides and skins of sheep or lambs,1984,1984,100 g/An,18,E,Estimated value,
QCL,Crops and livestock products,143,Morocco,5510,Production,995,Raw hides and skins of sheep or lambs,1984,1984,t,7123.38,I,Imputed value,
QCL,Crops and livestock products,143,Morocco,5320,Producing Animals/Slaughtered,995,Raw hides and skins of sheep or lambs,1984,1984,An,3930500,A,Official figure,
QCL,Crops and livestock products,143,Morocco,5420,Yield,995,Raw hides and skins of sheep or lambs,1985,1985,100 g/An,19,E,Estimated value,
QCL,Crops and livestock products,143,Morocco,5510,Production,995,Raw hides and skins of sheep or lambs,1985,1985,t,7760.6,I,Imputed value,
QCL,Crops and livestock products,143,Morocco,5320,Producing Animals/Slaughtered,995,Raw hides and skins of sheep or lambs,1985,1985,An,4000000,E,Estimated value,
QCL,Crops and livestock products,143,Morocco,5420,Yield,995,Raw hides and skins of sheep or lambs,1986,1986,100 g/An,17,E,Estimated value,
QCL,Crops and livestock products,143,Morocco,5510,Production,995,Raw hides and skins of sheep or lambs,1986,1986,t,7274.49,I,Imputed value,
QCL,Crops and livestock products,143,Morocco,5320,Producing Animals/Slaughtered,995,Raw hides and skins of sheep or lambs,1986,1986,An,4300000,E,Estimated value,
QCL,Crops and livestock products,143,Morocco,5420,Yield,995,Raw hides and skins of sheep or lambs,1987,1987,100 g/An,21,E,Estimated value,
QCL,Crops and livestock products,143,Morocco,5510,Production,995,Raw hides and skins of sheep or lambs,1987,1987,t,9151.91,I,Imputed value,
QCL,Crops and livestock products,143,Morocco,5320,Producing Animals/Slaughtered,995,Raw hides and skins of sheep or lambs,1987,1987,An,4450000,A,Official figure,
QCL,Crops and livestock products,143,Morocco,5420,Yield,995,Raw hides and skins of sheep or lambs,1988,1988,100 g/An,26,E,Estimated value,
QCL,Crops and livestock products,143,Morocco,5510,Production,995,Raw hides and skins of sheep or lambs,1988,1988,t,12971.63,I,Imputed value,
QCL,Crops and livestock products,143,Morocco,5320,Producing Animals/Slaughtered,995,Raw hides and skins of sheep or lambs,1988,1988,An,5000000,E,Estimated value,
QCL,Crops and livestock products,143,Morocco,5420,Yield,995,Raw hides and skins of sheep or lambs,1989,1989,100 g/An,25,E,Estimated value,
QCL,Crops and livestock products,143,Morocco,5510,Production,995,Raw hides and skins of sheep or lambs,1989,1989,t,14700.09,I,Imputed value,
QCL,Crops and livestock products,143,Morocco,5320,Producing Animals/Slaughtered,995,Raw hides and skins of sheep or lambs,1989,1989,An,5800000,E,Estimated value,
QCL,Crops and livestock products,143,Morocco,5420,Yield,995,Raw hides and skins of sheep or lambs,1990,1990,100 g/An,26,E,Estimated value,
QCL,Crops and livestock products,143,Morocco,5510,Production,995,Raw hides and skins of sheep or lambs,1990,1990,t,14303.07,I,Imputed value,
QCL,Crops and livestock products,143,Morocco,5320,Producing Animals/Slaughtered,995,Raw hides and skins of sheep or lambs,1990,1990,An,5600000,E,Estimated value,
QCL,Crops and livestock products,143,Morocco,5420,Yield,995,Raw hides and skins of sheep or lambs,1991,1991,100 g/An,27,E,Estimated value,
QCL,Crops and livestock products,143,Morocco,5510,Production,995,Raw hides and skins of sheep or lambs,1991,1991,t,14143.27,I,Imputed value,
QCL,Crops and livestock products,143,Morocco,5320,Producing Animals/Slaughtered,995,Raw hides and skins of sheep or lambs,1991,1991,An,5300000,E,Estimated value,
QCL,Crops and livestock products,143,Morocco,5420,Yield,995,Raw hides and skins of sheep or lambs,1992,1992,100 g/An,26,E,Estimated value,
QCL,Crops and livestock products,143,Morocco,5510,Production,995,Raw hides and skins of sheep or lambs,1992,1992,t,15510.5,I,Imputed value,
QCL,Crops and livestock products,143,Morocco,5320,Producing Animals/Slaughtered,995,Raw hides and skins of sheep or lambs,1992,1992,An,6020000,E,Estimated value,
QCL,Crops and livestock products,143,Morocco,5420,Yield,995,Raw hides and skins of sheep or lambs,1993,1993,100 g/An,29,E,Estimated value,
QCL,Crops and livestock products,143,Morocco,5510,Production,995,Raw hides and skins of sheep or lambs,1993,1993,t,14605.86,I,Imputed value,
QCL,Crops and livestock products,143,Morocco,5320,Producing Animals/Slaughtered,995,Raw hides and skins of sheep or lambs,1993,1993,An,5077000,A,Official figure,
QCL,Crops and livestock products,143,Morocco,5420,Yield,995,Raw hides and skins of sheep or lambs,1994,1994,100 g/An,26,E,Estimated value,
QCL,Crops and livestock products,143,Morocco,5510,Production,995,Raw hides and skins of sheep or lambs,1994,1994,t,14906.79,I,Imputed value,
QCL,Crops and livestock products,143,Morocco,5320,Producing Animals/Slaughtered,995,Raw hides and skins of sheep or lambs,1994,1994,An,5800000,X,Figure from international organizations,Unofficial figure
QCL,Crops and livestock products,143,Morocco,5420,Yield,995,Raw hides and skins of sheep or lambs,1995,1995,100 g/An,26,E,Estimated value,
QCL,Crops and livestock products,143,Morocco,5510,Production,995,Raw hides and skins of sheep or lambs,1995,1995,t,15965.96,I,Imputed value,
QCL,Crops and livestock products,143,Morocco,5320,Producing Animals/Slaughtered,995,Raw hides and skins of sheep or lambs,1995,1995,An,6100000,X,Figure from international organizations,Unofficial figure
QCL,Crops and livestock products,143,Morocco,5420,Yield,995,Raw hides and skins of sheep or lambs,1996,1996,100 g/An,21,E,Estimated value,
QCL,Crops and livestock products,143,Morocco,5510,Production,995,Raw hides and skins of sheep or lambs,1996,1996,t,12829.79,I,Imputed value,
QCL,Crops and livestock products,143,Morocco,5320,Producing Animals/Slaughtered,995,Raw hides and skins of sheep or lambs,1996,1996,An,6000000,X,Figure from international organizations,Unofficial figure
QCL,Crops and livestock products,143,Morocco,5420,Yield,995,Raw hides and skins of sheep or lambs,1997,1997,100 g/An,26,E,Estimated value,
QCL,Crops and livestock products,143,Morocco,5510,Production,995,Raw hides and skins of sheep or lambs,1997,1997,t,17106.38,I,Imputed value,
QCL,Crops and livestock products,143,Morocco,5320,Producing Animals/Slaughtered,995,Raw hides and skins of sheep or lambs,1997,1997,An,6500000,E,Estimated value,
QCL,Crops and livestock products,143,Morocco,5420,Yield,995,Raw hides and skins of sheep or lambs,1998,1998,100 g/An,26,E,Estimated value,
QCL,Crops and livestock products,143,Morocco,5510,Production,995,Raw hides and skins of sheep or lambs,1998,1998,t,16393.62,I,Imputed value,
QCL,Crops and livestock products,143,Morocco,5320,Producing Animals/Slaughtered,995,Raw hides and skins of sheep or lambs,1998,1998,An,6200000,A,Official figure,
QCL,Crops and livestock products,143,Morocco,5420,Yield,995,Raw hides and skins of sheep or lambs,1999,1999,100 g/An,26,E,Estimated value,
QCL,Crops and livestock products,143,Morocco,5510,Production,995,Raw hides and skins of sheep or lambs,1999,1999,t,17961.7,I,Imputed value,
QCL,Crops and livestock products,143,Morocco,5320,Producing Animals/Slaughtered,995,Raw hides and skins of sheep or lambs,1999,1999,An,6800000,E,Estimated value,
QCL,Crops and livestock products,143,Morocco,5420,Yield,995,Raw hides and skins of sheep or lambs,2000,2000,100 g/An,25,E,Estimated value,
QCL,Crops and livestock products,143,Morocco,5510,Production,995,Raw hides and skins of sheep or lambs,2000,2000,t,17819.15,I,Imputed value,
QCL,Crops and livestock products,143,Morocco,5320,Producing Animals/Slaughtered,995,Raw hides and skins of sheep or lambs,2000,2000,An,7200000,E,Estimated value,
QCL,Crops and livestock products,143,Morocco,5420,Yield,995,Raw hides and skins of sheep or lambs,2001,2001,100 g/An,25,E,Estimated value,
QCL,Crops and livestock products,143,Morocco,5510,Production,995,Raw hides and skins of sheep or lambs,2001,2001,t,17819.15,I,Imputed value,
QCL,Crops and livestock products,143,Morocco,5320,Producing Animals/Slaughtered,995,Raw hides and skins of sheep or lambs,2001,2001,An,7200000,E,Estimated value,
QCL,Crops and livestock products,143,Morocco,5420,Yield,995,Raw hides and skins of sheep or lambs,2002,2002,100 g/An,23,E,Estimated value,
QCL,Crops and livestock products,143,Morocco,5510,Production,995,Raw hides and skins of sheep or lambs,2002,2002,t,15680.85,I,Imputed value,
QCL,Crops and livestock products,143,Morocco,5320,Producing Animals/Slaughtered,995,Raw hides and skins of sheep or lambs,2002,2002,An,6900000,E,Estimated value,
QCL,Crops and livestock products,143,Morocco,5420,Yield,995,Raw hides and skins of sheep or lambs,2003,2003,100 g/An,21,E,Estimated value,
QCL,Crops and livestock products,143,Morocco,5510,Production,995,Raw hides and skins of sheep or lambs,2003,2003,t,14968.09,I,Imputed value,
QCL,Crops and livestock products,143,Morocco,5320,Producing Animals/Slaughtered,995,Raw hides and skins of sheep or lambs,2003,2003,An,7000000,E,Estimated value,
QCL,Crops and livestock products,143,Morocco,5420,Yield,995,Raw hides and skins of sheep or lambs,2004,2004,100 g/An,21,E,Estimated value,
QCL,Crops and livestock products,143,Morocco,5510,Production,995,Raw hides and skins of sheep or lambs,2004,2004,t,14968.09,I,Imputed value,
QCL,Crops and livestock products,143,Morocco,5320,Producing Animals/Slaughtered,995,Raw hides and skins of sheep or lambs,2004,2004,An,7200000,E,Estimated value,
QCL,Crops and livestock products,143,Morocco,5420,Yield,995,Raw hides and skins of sheep or lambs,2005,2005,100 g/An,23,E,Estimated value,
QCL,Crops and livestock products,143,Morocco,5510,Production,995,Raw hides and skins of sheep or lambs,2005,2005,t,16393.62,I,Imputed value,
QCL,Crops and livestock products,143,Morocco,5320,Producing Animals/Slaughtered,995,Raw hides and skins of sheep or lambs,2005,2005,An,7100000,E,Estimated value,
QCL,Crops and livestock products,143,Morocco,5420,Yield,995,Raw hides and skins of sheep or lambs,2006,2006,100 g/An,20,E,Estimated value,
QCL,Crops and livestock products,143,Morocco,5510,Production,995,Raw hides and skins of sheep or lambs,2006,2006,t,17106.38,I,Imputed value,
QCL,Crops and livestock products,143,Morocco,5320,Producing Animals/Slaughtered,995,Raw hides and skins of sheep or lambs,2006,2006,An,8480000,A,Official figure,
QCL,Crops and livestock products,143,Morocco,5420,Yield,995,Raw hides and skins of sheep or lambs,2007,2007,100 g/An,20,E,Estimated value,
QCL,Crops and livestock products,143,Morocco,5510,Production,995,Raw hides and skins of sheep or lambs,2007,2007,t,17106.38,I,Imputed value,
QCL,Crops and livestock products,143,Morocco,5320,Producing Animals/Slaughtered,995,Raw hides and skins of sheep or lambs,2007,2007,An,8420000,A,Official figure,
QCL,Crops and livestock products,143,Morocco,5420,Yield,995,Raw hides and skins of sheep or lambs,2008,2008,100 g/An,20,E,Estimated value,
QCL,Crops and livestock products,143,Morocco,5510,Production,995,Raw hides and skins of sheep or lambs,2008,2008,t,17248.94,I,Imputed value,
QCL,Crops and livestock products,143,Morocco,5320,Producing Animals/Slaughtered,995,Raw hides and skins of sheep or lambs,2008,2008,An,8520000,E,Estimated value,
QCL,Crops and livestock products,143,Morocco,5420,Yield,995,Raw hides and skins of sheep or lambs,2009,2009,100 g/An,20,E,Estimated value,
QCL,Crops and livestock products,143,Morocco,5510,Production,995,Raw hides and skins of sheep or lambs,2009,2009,t,19102.13,I,Imputed value,
QCL,Crops and livestock products,143,Morocco,5320,Producing Animals/Slaughtered,995,Raw hides and skins of sheep or lambs,2009,2009,An,9370000,E,Estimated value,
QCL,Crops and livestock products,143,Morocco,5420,Yield,995,Raw hides and skins of sheep or lambs,2010,2010,100 g/An,20,E,Estimated value,
QCL,Crops and livestock products,143,Morocco,5510,Production,995,Raw hides and skins of sheep or lambs,2010,2010,t,19814.89,I,Imputed value,
QCL,Crops and livestock products,143,Morocco,5320,Producing Animals/Slaughtered,995,Raw hides and skins of sheep or lambs,2010,2010,An,9720000,E,Estimated value,
QCL,Crops and livestock products,143,Morocco,5420,Yield,995,Raw hides and skins of sheep or lambs,2011,2011,100 g/An,20,E,Estimated value,
QCL,Crops and livestock products,143,Morocco,5510,Production,995,Raw hides and skins of sheep or lambs,2011,2011,t,20446.4,I,Imputed value,
QCL,Crops and livestock products,143,Morocco,5320,Producing Animals/Slaughtered,995,Raw hides and skins of sheep or lambs,2011,2011,An,10050000,E,Estimated value,
QCL,Crops and livestock products,143,Morocco,5420,Yield,995,Raw hides and skins of sheep or lambs,2012,2012,100 g/An,20,E,Estimated value,
QCL,Crops and livestock products,143,Morocco,5510,Production,995,Raw hides and skins of sheep or lambs,2012,2012,t,21039.71,I,Imputed value,
QCL,Crops and livestock products,143,Morocco,5320,Producing Animals/Slaughtered,995,Raw hides and skins of sheep or lambs,2012,2012,An,10350000,E,Estimated value,
QCL,Crops and livestock products,143,Morocco,5420,Yield,995,Raw hides and skins of sheep or lambs,2013,2013,100 g/An,16,E,Estimated value,
QCL,Crops and livestock products,143,Morocco,5510,Production,995,Raw hides and skins of sheep or lambs,2013,2013,t,16821.28,I,Imputed value,
QCL,Crops and livestock products,143,Morocco,5320,Producing Animals/Slaughtered,995,Raw hides and skins of sheep or lambs,2013,2013,An,10500000,E,Estimated value,
QCL,Crops and livestock products,143,Morocco,5420,Yield,995,Raw hides and skins of sheep or lambs,2014,2014,100 g/An,16,E,Estimated value,
QCL,Crops and livestock products,143,Morocco,5510,Production,995,Raw hides and skins of sheep or lambs,2014,2014,t,17157.56,I,Imputed value,
QCL,Crops and livestock products,143,Morocco,5320,Producing Animals/Slaughtered,995,Raw hides and skins of sheep or lambs,2014,2014,An,10517565,I,Imputed value,
QCL,Crops and livestock products,143,Morocco,5420,Yield,995,Raw hides and skins of sheep or lambs,2015,2015,100 g/An,22,E,Estimated value,
QCL,Crops and livestock products,143,Morocco,5510,Production,995,Raw hides and skins of sheep or lambs,2015,2015,t,22379.85,I,Imputed value,
QCL,Crops and livestock products,143,Morocco,5320,Producing Animals/Slaughtered,995,Raw hides and skins of sheep or lambs,2015,2015,An,10133607,I,Imputed value,
QCL,Crops and livestock products,143,Morocco,5420,Yield,995,Raw hides and skins of sheep or lambs,2016,2016,100 g/An,21,E,Estimated value,
QCL,Crops and livestock products,143,Morocco,5510,Production,995,Raw hides and skins of sheep or lambs,2016,2016,t,22943.22,I,Imputed value,
QCL,Crops and livestock products,143,Morocco,5320,Producing Animals/Slaughtered,995,Raw hides and skins of sheep or lambs,2016,2016,An,11042651,I,Imputed value,
QCL,Crops and livestock products,143,Morocco,5420,Yield,995,Raw hides and skins of sheep or lambs,2017,2017,100 g/An,22,E,Estimated value,
QCL,Crops and livestock products,143,Morocco,5510,Production,995,Raw hides and skins of sheep or lambs,2017,2017,t,24611.81,I,Imputed value,
QCL,Crops and livestock products,143,Morocco,5320,Producing Animals/Slaughtered,995,Raw hides and skins of sheep or lambs,2017,2017,An,11121793,I,Imputed value,
QCL,Crops and livestock products,143,Morocco,5420,Yield,995,Raw hides and skins of sheep or lambs,2018,2018,100 g/An,23,E,Estimated value,
QCL,Crops and livestock products,143,Morocco,5510,Production,995,Raw hides and skins of sheep or lambs,2018,2018,t,25358.07,I,Imputed value,
QCL,Crops and livestock products,143,Morocco,5320,Producing Animals/Slaughtered,995,Raw hides and skins of sheep or lambs,2018,2018,An,11226277,I,Imputed value,
QCL,Crops and livestock products,143,Morocco,5420,Yield,995,Raw hides and skins of sheep or lambs,2019,2019,100 g/An,21,E,Estimated value,
QCL,Crops and livestock products,143,Morocco,5510,Production,995,Raw hides and skins of sheep or lambs,2019,2019,t,25484.23,I,Imputed value,
QCL,Crops and livestock products,143,Morocco,5320,Producing Animals/Slaughtered,995,Raw hides and skins of sheep or lambs,2019,2019,An,12320796,I,Imputed value,
QCL,Crops and livestock products,143,Morocco,5420,Yield,995,Raw hides and skins of sheep or lambs,2020,2020,100 g/An,20,E,Estimated value,
QCL,Crops and livestock products,143,Morocco,5510,Production,995,Raw hides and skins of sheep or lambs,2020,2020,t,25517.02,I,Imputed value,
QCL,Crops and livestock products,143,Morocco,5320,Producing Animals/Slaughtered,995,Raw hides and skins of sheep or lambs,2020,2020,An,12736135,I,Imputed value,
QCL,Crops and livestock products,143,Morocco,5420,Yield,995,Raw hides and skins of sheep or lambs,2021,2021,100 g/An,19,E,Estimated value,
QCL,Crops and livestock products,143,Morocco,5510,Production,995,Raw hides and skins of sheep or lambs,2021,2021,t,25517.02,I,Imputed value,
QCL,Crops and livestock products,143,Morocco,5320,Producing Animals/Slaughtered,995,Raw hides and skins of sheep or lambs,2021,2021,An,13238875,I,Imputed value,
QCL,Crops and livestock products,143,Morocco,5420,Yield,995,Raw hides and skins of sheep or lambs,2022,2022,100 g/An,18,E,Estimated value,
QCL,Crops and livestock products,143,Morocco,5510,Production,995,Raw hides and skins of sheep or lambs,2022,2022,t,23376.01,I,Imputed value,
QCL,Crops and livestock products,143,Morocco,5320,Producing Animals/Slaughtered,995,Raw hides and skins of sheep or lambs,2022,2022,An,12829054,I,Imputed value,
QCL,Crops and livestock products,143,Morocco,5420,Yield,1130,Raw milk of camel,1961,1961,100 g/An,2000,E,Estimated value,
QCL,Crops and livestock products,143,Morocco,5510,Production,1130,Raw milk of camel,1961,1961,t,4600,I,Imputed value,
QCL,Crops and livestock products,143,Morocco,5318,Milk Animals,1130,Raw milk of camel,1961,1961,An,23000,X,Figure from international organizations,Unofficial figure
QCL,Crops and livestock products,143,Morocco,5420,Yield,1130,Raw milk of camel,1962,1962,100 g/An,2000,E,Estimated value,
QCL,Crops and livestock products,143,Morocco,5510,Production,1130,Raw milk of camel,1962,1962,t,4200,I,Imputed value,
QCL,Crops and livestock products,143,Morocco,5318,Milk Animals,1130,Raw milk of camel,1962,1962,An,21000,X,Figure from international organizations,Unofficial figure
QCL,Crops and livestock products,143,Morocco,5420,Yield,1130,Raw milk of camel,1963,1963,100 g/An,2000,E,Estimated value,
QCL,Crops and livestock products,143,Morocco,5510,Production,1130,Raw milk of camel,1963,1963,t,4200,I,Imputed value,
QCL,Crops and livestock products,143,Morocco,5318,Milk Animals,1130,Raw milk of camel,1963,1963,An,21000,X,Figure from international organizations,Unofficial figure
QCL,Crops and livestock products,143,Morocco,5420,Yield,1130,Raw milk of camel,1964,1964,100 g/An,2000,E,Estimated value,
QCL,Crops and livestock products,143,Morocco,5510,Production,1130,Raw milk of camel,1964,1964,t,4400,I,Imputed value,
QCL,Crops and livestock products,143,Morocco,5318,Milk Animals,1130,Raw milk of camel,1964,1964,An,22000,X,Figure from international organizations,Unofficial figure
QCL,Crops and livestock products,143,Morocco,5420,Yield,1130,Raw milk of camel,1965,1965,100 g/An,2000,E,Estimated value,
QCL,Crops and livestock products,143,Morocco,5510,Production,1130,Raw milk of camel,1965,1965,t,4200,I,Imputed value,
QCL,Crops and livestock products,143,Morocco,5318,Milk Animals,1130,Raw milk of camel,1965,1965,An,21000,X,Figure from international organizations,Unofficial figure
QCL,Crops and livestock products,143,Morocco,5420,Yield,1130,Raw milk of camel,1966,1966,100 g/An,2000,E,Estimated value,
QCL,Crops and livestock products,143,Morocco,5510,Production,1130,Raw milk of camel,1966,1966,t,4400,I,Imputed value,
QCL,Crops and livestock products,143,Morocco,5318,Milk Animals,1130,Raw milk of camel,1966,1966,An,22000,X,Figure from international organizations,Unofficial figure
QCL,Crops and livestock products,143,Morocco,5420,Yield,1130,Raw milk of camel,1967,1967,100 g/An,2000,E,Estimated value,
QCL,Crops and livestock products,143,Morocco,5510,Production,1130,Raw milk of camel,1967,1967,t,4400,I,Imputed value,
QCL,Crops and livestock products,143,Morocco,5318,Milk Animals,1130,Raw milk of camel,1967,1967,An,22000,X,Figure from international organizations,Unofficial figure
QCL,Crops and livestock products,143,Morocco,5420,Yield,1130,Raw milk of camel,1968,1968,100 g/An,2000,E,Estimated value,
QCL,Crops and livestock products,143,Morocco,5510,Production,1130,Raw milk of camel,1968,1968,t,4200,I,Imputed value,
QCL,Crops and livestock products,143,Morocco,5318,Milk Animals,1130,Raw milk of camel,1968,1968,An,21000,E,Estimated value,
QCL,Crops and livestock products,143,Morocco,5420,Yield,1130,Raw milk of camel,1969,1969,100 g/An,2000,E,Estimated value,
QCL,Crops and livestock products,143,Morocco,5510,Production,1130,Raw milk of camel,1969,1969,t,4400,I,Imputed value,
QCL,Crops and livestock products,143,Morocco,5318,Milk Animals,1130,Raw milk of camel,1969,1969,An,22000,E,Estimated value,
QCL,Crops and livestock products,143,Morocco,5420,Yield,1130,Raw milk of camel,1970,1970,100 g/An,2000,E,Estimated value,
QCL,Crops and livestock products,143,Morocco,5510,Production,1130,Raw milk of camel,1970,1970,t,4000,I,Imputed value,
QCL,Crops and livestock products,143,Morocco,5318,Milk Animals,1130,Raw milk of camel,1970,1970,An,20000,E,Estimated value,
QCL,Crops and livestock products,143,Morocco,5420,Yield,1130,Raw milk of camel,1971,1971,100 g/An,2000,E,Estimated value,
QCL,Crops and livestock products,143,Morocco,5510,Production,1130,Raw milk of camel,1971,1971,t,3800,I,Imputed value,
QCL,Crops and livestock products,143,Morocco,5318,Milk Animals,1130,Raw milk of camel,1971,1971,An,19000,E,Estimated value,
QCL,Crops and livestock products,143,Morocco,5420,Yield,1130,Raw milk of camel,1972,1972,100 g/An,2000,E,Estimated value,
QCL,Crops and livestock products,143,Morocco,5510,Production,1130,Raw milk of camel,1972,1972,t,3200,I,Imputed value,
QCL,Crops and livestock products,143,Morocco,5318,Milk Animals,1130,Raw milk of camel,1972,1972,An,16000,E,Estimated value,
QCL,Crops and livestock products,143,Morocco,5420,Yield,1130,Raw milk of camel,1973,1973,100 g/An,2000,E,Estimated value,
QCL,Crops and livestock products,143,Morocco,5510,Production,1130,Raw milk of camel,1973,1973,t,3400,I,Imputed value,
QCL,Crops and livestock products,143,Morocco,5318,Milk Animals,1130,Raw milk of camel,1973,1973,An,17000,E,Estimated value,
QCL,Crops and livestock products,143,Morocco,5420,Yield,1130,Raw milk of camel,1974,1974,100 g/An,2000,E,Estimated value,
QCL,Crops and livestock products,143,Morocco,5510,Production,1130,Raw milk of camel,1974,1974,t,3600,I,Imputed value,
QCL,Crops and livestock products,143,Morocco,5318,Milk Animals,1130,Raw milk of camel,1974,1974,An,18000,E,Estimated value,
QCL,Crops and livestock products,143,Morocco,5420,Yield,1130,Raw milk of camel,1975,1975,100 g/An,2000,E,Estimated value,
QCL,Crops and livestock products,143,Morocco,5510,Production,1130,Raw milk of camel,1975,1975,t,3620,I,Imputed value,
QCL,Crops and livestock products,143,Morocco,5318,Milk Animals,1130,Raw milk of camel,1975,1975,An,18100,E,Estimated value,
QCL,Crops and livestock products,143,Morocco,5420,Yield,1130,Raw milk of camel,1976,1976,100 g/An,2000,E,Estimated value,
QCL,Crops and livestock products,143,Morocco,5510,Production,1130,Raw milk of camel,1976,1976,t,3620,I,Imputed value,
QCL,Crops and livestock products,143,Morocco,5318,Milk Animals,1130,Raw milk of camel,1976,1976,An,18100,E,Estimated value,
QCL,Crops and livestock products,143,Morocco,5420,Yield,1130,Raw milk of camel,1977,1977,100 g/An,2000,E,Estimated value,
QCL,Crops and livestock products,143,Morocco,5510,Production,1130,Raw milk of camel,1977,1977,t,3640,I,Imputed value,
QCL,Crops and livestock products,143,Morocco,5318,Milk Animals,1130,Raw milk of camel,1977,1977,An,18200,E,Estimated value,
QCL,Crops and livestock products,143,Morocco,5420,Yield,1130,Raw milk of camel,1978,1978,100 g/An,2000,E,Estimated value,
QCL,Crops and livestock products,143,Morocco,5510,Production,1130,Raw milk of camel,1978,1978,t,3680,I,Imputed value,
QCL,Crops and livestock products,143,Morocco,5318,Milk Animals,1130,Raw milk of camel,1978,1978,An,18400,E,Estimated value,
QCL,Crops and livestock products,143,Morocco,5420,Yield,1130,Raw milk of camel,1979,1979,100 g/An,2000,E,Estimated value,
QCL,Crops and livestock products,143,Morocco,5510,Production,1130,Raw milk of camel,1979,1979,t,3700,I,Imputed value,
QCL,Crops and livestock products,143,Morocco,5318,Milk Animals,1130,Raw milk of camel,1979,1979,An,18500,E,Estimated value,
QCL,Crops and livestock products,143,Morocco,5420,Yield,1130,Raw milk of camel,1980,1980,100 g/An,2000,E,Estimated value,
QCL,Crops and livestock products,143,Morocco,5510,Production,1130,Raw milk of camel,1980,1980,t,3720,I,Imputed value,
QCL,Crops and livestock products,143,Morocco,5318,Milk Animals,1130,Raw milk of camel,1980,1980,An,18600,E,Estimated value,
QCL,Crops and livestock products,143,Morocco,5420,Yield,1130,Raw milk of camel,1981,1981,100 g/An,2000,E,Estimated value,
QCL,Crops and livestock products,143,Morocco,5510,Production,1130,Raw milk of camel,1981,1981,t,3720,I,Imputed value,
QCL,Crops and livestock products,143,Morocco,5318,Milk Animals,1130,Raw milk of camel,1981,1981,An,18600,E,Estimated value,
QCL,Crops and livestock products,143,Morocco,5420,Yield,1130,Raw milk of camel,1982,1982,100 g/An,2000,E,Estimated value,
QCL,Crops and livestock products,143,Morocco,5510,Production,1130,Raw milk of camel,1982,1982,t,3760,I,Imputed value,
QCL,Crops and livestock products,143,Morocco,5318,Milk Animals,1130,Raw milk of camel,1982,1982,An,18800,E,Estimated value,
QCL,Crops and livestock products,143,Morocco,5420,Yield,1130,Raw milk of camel,1983,1983,100 g/An,2000,E,Estimated value,
QCL,Crops and livestock products,143,Morocco,5510,Production,1130,Raw milk of camel,1983,1983,t,3780,I,Imputed value,
QCL,Crops and livestock products,143,Morocco,5318,Milk Animals,1130,Raw milk of camel,1983,1983,An,18900,E,Estimated value,
QCL,Crops and livestock products,143,Morocco,5420,Yield,1130,Raw milk of camel,1984,1984,100 g/An,2000,E,Estimated value,
QCL,Crops and livestock products,143,Morocco,5510,Production,1130,Raw milk of camel,1984,1984,t,3540,I,Imputed value,
QCL,Crops and livestock products,143,Morocco,5318,Milk Animals,1130,Raw milk of camel,1984,1984,An,17700,E,Estimated value,
QCL,Crops and livestock products,143,Morocco,5420,Yield,1130,Raw milk of camel,1985,1985,100 g/An,2000,E,Estimated value,
QCL,Crops and livestock products,143,Morocco,5510,Production,1130,Raw milk of camel,1985,1985,t,3360,I,Imputed value,
QCL,Crops and livestock products,143,Morocco,5318,Milk Animals,1130,Raw milk of camel,1985,1985,An,16800,E,Estimated value,
QCL,Crops and livestock products,143,Morocco,5420,Yield,1130,Raw milk of camel,1986,1986,100 g/An,2000,E,Estimated value,
QCL,Crops and livestock products,143,Morocco,5510,Production,1130,Raw milk of camel,1986,1986,t,3140,I,Imputed value,
QCL,Crops and livestock products,143,Morocco,5318,Milk Animals,1130,Raw milk of camel,1986,1986,An,15700,E,Estimated value,
QCL,Crops and livestock products,143,Morocco,5420,Yield,1130,Raw milk of camel,1987,1987,100 g/An,2000,E,Estimated value,
QCL,Crops and livestock products,143,Morocco,5510,Production,1130,Raw milk of camel,1987,1987,t,3500,I,Imputed value,
QCL,Crops and livestock products,143,Morocco,5318,Milk Animals,1130,Raw milk of camel,1987,1987,An,17500,E,Estimated value,
QCL,Crops and livestock products,143,Morocco,5420,Yield,1130,Raw milk of camel,1988,1988,100 g/An,2000,E,Estimated value,
QCL,Crops and livestock products,143,Morocco,5510,Production,1130,Raw milk of camel,1988,1988,t,2880,I,Imputed value,
QCL,Crops and livestock products,143,Morocco,5318,Milk Animals,1130,Raw milk of camel,1988,1988,An,14400,E,Estimated value,
QCL,Crops and livestock products,143,Morocco,5420,Yield,1130,Raw milk of camel,1989,1989,100 g/An,2000,E,Estimated value,
QCL,Crops and livestock products,143,Morocco,5510,Production,1130,Raw milk of camel,1989,1989,t,3120,I,Imputed value,
QCL,Crops and livestock products,143,Morocco,5318,Milk Animals,1130,Raw milk of camel,1989,1989,An,15600,E,Estimated value,
QCL,Crops and livestock products,143,Morocco,5420,Yield,1130,Raw milk of camel,1990,1990,100 g/An,2000,E,Estimated value,
QCL,Crops and livestock products,143,Morocco,5510,Production,1130,Raw milk of camel,1990,1990,t,3780,I,Imputed value,
QCL,Crops and livestock products,143,Morocco,5318,Milk Animals,1130,Raw milk of camel,1990,1990,An,18900,E,Estimated value,
QCL,Crops and livestock products,143,Morocco,5420,Yield,1130,Raw milk of camel,1991,1991,100 g/An,2954,E,Estimated value,
QCL,Crops and livestock products,143,Morocco,5510,Production,1130,Raw milk of camel,1991,1991,t,5375.52,I,Imputed value,
QCL,Crops and livestock products,143,Morocco,5318,Milk Animals,1130,Raw milk of camel,1991,1991,An,18200,E,Estimated value,
QCL,Crops and livestock products,143,Morocco,5420,Yield,1130,Raw milk of camel,1992,1992,100 g/An,2874,E,Estimated value,
QCL,Crops and livestock products,143,Morocco,5510,Production,1130,Raw milk of camel,1992,1992,t,6264.95,I,Imputed value,
QCL,Crops and livestock products,143,Morocco,5318,Milk Animals,1130,Raw milk of camel,1992,1992,An,21800,E,Estimated value,
QCL,Crops and livestock products,143,Morocco,5420,Yield,1130,Raw milk of camel,1993,1993,100 g/An,2906,E,Estimated value,
QCL,Crops and livestock products,143,Morocco,5510,Production,1130,Raw milk of camel,1993,1993,t,5898.43,I,Imputed value,
QCL,Crops and livestock products,143,Morocco,5318,Milk Animals,1130,Raw milk of camel,1993,1993,An,20300,E,Estimated value,
QCL,Crops and livestock products,143,Morocco,5420,Yield,1130,Raw milk of camel,1994,1994,100 g/An,2897,E,Estimated value,
QCL,Crops and livestock products,143,Morocco,5510,Production,1130,Raw milk of camel,1994,1994,t,5997.62,I,Imputed value,
QCL,Crops and livestock products,143,Morocco,5318,Milk Animals,1130,Raw milk of camel,1994,1994,An,20700,E,Estimated value,
QCL,Crops and livestock products,143,Morocco,5420,Yield,1130,Raw milk of camel,1995,1995,100 g/An,2885,E,Estimated value,
QCL,Crops and livestock products,143,Morocco,5510,Production,1130,Raw milk of camel,1995,1995,t,6145.5,I,Imputed value,
QCL,Crops and livestock products,143,Morocco,5318,Milk Animals,1130,Raw milk of camel,1995,1995,An,21300,E,Estimated value,
QCL,Crops and livestock products,143,Morocco,5420,Yield,1130,Raw milk of camel,1996,1996,100 g/An,2909,E,Estimated value,
QCL,Crops and livestock products,143,Morocco,5510,Production,1130,Raw milk of camel,1996,1996,t,5876.23,I,Imputed value,
QCL,Crops and livestock products,143,Morocco,5318,Milk Animals,1130,Raw milk of camel,1996,1996,An,20200,E,Estimated value,
QCL,Crops and livestock products,143,Morocco,5420,Yield,1130,Raw milk of camel,1997,1997,100 g/An,2909,E,Estimated value,
QCL,Crops and livestock products,143,Morocco,5510,Production,1130,Raw milk of camel,1997,1997,t,5877.05,I,Imputed value,
QCL,Crops and livestock products,143,Morocco,5318,Milk Animals,1130,Raw milk of camel,1997,1997,An,20200,E,Estimated value,
QCL,Crops and livestock products,143,Morocco,5420,Yield,1130,Raw milk of camel,1998,1998,100 g/An,2910,E,Estimated value,
QCL,Crops and livestock products,143,Morocco,5510,Production,1130,Raw milk of camel,1998,1998,t,5877.86,I,Imputed value,
QCL,Crops and livestock products,143,Morocco,5318,Milk Animals,1130,Raw milk of camel,1998,1998,An,20200,E,Estimated value,
QCL,Crops and livestock products,143,Morocco,5420,Yield,1130,Raw milk of camel,1999,1999,100 g/An,2912,E,Estimated value,
QCL,Crops and livestock products,143,Morocco,5510,Production,1130,Raw milk of camel,1999,1999,t,5854,I,Imputed value,
QCL,Crops and livestock products,143,Morocco,5318,Milk Animals,1130,Raw milk of camel,1999,1999,An,20100,E,Estimated value,
QCL,Crops and livestock products,143,Morocco,5420,Yield,1130,Raw milk of camel,2000,2000,100 g/An,2913,E,Estimated value,
QCL,Crops and livestock products,143,Morocco,5510,Production,1130,Raw milk of camel,2000,2000,t,5854.81,I,Imputed value,
QCL,Crops and livestock products,143,Morocco,5318,Milk Animals,1130,Raw milk of camel,2000,2000,An,20100,E,Estimated value,
QCL,Crops and livestock products,143,Morocco,5420,Yield,1130,Raw milk of camel,2001,2001,100 g/An,2900,E,Estimated value,
QCL,Crops and livestock products,143,Morocco,5510,Production,1130,Raw milk of camel,2001,2001,t,6003.44,I,Imputed value,
QCL,Crops and livestock products,143,Morocco,5318,Milk Animals,1130,Raw milk of camel,2001,2001,An,20700,E,Estimated value,
QCL,Crops and livestock products,143,Morocco,5420,Yield,1130,Raw milk of camel,2002,2002,100 g/An,2888,E,Estimated value,
QCL,Crops and livestock products,143,Morocco,5510,Production,1130,Raw milk of camel,2002,2002,t,6151.45,I,Imputed value,
QCL,Crops and livestock products,143,Morocco,5318,Milk Animals,1130,Raw milk of camel,2002,2002,An,21300,E,Estimated value,
QCL,Crops and livestock products,143,Morocco,5420,Yield,1130,Raw milk of camel,2003,2003,100 g/An,2878,E,Estimated value,
QCL,Crops and livestock products,143,Morocco,5510,Production,1130,Raw milk of camel,2003,2003,t,6274.5,I,Imputed value,
QCL,Crops and livestock products,143,Morocco,5318,Milk Animals,1130,Raw milk of camel,2003,2003,An,21800,E,Estimated value,
QCL,Crops and livestock products,143,Morocco,5420,Yield,1130,Raw milk of camel,2004,2004,100 g/An,2879,E,Estimated value,
QCL,Crops and livestock products,143,Morocco,5510,Production,1130,Raw milk of camel,2004,2004,t,6275.36,I,Imputed value,
QCL,Crops and livestock products,143,Morocco,5318,Milk Animals,1130,Raw milk of camel,2004,2004,An,21800,E,Estimated value,
QCL,Crops and livestock products,143,Morocco,5420,Yield,1130,Raw milk of camel,2005,2005,100 g/An,2867,E,Estimated value,
QCL,Crops and livestock products,143,Morocco,5510,Production,1130,Raw milk of camel,2005,2005,t,6422.34,I,Imputed value,
QCL,Crops and livestock products,143,Morocco,5318,Milk Animals,1130,Raw milk of camel,2005,2005,An,22400,E,Estimated value,
QCL,Crops and livestock products,143,Morocco,5420,Yield,1130,Raw milk of camel,2006,2006,100 g/An,2464,E,Estimated value,
QCL,Crops and livestock products,143,Morocco,5510,Production,1130,Raw milk of camel,2006,2006,t,6900,E,Estimated value,
QCL,Crops and livestock products,143,Morocco,5318,Milk Animals,1130,Raw milk of camel,2006,2006,An,28000,E,Estimated value,
QCL,Crops and livestock products,143,Morocco,5420,Yield,1130,Raw milk of camel,2007,2007,100 g/An,3304,E,Estimated value,
QCL,Crops and livestock products,143,Morocco,5510,Production,1130,Raw milk of camel,2007,2007,t,7400,E,Estimated value,
QCL,Crops and livestock products,143,Morocco,5318,Milk Animals,1130,Raw milk of camel,2007,2007,An,22400,E,Estimated value,
QCL,Crops and livestock products,143,Morocco,5420,Yield,1130,Raw milk of camel,2008,2008,100 g/An,2817,E,Estimated value,
QCL,Crops and livestock products,143,Morocco,5510,Production,1130,Raw milk of camel,2008,2008,t,7099.52,I,Imputed value,
QCL,Crops and livestock products,143,Morocco,5318,Milk Animals,1130,Raw milk of camel,2008,2008,An,25200,E,Estimated value,
QCL,Crops and livestock products,143,Morocco,5420,Yield,1130,Raw milk of camel,2009,2009,100 g/An,2708,E,Estimated value,
QCL,Crops and livestock products,143,Morocco,5510,Production,1130,Raw milk of camel,2009,2009,t,8855.02,I,Imputed value,
QCL,Crops and livestock products,143,Morocco,5318,Milk Animals,1130,Raw milk of camel,2009,2009,An,32700,E,Estimated value,
QCL,Crops and livestock products,143,Morocco,5420,Yield,1130,Raw milk of camel,2010,2010,100 g/An,2757,E,Estimated value,
QCL,Crops and livestock products,143,Morocco,5510,Production,1130,Raw milk of camel,2010,2010,t,8022.62,I,Imputed value,
QCL,Crops and livestock products,143,Morocco,5318,Milk Animals,1130,Raw milk of camel,2010,2010,An,29100,E,Estimated value,
QCL,Crops and livestock products,143,Morocco,5420,Yield,1130,Raw milk of camel,2011,2011,100 g/An,2734,E,Estimated value,
QCL,Crops and livestock products,143,Morocco,5510,Production,1130,Raw milk of camel,2011,2011,t,8419.29,I,Imputed value,
QCL,Crops and livestock products,143,Morocco,5318,Milk Animals,1130,Raw milk of camel,2011,2011,An,30800,E,Estimated value,
QCL,Crops and livestock products,143,Morocco,5420,Yield,1130,Raw milk of camel,2012,2012,100 g/An,2725,E,Estimated value,
QCL,Crops and livestock products,143,Morocco,5510,Production,1130,Raw milk of camel,2012,2012,t,8582.38,I,Imputed value,
QCL,Crops and livestock products,143,Morocco,5318,Milk Animals,1130,Raw milk of camel,2012,2012,An,31500,E,Estimated value,
QCL,Crops and livestock products,143,Morocco,5420,Yield,1130,Raw milk of camel,2013,2013,100 g/An,2718,E,Estimated value,
QCL,Crops and livestock products,143,Morocco,5510,Production,1130,Raw milk of camel,2013,2013,t,8698.91,I,Imputed value,
QCL,Crops and livestock products,143,Morocco,5318,Milk Animals,1130,Raw milk of camel,2013,2013,An,32000,E,Estimated value,
QCL,Crops and livestock products,143,Morocco,5420,Yield,1130,Raw milk of camel,2014,2014,100 g/An,2736,E,Estimated value,
QCL,Crops and livestock products,143,Morocco,5510,Production,1130,Raw milk of camel,2014,2014,t,8400.58,I,Imputed value,
QCL,Crops and livestock products,143,Morocco,5318,Milk Animals,1130,Raw milk of camel,2014,2014,An,30704,I,Imputed value,
QCL,Crops and livestock products,143,Morocco,5420,Yield,1130,Raw milk of camel,2015,2015,100 g/An,2733,E,Estimated value,
QCL,Crops and livestock products,143,Morocco,5510,Production,1130,Raw milk of camel,2015,2015,t,8458.47,I,Imputed value,
QCL,Crops and livestock products,143,Morocco,5318,Milk Animals,1130,Raw milk of camel,2015,2015,An,30949,I,Imputed value,
QCL,Crops and livestock products,143,Morocco,5420,Yield,1130,Raw milk of camel,2016,2016,100 g/An,2748,E,Estimated value,
QCL,Crops and livestock products,143,Morocco,5510,Production,1130,Raw milk of camel,2016,2016,t,8600,E,Estimated value,
QCL,Crops and livestock products,143,Morocco,5318,Milk Animals,1130,Raw milk of camel,2016,2016,An,31300,E,Estimated value,
QCL,Crops and livestock products,143,Morocco,5420,Yield,1130,Raw milk of camel,2017,2017,100 g/An,2747,E,Estimated value,
QCL,Crops and livestock products,143,Morocco,5510,Production,1130,Raw milk of camel,2017,2017,t,8750,E,Estimated value,
QCL,Crops and livestock products,143,Morocco,5318,Milk Animals,1130,Raw milk of camel,2017,2017,An,31850,E,Estimated value,
QCL,Crops and livestock products,143,Morocco,5420,Yield,1130,Raw milk of camel,2018,2018,100 g/An,2679,E,Estimated value,
QCL,Crops and livestock products,143,Morocco,5510,Production,1130,Raw milk of camel,2018,2018,t,8572.1,I,Imputed value,
QCL,Crops and livestock products,143,Morocco,5318,Milk Animals,1130,Raw milk of camel,2018,2018,An,31996,I,Imputed value,
QCL,Crops and livestock products,143,Morocco,5420,Yield,1130,Raw milk of camel,2019,2019,100 g/An,2672,E,Estimated value,
QCL,Crops and livestock products,143,Morocco,5510,Production,1130,Raw milk of camel,2019,2019,t,8702.76,I,Imputed value,
QCL,Crops and livestock products,143,Morocco,5318,Milk Animals,1130,Raw milk of camel,2019,2019,An,32573,I,Imputed value,
QCL,Crops and livestock products,143,Morocco,5420,Yield,1130,Raw milk of camel,2020,2020,100 g/An,2666,E,Estimated value,
QCL,Crops and livestock products,143,Morocco,5510,Production,1130,Raw milk of camel,2020,2020,t,8806.75,I,Imputed value,
QCL,Crops and livestock products,143,Morocco,5318,Milk Animals,1130,Raw milk of camel,2020,2020,An,33032,I,Imputed value,
QCL,Crops and livestock products,143,Morocco,5420,Yield,1130,Raw milk of camel,2021,2021,100 g/An,2661,E,Estimated value,
QCL,Crops and livestock products,143,Morocco,5510,Production,1130,Raw milk of camel,2021,2021,t,8906.17,I,Imputed value,
QCL,Crops and livestock products,143,Morocco,5318,Milk Animals,1130,Raw milk of camel,2021,2021,An,33471,I,Imputed value,
QCL,Crops and livestock products,143,Morocco,5420,Yield,1130,Raw milk of camel,2022,2022,100 g/An,2656,E,Estimated value,
QCL,Crops and livestock products,143,Morocco,5510,Production,1130,Raw milk of camel,2022,2022,t,9005.3,I,Imputed value,
QCL,Crops and livestock products,143,Morocco,5318,Milk Animals,1130,Raw milk of camel,2022,2022,An,33909,I,Imputed value,
QCL,Crops and livestock products,143,Morocco,5420,Yield,882,Raw milk of cattle,1961,1961,100 g/An,4998,E,Estimated value,
QCL,Crops and livestock products,143,Morocco,5510,Production,882,Raw milk of cattle,1961,1961,t,350000,E,Estimated value,
QCL,Crops and livestock products,143,Morocco,5318,Milk Animals,882,Raw milk of cattle,1961,1961,An,700250,E,Estimated value,
QCL,Crops and livestock products,143,Morocco,5420,Yield,882,Raw milk of cattle,1962,1962,100 g/An,5000,E,Estimated value,
QCL,Crops and livestock products,143,Morocco,5510,Production,882,Raw milk of cattle,1962,1962,t,320500,E,Estimated value,
QCL,Crops and livestock products,143,Morocco,5318,Milk Animals,882,Raw milk of cattle,1962,1962,An,641000,E,Estimated value,
QCL,Crops and livestock products,143,Morocco,5420,Yield,882,Raw milk of cattle,1963,1963,100 g/An,5000,E,Estimated value,
QCL,Crops and livestock products,143,Morocco,5510,Production,882,Raw milk of cattle,1963,1963,t,335750,E,Estimated value,
QCL,Crops and livestock products,143,Morocco,5318,Milk Animals,882,Raw milk of cattle,1963,1963,An,671500,E,Estimated value,
QCL,Crops and livestock products,143,Morocco,5420,Yield,882,Raw milk of cattle,1964,1964,100 g/An,5000,E,Estimated value,
QCL,Crops and livestock products,143,Morocco,5510,Production,882,Raw milk of cattle,1964,1964,t,358875,E,Estimated value,
QCL,Crops and livestock products,143,Morocco,5318,Milk Animals,882,Raw milk of cattle,1964,1964,An,717750,E,Estimated value,
QCL,Crops and livestock products,143,Morocco,5420,Yield,882,Raw milk of cattle,1965,1965,100 g/An,5000,E,Estimated value,
QCL,Crops and livestock products,143,Morocco,5510,Production,882,Raw milk of cattle,1965,1965,t,380500,E,Estimated value,
QCL,Crops and livestock products,143,Morocco,5318,Milk Animals,882,Raw milk of cattle,1965,1965,An,761000,E,Estimated value,
QCL,Crops and livestock products,143,Morocco,5420,Yield,882,Raw milk of cattle,1966,1966,100 g/An,5000,A,Official figure,
QCL,Crops and livestock products,143,Morocco,5510,Production,882,Raw milk of cattle,1966,1966,t,410000,A,Official figure,
QCL,Crops and livestock products,143,Morocco,5318,Milk Animals,882,Raw milk of cattle,1966,1966,An,820000,A,Official figure,
QCL,Crops and livestock products,143,Morocco,5420,Yield,882,Raw milk of cattle,1967,1967,100 g/An,5000,A,Official figure,
QCL,Crops and livestock products,143,Morocco,5510,Production,882,Raw milk of cattle,1967,1967,t,415000,A,Official figure,
QCL,Crops and livestock products,143,Morocco,5318,Milk Animals,882,Raw milk of cattle,1967,1967,An,830000,A,Official figure,
QCL,Crops and livestock products,143,Morocco,5420,Yield,882,Raw milk of cattle,1968,1968,100 g/An,5000,A,Official figure,
QCL,Crops and livestock products,143,Morocco,5510,Production,882,Raw milk of cattle,1968,1968,t,415000,A,Official figure,
QCL,Crops and livestock products,143,Morocco,5318,Milk Animals,882,Raw milk of cattle,1968,1968,An,830000,A,Official figure,
QCL,Crops and livestock products,143,Morocco,5420,Yield,882,Raw milk of cattle,1969,1969,100 g/An,5000,A,Official figure,
QCL,Crops and livestock products,143,Morocco,5510,Production,882,Raw milk of cattle,1969,1969,t,440000,A,Official figure,
QCL,Crops and livestock products,143,Morocco,5318,Milk Animals,882,Raw milk of cattle,1969,1969,An,880000,A,Official figure,
QCL,Crops and livestock products,143,Morocco,5420,Yield,882,Raw milk of cattle,1970,1970,100 g/An,5143,E,Estimated value,
QCL,Crops and livestock products,143,Morocco,5510,Production,882,Raw milk of cattle,1970,1970,t,450000,E,Estimated value,
QCL,Crops and livestock products,143,Morocco,5318,Milk Animals,882,Raw milk of cattle,1970,1970,An,875000,E,Estimated value,
QCL,Crops and livestock products,143,Morocco,5420,Yield,882,Raw milk of cattle,1971,1971,100 g/An,5327,A,Official figure,
QCL,Crops and livestock products,143,Morocco,5510,Production,882,Raw milk of cattle,1971,1971,t,464000,A,Official figure,
QCL,Crops and livestock products,143,Morocco,5318,Milk Animals,882,Raw milk of cattle,1971,1971,An,871000,A,Official figure,
QCL,Crops and livestock products,143,Morocco,5420,Yield,882,Raw milk of cattle,1972,1972,100 g/An,5581,A,Official figure,
QCL,Crops and livestock products,143,Morocco,5510,Production,882,Raw milk of cattle,1972,1972,t,480000,A,Official figure,
QCL,Crops and livestock products,143,Morocco,5318,Milk Animals,882,Raw milk of cattle,1972,1972,An,860000,A,Official figure,
QCL,Crops and livestock products,143,Morocco,5420,Yield,882,Raw milk of cattle,1973,1973,100 g/An,5780,A,Official figure,
QCL,Crops and livestock products,143,Morocco,5510,Production,882,Raw milk of cattle,1973,1973,t,500000,A,Official figure,
QCL,Crops and livestock products,143,Morocco,5318,Milk Animals,882,Raw milk of cattle,1973,1973,An,865000,A,Official figure,
QCL,Crops and livestock products,143,Morocco,5420,Yield,882,Raw milk of cattle,1974,1974,100 g/An,5647,A,Official figure,
QCL,Crops and livestock products,143,Morocco,5510,Production,882,Raw milk of cattle,1974,1974,t,480000,A,Official figure,
QCL,Crops and livestock products,143,Morocco,5318,Milk Animals,882,Raw milk of cattle,1974,1974,An,850000,A,Official figure,
QCL,Crops and livestock products,143,Morocco,5420,Yield,882,Raw milk of cattle,1975,1975,100 g/An,5460,A,Official figure,
QCL,Crops and livestock products,143,Morocco,5510,Production,882,Raw milk of cattle,1975,1975,t,457000,A,Official figure,
QCL,Crops and livestock products,143,Morocco,5318,Milk Animals,882,Raw milk of cattle,1975,1975,An,837000,A,Official figure,
QCL,Crops and livestock products,143,Morocco,5420,Yield,882,Raw milk of cattle,1976,1976,100 g/An,5556,E,Estimated value,
QCL,Crops and livestock products,143,Morocco,5510,Production,882,Raw milk of cattle,1976,1976,t,500000,E,Estimated value,
QCL,Crops and livestock products,143,Morocco,5318,Milk Animals,882,Raw milk of cattle,1976,1976,An,900000,E,Estimated value,
QCL,Crops and livestock products,143,Morocco,5420,Yield,882,Raw milk of cattle,1977,1977,100 g/An,5545,E,Estimated value,
QCL,Crops and livestock products,143,Morocco,5510,Production,882,Raw milk of cattle,1977,1977,t,560000,E,Estimated value,
QCL,Crops and livestock products,143,Morocco,5318,Milk Animals,882,Raw milk of cattle,1977,1977,An,1010000,X,Figure from international organizations,Unofficial figure
QCL,Crops and livestock products,143,Morocco,5420,Yield,882,Raw milk of cattle,1978,1978,100 g/An,6263,X,Figure from international organizations,
QCL,Crops and livestock products,143,Morocco,5510,Production,882,Raw milk of cattle,1978,1978,t,620000,X,Figure from international organizations,Unofficial figure
QCL,Crops and livestock products,143,Morocco,5318,Milk Animals,882,Raw milk of cattle,1978,1978,An,990000,X,Figure from international organizations,Unofficial figure
QCL,Crops and livestock products,143,Morocco,5420,Yield,882,Raw milk of cattle,1979,1979,100 g/An,7426,X,Figure from international organizations,
QCL,Crops and livestock products,143,Morocco,5510,Production,882,Raw milk of cattle,1979,1979,t,750000,X,Figure from international organizations,Unofficial figure
QCL,Crops and livestock products,143,Morocco,5318,Milk Animals,882,Raw milk of cattle,1979,1979,An,1010000,X,Figure from international organizations,Unofficial figure
QCL,Crops and livestock products,143,Morocco,5420,Yield,882,Raw milk of cattle,1980,1980,100 g/An,5771,X,Figure from international organizations,
QCL,Crops and livestock products,143,Morocco,5510,Production,882,Raw milk of cattle,1980,1980,t,730000,X,Figure from international organizations,Unofficial figure
QCL,Crops and livestock products,143,Morocco,5318,Milk Animals,882,Raw milk of cattle,1980,1980,An,1265000,X,Figure from international organizations,Unofficial figure
QCL,Crops and livestock products,143,Morocco,5420,Yield,882,Raw milk of cattle,1981,1981,100 g/An,6000,X,Figure from international organizations,
QCL,Crops and livestock products,143,Morocco,5510,Production,882,Raw milk of cattle,1981,1981,t,780000,X,Figure from international organizations,Unofficial figure
QCL,Crops and livestock products,143,Morocco,5318,Milk Animals,882,Raw milk of cattle,1981,1981,An,1300000,X,Figure from international organizations,Unofficial figure
QCL,Crops and livestock products,143,Morocco,5420,Yield,882,Raw milk of cattle,1982,1982,100 g/An,6320,E,Estimated value,
QCL,Crops and livestock products,143,Morocco,5510,Production,882,Raw milk of cattle,1982,1982,t,790000,E,Estimated value,
QCL,Crops and livestock products,143,Morocco,5318,Milk Animals,882,Raw milk of cattle,1982,1982,An,1250000,E,Estimated value,
QCL,Crops and livestock products,143,Morocco,5420,Yield,882,Raw milk of cattle,1983,1983,100 g/An,6299,E,Estimated value,
QCL,Crops and livestock products,143,Morocco,5510,Production,882,Raw milk of cattle,1983,1983,t,800000,E,Estimated value,
QCL,Crops and livestock products,143,Morocco,5318,Milk Animals,882,Raw milk of cattle,1983,1983,An,1270000,E,Estimated value,
QCL,Crops and livestock products,143,Morocco,5420,Yield,882,Raw milk of cattle,1984,1984,100 g/An,5600,E,Estimated value,
QCL,Crops and livestock products,143,Morocco,5510,Production,882,Raw milk of cattle,1984,1984,t,700000,X,Figure from international organizations,Unofficial figure
QCL,Crops and livestock products,143,Morocco,5318,Milk Animals,882,Raw milk of cattle,1984,1984,An,1250000,E,Estimated value,
QCL,Crops and livestock products,143,Morocco,5420,Yield,882,Raw milk of cattle,1985,1985,100 g/An,5824,E,Estimated value,
QCL,Crops and livestock products,143,Morocco,5510,Production,882,Raw milk of cattle,1985,1985,t,728000,X,Figure from international organizations,Unofficial figure
QCL,Crops and livestock products,143,Morocco,5318,Milk Animals,882,Raw milk of cattle,1985,1985,An,1250000,E,Estimated value,
QCL,Crops and livestock products,143,Morocco,5420,Yield,882,Raw milk of cattle,1986,1986,100 g/An,5141,E,Estimated value,
QCL,Crops and livestock products,143,Morocco,5510,Production,882,Raw milk of cattle,1986,1986,t,730000,X,Figure from international organizations,Unofficial figure
QCL,Crops and livestock products,143,Morocco,5318,Milk Animals,882,Raw milk of cattle,1986,1986,An,1420000,E,Estimated value,
QCL,Crops and livestock products,143,Morocco,5420,Yield,882,Raw milk of cattle,1987,1987,100 g/An,4929,E,Estimated value,
QCL,Crops and livestock products,143,Morocco,5510,Production,882,Raw milk of cattle,1987,1987,t,783000,X,Figure from international organizations,Unofficial figure
QCL,Crops and livestock products,143,Morocco,5318,Milk Animals,882,Raw milk of cattle,1987,1987,An,1588500,E,Estimated value,
QCL,Crops and livestock products,143,Morocco,5420,Yield,882,Raw milk of cattle,1988,1988,100 g/An,5448,E,Estimated value,
QCL,Crops and livestock products,143,Morocco,5510,Production,882,Raw milk of cattle,1988,1988,t,888000,X,Figure from international organizations,Unofficial figure
QCL,Crops and livestock products,143,Morocco,5318,Milk Animals,882,Raw milk of cattle,1988,1988,An,1630000,E,Estimated value,
QCL,Crops and livestock products,143,Morocco,5420,Yield,882,Raw milk of cattle,1989,1989,100 g/An,5472,E,Estimated value,
QCL,Crops and livestock products,143,Morocco,5510,Production,882,Raw milk of cattle,1989,1989,t,963000,X,Figure from international organizations,Unofficial figure
QCL,Crops and livestock products,143,Morocco,5318,Milk Animals,882,Raw milk of cattle,1989,1989,An,1760000,E,Estimated value,
QCL,Crops and livestock products,143,Morocco,5420,Yield,882,Raw milk of cattle,1990,1990,100 g/An,4999,A,Official figure,
QCL,Crops and livestock products,143,Morocco,5510,Production,882,Raw milk of cattle,1990,1990,t,895000,A,Official figure,
QCL,Crops and livestock products,143,Morocco,5318,Milk Animals,882,Raw milk of cattle,1990,1990,An,1790319,A,Official figure,
QCL,Crops and livestock products,143,Morocco,5420,Yield,882,Raw milk of cattle,1991,1991,100 g/An,5161,E,Estimated value,
QCL,Crops and livestock products,143,Morocco,5510,Production,882,Raw milk of cattle,1991,1991,t,929000,A,Official figure,
QCL,Crops and livestock products,143,Morocco,5318,Milk Animals,882,Raw milk of cattle,1991,1991,An,1800000,X,Figure from international organizations,Unofficial figure
QCL,Crops and livestock products,143,Morocco,5420,Yield,882,Raw milk of cattle,1992,1992,100 g/An,6035,E,Estimated value,
QCL,Crops and livestock products,143,Morocco,5510,Production,882,Raw milk of cattle,1992,1992,t,947600,A,Official figure,
QCL,Crops and livestock products,143,Morocco,5318,Milk Animals,882,Raw milk of cattle,1992,1992,An,1570256,I,Imputed value,
QCL,Crops and livestock products,143,Morocco,5420,Yield,882,Raw milk of cattle,1993,1993,100 g/An,5545,A,Official figure,
QCL,Crops and livestock products,143,Morocco,5510,Production,882,Raw milk of cattle,1993,1993,t,838420,A,Official figure,
QCL,Crops and livestock products,143,Morocco,5318,Milk Animals,882,Raw milk of cattle,1993,1993,An,1512000,A,Official figure,
QCL,Crops and livestock products,143,Morocco,5420,Yield,882,Raw milk of cattle,1994,1994,100 g/An,5557,E,Estimated value,
QCL,Crops and livestock products,143,Morocco,5510,Production,882,Raw milk of cattle,1994,1994,t,844600,A,Official figure,
QCL,Crops and livestock products,143,Morocco,5318,Milk Animals,882,Raw milk of cattle,1994,1994,An,1520000,E,Estimated value,
QCL,Crops and livestock products,143,Morocco,5420,Yield,882,Raw milk of cattle,1995,1995,100 g/An,5699,E,Estimated value,
QCL,Crops and livestock products,143,Morocco,5510,Production,882,Raw milk of cattle,1995,1995,t,854900,A,Official figure,
QCL,Crops and livestock products,143,Morocco,5318,Milk Animals,882,Raw milk of cattle,1995,1995,An,1500000,E,Estimated value,
QCL,Crops and livestock products,143,Morocco,5420,Yield,882,Raw milk of cattle,1996,1996,100 g/An,6776,E,Estimated value,
QCL,Crops and livestock products,143,Morocco,5510,Production,882,Raw milk of cattle,1996,1996,t,875500,A,Official figure,
QCL,Crops and livestock products,143,Morocco,5318,Milk Animals,882,Raw milk of cattle,1996,1996,An,1292072,I,Imputed value,
QCL,Crops and livestock products,143,Morocco,5420,Yield,882,Raw milk of cattle,1997,1997,100 g/An,8233,A,Official figure,
QCL,Crops and livestock products,143,Morocco,5510,Production,882,Raw milk of cattle,1997,1997,t,1235000,A,Official figure,
QCL,Crops and livestock products,143,Morocco,5318,Milk Animals,882,Raw milk of cattle,1997,1997,An,1500000,A,Official figure,
QCL,Crops and livestock products,143,Morocco,5420,Yield,882,Raw milk of cattle,1998,1998,100 g/An,8082,A,Official figure,
QCL,Crops and livestock products,143,Morocco,5510,Production,882,Raw milk of cattle,1998,1998,t,1050600,A,Official figure,
QCL,Crops and livestock products,143,Morocco,5318,Milk Animals,882,Raw milk of cattle,1998,1998,An,1300000,A,Official figure,
QCL,Crops and livestock products,143,Morocco,5420,Yield,882,Raw milk of cattle,1999,1999,100 g/An,9259,A,Official figure,
QCL,Crops and livestock products,143,Morocco,5510,Production,882,Raw milk of cattle,1999,1999,t,1163900,A,Official figure,
QCL,Crops and livestock products,143,Morocco,5318,Milk Animals,882,Raw milk of cattle,1999,1999,An,1257100,A,Official figure,
QCL,Crops and livestock products,143,Morocco,5420,Yield,882,Raw milk of cattle,2000,2000,100 g/An,9056,A,Official figure,
QCL,Crops and livestock products,143,Morocco,5510,Production,882,Raw milk of cattle,2000,2000,t,1184500,A,Official figure,
QCL,Crops and livestock products,143,Morocco,5318,Milk Animals,882,Raw milk of cattle,2000,2000,An,1308000,A,Official figure,
QCL,Crops and livestock products,143,Morocco,5420,Yield,882,Raw milk of cattle,2001,2001,100 g/An,9064,E,Estimated value,
QCL,Crops and livestock products,143,Morocco,5510,Production,882,Raw milk of cattle,2001,2001,t,1133000,A,Official figure,
QCL,Crops and livestock products,143,Morocco,5318,Milk Animals,882,Raw milk of cattle,2001,2001,An,1250000,E,Estimated value,
QCL,Crops and livestock products,143,Morocco,5420,Yield,882,Raw milk of cattle,2002,2002,100 g/An,9156,E,Estimated value,
QCL,Crops and livestock products,143,Morocco,5510,Production,882,Raw milk of cattle,2002,2002,t,1236000,A,Official figure,
QCL,Crops and livestock products,143,Morocco,5318,Milk Animals,882,Raw milk of cattle,2002,2002,An,1350000,E,Estimated value,
QCL,Crops and livestock products,143,Morocco,5420,Yield,882,Raw milk of cattle,2003,2003,100 g/An,9124,E,Estimated value,
QCL,Crops and livestock products,143,Morocco,5510,Production,882,Raw milk of cattle,2003,2003,t,1250000,A,Official figure,
QCL,Crops and livestock products,143,Morocco,5318,Milk Animals,882,Raw milk of cattle,2003,2003,An,1370000,E,Estimated value,
QCL,Crops and livestock products,143,Morocco,5420,Yield,882,Raw milk of cattle,2004,2004,100 g/An,9964,A,Official figure,
QCL,Crops and livestock products,143,Morocco,5510,Production,882,Raw milk of cattle,2004,2004,t,1375000,A,Official figure,
QCL,Crops and livestock products,143,Morocco,5318,Milk Animals,882,Raw milk of cattle,2004,2004,An,1380000,A,Official figure,
QCL,Crops and livestock products,143,Morocco,5420,Yield,882,Raw milk of cattle,2005,2005,100 g/An,10000,E,Estimated value,
QCL,Crops and livestock products,143,Morocco,5510,Production,882,Raw milk of cattle,2005,2005,t,1400000,A,Official figure,
QCL,Crops and livestock products,143,Morocco,5318,Milk Animals,882,Raw milk of cattle,2005,2005,An,1400000,E,Estimated value,
QCL,Crops and livestock products,143,Morocco,5420,Yield,882,Raw milk of cattle,2006,2006,100 g/An,10248,E,Estimated value,
QCL,Crops and livestock products,143,Morocco,5510,Production,882,Raw milk of cattle,2006,2006,t,1500000,A,Official figure,
QCL,Crops and livestock products,143,Morocco,5318,Milk Animals,882,Raw milk of cattle,2006,2006,An,1463656,I,Imputed value,
QCL,Crops and livestock products,143,Morocco,5420,Yield,882,Raw milk of cattle,2007,2007,100 g/An,11204,A,Official figure,
QCL,Crops and livestock products,143,Morocco,5510,Production,882,Raw milk of cattle,2007,2007,t,1600000,A,Official figure,
QCL,Crops and livestock products,143,Morocco,5318,Milk Animals,882,Raw milk of cattle,2007,2007,An,1428000,A,Official figure,
QCL,Crops and livestock products,143,Morocco,5420,Yield,882,Raw milk of cattle,2008,2008,100 g/An,11676,E,Estimated value,
QCL,Crops and livestock products,143,Morocco,5510,Production,882,Raw milk of cattle,2008,2008,t,1700000,A,Official figure,
QCL,Crops and livestock products,143,Morocco,5318,Milk Animals,882,Raw milk of cattle,2008,2008,An,1456000,X,Figure from international organizations,Unofficial figure
QCL,Crops and livestock products,143,Morocco,5420,Yield,882,Raw milk of cattle,2009,2009,100 g/An,12371,E,Estimated value,
QCL,Crops and livestock products,143,Morocco,5510,Production,882,Raw milk of cattle,2009,2009,t,1800000,A,Official figure,
QCL,Crops and livestock products,143,Morocco,5318,Milk Animals,882,Raw milk of cattle,2009,2009,An,1455000,X,Figure from international organizations,Unofficial figure
QCL,Crops and livestock products,143,Morocco,5420,Yield,882,Raw milk of cattle,2010,2010,100 g/An,13178,E,Estimated value,
QCL,Crops and livestock products,143,Morocco,5510,Production,882,Raw milk of cattle,2010,2010,t,1957000,A,Official figure,
QCL,Crops and livestock products,143,Morocco,5318,Milk Animals,882,Raw milk of cattle,2010,2010,An,1485000,X,Figure from international organizations,Unofficial figure
QCL,Crops and livestock products,143,Morocco,5420,Yield,882,Raw milk of cattle,2011,2011,100 g/An,14270,E,Estimated value,
QCL,Crops and livestock products,143,Morocco,5510,Production,882,Raw milk of cattle,2011,2011,t,2266000,A,Official figure,
QCL,Crops and livestock products,143,Morocco,5318,Milk Animals,882,Raw milk of cattle,2011,2011,An,1588000,X,Figure from international organizations,Unofficial figure
QCL,Crops and livestock products,143,Morocco,5420,Yield,882,Raw milk of cattle,2012,2012,100 g/An,16559,E,Estimated value,
QCL,Crops and livestock products,143,Morocco,5510,Production,882,Raw milk of cattle,2012,2012,t,2575000,A,Official figure,
QCL,Crops and livestock products,143,Morocco,5318,Milk Animals,882,Raw milk of cattle,2012,2012,An,1555000,X,Figure from international organizations,Unofficial figure
QCL,Crops and livestock products,143,Morocco,5420,Yield,882,Raw milk of cattle,2013,2013,100 g/An,14687,E,Estimated value,
QCL,Crops and livestock products,143,Morocco,5510,Production,882,Raw milk of cattle,2013,2013,t,2358700,A,Official figure,
QCL,Crops and livestock products,143,Morocco,5318,Milk Animals,882,Raw milk of cattle,2013,2013,An,1606000,X,Figure from international organizations,Unofficial figure
QCL,Crops and livestock products,143,Morocco,5420,Yield,882,Raw milk of cattle,2014,2014,100 g/An,14567,E,Estimated value,
QCL,Crops and livestock products,143,Morocco,5510,Production,882,Raw milk of cattle,2014,2014,t,2472000,A,Official figure,
QCL,Crops and livestock products,143,Morocco,5318,Milk Animals,882,Raw milk of cattle,2014,2014,An,1697018,I,Imputed value,
QCL,Crops and livestock products,143,Morocco,5420,Yield,882,Raw milk of cattle,2015,2015,100 g/An,14652,E,Estimated value,
QCL,Crops and livestock products,143,Morocco,5510,Production,882,Raw milk of cattle,2015,2015,t,2523500,A,Official figure,
QCL,Crops and livestock products,143,Morocco,5318,Milk Animals,882,Raw milk of cattle,2015,2015,An,1722276,I,Imputed value,
QCL,Crops and livestock products,143,Morocco,5420,Yield,882,Raw milk of cattle,2016,2016,100 g/An,14908,E,Estimated value,
QCL,Crops and livestock products,143,Morocco,5510,Production,882,Raw milk of cattle,2016,2016,t,2575000,A,Official figure,
QCL,Crops and livestock products,143,Morocco,5318,Milk Animals,882,Raw milk of cattle,2016,2016,An,1727301,I,Imputed value,
QCL,Crops and livestock products,143,Morocco,5420,Yield,882,Raw milk of cattle,2017,2017,100 g/An,14948,E,Estimated value,
QCL,Crops and livestock products,143,Morocco,5510,Production,882,Raw milk of cattle,2017,2017,t,2626500,A,Official figure,
QCL,Crops and livestock products,143,Morocco,5318,Milk Animals,882,Raw milk of cattle,2017,2017,An,1757069,I,Imputed value,
QCL,Crops and livestock products,143,Morocco,5420,Yield,882,Raw milk of cattle,2018,2018,100 g/An,14569,E,Estimated value,
QCL,Crops and livestock products,143,Morocco,5510,Production,882,Raw milk of cattle,2018,2018,t,2626500,A,Official figure,
QCL,Crops and livestock products,143,Morocco,5318,Milk Animals,882,Raw milk of cattle,2018,2018,An,1802839,I,Imputed value,
QCL,Crops and livestock products,143,Morocco,5420,Yield,882,Raw milk of cattle,2019,2019,100 g/An,14996,E,Estimated value,
QCL,Crops and livestock products,143,Morocco,5510,Production,882,Raw milk of cattle,2019,2019,t,2626500,A,Official figure,
QCL,Crops and livestock products,143,Morocco,5318,Milk Animals,882,Raw milk of cattle,2019,2019,An,1751410,I,Imputed value,
QCL,Crops and livestock products,143,Morocco,5420,Yield,882,Raw milk of cattle,2020,2020,100 g/An,14762,A,Official figure,
QCL,Crops and livestock products,143,Morocco,5510,Production,882,Raw milk of cattle,2020,2020,t,2626500,A,Official figure,
QCL,Crops and livestock products,143,Morocco,5318,Milk Animals,882,Raw milk of cattle,2020,2020,An,1779230,A,Official figure,
QCL,Crops and livestock products,143,Morocco,5420,Yield,882,Raw milk of cattle,2021,2021,100 g/An,14498,A,Official figure,
QCL,Crops and livestock products,143,Morocco,5510,Production,882,Raw milk of cattle,2021,2021,t,2575000,A,Official figure,
QCL,Crops and livestock products,143,Morocco,5318,Milk Animals,882,Raw milk of cattle,2021,2021,An,1776120,A,Official figure,
QCL,Crops and livestock products,143,Morocco,5420,Yield,882,Raw milk of cattle,2022,2022,100 g/An,12145,A,Official figure,
QCL,Crops and livestock products,143,Morocco,5510,Production,882,Raw milk of cattle,2022,2022,t,2060000,A,Official figure,
QCL,Crops and livestock products,143,Morocco,5318,Milk Animals,882,Raw milk of cattle,2022,2022,An,1696204,A,Official figure,
QCL,Crops and livestock products,143,Morocco,5420,Yield,1020,Raw milk of goats,1961,1961,100 g/An,250,E,Estimated value,
QCL,Crops and livestock products,143,Morocco,5510,Production,1020,Raw milk of goats,1961,1961,t,21250,E,Estimated value,
QCL,Crops and livestock products,143,Morocco,5318,Milk Animals,1020,Raw milk of goats,1961,1961,An,850000,E,Estimated value,
QCL,Crops and livestock products,143,Morocco,5420,Yield,1020,Raw milk of goats,1962,1962,100 g/An,250,E,Estimated value,
QCL,Crops and livestock products,143,Morocco,5510,Production,1020,Raw milk of goats,1962,1962,t,20000,E,Estimated value,
QCL,Crops and livestock products,143,Morocco,5318,Milk Animals,1020,Raw milk of goats,1962,1962,An,800000,E,Estimated value,
QCL,Crops and livestock products,143,Morocco,5420,Yield,1020,Raw milk of goats,1963,1963,100 g/An,250,E,Estimated value,
QCL,Crops and livestock products,143,Morocco,5510,Production,1020,Raw milk of goats,1963,1963,t,20250,E,Estimated value,
QCL,Crops and livestock products,143,Morocco,5318,Milk Animals,1020,Raw milk of goats,1963,1963,An,810000,E,Estimated value,
QCL,Crops and livestock products,143,Morocco,5420,Yield,1020,Raw milk of goats,1964,1964,100 g/An,250,E,Estimated value,
QCL,Crops and livestock products,143,Morocco,5510,Production,1020,Raw milk of goats,1964,1964,t,20000,E,Estimated value,
QCL,Crops and livestock products,143,Morocco,5318,Milk Animals,1020,Raw milk of goats,1964,1964,An,800000,E,Estimated value,
QCL,Crops and livestock products,143,Morocco,5420,Yield,1020,Raw milk of goats,1965,1965,100 g/An,250,E,Estimated value,
QCL,Crops and livestock products,143,Morocco,5510,Production,1020,Raw milk of goats,1965,1965,t,20250,E,Estimated value,
QCL,Crops and livestock products,143,Morocco,5318,Milk Animals,1020,Raw milk of goats,1965,1965,An,810000,E,Estimated value,
QCL,Crops and livestock products,143,Morocco,5420,Yield,1020,Raw milk of goats,1966,1966,100 g/An,251,E,Estimated value,
QCL,Crops and livestock products,143,Morocco,5510,Production,1020,Raw milk of goats,1966,1966,t,21000,E,Estimated value,
QCL,Crops and livestock products,143,Morocco,5318,Milk Animals,1020,Raw milk of goats,1966,1966,An,838000,E,Estimated value,
QCL,Crops and livestock products,143,Morocco,5420,Yield,1020,Raw milk of goats,1967,1967,100 g/An,250,E,Estimated value,
QCL,Crops and livestock products,143,Morocco,5510,Production,1020,Raw milk of goats,1967,1967,t,22900,E,Estimated value,
QCL,Crops and livestock products,143,Morocco,5318,Milk Animals,1020,Raw milk of goats,1967,1967,An,916000,E,Estimated value,
QCL,Crops and livestock products,143,Morocco,5420,Yield,1020,Raw milk of goats,1968,1968,100 g/An,250,E,Estimated value,
QCL,Crops and livestock products,143,Morocco,5510,Production,1020,Raw milk of goats,1968,1968,t,24500,E,Estimated value,
QCL,Crops and livestock products,143,Morocco,5318,Milk Animals,1020,Raw milk of goats,1968,1968,An,981000,E,Estimated value,
QCL,Crops and livestock products,143,Morocco,5420,Yield,1020,Raw milk of goats,1969,1969,100 g/An,250,E,Estimated value,
QCL,Crops and livestock products,143,Morocco,5510,Production,1020,Raw milk of goats,1969,1969,t,26300,E,Estimated value,
QCL,Crops and livestock products,143,Morocco,5318,Milk Animals,1020,Raw milk of goats,1969,1969,An,1050000,E,Estimated value,
QCL,Crops and livestock products,143,Morocco,5420,Yield,1020,Raw milk of goats,1970,1970,100 g/An,250,E,Estimated value,
QCL,Crops and livestock products,143,Morocco,5510,Production,1020,Raw milk of goats,1970,1970,t,25500,E,Estimated value,
QCL,Crops and livestock products,143,Morocco,5318,Milk Animals,1020,Raw milk of goats,1970,1970,An,1020000,E,Estimated value,
QCL,Crops and livestock products,143,Morocco,5420,Yield,1020,Raw milk of goats,1971,1971,100 g/An,231,A,Official figure,
QCL,Crops and livestock products,143,Morocco,5510,Production,1020,Raw milk of goats,1971,1971,t,22200,A,Official figure,
QCL,Crops and livestock products,143,Morocco,5318,Milk Animals,1020,Raw milk of goats,1971,1971,An,960000,A,Official figure,
QCL,Crops and livestock products,143,Morocco,5420,Yield,1020,Raw milk of goats,1972,1972,100 g/An,253,A,Official figure,
QCL,Crops and livestock products,143,Morocco,5510,Production,1020,Raw milk of goats,1972,1972,t,24000,A,Official figure,
QCL,Crops and livestock products,143,Morocco,5318,Milk Animals,1020,Raw milk of goats,1972,1972,An,950000,A,Official figure,
QCL,Crops and livestock products,143,Morocco,5420,Yield,1020,Raw milk of goats,1973,1973,100 g/An,256,A,Official figure,
QCL,Crops and livestock products,143,Morocco,5510,Production,1020,Raw milk of goats,1973,1973,t,23000,A,Official figure,
QCL,Crops and livestock products,143,Morocco,5318,Milk Animals,1020,Raw milk of goats,1973,1973,An,900000,A,Official figure,
QCL,Crops and livestock products,143,Morocco,5420,Yield,1020,Raw milk of goats,1974,1974,100 g/An,256,A,Official figure,
QCL,Crops and livestock products,143,Morocco,5510,Production,1020,Raw milk of goats,1974,1974,t,23000,A,Official figure,
QCL,Crops and livestock products,143,Morocco,5318,Milk Animals,1020,Raw milk of goats,1974,1974,An,900000,A,Official figure,
QCL,Crops and livestock products,143,Morocco,5420,Yield,1020,Raw milk of goats,1975,1975,100 g/An,256,E,Estimated value,
QCL,Crops and livestock products,143,Morocco,5510,Production,1020,Raw milk of goats,1975,1975,t,23000,E,Estimated value,
QCL,Crops and livestock products,143,Morocco,5318,Milk Animals,1020,Raw milk of goats,1975,1975,An,900000,A,Official figure,
QCL,Crops and livestock products,143,Morocco,5420,Yield,1020,Raw milk of goats,1976,1976,100 g/An,258,E,Estimated value,
QCL,Crops and livestock products,143,Morocco,5510,Production,1020,Raw milk of goats,1976,1976,t,24000,E,Estimated value,
QCL,Crops and livestock products,143,Morocco,5318,Milk Animals,1020,Raw milk of goats,1976,1976,An,930000,E,Estimated value,
QCL,Crops and livestock products,143,Morocco,5420,Yield,1020,Raw milk of goats,1977,1977,100 g/An,263,E,Estimated value,
QCL,Crops and livestock products,143,Morocco,5510,Production,1020,Raw milk of goats,1977,1977,t,25000,E,Estimated value,
QCL,Crops and livestock products,143,Morocco,5318,Milk Animals,1020,Raw milk of goats,1977,1977,An,950000,E,Estimated value,
QCL,Crops and livestock products,143,Morocco,5420,Yield,1020,Raw milk of goats,1978,1978,100 g/An,267,E,Estimated value,
QCL,Crops and livestock products,143,Morocco,5510,Production,1020,Raw milk of goats,1978,1978,t,25600,E,Estimated value,
QCL,Crops and livestock products,143,Morocco,5318,Milk Animals,1020,Raw milk of goats,1978,1978,An,960000,E,Estimated value,
QCL,Crops and livestock products,143,Morocco,5420,Yield,1020,Raw milk of goats,1979,1979,100 g/An,265,E,Estimated value,
QCL,Crops and livestock products,143,Morocco,5510,Production,1020,Raw milk of goats,1979,1979,t,26500,E,Estimated value,
QCL,Crops and livestock products,143,Morocco,5318,Milk Animals,1020,Raw milk of goats,1979,1979,An,1000000,E,Estimated value,
QCL,Crops and livestock products,143,Morocco,5420,Yield,1020,Raw milk of goats,1980,1980,100 g/An,260,E,Estimated value,
QCL,Crops and livestock products,143,Morocco,5510,Production,1020,Raw milk of goats,1980,1980,t,25500,E,Estimated value,
QCL,Crops and livestock products,143,Morocco,5318,Milk Animals,1020,Raw milk of goats,1980,1980,An,980000,E,Estimated value,
QCL,Crops and livestock products,143,Morocco,5420,Yield,1020,Raw milk of goats,1981,1981,100 g/An,255,E,Estimated value,
QCL,Crops and livestock products,143,Morocco,5510,Production,1020,Raw milk of goats,1981,1981,t,28000,E,Estimated value,
QCL,Crops and livestock products,143,Morocco,5318,Milk Animals,1020,Raw milk of goats,1981,1981,An,1100000,E,Estimated value,
QCL,Crops and livestock products,143,Morocco,5420,Yield,1020,Raw milk of goats,1982,1982,100 g/An,252,E,Estimated value,
QCL,Crops and livestock products,143,Morocco,5510,Production,1020,Raw milk of goats,1982,1982,t,29000,E,Estimated value,
QCL,Crops and livestock products,143,Morocco,5318,Milk Animals,1020,Raw milk of goats,1982,1982,An,1150000,E,Estimated value,
QCL,Crops and livestock products,143,Morocco,5420,Yield,1020,Raw milk of goats,1983,1983,100 g/An,259,E,Estimated value,
QCL,Crops and livestock products,143,Morocco,5510,Production,1020,Raw milk of goats,1983,1983,t,30000,E,Estimated value,
QCL,Crops and livestock products,143,Morocco,5318,Milk Animals,1020,Raw milk of goats,1983,1983,An,1160000,E,Estimated value,
QCL,Crops and livestock products,143,Morocco,5420,Yield,1020,Raw milk of goats,1984,1984,100 g/An,215,E,Estimated value,
QCL,Crops and livestock products,143,Morocco,5510,Production,1020,Raw milk of goats,1984,1984,t,20000,E,Estimated value,
QCL,Crops and livestock products,143,Morocco,5318,Milk Animals,1020,Raw milk of goats,1984,1984,An,930000,E,Estimated value,
QCL,Crops and livestock products,143,Morocco,5420,Yield,1020,Raw milk of goats,1985,1985,100 g/An,220,E,Estimated value,
QCL,Crops and livestock products,143,Morocco,5510,Production,1020,Raw milk of goats,1985,1985,t,23500,E,Estimated value,
QCL,Crops and livestock products,143,Morocco,5318,Milk Animals,1020,Raw milk of goats,1985,1985,An,1070000,E,Estimated value,
QCL,Crops and livestock products,143,Morocco,5420,Yield,1020,Raw milk of goats,1986,1986,100 g/An,247,E,Estimated value,
QCL,Crops and livestock products,143,Morocco,5510,Production,1020,Raw milk of goats,1986,1986,t,30000,E,Estimated value,
QCL,Crops and livestock products,143,Morocco,5318,Milk Animals,1020,Raw milk of goats,1986,1986,An,1213000,E,Estimated value,
QCL,Crops and livestock products,143,Morocco,5420,Yield,1020,Raw milk of goats,1987,1987,100 g/An,248,E,Estimated value,
QCL,Crops and livestock products,143,Morocco,5510,Production,1020,Raw milk of goats,1987,1987,t,33000,E,Estimated value,
QCL,Crops and livestock products,143,Morocco,5318,Milk Animals,1020,Raw milk of goats,1987,1987,An,1330000,E,Estimated value,
QCL,Crops and livestock products,143,Morocco,5420,Yield,1020,Raw milk of goats,1988,1988,100 g/An,302,E,Estimated value,
QCL,Crops and livestock products,143,Morocco,5510,Production,1020,Raw milk of goats,1988,1988,t,35000,E,Estimated value,
QCL,Crops and livestock products,143,Morocco,5318,Milk Animals,1020,Raw milk of goats,1988,1988,An,1160000,E,Estimated value,
QCL,Crops and livestock products,143,Morocco,5420,Yield,1020,Raw milk of goats,1989,1989,100 g/An,296,E,Estimated value,
QCL,Crops and livestock products,143,Morocco,5510,Production,1020,Raw milk of goats,1989,1989,t,36000,E,Estimated value,
QCL,Crops and livestock products,143,Morocco,5318,Milk Animals,1020,Raw milk of goats,1989,1989,An,1215000,E,Estimated value,
QCL,Crops and livestock products,143,Morocco,5420,Yield,1020,Raw milk of goats,1990,1990,100 g/An,287,E,Estimated value,
QCL,Crops and livestock products,143,Morocco,5510,Production,1020,Raw milk of goats,1990,1990,t,36500,E,Estimated value,
QCL,Crops and livestock products,143,Morocco,5318,Milk Animals,1020,Raw milk of goats,1990,1990,An,1270000,E,Estimated value,
QCL,Crops and livestock products,143,Morocco,5420,Yield,1020,Raw milk of goats,1991,1991,100 g/An,302,E,Estimated value,
QCL,Crops and livestock products,143,Morocco,5510,Production,1020,Raw milk of goats,1991,1991,t,35000,E,Estimated value,
QCL,Crops and livestock products,143,Morocco,5318,Milk Animals,1020,Raw milk of goats,1991,1991,An,1160000,E,Estimated value,
QCL,Crops and livestock products,143,Morocco,5420,Yield,1020,Raw milk of goats,1992,1992,100 g/An,285,E,Estimated value,
QCL,Crops and livestock products,143,Morocco,5510,Production,1020,Raw milk of goats,1992,1992,t,36000,E,Estimated value,
QCL,Crops and livestock products,143,Morocco,5318,Milk Animals,1020,Raw milk of goats,1992,1992,An,1265000,E,Estimated value,
QCL,Crops and livestock products,143,Morocco,5420,Yield,1020,Raw milk of goats,1993,1993,100 g/An,285,E,Estimated value,
QCL,Crops and livestock products,143,Morocco,5510,Production,1020,Raw milk of goats,1993,1993,t,37000,E,Estimated value,
QCL,Crops and livestock products,143,Morocco,5318,Milk Animals,1020,Raw milk of goats,1993,1993,An,1300000,E,Estimated value,
QCL,Crops and livestock products,143,Morocco,5420,Yield,1020,Raw milk of goats,1994,1994,100 g/An,283,E,Estimated value,
QCL,Crops and livestock products,143,Morocco,5510,Production,1020,Raw milk of goats,1994,1994,t,34000,E,Estimated value,
QCL,Crops and livestock products,143,Morocco,5318,Milk Animals,1020,Raw milk of goats,1994,1994,An,1200000,E,Estimated value,
QCL,Crops and livestock products,143,Morocco,5420,Yield,1020,Raw milk of goats,1995,1995,100 g/An,313,E,Estimated value,
QCL,Crops and livestock products,143,Morocco,5510,Production,1020,Raw milk of goats,1995,1995,t,35349.09,I,Imputed value,
QCL,Crops and livestock products,143,Morocco,5318,Milk Animals,1020,Raw milk of goats,1995,1995,An,1129264,I,Imputed value,
QCL,Crops and livestock products,143,Morocco,5420,Yield,1020,Raw milk of goats,1996,1996,100 g/An,304,E,Estimated value,
QCL,Crops and livestock products,143,Morocco,5510,Production,1020,Raw milk of goats,1996,1996,t,38470.36,I,Imputed value,
QCL,Crops and livestock products,143,Morocco,5318,Milk Animals,1020,Raw milk of goats,1996,1996,An,1267479,I,Imputed value,
QCL,Crops and livestock products,143,Morocco,5420,Yield,1020,Raw milk of goats,1997,1997,100 g/An,283,A,Official figure,
QCL,Crops and livestock products,143,Morocco,5510,Production,1020,Raw milk of goats,1997,1997,t,34000,A,Official figure,
QCL,Crops and livestock products,143,Morocco,5318,Milk Animals,1020,Raw milk of goats,1997,1997,An,1200000,A,Official figure,
QCL,Crops and livestock products,143,Morocco,5420,Yield,1020,Raw milk of goats,1998,1998,100 g/An,259,E,Estimated value,
QCL,Crops and livestock products,143,Morocco,5510,Production,1020,Raw milk of goats,1998,1998,t,35000,A,Official figure,
QCL,Crops and livestock products,143,Morocco,5318,Milk Animals,1020,Raw milk of goats,1998,1998,An,1353951,I,Imputed value,
QCL,Crops and livestock products,143,Morocco,5420,Yield,1020,Raw milk of goats,1999,1999,100 g/An,270,E,Estimated value,
QCL,Crops and livestock products,143,Morocco,5510,Production,1020,Raw milk of goats,1999,1999,t,35000,A,Official figure,
QCL,Crops and livestock products,143,Morocco,5318,Milk Animals,1020,Raw milk of goats,1999,1999,An,1295127,I,Imputed value,
QCL,Crops and livestock products,143,Morocco,5420,Yield,1020,Raw milk of goats,2000,2000,100 g/An,292,E,Estimated value,
QCL,Crops and livestock products,143,Morocco,5510,Production,1020,Raw milk of goats,2000,2000,t,36500,E,Estimated value,
QCL,Crops and livestock products,143,Morocco,5318,Milk Animals,1020,Raw milk of goats,2000,2000,An,1250000,E,Estimated value,
QCL,Crops and livestock products,143,Morocco,5420,Yield,1020,Raw milk of goats,2001,2001,100 g/An,296,E,Estimated value,
QCL,Crops and livestock products,143,Morocco,5510,Production,1020,Raw milk of goats,2001,2001,t,41324.3,I,Imputed value,
QCL,Crops and livestock products,143,Morocco,5318,Milk Animals,1020,Raw milk of goats,2001,2001,An,1396398,I,Imputed value,
QCL,Crops and livestock products,143,Morocco,5420,Yield,1020,Raw milk of goats,2002,2002,100 g/An,297,E,Estimated value,
QCL,Crops and livestock products,143,Morocco,5510,Production,1020,Raw milk of goats,2002,2002,t,41129.42,I,Imputed value,
QCL,Crops and livestock products,143,Morocco,5318,Milk Animals,1020,Raw milk of goats,2002,2002,An,1387142,I,Imputed value,
QCL,Crops and livestock products,143,Morocco,5420,Yield,1020,Raw milk of goats,2003,2003,100 g/An,292,E,Estimated value,
QCL,Crops and livestock products,143,Morocco,5510,Production,1020,Raw milk of goats,2003,2003,t,37900,E,Estimated value,
QCL,Crops and livestock products,143,Morocco,5318,Milk Animals,1020,Raw milk of goats,2003,2003,An,1300000,E,Estimated value,
QCL,Crops and livestock products,143,Morocco,5420,Yield,1020,Raw milk of goats,2004,2004,100 g/An,293,E,Estimated value,
QCL,Crops and livestock products,143,Morocco,5510,Production,1020,Raw milk of goats,2004,2004,t,42508.96,I,Imputed value,
QCL,Crops and livestock products,143,Morocco,5318,Milk Animals,1020,Raw milk of goats,2004,2004,An,1450574,I,Imputed value,
QCL,Crops and livestock products,143,Morocco,5420,Yield,1020,Raw milk of goats,2005,2005,100 g/An,293,E,Estimated value,
QCL,Crops and livestock products,143,Morocco,5510,Production,1020,Raw milk of goats,2005,2005,t,42396.65,I,Imputed value,
QCL,Crops and livestock products,143,Morocco,5318,Milk Animals,1020,Raw milk of goats,2005,2005,An,1445065,I,Imputed value,
QCL,Crops and livestock products,143,Morocco,5420,Yield,1020,Raw milk of goats,2006,2006,100 g/An,293,E,Estimated value,
QCL,Crops and livestock products,143,Morocco,5510,Production,1020,Raw milk of goats,2006,2006,t,42535.77,I,Imputed value,
QCL,Crops and livestock products,143,Morocco,5318,Milk Animals,1020,Raw milk of goats,2006,2006,An,1451276,I,Imputed value,
QCL,Crops and livestock products,143,Morocco,5420,Yield,1020,Raw milk of goats,2007,2007,100 g/An,294,E,Estimated value,
QCL,Crops and livestock products,143,Morocco,5510,Production,1020,Raw milk of goats,2007,2007,t,42201.73,I,Imputed value,
QCL,Crops and livestock products,143,Morocco,5318,Milk Animals,1020,Raw milk of goats,2007,2007,An,1435449,I,Imputed value,
QCL,Crops and livestock products,143,Morocco,5420,Yield,1020,Raw milk of goats,2008,2008,100 g/An,295,E,Estimated value,
QCL,Crops and livestock products,143,Morocco,5510,Production,1020,Raw milk of goats,2008,2008,t,41693.68,I,Imputed value,
QCL,Crops and livestock products,143,Morocco,5318,Milk Animals,1020,Raw milk of goats,2008,2008,An,1411614,I,Imputed value,
QCL,Crops and livestock products,143,Morocco,5420,Yield,1020,Raw milk of goats,2009,2009,100 g/An,278,E,Estimated value,
QCL,Crops and livestock products,143,Morocco,5510,Production,1020,Raw milk of goats,2009,2009,t,40000,E,Estimated value,
QCL,Crops and livestock products,143,Morocco,5318,Milk Animals,1020,Raw milk of goats,2009,2009,An,1439073,I,Imputed value,
QCL,Crops and livestock products,143,Morocco,5420,Yield,1020,Raw milk of goats,2010,2010,100 g/An,289,E,Estimated value,
QCL,Crops and livestock products,143,Morocco,5510,Production,1020,Raw milk of goats,2010,2010,t,44240.31,I,Imputed value,
QCL,Crops and livestock products,143,Morocco,5318,Milk Animals,1020,Raw milk of goats,2010,2010,An,1530185,I,Imputed value,
QCL,Crops and livestock products,143,Morocco,5420,Yield,1020,Raw milk of goats,2011,2011,100 g/An,347,E,Estimated value,
QCL,Crops and livestock products,143,Morocco,5510,Production,1020,Raw milk of goats,2011,2011,t,58500,E,Estimated value,
QCL,Crops and livestock products,143,Morocco,5318,Milk Animals,1020,Raw milk of goats,2011,2011,An,1685000,E,Estimated value,
QCL,Crops and livestock products,143,Morocco,5420,Yield,1020,Raw milk of goats,2012,2012,100 g/An,355,E,Estimated value,
QCL,Crops and livestock products,143,Morocco,5510,Production,1020,Raw milk of goats,2012,2012,t,60000,E,Estimated value,
QCL,Crops and livestock products,143,Morocco,5318,Milk Animals,1020,Raw milk of goats,2012,2012,An,1690000,E,Estimated value,
QCL,Crops and livestock products,143,Morocco,5420,Yield,1020,Raw milk of goats,2013,2013,100 g/An,365,E,Estimated value,
QCL,Crops and livestock products,143,Morocco,5510,Production,1020,Raw milk of goats,2013,2013,t,62000,E,Estimated value,
QCL,Crops and livestock products,143,Morocco,5318,Milk Animals,1020,Raw milk of goats,2013,2013,An,1700000,E,Estimated value,
QCL,Crops and livestock products,143,Morocco,5420,Yield,1020,Raw milk of goats,2014,2014,100 g/An,284,E,Estimated value,
QCL,Crops and livestock products,143,Morocco,5510,Production,1020,Raw milk of goats,2014,2014,t,46537.77,I,Imputed value,
QCL,Crops and livestock products,143,Morocco,5318,Milk Animals,1020,Raw milk of goats,2014,2014,An,1638581,I,Imputed value,
QCL,Crops and livestock products,143,Morocco,5420,Yield,1020,Raw milk of goats,2015,2015,100 g/An,283,E,Estimated value,
QCL,Crops and livestock products,143,Morocco,5510,Production,1020,Raw milk of goats,2015,2015,t,46957.22,I,Imputed value,
QCL,Crops and livestock products,143,Morocco,5318,Milk Animals,1020,Raw milk of goats,2015,2015,An,1658486,I,Imputed value,
QCL,Crops and livestock products,143,Morocco,5420,Yield,1020,Raw milk of goats,2016,2016,100 g/An,290,E,Estimated value,
QCL,Crops and livestock products,143,Morocco,5510,Production,1020,Raw milk of goats,2016,2016,t,43955.7,I,Imputed value,
QCL,Crops and livestock products,143,Morocco,5318,Milk Animals,1020,Raw milk of goats,2016,2016,An,1515026,I,Imputed value,
QCL,Crops and livestock products,143,Morocco,5420,Yield,1020,Raw milk of goats,2017,2017,100 g/An,295,E,Estimated value,
QCL,Crops and livestock products,143,Morocco,5510,Production,1020,Raw milk of goats,2017,2017,t,42046.58,I,Imputed value,
QCL,Crops and livestock products,143,Morocco,5318,Milk Animals,1020,Raw milk of goats,2017,2017,An,1425574,I,Imputed value,
QCL,Crops and livestock products,143,Morocco,5420,Yield,1020,Raw milk of goats,2018,2018,100 g/An,289,E,Estimated value,
QCL,Crops and livestock products,143,Morocco,5510,Production,1020,Raw milk of goats,2018,2018,t,44636.83,I,Imputed value,
QCL,Crops and livestock products,143,Morocco,5318,Milk Animals,1020,Raw milk of goats,2018,2018,An,1546771,I,Imputed value,
QCL,Crops and livestock products,143,Morocco,5420,Yield,1020,Raw milk of goats,2019,2019,100 g/An,286,E,Estimated value,
QCL,Crops and livestock products,143,Morocco,5510,Production,1020,Raw milk of goats,2019,2019,t,45900.54,I,Imputed value,
QCL,Crops and livestock products,143,Morocco,5318,Milk Animals,1020,Raw milk of goats,2019,2019,An,1607160,I,Imputed value,
QCL,Crops and livestock products,143,Morocco,5420,Yield,1020,Raw milk of goats,2020,2020,100 g/An,286,E,Estimated value,
QCL,Crops and livestock products,143,Morocco,5510,Production,1020,Raw milk of goats,2020,2020,t,45775.76,I,Imputed value,
QCL,Crops and livestock products,143,Morocco,5318,Milk Animals,1020,Raw milk of goats,2020,2020,An,1600701,I,Imputed value,
QCL,Crops and livestock products,143,Morocco,5420,Yield,1020,Raw milk of goats,2021,2021,100 g/An,283,E,Estimated value,
QCL,Crops and livestock products,143,Morocco,5510,Production,1020,Raw milk of goats,2021,2021,t,46952.95,I,Imputed value,
QCL,Crops and livestock products,143,Morocco,5318,Milk Animals,1020,Raw milk of goats,2021,2021,An,1657401,I,Imputed value,
QCL,Crops and livestock products,143,Morocco,5420,Yield,1020,Raw milk of goats,2022,2022,100 g/An,285,E,Estimated value,
QCL,Crops and livestock products,143,Morocco,5510,Production,1020,Raw milk of goats,2022,2022,t,46226.49,I,Imputed value,
QCL,Crops and livestock products,143,Morocco,5318,Milk Animals,1020,Raw milk of goats,2022,2022,An,1621649,I,Imputed value,
QCL,Crops and livestock products,143,Morocco,5420,Yield,982,Raw milk of sheep,1961,1961,100 g/An,250,E,Estimated value,
QCL,Crops and livestock products,143,Morocco,5510,Production,982,Raw milk of sheep,1961,1961,t,14250,E,Estimated value,
QCL,Crops and livestock products,143,Morocco,5318,Milk Animals,982,Raw milk of sheep,1961,1961,An,570000,E,Estimated value,
QCL,Crops and livestock products,143,Morocco,5420,Yield,982,Raw milk of sheep,1962,1962,100 g/An,250,E,Estimated value,
QCL,Crops and livestock products,143,Morocco,5510,Production,982,Raw milk of sheep,1962,1962,t,12500,E,Estimated value,
QCL,Crops and livestock products,143,Morocco,5318,Milk Animals,982,Raw milk of sheep,1962,1962,An,500000,E,Estimated value,
QCL,Crops and livestock products,143,Morocco,5420,Yield,982,Raw milk of sheep,1963,1963,100 g/An,250,E,Estimated value,
QCL,Crops and livestock products,143,Morocco,5510,Production,982,Raw milk of sheep,1963,1963,t,11500,E,Estimated value,
QCL,Crops and livestock products,143,Morocco,5318,Milk Animals,982,Raw milk of sheep,1963,1963,An,460000,E,Estimated value,
QCL,Crops and livestock products,143,Morocco,5420,Yield,982,Raw milk of sheep,1964,1964,100 g/An,250,E,Estimated value,
QCL,Crops and livestock products,143,Morocco,5510,Production,982,Raw milk of sheep,1964,1964,t,12000,E,Estimated value,
QCL,Crops and livestock products,143,Morocco,5318,Milk Animals,982,Raw milk of sheep,1964,1964,An,480000,E,Estimated value,
QCL,Crops and livestock products,143,Morocco,5420,Yield,982,Raw milk of sheep,1965,1965,100 g/An,250,E,Estimated value,
QCL,Crops and livestock products,143,Morocco,5510,Production,982,Raw milk of sheep,1965,1965,t,13500,E,Estimated value,
QCL,Crops and livestock products,143,Morocco,5318,Milk Animals,982,Raw milk of sheep,1965,1965,An,540000,E,Estimated value,
QCL,Crops and livestock products,143,Morocco,5420,Yield,982,Raw milk of sheep,1966,1966,100 g/An,250,E,Estimated value,
QCL,Crops and livestock products,143,Morocco,5510,Production,982,Raw milk of sheep,1966,1966,t,13900,E,Estimated value,
QCL,Crops and livestock products,143,Morocco,5318,Milk Animals,982,Raw milk of sheep,1966,1966,An,556000,E,Estimated value,
QCL,Crops and livestock products,143,Morocco,5420,Yield,982,Raw milk of sheep,1967,1967,100 g/An,250,E,Estimated value,
QCL,Crops and livestock products,143,Morocco,5510,Production,982,Raw milk of sheep,1967,1967,t,14800,E,Estimated value,
QCL,Crops and livestock products,143,Morocco,5318,Milk Animals,982,Raw milk of sheep,1967,1967,An,593000,E,Estimated value,
QCL,Crops and livestock products,143,Morocco,5420,Yield,982,Raw milk of sheep,1968,1968,100 g/An,250,E,Estimated value,
QCL,Crops and livestock products,143,Morocco,5510,Production,982,Raw milk of sheep,1968,1968,t,14800,E,Estimated value,
QCL,Crops and livestock products,143,Morocco,5318,Milk Animals,982,Raw milk of sheep,1968,1968,An,593000,E,Estimated value,
QCL,Crops and livestock products,143,Morocco,5420,Yield,982,Raw milk of sheep,1969,1969,100 g/An,250,E,Estimated value,
QCL,Crops and livestock products,143,Morocco,5510,Production,982,Raw milk of sheep,1969,1969,t,16400,E,Estimated value,
QCL,Crops and livestock products,143,Morocco,5318,Milk Animals,982,Raw milk of sheep,1969,1969,An,654900,E,Estimated value,
QCL,Crops and livestock products,143,Morocco,5420,Yield,982,Raw milk of sheep,1970,1970,100 g/An,251,E,Estimated value,
QCL,Crops and livestock products,143,Morocco,5510,Production,982,Raw milk of sheep,1970,1970,t,16800,E,Estimated value,
QCL,Crops and livestock products,143,Morocco,5318,Milk Animals,982,Raw milk of sheep,1970,1970,An,670000,E,Estimated value,
QCL,Crops and livestock products,143,Morocco,5420,Yield,982,Raw milk of sheep,1971,1971,100 g/An,249,A,Official figure,
QCL,Crops and livestock products,143,Morocco,5510,Production,982,Raw milk of sheep,1971,1971,t,18000,A,Official figure,
QCL,Crops and livestock products,143,Morocco,5318,Milk Animals,982,Raw milk of sheep,1971,1971,An,722000,A,Official figure,
QCL,Crops and livestock products,143,Morocco,5420,Yield,982,Raw milk of sheep,1972,1972,100 g/An,286,A,Official figure,
QCL,Crops and livestock products,143,Morocco,5510,Production,982,Raw milk of sheep,1972,1972,t,20000,A,Official figure,
QCL,Crops and livestock products,143,Morocco,5318,Milk Animals,982,Raw milk of sheep,1972,1972,An,700000,A,Official figure,
QCL,Crops and livestock products,143,Morocco,5420,Yield,982,Raw milk of sheep,1973,1973,100 g/An,286,A,Official figure,
QCL,Crops and livestock products,143,Morocco,5510,Production,982,Raw milk of sheep,1973,1973,t,20000,A,Official figure,
QCL,Crops and livestock products,143,Morocco,5318,Milk Animals,982,Raw milk of sheep,1973,1973,An,700000,A,Official figure,
QCL,Crops and livestock products,143,Morocco,5420,Yield,982,Raw milk of sheep,1974,1974,100 g/An,277,A,Official figure,
QCL,Crops and livestock products,143,Morocco,5510,Production,982,Raw milk of sheep,1974,1974,t,18000,A,Official figure,
QCL,Crops and livestock products,143,Morocco,5318,Milk Animals,982,Raw milk of sheep,1974,1974,An,650000,A,Official figure,
QCL,Crops and livestock products,143,Morocco,5420,Yield,982,Raw milk of sheep,1975,1975,100 g/An,424,A,Official figure,
QCL,Crops and livestock products,143,Morocco,5510,Production,982,Raw milk of sheep,1975,1975,t,29700,A,Official figure,
QCL,Crops and livestock products,143,Morocco,5318,Milk Animals,982,Raw milk of sheep,1975,1975,An,700000,A,Official figure,
QCL,Crops and livestock products,143,Morocco,5420,Yield,982,Raw milk of sheep,1976,1976,100 g/An,294,E,Estimated value,
QCL,Crops and livestock products,143,Morocco,5510,Production,982,Raw milk of sheep,1976,1976,t,20000,E,Estimated value,
QCL,Crops and livestock products,143,Morocco,5318,Milk Animals,982,Raw milk of sheep,1976,1976,An,680000,E,Estimated value,
QCL,Crops and livestock products,143,Morocco,5420,Yield,982,Raw milk of sheep,1977,1977,100 g/An,290,E,Estimated value,
QCL,Crops and livestock products,143,Morocco,5510,Production,982,Raw milk of sheep,1977,1977,t,20000,E,Estimated value,
QCL,Crops and livestock products,143,Morocco,5318,Milk Animals,982,Raw milk of sheep,1977,1977,An,690000,E,Estimated value,
QCL,Crops and livestock products,143,Morocco,5420,Yield,982,Raw milk of sheep,1978,1978,100 g/An,331,E,Estimated value,
QCL,Crops and livestock products,143,Morocco,5510,Production,982,Raw milk of sheep,1978,1978,t,23000,E,Estimated value,
QCL,Crops and livestock products,143,Morocco,5318,Milk Animals,982,Raw milk of sheep,1978,1978,An,695000,E,Estimated value,
QCL,Crops and livestock products,143,Morocco,5420,Yield,982,Raw milk of sheep,1979,1979,100 g/An,294,E,Estimated value,
QCL,Crops and livestock products,143,Morocco,5510,Production,982,Raw milk of sheep,1979,1979,t,20000,E,Estimated value,
QCL,Crops and livestock products,143,Morocco,5318,Milk Animals,982,Raw milk of sheep,1979,1979,An,680000,E,Estimated value,
QCL,Crops and livestock products,143,Morocco,5420,Yield,982,Raw milk of sheep,1980,1980,100 g/An,290,E,Estimated value,
QCL,Crops and livestock products,143,Morocco,5510,Production,982,Raw milk of sheep,1980,1980,t,20000,E,Estimated value,
QCL,Crops and livestock products,143,Morocco,5318,Milk Animals,982,Raw milk of sheep,1980,1980,An,690000,E,Estimated value,
QCL,Crops and livestock products,143,Morocco,5420,Yield,982,Raw milk of sheep,1981,1981,100 g/An,300,E,Estimated value,
QCL,Crops and livestock products,143,Morocco,5510,Production,982,Raw milk of sheep,1981,1981,t,21000,E,Estimated value,
QCL,Crops and livestock products,143,Morocco,5318,Milk Animals,982,Raw milk of sheep,1981,1981,An,700000,E,Estimated value,
QCL,Crops and livestock products,143,Morocco,5420,Yield,982,Raw milk of sheep,1982,1982,100 g/An,300,E,Estimated value,
QCL,Crops and livestock products,143,Morocco,5510,Production,982,Raw milk of sheep,1982,1982,t,21000,E,Estimated value,
QCL,Crops and livestock products,143,Morocco,5318,Milk Animals,982,Raw milk of sheep,1982,1982,An,700000,E,Estimated value,
QCL,Crops and livestock products,143,Morocco,5420,Yield,982,Raw milk of sheep,1983,1983,100 g/An,296,E,Estimated value,
QCL,Crops and livestock products,143,Morocco,5510,Production,982,Raw milk of sheep,1983,1983,t,21000,E,Estimated value,
QCL,Crops and livestock products,143,Morocco,5318,Milk Animals,982,Raw milk of sheep,1983,1983,An,710000,E,Estimated value,
QCL,Crops and livestock products,143,Morocco,5420,Yield,982,Raw milk of sheep,1984,1984,100 g/An,349,E,Estimated value,
QCL,Crops and livestock products,143,Morocco,5510,Production,982,Raw milk of sheep,1984,1984,t,22000,E,Estimated value,
QCL,Crops and livestock products,143,Morocco,5318,Milk Animals,982,Raw milk of sheep,1984,1984,An,630000,E,Estimated value,
QCL,Crops and livestock products,143,Morocco,5420,Yield,982,Raw milk of sheep,1985,1985,100 g/An,347,E,Estimated value,
QCL,Crops and livestock products,143,Morocco,5510,Production,982,Raw milk of sheep,1985,1985,t,25000,E,Estimated value,
QCL,Crops and livestock products,143,Morocco,5318,Milk Animals,982,Raw milk of sheep,1985,1985,An,720000,E,Estimated value,
QCL,Crops and livestock products,143,Morocco,5420,Yield,982,Raw milk of sheep,1986,1986,100 g/An,350,E,Estimated value,
QCL,Crops and livestock products,143,Morocco,5510,Production,982,Raw milk of sheep,1986,1986,t,28000,E,Estimated value,
QCL,Crops and livestock products,143,Morocco,5318,Milk Animals,982,Raw milk of sheep,1986,1986,An,800000,E,Estimated value,
QCL,Crops and livestock products,143,Morocco,5420,Yield,982,Raw milk of sheep,1987,1987,100 g/An,350,E,Estimated value,
QCL,Crops and livestock products,143,Morocco,5510,Production,982,Raw milk of sheep,1987,1987,t,30800,E,Estimated value,
QCL,Crops and livestock products,143,Morocco,5318,Milk Animals,982,Raw milk of sheep,1987,1987,An,880000,E,Estimated value,
QCL,Crops and livestock products,143,Morocco,5420,Yield,982,Raw milk of sheep,1988,1988,100 g/An,350,E,Estimated value,
QCL,Crops and livestock products,143,Morocco,5510,Production,982,Raw milk of sheep,1988,1988,t,25200,E,Estimated value,
QCL,Crops and livestock products,143,Morocco,5318,Milk Animals,982,Raw milk of sheep,1988,1988,An,720000,E,Estimated value,
QCL,Crops and livestock products,143,Morocco,5420,Yield,982,Raw milk of sheep,1989,1989,100 g/An,350,E,Estimated value,
QCL,Crops and livestock products,143,Morocco,5510,Production,982,Raw milk of sheep,1989,1989,t,25900,E,Estimated value,
QCL,Crops and livestock products,143,Morocco,5318,Milk Animals,982,Raw milk of sheep,1989,1989,An,740000,E,Estimated value,
QCL,Crops and livestock products,143,Morocco,5420,Yield,982,Raw milk of sheep,1990,1990,100 g/An,351,E,Estimated value,
QCL,Crops and livestock products,143,Morocco,5510,Production,982,Raw milk of sheep,1990,1990,t,26500,E,Estimated value,
QCL,Crops and livestock products,143,Morocco,5318,Milk Animals,982,Raw milk of sheep,1990,1990,An,756000,E,Estimated value,
QCL,Crops and livestock products,143,Morocco,5420,Yield,982,Raw milk of sheep,1991,1991,100 g/An,355,E,Estimated value,
QCL,Crops and livestock products,143,Morocco,5510,Production,982,Raw milk of sheep,1991,1991,t,27000,E,Estimated value,
QCL,Crops and livestock products,143,Morocco,5318,Milk Animals,982,Raw milk of sheep,1991,1991,An,760000,E,Estimated value,
QCL,Crops and livestock products,143,Morocco,5420,Yield,982,Raw milk of sheep,1992,1992,100 g/An,360,E,Estimated value,
QCL,Crops and livestock products,143,Morocco,5510,Production,982,Raw milk of sheep,1992,1992,t,27700,E,Estimated value,
QCL,Crops and livestock products,143,Morocco,5318,Milk Animals,982,Raw milk of sheep,1992,1992,An,770000,E,Estimated value,
QCL,Crops and livestock products,143,Morocco,5420,Yield,982,Raw milk of sheep,1993,1993,100 g/An,361,E,Estimated value,
QCL,Crops and livestock products,143,Morocco,5510,Production,982,Raw milk of sheep,1993,1993,t,27400,E,Estimated value,
QCL,Crops and livestock products,143,Morocco,5318,Milk Animals,982,Raw milk of sheep,1993,1993,An,760000,E,Estimated value,
QCL,Crops and livestock products,143,Morocco,5420,Yield,982,Raw milk of sheep,1994,1994,100 g/An,383,E,Estimated value,
QCL,Crops and livestock products,143,Morocco,5510,Production,982,Raw milk of sheep,1994,1994,t,27300,E,Estimated value,
QCL,Crops and livestock products,143,Morocco,5318,Milk Animals,982,Raw milk of sheep,1994,1994,An,713417,I,Imputed value,
QCL,Crops and livestock products,143,Morocco,5420,Yield,982,Raw milk of sheep,1995,1995,100 g/An,384,E,Estimated value,
QCL,Crops and livestock products,143,Morocco,5510,Production,982,Raw milk of sheep,1995,1995,t,27526.68,I,Imputed value,
QCL,Crops and livestock products,143,Morocco,5318,Milk Animals,982,Raw milk of sheep,1995,1995,An,717023,I,Imputed value,
QCL,Crops and livestock products,143,Morocco,5420,Yield,982,Raw milk of sheep,1996,1996,100 g/An,378,E,Estimated value,
QCL,Crops and livestock products,143,Morocco,5510,Production,982,Raw milk of sheep,1996,1996,t,28842.38,I,Imputed value,
QCL,Crops and livestock products,143,Morocco,5318,Milk Animals,982,Raw milk of sheep,1996,1996,An,763726,I,Imputed value,
QCL,Crops and livestock products,143,Morocco,5420,Yield,982,Raw milk of sheep,1997,1997,100 g/An,359,A,Official figure,
QCL,Crops and livestock products,143,Morocco,5510,Production,982,Raw milk of sheep,1997,1997,t,27300,A,Official figure,
QCL,Crops and livestock products,143,Morocco,5318,Milk Animals,982,Raw milk of sheep,1997,1997,An,760000,A,Official figure,
QCL,Crops and livestock products,143,Morocco,5420,Yield,982,Raw milk of sheep,1998,1998,100 g/An,353,E,Estimated value,
QCL,Crops and livestock products,143,Morocco,5510,Production,982,Raw milk of sheep,1998,1998,t,27300,A,Official figure,
QCL,Crops and livestock products,143,Morocco,5318,Milk Animals,982,Raw milk of sheep,1998,1998,An,774386,I,Imputed value,
QCL,Crops and livestock products,143,Morocco,5420,Yield,982,Raw milk of sheep,1999,1999,100 g/An,323,E,Estimated value,
QCL,Crops and livestock products,143,Morocco,5510,Production,982,Raw milk of sheep,1999,1999,t,27300,A,Official figure,
QCL,Crops and livestock products,143,Morocco,5318,Milk Animals,982,Raw milk of sheep,1999,1999,An,845302,I,Imputed value,
QCL,Crops and livestock products,143,Morocco,5420,Yield,982,Raw milk of sheep,2000,2000,100 g/An,365,E,Estimated value,
QCL,Crops and livestock products,143,Morocco,5510,Production,982,Raw milk of sheep,2000,2000,t,31868.63,I,Imputed value,
QCL,Crops and livestock products,143,Morocco,5318,Milk Animals,982,Raw milk of sheep,2000,2000,An,873673,I,Imputed value,
QCL,Crops and livestock products,143,Morocco,5420,Yield,982,Raw milk of sheep,2001,2001,100 g/An,365,E,Estimated value,
QCL,Crops and livestock products,143,Morocco,5510,Production,982,Raw milk of sheep,2001,2001,t,31752.61,I,Imputed value,
QCL,Crops and livestock products,143,Morocco,5318,Milk Animals,982,Raw milk of sheep,2001,2001,An,869201,I,Imputed value,
QCL,Crops and livestock products,143,Morocco,5420,Yield,982,Raw milk of sheep,2002,2002,100 g/An,359,E,Estimated value,
QCL,Crops and livestock products,143,Morocco,5510,Production,982,Raw milk of sheep,2002,2002,t,26900,E,Estimated value,
QCL,Crops and livestock products,143,Morocco,5318,Milk Animals,982,Raw milk of sheep,2002,2002,An,750000,E,Estimated value,
QCL,Crops and livestock products,143,Morocco,5420,Yield,982,Raw milk of sheep,2003,2003,100 g/An,358,E,Estimated value,
QCL,Crops and livestock products,143,Morocco,5510,Production,982,Raw milk of sheep,2003,2003,t,27000,E,Estimated value,
QCL,Crops and livestock products,143,Morocco,5318,Milk Animals,982,Raw milk of sheep,2003,2003,An,755000,E,Estimated value,
QCL,Crops and livestock products,143,Morocco,5420,Yield,982,Raw milk of sheep,2004,2004,100 g/An,359,E,Estimated value,
QCL,Crops and livestock products,143,Morocco,5510,Production,982,Raw milk of sheep,2004,2004,t,27300,E,Estimated value,
QCL,Crops and livestock products,143,Morocco,5318,Milk Animals,982,Raw milk of sheep,2004,2004,An,760000,E,Estimated value,
QCL,Crops and livestock products,143,Morocco,5420,Yield,982,Raw milk of sheep,2005,2005,100 g/An,367,E,Estimated value,
QCL,Crops and livestock products,143,Morocco,5510,Production,982,Raw milk of sheep,2005,2005,t,31503.02,I,Imputed value,
QCL,Crops and livestock products,143,Morocco,5318,Milk Animals,982,Raw milk of sheep,2005,2005,An,859308,I,Imputed value,
QCL,Crops and livestock products,143,Morocco,5420,Yield,982,Raw milk of sheep,2006,2006,100 g/An,365,E,Estimated value,
QCL,Crops and livestock products,143,Morocco,5510,Production,982,Raw milk of sheep,2006,2006,t,31923.68,I,Imputed value,
QCL,Crops and livestock products,143,Morocco,5318,Milk Animals,982,Raw milk of sheep,2006,2006,An,874734,I,Imputed value,
QCL,Crops and livestock products,143,Morocco,5420,Yield,982,Raw milk of sheep,2007,2007,100 g/An,367,E,Estimated value,
QCL,Crops and livestock products,143,Morocco,5510,Production,982,Raw milk of sheep,2007,2007,t,31557.9,I,Imputed value,
QCL,Crops and livestock products,143,Morocco,5318,Milk Animals,982,Raw milk of sheep,2007,2007,An,861014,I,Imputed value,
QCL,Crops and livestock products,143,Morocco,5420,Yield,982,Raw milk of sheep,2008,2008,100 g/An,366,E,Estimated value,
QCL,Crops and livestock products,143,Morocco,5510,Production,982,Raw milk of sheep,2008,2008,t,31766.19,I,Imputed value,
QCL,Crops and livestock products,143,Morocco,5318,Milk Animals,982,Raw milk of sheep,2008,2008,An,868564,I,Imputed value,
QCL,Crops and livestock products,143,Morocco,5420,Yield,982,Raw milk of sheep,2009,2009,100 g/An,366,E,Estimated value,
QCL,Crops and livestock products,143,Morocco,5510,Production,982,Raw milk of sheep,2009,2009,t,31707.2,I,Imputed value,
QCL,Crops and livestock products,143,Morocco,5318,Milk Animals,982,Raw milk of sheep,2009,2009,An,866216,I,Imputed value,
QCL,Crops and livestock products,143,Morocco,5420,Yield,982,Raw milk of sheep,2010,2010,100 g/An,423,E,Estimated value,
QCL,Crops and livestock products,143,Morocco,5510,Production,982,Raw milk of sheep,2010,2010,t,38300,E,Estimated value,
QCL,Crops and livestock products,143,Morocco,5318,Milk Animals,982,Raw milk of sheep,2010,2010,An,905836,I,Imputed value,
QCL,Crops and livestock products,143,Morocco,5420,Yield,982,Raw milk of sheep,2011,2011,100 g/An,431,E,Estimated value,
QCL,Crops and livestock products,143,Morocco,5510,Production,982,Raw milk of sheep,2011,2011,t,41000,E,Estimated value,
QCL,Crops and livestock products,143,Morocco,5318,Milk Animals,982,Raw milk of sheep,2011,2011,An,952000,E,Estimated value,
QCL,Crops and livestock products,143,Morocco,5420,Yield,982,Raw milk of sheep,2012,2012,100 g/An,448,E,Estimated value,
QCL,Crops and livestock products,143,Morocco,5510,Production,982,Raw milk of sheep,2012,2012,t,43000,E,Estimated value,
QCL,Crops and livestock products,143,Morocco,5318,Milk Animals,982,Raw milk of sheep,2012,2012,An,960000,E,Estimated value,
QCL,Crops and livestock products,143,Morocco,5420,Yield,982,Raw milk of sheep,2013,2013,100 g/An,382,E,Estimated value,
QCL,Crops and livestock products,143,Morocco,5510,Production,982,Raw milk of sheep,2013,2013,t,36000,E,Estimated value,
QCL,Crops and livestock products,143,Morocco,5318,Milk Animals,982,Raw milk of sheep,2013,2013,An,943612,I,Imputed value,
QCL,Crops and livestock products,143,Morocco,5420,Yield,982,Raw milk of sheep,2014,2014,100 g/An,357,E,Estimated value,
QCL,Crops and livestock products,143,Morocco,5510,Production,982,Raw milk of sheep,2014,2014,t,34059.9,I,Imputed value,
QCL,Crops and livestock products,143,Morocco,5318,Milk Animals,982,Raw milk of sheep,2014,2014,An,953575,I,Imputed value,
QCL,Crops and livestock products,143,Morocco,5420,Yield,982,Raw milk of sheep,2015,2015,100 g/An,360,E,Estimated value,
QCL,Crops and livestock products,143,Morocco,5510,Production,982,Raw milk of sheep,2015,2015,t,33353.26,I,Imputed value,
QCL,Crops and livestock products,143,Morocco,5318,Milk Animals,982,Raw milk of sheep,2015,2015,An,926684,I,Imputed value,
QCL,Crops and livestock products,143,Morocco,5420,Yield,982,Raw milk of sheep,2016,2016,100 g/An,355,E,Estimated value,
QCL,Crops and livestock products,143,Morocco,5510,Production,982,Raw milk of sheep,2016,2016,t,34726.16,I,Imputed value,
QCL,Crops and livestock products,143,Morocco,5318,Milk Animals,982,Raw milk of sheep,2016,2016,An,978580,I,Imputed value,
QCL,Crops and livestock products,143,Morocco,5420,Yield,982,Raw milk of sheep,2017,2017,100 g/An,355,E,Estimated value,
QCL,Crops and livestock products,143,Morocco,5510,Production,982,Raw milk of sheep,2017,2017,t,34704.02,I,Imputed value,
QCL,Crops and livestock products,143,Morocco,5318,Milk Animals,982,Raw milk of sheep,2017,2017,An,977864,I,Imputed value,
QCL,Crops and livestock products,143,Morocco,5420,Yield,982,Raw milk of sheep,2018,2018,100 g/An,355,E,Estimated value,
QCL,Crops and livestock products,143,Morocco,5510,Production,982,Raw milk of sheep,2018,2018,t,34736.97,I,Imputed value,
QCL,Crops and livestock products,143,Morocco,5318,Milk Animals,982,Raw milk of sheep,2018,2018,An,979301,I,Imputed value,
QCL,Crops and livestock products,143,Morocco,5420,Yield,982,Raw milk of sheep,2019,2019,100 g/An,349,E,Estimated value,
QCL,Crops and livestock products,143,Morocco,5510,Production,982,Raw milk of sheep,2019,2019,t,36374.56,I,Imputed value,
QCL,Crops and livestock products,143,Morocco,5318,Milk Animals,982,Raw milk of sheep,2019,2019,An,1042840,I,Imputed value,
QCL,Crops and livestock products,143,Morocco,5420,Yield,982,Raw milk of sheep,2020,2020,100 g/An,347,E,Estimated value,
QCL,Crops and livestock products,143,Morocco,5510,Production,982,Raw milk of sheep,2020,2020,t,36855.99,I,Imputed value,
QCL,Crops and livestock products,143,Morocco,5318,Milk Animals,982,Raw milk of sheep,2020,2020,An,1061520,I,Imputed value,
QCL,Crops and livestock products,143,Morocco,5420,Yield,982,Raw milk of sheep,2021,2021,100 g/An,345,E,Estimated value,
QCL,Crops and livestock products,143,Morocco,5510,Production,982,Raw milk of sheep,2021,2021,t,37460.5,I,Imputed value,
QCL,Crops and livestock products,143,Morocco,5318,Milk Animals,982,Raw milk of sheep,2021,2021,An,1085166,I,Imputed value,
QCL,Crops and livestock products,143,Morocco,5420,Yield,982,Raw milk of sheep,2022,2022,100 g/An,348,E,Estimated value,
QCL,Crops and livestock products,143,Morocco,5510,Production,982,Raw milk of sheep,2022,2022,t,36633.88,I,Imputed value,
QCL,Crops and livestock products,143,Morocco,5318,Milk Animals,982,Raw milk of sheep,2022,2022,An,1052206,I,Imputed value,
QCL,Crops and livestock products,143,Morocco,5312,Area harvested,27,Rice,1961,1961,ha,5000,A,Official figure,
QCL,Crops and livestock products,143,Morocco,5419,Yield,27,Rice,1961,1961,100 g/ha,30000,A,Official figure,
QCL,Crops and livestock products,143,Morocco,5510,Production,27,Rice,1961,1961,t,15000,A,Official figure,
QCL,Crops and livestock products,143,Morocco,5312,Area harvested,27,Rice,1962,1962,ha,5000,A,Official figure,
QCL,Crops and livestock products,143,Morocco,5419,Yield,27,Rice,1962,1962,100 g/ha,34000,A,Official figure,
QCL,Crops and livestock products,143,Morocco,5510,Production,27,Rice,1962,1962,t,17000,A,Official figure,
QCL,Crops and livestock products,143,Morocco,5312,Area harvested,27,Rice,1963,1963,ha,4000,A,Official figure,
QCL,Crops and livestock products,143,Morocco,5419,Yield,27,Rice,1963,1963,100 g/ha,50000,A,Official figure,
QCL,Crops and livestock products,143,Morocco,5510,Production,27,Rice,1963,1963,t,20000,A,Official figure,
QCL,Crops and livestock products,143,Morocco,5312,Area harvested,27,Rice,1964,1964,ha,5000,A,Official figure,
QCL,Crops and livestock products,143,Morocco,5419,Yield,27,Rice,1964,1964,100 g/ha,50000,A,Official figure,
QCL,Crops and livestock products,143,Morocco,5510,Production,27,Rice,1964,1964,t,25000,A,Official figure,
QCL,Crops and livestock products,143,Morocco,5312,Area harvested,27,Rice,1965,1965,ha,5000,A,Official figure,
QCL,Crops and livestock products,143,Morocco,5419,Yield,27,Rice,1965,1965,100 g/ha,42000,A,Official figure,
QCL,Crops and livestock products,143,Morocco,5510,Production,27,Rice,1965,1965,t,21000,A,Official figure,
QCL,Crops and livestock products,143,Morocco,5312,Area harvested,27,Rice,1966,1966,ha,5500,A,Official figure,
QCL,Crops and livestock products,143,Morocco,5419,Yield,27,Rice,1966,1966,100 g/ha,45091,A,Official figure,
QCL,Crops and livestock products,143,Morocco,5510,Production,27,Rice,1966,1966,t,24800,A,Official figure,
QCL,Crops and livestock products,143,Morocco,5312,Area harvested,27,Rice,1967,1967,ha,5400,A,Official figure,
QCL,Crops and livestock products,143,Morocco,5419,Yield,27,Rice,1967,1967,100 g/ha,50926,A,Official figure,
QCL,Crops and livestock products,143,Morocco,5510,Production,27,Rice,1967,1967,t,27500,A,Official figure,
QCL,Crops and livestock products,143,Morocco,5312,Area harvested,27,Rice,1968,1968,ha,7800,A,Official figure,
QCL,Crops and livestock products,143,Morocco,5419,Yield,27,Rice,1968,1968,100 g/ha,52564,A,Official figure,
QCL,Crops and livestock products,143,Morocco,5510,Production,27,Rice,1968,1968,t,41000,A,Official figure,
QCL,Crops and livestock products,143,Morocco,5312,Area harvested,27,Rice,1969,1969,ha,8800,A,Official figure,
QCL,Crops and livestock products,143,Morocco,5419,Yield,27,Rice,1969,1969,100 g/ha,57955,A,Official figure,
QCL,Crops and livestock products,143,Morocco,5510,Production,27,Rice,1969,1969,t,51000,A,Official figure,
QCL,Crops and livestock products,143,Morocco,5312,Area harvested,27,Rice,1970,1970,ha,8000,A,Official figure,
QCL,Crops and livestock products,143,Morocco,5419,Yield,27,Rice,1970,1970,100 g/ha,50000,A,Official figure,
QCL,Crops and livestock products,143,Morocco,5510,Production,27,Rice,1970,1970,t,40000,A,Official figure,
QCL,Crops and livestock products,143,Morocco,5312,Area harvested,27,Rice,1971,1971,ha,1000,A,Official figure,
QCL,Crops and livestock products,143,Morocco,5419,Yield,27,Rice,1971,1971,100 g/ha,27000,A,Official figure,
QCL,Crops and livestock products,143,Morocco,5510,Production,27,Rice,1971,1971,t,2700,A,Official figure,
QCL,Crops and livestock products,143,Morocco,5312,Area harvested,27,Rice,1972,1972,ha,3100,A,Official figure,
QCL,Crops and livestock products,143,Morocco,5419,Yield,27,Rice,1972,1972,100 g/ha,44839,A,Official figure,
QCL,Crops and livestock products,143,Morocco,5510,Production,27,Rice,1972,1972,t,13900,A,Official figure,
QCL,Crops and livestock products,143,Morocco,5312,Area harvested,27,Rice,1973,1973,ha,2700,A,Official figure,
QCL,Crops and livestock products,143,Morocco,5419,Yield,27,Rice,1973,1973,100 g/ha,38667,A,Official figure,
QCL,Crops and livestock products,143,Morocco,5510,Production,27,Rice,1973,1973,t,10440,A,Official figure,
QCL,Crops and livestock products,143,Morocco,5312,Area harvested,27,Rice,1974,1974,ha,3800,A,Official figure,
QCL,Crops and livestock products,143,Morocco,5419,Yield,27,Rice,1974,1974,100 g/ha,32237,A,Official figure,
QCL,Crops and livestock products,143,Morocco,5510,Production,27,Rice,1974,1974,t,12250,A,Official figure,
QCL,Crops and livestock products,143,Morocco,5312,Area harvested,27,Rice,1975,1975,ha,6200,A,Official figure,
QCL,Crops and livestock products,143,Morocco,5419,Yield,27,Rice,1975,1975,100 g/ha,47097,A,Official figure,
QCL,Crops and livestock products,143,Morocco,5510,Production,27,Rice,1975,1975,t,29200,A,Official figure,
QCL,Crops and livestock products,143,Morocco,5312,Area harvested,27,Rice,1976,1976,ha,5300,A,Official figure,
QCL,Crops and livestock products,143,Morocco,5419,Yield,27,Rice,1976,1976,100 g/ha,33887,A,Official figure,
QCL,Crops and livestock products,143,Morocco,5510,Production,27,Rice,1976,1976,t,17960,A,Official figure,
QCL,Crops and livestock products,143,Morocco,5312,Area harvested,27,Rice,1977,1977,ha,6200,A,Official figure,
QCL,Crops and livestock products,143,Morocco,5419,Yield,27,Rice,1977,1977,100 g/ha,38403,A,Official figure,
QCL,Crops and livestock products,143,Morocco,5510,Production,27,Rice,1977,1977,t,23810,A,Official figure,
QCL,Crops and livestock products,143,Morocco,5312,Area harvested,27,Rice,1978,1978,ha,9000,A,Official figure,
QCL,Crops and livestock products,143,Morocco,5419,Yield,27,Rice,1978,1978,100 g/ha,24444,A,Official figure,
QCL,Crops and livestock products,143,Morocco,5510,Production,27,Rice,1978,1978,t,22000,A,Official figure,
QCL,Crops and livestock products,143,Morocco,5312,Area harvested,27,Rice,1979,1979,ha,5900,A,Official figure,
QCL,Crops and livestock products,143,Morocco,5419,Yield,27,Rice,1979,1979,100 g/ha,32203,A,Official figure,
QCL,Crops and livestock products,143,Morocco,5510,Production,27,Rice,1979,1979,t,19000,A,Official figure,
QCL,Crops and livestock products,143,Morocco,5312,Area harvested,27,Rice,1980,1980,ha,5900,A,Official figure,
QCL,Crops and livestock products,143,Morocco,5419,Yield,27,Rice,1980,1980,100 g/ha,48712,A,Official figure,
QCL,Crops and livestock products,143,Morocco,5510,Production,27,Rice,1980,1980,t,28740,A,Official figure,
QCL,Crops and livestock products,143,Morocco,5312,Area harvested,27,Rice,1981,1981,ha,5200,A,Official figure,
QCL,Crops and livestock products,143,Morocco,5419,Yield,27,Rice,1981,1981,100 g/ha,37192,A,Official figure,
QCL,Crops and livestock products,143,Morocco,5510,Production,27,Rice,1981,1981,t,19340,A,Official figure,
QCL,Crops and livestock products,143,Morocco,5312,Area harvested,27,Rice,1982,1982,ha,1000,A,Official figure,
QCL,Crops and livestock products,143,Morocco,5419,Yield,27,Rice,1982,1982,100 g/ha,36400,A,Official figure,
QCL,Crops and livestock products,143,Morocco,5510,Production,27,Rice,1982,1982,t,3640,A,Official figure,
QCL,Crops and livestock products,143,Morocco,5312,Area harvested,27,Rice,1983,1983,ha,1700,A,Official figure,
QCL,Crops and livestock products,143,Morocco,5419,Yield,27,Rice,1983,1983,100 g/ha,23412,A,Official figure,
QCL,Crops and livestock products,143,Morocco,5510,Production,27,Rice,1983,1983,t,3980,A,Official figure,
QCL,Crops and livestock products,143,Morocco,5312,Area harvested,27,Rice,1984,1984,ha,1800,A,Official figure,
QCL,Crops and livestock products,143,Morocco,5419,Yield,27,Rice,1984,1984,100 g/ha,25222,A,Official figure,
QCL,Crops and livestock products,143,Morocco,5510,Production,27,Rice,1984,1984,t,4540,A,Official figure,
QCL,Crops and livestock products,143,Morocco,5312,Area harvested,27,Rice,1985,1985,ha,600,A,Official figure,
QCL,Crops and livestock products,143,Morocco,5419,Yield,27,Rice,1985,1985,100 g/ha,28833,A,Official figure,
QCL,Crops and livestock products,143,Morocco,5510,Production,27,Rice,1985,1985,t,1730,A,Official figure,
QCL,Crops and livestock products,143,Morocco,5312,Area harvested,27,Rice,1986,1986,ha,4500,A,Official figure,
QCL,Crops and livestock products,143,Morocco,5419,Yield,27,Rice,1986,1986,100 g/ha,45511,A,Official figure,
QCL,Crops and livestock products,143,Morocco,5510,Production,27,Rice,1986,1986,t,20480,A,Official figure,
QCL,Crops and livestock products,143,Morocco,5312,Area harvested,27,Rice,1987,1987,ha,8900,A,Official figure,
QCL,Crops and livestock products,143,Morocco,5419,Yield,27,Rice,1987,1987,100 g/ha,55000,A,Official figure,
QCL,Crops and livestock products,143,Morocco,5510,Production,27,Rice,1987,1987,t,48950,A,Official figure,
QCL,Crops and livestock products,143,Morocco,5312,Area harvested,27,Rice,1988,1988,ha,7500,A,Official figure,
QCL,Crops and livestock products,143,Morocco,5419,Yield,27,Rice,1988,1988,100 g/ha,44507,A,Official figure,
QCL,Crops and livestock products,143,Morocco,5510,Production,27,Rice,1988,1988,t,33380,A,Official figure,
QCL,Crops and livestock products,143,Morocco,5312,Area harvested,27,Rice,1989,1989,ha,700,A,Official figure,
QCL,Crops and livestock products,143,Morocco,5419,Yield,27,Rice,1989,1989,100 g/ha,63000,A,Official figure,
QCL,Crops and livestock products,143,Morocco,5510,Production,27,Rice,1989,1989,t,4410,A,Official figure,
QCL,Crops and livestock products,143,Morocco,5312,Area harvested,27,Rice,1990,1990,ha,800,A,Official figure,
QCL,Crops and livestock products,143,Morocco,5419,Yield,27,Rice,1990,1990,100 g/ha,41750,A,Official figure,
QCL,Crops and livestock products,143,Morocco,5510,Production,27,Rice,1990,1990,t,3340,A,Official figure,
QCL,Crops and livestock products,143,Morocco,5312,Area harvested,27,Rice,1991,1991,ha,6400,A,Official figure,
QCL,Crops and livestock products,143,Morocco,5419,Yield,27,Rice,1991,1991,100 g/ha,38406,A,Official figure,
QCL,Crops and livestock products,143,Morocco,5510,Production,27,Rice,1991,1991,t,24580,A,Official figure,
QCL,Crops and livestock products,143,Morocco,5312,Area harvested,27,Rice,1992,1992,ha,7200,A,Official figure,
QCL,Crops and livestock products,143,Morocco,5419,Yield,27,Rice,1992,1992,100 g/ha,30694,A,Official figure,
QCL,Crops and livestock products,143,Morocco,5510,Production,27,Rice,1992,1992,t,22100,A,Official figure,
QCL,Crops and livestock products,143,Morocco,5312,Area harvested,27,Rice,1993,1993,ha,10700,A,Official figure,
QCL,Crops and livestock products,143,Morocco,5419,Yield,27,Rice,1993,1993,100 g/ha,50000,A,Official figure,
QCL,Crops and livestock products,143,Morocco,5510,Production,27,Rice,1993,1993,t,53500,A,Official figure,
QCL,Crops and livestock products,143,Morocco,5312,Area harvested,27,Rice,1994,1994,ha,10700,A,Official figure,
QCL,Crops and livestock products,143,Morocco,5419,Yield,27,Rice,1994,1994,100 g/ha,65000,A,Official figure,
QCL,Crops and livestock products,143,Morocco,5510,Production,27,Rice,1994,1994,t,69550,A,Official figure,
QCL,Crops and livestock products,143,Morocco,5312,Area harvested,27,Rice,1995,1995,ha,700,A,Official figure,
QCL,Crops and livestock products,143,Morocco,5419,Yield,27,Rice,1995,1995,100 g/ha,49571,A,Official figure,
QCL,Crops and livestock products,143,Morocco,5510,Production,27,Rice,1995,1995,t,3470,A,Official figure,
QCL,Crops and livestock products,143,Morocco,5312,Area harvested,27,Rice,1996,1996,ha,9200,A,Official figure,
QCL,Crops and livestock products,143,Morocco,5419,Yield,27,Rice,1996,1996,100 g/ha,58000,A,Official figure,
QCL,Crops and livestock products,143,Morocco,5510,Production,27,Rice,1996,1996,t,53360,A,Official figure,
QCL,Crops and livestock products,143,Morocco,5312,Area harvested,27,Rice,1997,1997,ha,8600,A,Official figure,
QCL,Crops and livestock products,143,Morocco,5419,Yield,27,Rice,1997,1997,100 g/ha,37256,A,Official figure,
QCL,Crops and livestock products,143,Morocco,5510,Production,27,Rice,1997,1997,t,32040,A,Official figure,
QCL,Crops and livestock products,143,Morocco,5312,Area harvested,27,Rice,1998,1998,ha,3700,A,Official figure,
QCL,Crops and livestock products,143,Morocco,5419,Yield,27,Rice,1998,1998,100 g/ha,54108,A,Official figure,
QCL,Crops and livestock products,143,Morocco,5510,Production,27,Rice,1998,1998,t,20020,A,Official figure,
QCL,Crops and livestock products,143,Morocco,5312,Area harvested,27,Rice,1999,1999,ha,7700,A,Official figure,
QCL,Crops and livestock products,143,Morocco,5419,Yield,27,Rice,1999,1999,100 g/ha,45000,A,Official figure,
QCL,Crops and livestock products,143,Morocco,5510,Production,27,Rice,1999,1999,t,34650,A,Official figure,
QCL,Crops and livestock products,143,Morocco,5312,Area harvested,27,Rice,2000,2000,ha,5600,A,Official figure,
QCL,Crops and livestock products,143,Morocco,5419,Yield,27,Rice,2000,2000,100 g/ha,45000,A,Official figure,
QCL,Crops and livestock products,143,Morocco,5510,Production,27,Rice,2000,2000,t,25200,A,Official figure,
QCL,Crops and livestock products,143,Morocco,5312,Area harvested,27,Rice,2001,2001,ha,7500,A,Official figure,
QCL,Crops and livestock products,143,Morocco,5419,Yield,27,Rice,2001,2001,100 g/ha,52773,A,Official figure,
QCL,Crops and livestock products,143,Morocco,5510,Production,27,Rice,2001,2001,t,39580,A,Official figure,
QCL,Crops and livestock products,143,Morocco,5312,Area harvested,27,Rice,2002,2002,ha,6400,A,Official figure,
QCL,Crops and livestock products,143,Morocco,5419,Yield,27,Rice,2002,2002,100 g/ha,41453,A,Official figure,
QCL,Crops and livestock products,143,Morocco,5510,Production,27,Rice,2002,2002,t,26530,A,Official figure,
QCL,Crops and livestock products,143,Morocco,5312,Area harvested,27,Rice,2003,2003,ha,3400,A,Official figure,
QCL,Crops and livestock products,143,Morocco,5419,Yield,27,Rice,2003,2003,100 g/ha,49706,A,Official figure,
QCL,Crops and livestock products,143,Morocco,5510,Production,27,Rice,2003,2003,t,16900,A,Official figure,
QCL,Crops and livestock products,143,Morocco,5312,Area harvested,27,Rice,2004,2004,ha,4400,X,Figure from international organizations,Unofficial figure
QCL,Crops and livestock products,143,Morocco,5419,Yield,27,Rice,2004,2004,100 g/ha,67045,X,Figure from international organizations,
QCL,Crops and livestock products,143,Morocco,5510,Production,27,Rice,2004,2004,t,29500,X,Figure from international organizations,Unofficial figure
QCL,Crops and livestock products,143,Morocco,5312,Area harvested,27,Rice,2005,2005,ha,6300,A,Official figure,
QCL,Crops and livestock products,143,Morocco,5419,Yield,27,Rice,2005,2005,100 g/ha,68000,A,Official figure,
QCL,Crops and livestock products,143,Morocco,5510,Production,27,Rice,2005,2005,t,42840,A,Official figure,
QCL,Crops and livestock products,143,Morocco,5312,Area harvested,27,Rice,2006,2006,ha,5000,A,Official figure,
QCL,Crops and livestock products,143,Morocco,5419,Yield,27,Rice,2006,2006,100 g/ha,68000,A,Official figure,
QCL,Crops and livestock products,143,Morocco,5510,Production,27,Rice,2006,2006,t,34000,A,Official figure,
QCL,Crops and livestock products,143,Morocco,5312,Area harvested,27,Rice,2007,2007,ha,4500,A,Official figure,
QCL,Crops and livestock products,143,Morocco,5419,Yield,27,Rice,2007,2007,100 g/ha,73667,A,Official figure,
QCL,Crops and livestock products,143,Morocco,5510,Production,27,Rice,2007,2007,t,33150,A,Official figure,
QCL,Crops and livestock products,143,Morocco,5312,Area harvested,27,Rice,2008,2008,ha,6400,A,Official figure,
QCL,Crops and livestock products,143,Morocco,5419,Yield,27,Rice,2008,2008,100 g/ha,69563,A,Official figure,
QCL,Crops and livestock products,143,Morocco,5510,Production,27,Rice,2008,2008,t,44520,A,Official figure,
QCL,Crops and livestock products,143,Morocco,5312,Area harvested,27,Rice,2009,2009,ha,7800,A,Official figure,
QCL,Crops and livestock products,143,Morocco,5419,Yield,27,Rice,2009,2009,100 g/ha,64154,A,Official figure,
QCL,Crops and livestock products,143,Morocco,5510,Production,27,Rice,2009,2009,t,50040,A,Official figure,
QCL,Crops and livestock products,143,Morocco,5312,Area harvested,27,Rice,2010,2010,ha,7400,A,Official figure,
QCL,Crops and livestock products,143,Morocco,5419,Yield,27,Rice,2010,2010,100 g/ha,68270,A,Official figure,
QCL,Crops and livestock products,143,Morocco,5510,Production,27,Rice,2010,2010,t,50520,A,Official figure,
QCL,Crops and livestock products,143,Morocco,5312,Area harvested,27,Rice,2011,2011,ha,2540,A,Official figure,
QCL,Crops and livestock products,143,Morocco,5419,Yield,27,Rice,2011,2011,100 g/ha,70236,A,Official figure,
QCL,Crops and livestock products,143,Morocco,5510,Production,27,Rice,2011,2011,t,17840,A,Official figure,
QCL,Crops and livestock products,143,Morocco,5312,Area harvested,27,Rice,2012,2012,ha,9150,A,Official figure,
QCL,Crops and livestock products,143,Morocco,5419,Yield,27,Rice,2012,2012,100 g/ha,76015,A,Official figure,
QCL,Crops and livestock products,143,Morocco,5510,Production,27,Rice,2012,2012,t,69554,A,Official figure,
QCL,Crops and livestock products,143,Morocco,5312,Area harvested,27,Rice,2013,2013,ha,5000,A,Official figure,
QCL,Crops and livestock products,143,Morocco,5419,Yield,27,Rice,2013,2013,100 g/ha,75433,A,Official figure,
QCL,Crops and livestock products,143,Morocco,5510,Production,27,Rice,2013,2013,t,37716.3,A,Official figure,
QCL,Crops and livestock products,143,Morocco,5312,Area harvested,27,Rice,2014,2014,ha,4407,A,Official figure,
QCL,Crops and livestock products,143,Morocco,5419,Yield,27,Rice,2014,2014,100 g/ha,75000,A,Official figure,
QCL,Crops and livestock products,143,Morocco,5510,Production,27,Rice,2014,2014,t,33051.3,A,Official figure,
QCL,Crops and livestock products,143,Morocco,5312,Area harvested,27,Rice,2015,2015,ha,8310,A,Official figure,
QCL,Crops and livestock products,143,Morocco,5419,Yield,27,Rice,2015,2015,100 g/ha,76173,A,Official figure,
QCL,Crops and livestock products,143,Morocco,5510,Production,27,Rice,2015,2015,t,63297.5,A,Official figure,
QCL,Crops and livestock products,143,Morocco,5312,Area harvested,27,Rice,2016,2016,ha,7527,A,Official figure,
QCL,Crops and livestock products,143,Morocco,5419,Yield,27,Rice,2016,2016,100 g/ha,70881,A,Official figure,
QCL,Crops and livestock products,143,Morocco,5510,Production,27,Rice,2016,2016,t,53353.8,A,Official figure,
QCL,Crops and livestock products,143,Morocco,5312,Area harvested,27,Rice,2017,2017,ha,8013,A,Official figure,
QCL,Crops and livestock products,143,Morocco,5419,Yield,27,Rice,2017,2017,100 g/ha,72005,A,Official figure,
QCL,Crops and livestock products,143,Morocco,5510,Production,27,Rice,2017,2017,t,57697.5,A,Official figure,
QCL,Crops and livestock products,143,Morocco,5312,Area harvested,27,Rice,2018,2018,ha,8091,A,Official figure,
QCL,Crops and livestock products,143,Morocco,5419,Yield,27,Rice,2018,2018,100 g/ha,77910,A,Official figure,
QCL,Crops and livestock products,143,Morocco,5510,Production,27,Rice,2018,2018,t,63037.1,A,Official figure,
QCL,Crops and livestock products,143,Morocco,5312,Area harvested,27,Rice,2019,2019,ha,7973,A,Official figure,
QCL,Crops and livestock products,143,Morocco,5419,Yield,27,Rice,2019,2019,100 g/ha,81021,A,Official figure,
QCL,Crops and livestock products,143,Morocco,5510,Production,27,Rice,2019,2019,t,64598.1,A,Official figure,
QCL,Crops and livestock products,143,Morocco,5312,Area harvested,27,Rice,2020,2020,ha,5788,A,Official figure,
QCL,Crops and livestock products,143,Morocco,5419,Yield,27,Rice,2020,2020,100 g/ha,113511,A,Official figure,
QCL,Crops and livestock products,143,Morocco,5510,Production,27,Rice,2020,2020,t,65700,A,Official figure,
QCL,Crops and livestock products,143,Morocco,5312,Area harvested,27,Rice,2021,2021,ha,7555,A,Official figure,
QCL,Crops and livestock products,143,Morocco,5419,Yield,27,Rice,2021,2021,100 g/ha,67374,A,Official figure,
QCL,Crops and livestock products,143,Morocco,5510,Production,27,Rice,2021,2021,t,50900.7,A,Official figure,
QCL,Crops and livestock products,143,Morocco,5312,Area harvested,27,Rice,2022,2022,ha,6320,A,Official figure,
QCL,Crops and livestock products,143,Morocco,5419,Yield,27,Rice,2022,2022,100 g/ha,77706,A,Official figure,
QCL,Crops and livestock products,143,Morocco,5510,Production,27,Rice,2022,2022,t,49110,A,Official figure,
QCL,Crops and livestock products,143,Morocco,5312,Area harvested,71,Rye,1961,1961,ha,2797,A,Official figure,
QCL,Crops and livestock products,143,Morocco,5419,Yield,71,Rye,1961,1961,100 g/ha,5005,A,Official figure,
QCL,Crops and livestock products,143,Morocco,5510,Production,71,Rye,1961,1961,t,1400,A,Official figure,
QCL,Crops and livestock products,143,Morocco,5312,Area harvested,71,Rye,1962,1962,ha,3970,A,Official figure,
QCL,Crops and livestock products,143,Morocco,5419,Yield,71,Rye,1962,1962,100 g/ha,5290,A,Official figure,
QCL,Crops and livestock products,143,Morocco,5510,Production,71,Rye,1962,1962,t,2100,A,Official figure,
QCL,Crops and livestock products,143,Morocco,5312,Area harvested,71,Rye,1963,1963,ha,4000,A,Official figure,
QCL,Crops and livestock products,143,Morocco,5419,Yield,71,Rye,1963,1963,100 g/ha,4500,A,Official figure,
QCL,Crops and livestock products,143,Morocco,5510,Production,71,Rye,1963,1963,t,1800,A,Official figure,
QCL,Crops and livestock products,143,Morocco,5312,Area harvested,71,Rye,1964,1964,ha,3000,A,Official figure,
QCL,Crops and livestock products,143,Morocco,5419,Yield,71,Rye,1964,1964,100 g/ha,3667,A,Official figure,
QCL,Crops and livestock products,143,Morocco,5510,Production,71,Rye,1964,1964,t,1100,A,Official figure,
QCL,Crops and livestock products,143,Morocco,5312,Area harvested,71,Rye,1965,1965,ha,10660,A,Official figure,
QCL,Crops and livestock products,143,Morocco,5419,Yield,71,Rye,1965,1965,100 g/ha,4597,A,Official figure,
QCL,Crops and livestock products,143,Morocco,5510,Production,71,Rye,1965,1965,t,4900,A,Official figure,
QCL,Crops and livestock products,143,Morocco,5312,Area harvested,71,Rye,1966,1966,ha,1900,A,Official figure,
QCL,Crops and livestock products,143,Morocco,5419,Yield,71,Rye,1966,1966,100 g/ha,3684,A,Official figure,
QCL,Crops and livestock products,143,Morocco,5510,Production,71,Rye,1966,1966,t,700,A,Official figure,
QCL,Crops and livestock products,143,Morocco,5312,Area harvested,71,Rye,1967,1967,ha,3060,A,Official figure,
QCL,Crops and livestock products,143,Morocco,5419,Yield,71,Rye,1967,1967,100 g/ha,5229,A,Official figure,
QCL,Crops and livestock products,143,Morocco,5510,Production,71,Rye,1967,1967,t,1600,A,Official figure,
QCL,Crops and livestock products,143,Morocco,5312,Area harvested,71,Rye,1968,1968,ha,3000,A,Official figure,
QCL,Crops and livestock products,143,Morocco,5419,Yield,71,Rye,1968,1968,100 g/ha,7000,A,Official figure,
QCL,Crops and livestock products,143,Morocco,5510,Production,71,Rye,1968,1968,t,2100,A,Official figure,
QCL,Crops and livestock products,143,Morocco,5312,Area harvested,71,Rye,1969,1969,ha,1500,A,Official figure,
QCL,Crops and livestock products,143,Morocco,5419,Yield,71,Rye,1969,1969,100 g/ha,5333,A,Official figure,
QCL,Crops and livestock products,143,Morocco,5510,Production,71,Rye,1969,1969,t,800,A,Official figure,
QCL,Crops and livestock products,143,Morocco,5312,Area harvested,71,Rye,1970,1970,ha,9200,A,Official figure,
QCL,Crops and livestock products,143,Morocco,5419,Yield,71,Rye,1970,1970,100 g/ha,8870,A,Official figure,
QCL,Crops and livestock products,143,Morocco,5510,Production,71,Rye,1970,1970,t,8160,A,Official figure,
QCL,Crops and livestock products,143,Morocco,5312,Area harvested,71,Rye,1971,1971,ha,1900,A,Official figure,
QCL,Crops and livestock products,143,Morocco,5419,Yield,71,Rye,1971,1971,100 g/ha,5895,A,Official figure,
QCL,Crops and livestock products,143,Morocco,5510,Production,71,Rye,1971,1971,t,1120,A,Official figure,
QCL,Crops and livestock products,143,Morocco,5312,Area harvested,71,Rye,1972,1972,ha,2700,A,Official figure,
QCL,Crops and livestock products,143,Morocco,5419,Yield,71,Rye,1972,1972,100 g/ha,18519,E,Estimated value,
QCL,Crops and livestock products,143,Morocco,5510,Production,71,Rye,1972,1972,t,5000,X,Figure from international organizations,Unofficial figure
QCL,Crops and livestock products,143,Morocco,5312,Area harvested,71,Rye,1973,1973,ha,5000,E,Estimated value,
QCL,Crops and livestock products,143,Morocco,5419,Yield,71,Rye,1973,1973,100 g/ha,18640,E,Estimated value,
QCL,Crops and livestock products,143,Morocco,5510,Production,71,Rye,1973,1973,t,9320,X,Figure from international organizations,Unofficial figure
QCL,Crops and livestock products,143,Morocco,5312,Area harvested,71,Rye,1974,1974,ha,2200,A,Official figure,
QCL,Crops and livestock products,143,Morocco,5419,Yield,71,Rye,1974,1974,100 g/ha,17500,E,Estimated value,
QCL,Crops and livestock products,143,Morocco,5510,Production,71,Rye,1974,1974,t,3850,X,Figure from international organizations,Unofficial figure
QCL,Crops and livestock products,143,Morocco,5312,Area harvested,71,Rye,1975,1975,ha,2500,E,Estimated value,
QCL,Crops and livestock products,143,Morocco,5419,Yield,71,Rye,1975,1975,100 g/ha,15920,E,Estimated value,
QCL,Crops and livestock products,143,Morocco,5510,Production,71,Rye,1975,1975,t,3980,X,Figure from international organizations,Unofficial figure
QCL,Crops and livestock products,143,Morocco,5312,Area harvested,71,Rye,1976,1976,ha,4500,E,Estimated value,
QCL,Crops and livestock products,143,Morocco,5419,Yield,71,Rye,1976,1976,100 g/ha,11844,E,Estimated value,
QCL,Crops and livestock products,143,Morocco,5510,Production,71,Rye,1976,1976,t,5330,X,Figure from international organizations,Unofficial figure
QCL,Crops and livestock products,143,Morocco,5312,Area harvested,71,Rye,1977,1977,ha,1700,E,Estimated value,
QCL,Crops and livestock products,143,Morocco,5419,Yield,71,Rye,1977,1977,100 g/ha,11176,E,Estimated value,
QCL,Crops and livestock products,143,Morocco,5510,Production,71,Rye,1977,1977,t,1900,X,Figure from international organizations,Unofficial figure
QCL,Crops and livestock products,143,Morocco,5312,Area harvested,71,Rye,1978,1978,ha,7000,E,Estimated value,
QCL,Crops and livestock products,143,Morocco,5419,Yield,71,Rye,1978,1978,100 g/ha,11243,E,Estimated value,
QCL,Crops and livestock products,143,Morocco,5510,Production,71,Rye,1978,1978,t,7870,X,Figure from international organizations,Unofficial figure
QCL,Crops and livestock products,143,Morocco,5312,Area harvested,71,Rye,1979,1979,ha,5300,E,Estimated value,
QCL,Crops and livestock products,143,Morocco,5419,Yield,71,Rye,1979,1979,100 g/ha,10943,E,Estimated value,
QCL,Crops and livestock products,143,Morocco,5510,Production,71,Rye,1979,1979,t,5800,X,Figure from international organizations,Unofficial figure
QCL,Crops and livestock products,143,Morocco,5312,Area harvested,71,Rye,1980,1980,ha,5350,E,Estimated value,
QCL,Crops and livestock products,143,Morocco,5419,Yield,71,Rye,1980,1980,100 g/ha,11028,E,Estimated value,
QCL,Crops and livestock products,143,Morocco,5510,Production,71,Rye,1980,1980,t,5900,X,Figure from international organizations,Unofficial figure
QCL,Crops and livestock products,143,Morocco,5312,Area harvested,71,Rye,1981,1981,ha,4000,E,Estimated value,
QCL,Crops and livestock products,143,Morocco,5419,Yield,71,Rye,1981,1981,100 g/ha,10150,E,Estimated value,
QCL,Crops and livestock products,143,Morocco,5510,Production,71,Rye,1981,1981,t,4060,X,Figure from international organizations,Unofficial figure
QCL,Crops and livestock products,143,Morocco,5312,Area harvested,71,Rye,1982,1982,ha,3000,E,Estimated value,
QCL,Crops and livestock products,143,Morocco,5419,Yield,71,Rye,1982,1982,100 g/ha,10497,E,Estimated value,
QCL,Crops and livestock products,143,Morocco,5510,Production,71,Rye,1982,1982,t,3149,X,Figure from international organizations,Unofficial figure
QCL,Crops and livestock products,143,Morocco,5312,Area harvested,71,Rye,1983,1983,ha,3600,E,Estimated value,
QCL,Crops and livestock products,143,Morocco,5419,Yield,71,Rye,1983,1983,100 g/ha,10556,E,Estimated value,
QCL,Crops and livestock products,143,Morocco,5510,Production,71,Rye,1983,1983,t,3800,X,Figure from international organizations,Unofficial figure
QCL,Crops and livestock products,143,Morocco,5312,Area harvested,71,Rye,1984,1984,ha,1500,E,Estimated value,
QCL,Crops and livestock products,143,Morocco,5419,Yield,71,Rye,1984,1984,100 g/ha,10133,E,Estimated value,
QCL,Crops and livestock products,143,Morocco,5510,Production,71,Rye,1984,1984,t,1520,X,Figure from international organizations,Unofficial figure
QCL,Crops and livestock products,143,Morocco,5312,Area harvested,71,Rye,1985,1985,ha,1500,E,Estimated value,
QCL,Crops and livestock products,143,Morocco,5419,Yield,71,Rye,1985,1985,100 g/ha,10133,E,Estimated value,
QCL,Crops and livestock products,143,Morocco,5510,Production,71,Rye,1985,1985,t,1520,X,Figure from international organizations,Unofficial figure
QCL,Crops and livestock products,143,Morocco,5312,Area harvested,71,Rye,1986,1986,ha,1950,E,Estimated value,
QCL,Crops and livestock products,143,Morocco,5419,Yield,71,Rye,1986,1986,100 g/ha,10256,E,Estimated value,
QCL,Crops and livestock products,143,Morocco,5510,Production,71,Rye,1986,1986,t,2000,E,Estimated value,
QCL,Crops and livestock products,143,Morocco,5312,Area harvested,71,Rye,1987,1987,ha,2000,E,Estimated value,
QCL,Crops and livestock products,143,Morocco,5419,Yield,71,Rye,1987,1987,100 g/ha,10000,E,Estimated value,
QCL,Crops and livestock products,143,Morocco,5510,Production,71,Rye,1987,1987,t,2000,E,Estimated value,
QCL,Crops and livestock products,143,Morocco,5312,Area harvested,71,Rye,1988,1988,ha,2000,E,Estimated value,
QCL,Crops and livestock products,143,Morocco,5419,Yield,71,Rye,1988,1988,100 g/ha,10000,E,Estimated value,
QCL,Crops and livestock products,143,Morocco,5510,Production,71,Rye,1988,1988,t,2000,E,Estimated value,
QCL,Crops and livestock products,143,Morocco,5312,Area harvested,71,Rye,1989,1989,ha,2100,E,Estimated value,
QCL,Crops and livestock products,143,Morocco,5419,Yield,71,Rye,1989,1989,100 g/ha,10000,E,Estimated value,
QCL,Crops and livestock products,143,Morocco,5510,Production,71,Rye,1989,1989,t,2100,E,Estimated value,
QCL,Crops and livestock products,143,Morocco,5312,Area harvested,71,Rye,1990,1990,ha,2128,E,Estimated value,
QCL,Crops and livestock products,143,Morocco,5419,Yield,71,Rye,1990,1990,100 g/ha,8336,E,Estimated value,
QCL,Crops and livestock products,143,Morocco,5510,Production,71,Rye,1990,1990,t,1774,E,Estimated value,
QCL,Crops and livestock products,143,Morocco,5312,Area harvested,71,Rye,1991,1991,ha,2200,E,Estimated value,
QCL,Crops and livestock products,143,Morocco,5419,Yield,71,Rye,1991,1991,100 g/ha,10000,E,Estimated value,
QCL,Crops and livestock products,143,Morocco,5510,Production,71,Rye,1991,1991,t,2200,E,Estimated value,
QCL,Crops and livestock products,143,Morocco,5312,Area harvested,71,Rye,1992,1992,ha,2300,E,Estimated value,
QCL,Crops and livestock products,143,Morocco,5419,Yield,71,Rye,1992,1992,100 g/ha,10000,E,Estimated value,
QCL,Crops and livestock products,143,Morocco,5510,Production,71,Rye,1992,1992,t,2300,E,Estimated value,
QCL,Crops and livestock products,143,Morocco,5312,Area harvested,71,Rye,1993,1993,ha,2363,I,Imputed value,
QCL,Crops and livestock products,143,Morocco,5419,Yield,71,Rye,1993,1993,100 g/ha,9919,E,Estimated value,
QCL,Crops and livestock products,143,Morocco,5510,Production,71,Rye,1993,1993,t,2344.04,I,Imputed value,
QCL,Crops and livestock products,143,Morocco,5312,Area harvested,71,Rye,1994,1994,ha,2400,X,Figure from international organizations,Unofficial figure
QCL,Crops and livestock products,143,Morocco,5419,Yield,71,Rye,1994,1994,100 g/ha,10000,X,Figure from international organizations,
QCL,Crops and livestock products,143,Morocco,5510,Production,71,Rye,1994,1994,t,2400,X,Figure from international organizations,Unofficial figure
QCL,Crops and livestock products,143,Morocco,5312,Area harvested,71,Rye,1995,1995,ha,2400,X,Figure from international organizations,Unofficial figure
QCL,Crops and livestock products,143,Morocco,5419,Yield,71,Rye,1995,1995,100 g/ha,10000,X,Figure from international organizations,
QCL,Crops and livestock products,143,Morocco,5510,Production,71,Rye,1995,1995,t,2400,X,Figure from international organizations,Unofficial figure
QCL,Crops and livestock products,143,Morocco,5312,Area harvested,71,Rye,1996,1996,ha,2448,I,Imputed value,
QCL,Crops and livestock products,143,Morocco,5419,Yield,71,Rye,1996,1996,100 g/ha,9685,E,Estimated value,
QCL,Crops and livestock products,143,Morocco,5510,Production,71,Rye,1996,1996,t,2370.43,I,Imputed value,
QCL,Crops and livestock products,143,Morocco,5312,Area harvested,71,Rye,1997,1997,ha,2493,I,Imputed value,
QCL,Crops and livestock products,143,Morocco,5419,Yield,71,Rye,1997,1997,100 g/ha,9507,E,Estimated value,
QCL,Crops and livestock products,143,Morocco,5510,Production,71,Rye,1997,1997,t,2370.34,I,Imputed value,
QCL,Crops and livestock products,143,Morocco,5312,Area harvested,71,Rye,1998,1998,ha,2550,I,Imputed value,
QCL,Crops and livestock products,143,Morocco,5419,Yield,71,Rye,1998,1998,100 g/ha,9300,E,Estimated value,
QCL,Crops and livestock products,143,Morocco,5510,Production,71,Rye,1998,1998,t,2371.24,I,Imputed value,
QCL,Crops and livestock products,143,Morocco,5312,Area harvested,71,Rye,1999,1999,ha,2614,I,Imputed value,
QCL,Crops and livestock products,143,Morocco,5419,Yield,71,Rye,1999,1999,100 g/ha,9075,E,Estimated value,
QCL,Crops and livestock products,143,Morocco,5510,Production,71,Rye,1999,1999,t,2372.32,I,Imputed value,
QCL,Crops and livestock products,143,Morocco,5312,Area harvested,71,Rye,2000,2000,ha,2662,I,Imputed value,
QCL,Crops and livestock products,143,Morocco,5419,Yield,71,Rye,2000,2000,100 g/ha,8843,E,Estimated value,
QCL,Crops and livestock products,143,Morocco,5510,Production,71,Rye,2000,2000,t,2353.9,I,Imputed value,
QCL,Crops and livestock products,143,Morocco,5312,Area harvested,71,Rye,2001,2001,ha,2754,I,Imputed value,
QCL,Crops and livestock products,143,Morocco,5419,Yield,71,Rye,2001,2001,100 g/ha,8531,E,Estimated value,
QCL,Crops and livestock products,143,Morocco,5510,Production,71,Rye,2001,2001,t,2349.74,I,Imputed value,
QCL,Crops and livestock products,143,Morocco,5312,Area harvested,71,Rye,2002,2002,ha,2832,I,Imputed value,
QCL,Crops and livestock products,143,Morocco,5419,Yield,71,Rye,2002,2002,100 g/ha,8313,E,Estimated value,
QCL,Crops and livestock products,143,Morocco,5510,Production,71,Rye,2002,2002,t,2354.63,I,Imputed value,
QCL,Crops and livestock products,143,Morocco,5312,Area harvested,71,Rye,2003,2003,ha,2981,I,Imputed value,
QCL,Crops and livestock products,143,Morocco,5419,Yield,71,Rye,2003,2003,100 g/ha,7636,E,Estimated value,
QCL,Crops and livestock products,143,Morocco,5510,Production,71,Rye,2003,2003,t,2276.38,I,Imputed value,
QCL,Crops and livestock products,143,Morocco,5312,Area harvested,71,Rye,2004,2004,ha,3006,I,Imputed value,
QCL,Crops and livestock products,143,Morocco,5419,Yield,71,Rye,2004,2004,100 g/ha,7562,E,Estimated value,
QCL,Crops and livestock products,143,Morocco,5510,Production,71,Rye,2004,2004,t,2272.85,I,Imputed value,
QCL,Crops and livestock products,143,Morocco,5312,Area harvested,71,Rye,2005,2005,ha,3012,I,Imputed value,
QCL,Crops and livestock products,143,Morocco,5419,Yield,71,Rye,2005,2005,100 g/ha,7520,E,Estimated value,
QCL,Crops and livestock products,143,Morocco,5510,Production,71,Rye,2005,2005,t,2265.06,I,Imputed value,
QCL,Crops and livestock products,143,Morocco,5312,Area harvested,71,Rye,2006,2006,ha,2989,I,Imputed value,
QCL,Crops and livestock products,143,Morocco,5419,Yield,71,Rye,2006,2006,100 g/ha,7536,E,Estimated value,
QCL,Crops and livestock products,143,Morocco,5510,Production,71,Rye,2006,2006,t,2252.81,I,Imputed value,
QCL,Crops and livestock products,143,Morocco,5312,Area harvested,71,Rye,2007,2007,ha,2700,E,Estimated value,
QCL,Crops and livestock products,143,Morocco,5419,Yield,71,Rye,2007,2007,100 g/ha,7620,E,Estimated value,
QCL,Crops and livestock products,143,Morocco,5510,Production,71,Rye,2007,2007,t,2057.27,I,Imputed value,
QCL,Crops and livestock products,143,Morocco,5312,Area harvested,71,Rye,2008,2008,ha,2800,E,Estimated value,
QCL,Crops and livestock products,143,Morocco,5419,Yield,71,Rye,2008,2008,100 g/ha,7143,E,Estimated value,
QCL,Crops and livestock products,143,Morocco,5510,Production,71,Rye,2008,2008,t,2000,E,Estimated value,
QCL,Crops and livestock products,143,Morocco,5312,Area harvested,71,Rye,2009,2009,ha,3000,E,Estimated value,
QCL,Crops and livestock products,143,Morocco,5419,Yield,71,Rye,2009,2009,100 g/ha,9000,E,Estimated value,
QCL,Crops and livestock products,143,Morocco,5510,Production,71,Rye,2009,2009,t,2700,E,Estimated value,
QCL,Crops and livestock products,143,Morocco,5312,Area harvested,71,Rye,2010,2010,ha,3500,E,Estimated value,
QCL,Crops and livestock products,143,Morocco,5419,Yield,71,Rye,2010,2010,100 g/ha,8571,E,Estimated value,
QCL,Crops and livestock products,143,Morocco,5510,Production,71,Rye,2010,2010,t,3000,E,Estimated value,
QCL,Crops and livestock products,143,Morocco,5312,Area harvested,71,Rye,2011,2011,ha,3600,E,Estimated value,
QCL,Crops and livestock products,143,Morocco,5419,Yield,71,Rye,2011,2011,100 g/ha,6389,E,Estimated value,
QCL,Crops and livestock products,143,Morocco,5510,Production,71,Rye,2011,2011,t,2300,E,Estimated value,
QCL,Crops and livestock products,143,Morocco,5312,Area harvested,71,Rye,2012,2012,ha,3700,E,Estimated value,
QCL,Crops and livestock products,143,Morocco,5419,Yield,71,Rye,2012,2012,100 g/ha,6486,E,Estimated value,
QCL,Crops and livestock products,143,Morocco,5510,Production,71,Rye,2012,2012,t,2400,E,Estimated value,
QCL,Crops and livestock products,143,Morocco,5312,Area harvested,71,Rye,2013,2013,ha,3750,E,Estimated value,
QCL,Crops and livestock products,143,Morocco,5419,Yield,71,Rye,2013,2013,100 g/ha,6667,E,Estimated value,
QCL,Crops and livestock products,143,Morocco,5510,Production,71,Rye,2013,2013,t,2500,E,Estimated value,
QCL,Crops and livestock products,143,Morocco,5312,Area harvested,71,Rye,2014,2014,ha,3651,I,Imputed value,
QCL,Crops and livestock products,143,Morocco,5419,Yield,71,Rye,2014,2014,100 g/ha,6702,E,Estimated value,
QCL,Crops and livestock products,143,Morocco,5510,Production,71,Rye,2014,2014,t,2447.21,I,Imputed value,
QCL,Crops and livestock products,143,Morocco,5312,Area harvested,71,Rye,2015,2015,ha,3524,I,Imputed value,
QCL,Crops and livestock products,143,Morocco,5419,Yield,71,Rye,2015,2015,100 g/ha,6738,E,Estimated value,
QCL,Crops and livestock products,143,Morocco,5510,Production,71,Rye,2015,2015,t,2374.31,I,Imputed value,
QCL,Crops and livestock products,143,Morocco,5312,Area harvested,71,Rye,2016,2016,ha,3598,I,Imputed value,
QCL,Crops and livestock products,143,Morocco,5419,Yield,71,Rye,2016,2016,100 g/ha,6523,E,Estimated value,
QCL,Crops and livestock products,143,Morocco,5510,Production,71,Rye,2016,2016,t,2347.29,I,Imputed value,
QCL,Crops and livestock products,143,Morocco,5312,Area harvested,71,Rye,2017,2017,ha,3751,I,Imputed value,
QCL,Crops and livestock products,143,Morocco,5419,Yield,71,Rye,2017,2017,100 g/ha,6259,E,Estimated value,
QCL,Crops and livestock products,143,Morocco,5510,Production,71,Rye,2017,2017,t,2347.69,I,Imputed value,
QCL,Crops and livestock products,143,Morocco,5312,Area harvested,71,Rye,2018,2018,ha,3624,E,Estimated value,
QCL,Crops and livestock products,143,Morocco,5419,Yield,71,Rye,2018,2018,100 g/ha,6489,E,Estimated value,
QCL,Crops and livestock products,143,Morocco,5510,Production,71,Rye,2018,2018,t,2351.83,I,Imputed value,
QCL,Crops and livestock products,143,Morocco,5312,Area harvested,71,Rye,2019,2019,ha,3658,E,Estimated value,
QCL,Crops and livestock products,143,Morocco,5419,Yield,71,Rye,2019,2019,100 g/ha,6384,E,Estimated value,
QCL,Crops and livestock products,143,Morocco,5510,Production,71,Rye,2019,2019,t,2335.34,I,Imputed value,
QCL,Crops and livestock products,143,Morocco,5312,Area harvested,71,Rye,2020,2020,ha,3678,E,Estimated value,
QCL,Crops and livestock products,143,Morocco,5419,Yield,71,Rye,2020,2020,100 g/ha,6263,E,Estimated value,
QCL,Crops and livestock products,143,Morocco,5510,Production,71,Rye,2020,2020,t,2303.43,I,Imputed value,
QCL,Crops and livestock products,143,Morocco,5312,Area harvested,71,Rye,2021,2021,ha,3653,E,Estimated value,
QCL,Crops and livestock products,143,Morocco,5419,Yield,71,Rye,2021,2021,100 g/ha,6273,E,Estimated value,
QCL,Crops and livestock products,143,Morocco,5510,Production,71,Rye,2021,2021,t,2291.57,I,Imputed value,
QCL,Crops and livestock products,143,Morocco,5312,Area harvested,71,Rye,2022,2022,ha,3663,E,Estimated value,
QCL,Crops and livestock products,143,Morocco,5419,Yield,71,Rye,2022,2022,100 g/ha,6224,E,Estimated value,
QCL,Crops and livestock products,143,Morocco,5510,Production,71,Rye,2022,2022,t,2279.71,I,Imputed value,
QCL,Crops and livestock products,143,Morocco,5312,Area harvested,280,Safflower seed,1961,1961,ha,3000,E,Estimated value,
QCL,Crops and livestock products,143,Morocco,5419,Yield,280,Safflower seed,1961,1961,100 g/ha,10000,E,Estimated value,
QCL,Crops and livestock products,143,Morocco,5510,Production,280,Safflower seed,1961,1961,t,3000,E,Estimated value,
QCL,Crops and livestock products,143,Morocco,5312,Area harvested,280,Safflower seed,1962,1962,ha,2800,E,Estimated value,
QCL,Crops and livestock products,143,Morocco,5419,Yield,280,Safflower seed,1962,1962,100 g/ha,10714,E,Estimated value,
QCL,Crops and livestock products,143,Morocco,5510,Production,280,Safflower seed,1962,1962,t,3000,E,Estimated value,
QCL,Crops and livestock products,143,Morocco,5312,Area harvested,280,Safflower seed,1963,1963,ha,2600,E,Estimated value,
QCL,Crops and livestock products,143,Morocco,5419,Yield,280,Safflower seed,1963,1963,100 g/ha,10769,E,Estimated value,
QCL,Crops and livestock products,143,Morocco,5510,Production,280,Safflower seed,1963,1963,t,2800,E,Estimated value,
QCL,Crops and livestock products,143,Morocco,5312,Area harvested,280,Safflower seed,1964,1964,ha,2400,E,Estimated value,
QCL,Crops and livestock products,143,Morocco,5419,Yield,280,Safflower seed,1964,1964,100 g/ha,10417,E,Estimated value,
QCL,Crops and livestock products,143,Morocco,5510,Production,280,Safflower seed,1964,1964,t,2500,E,Estimated value,
QCL,Crops and livestock products,143,Morocco,5312,Area harvested,280,Safflower seed,1965,1965,ha,2200,E,Estimated value,
QCL,Crops and livestock products,143,Morocco,5419,Yield,280,Safflower seed,1965,1965,100 g/ha,9545,E,Estimated value,
QCL,Crops and livestock products,143,Morocco,5510,Production,280,Safflower seed,1965,1965,t,2100,E,Estimated value,
QCL,Crops and livestock products,143,Morocco,5312,Area harvested,280,Safflower seed,1966,1966,ha,2100,E,Estimated value,
QCL,Crops and livestock products,143,Morocco,5419,Yield,280,Safflower seed,1966,1966,100 g/ha,9524,E,Estimated value,
QCL,Crops and livestock products,143,Morocco,5510,Production,280,Safflower seed,1966,1966,t,2000,E,Estimated value,
QCL,Crops and livestock products,143,Morocco,5312,Area harvested,280,Safflower seed,1967,1967,ha,1500,E,Estimated value,
QCL,Crops and livestock products,143,Morocco,5419,Yield,280,Safflower seed,1967,1967,100 g/ha,10667,E,Estimated value,
QCL,Crops and livestock products,143,Morocco,5510,Production,280,Safflower seed,1967,1967,t,1600,E,Estimated value,
QCL,Crops and livestock products,143,Morocco,5312,Area harvested,280,Safflower seed,1968,1968,ha,1600,E,Estimated value,
QCL,Crops and livestock products,143,Morocco,5419,Yield,280,Safflower seed,1968,1968,100 g/ha,9375,E,Estimated value,
QCL,Crops and livestock products,143,Morocco,5510,Production,280,Safflower seed,1968,1968,t,1500,E,Estimated value,
QCL,Crops and livestock products,143,Morocco,5312,Area harvested,280,Safflower seed,1969,1969,ha,1200,A,Official figure,
QCL,Crops and livestock products,143,Morocco,5419,Yield,280,Safflower seed,1969,1969,100 g/ha,8500,A,Official figure,
QCL,Crops and livestock products,143,Morocco,5510,Production,280,Safflower seed,1969,1969,t,1020,A,Official figure,
QCL,Crops and livestock products,143,Morocco,5312,Area harvested,280,Safflower seed,1970,1970,ha,800,A,Official figure,
QCL,Crops and livestock products,143,Morocco,5419,Yield,280,Safflower seed,1970,1970,100 g/ha,7750,A,Official figure,
QCL,Crops and livestock products,143,Morocco,5510,Production,280,Safflower seed,1970,1970,t,620,A,Official figure,
QCL,Crops and livestock products,143,Morocco,5312,Area harvested,280,Safflower seed,1971,1971,ha,800,A,Official figure,
QCL,Crops and livestock products,143,Morocco,5419,Yield,280,Safflower seed,1971,1971,100 g/ha,8125,A,Official figure,
QCL,Crops and livestock products,143,Morocco,5510,Production,280,Safflower seed,1971,1971,t,650,A,Official figure,
QCL,Crops and livestock products,143,Morocco,5312,Area harvested,280,Safflower seed,1972,1972,ha,500,A,Official figure,
QCL,Crops and livestock products,143,Morocco,5419,Yield,280,Safflower seed,1972,1972,100 g/ha,8400,A,Official figure,
QCL,Crops and livestock products,143,Morocco,5510,Production,280,Safflower seed,1972,1972,t,420,A,Official figure,
QCL,Crops and livestock products,143,Morocco,5312,Area harvested,280,Safflower seed,1973,1973,ha,100,A,Official figure,
QCL,Crops and livestock products,143,Morocco,5419,Yield,280,Safflower seed,1973,1973,100 g/ha,10000,A,Official figure,
QCL,Crops and livestock products,143,Morocco,5510,Production,280,Safflower seed,1973,1973,t,100,A,Official figure,
QCL,Crops and livestock products,143,Morocco,5312,Area harvested,280,Safflower seed,1974,1974,ha,0,E,Estimated value,
QCL,Crops and livestock products,143,Morocco,5510,Production,280,Safflower seed,1974,1974,t,0,E,Estimated value,
QCL,Crops and livestock products,143,Morocco,5312,Area harvested,280,Safflower seed,1975,1975,ha,0,A,Official figure,
QCL,Crops and livestock products,143,Morocco,5510,Production,280,Safflower seed,1975,1975,t,0,A,Official figure,
QCL,Crops and livestock products,143,Morocco,5312,Area harvested,280,Safflower seed,1976,1976,ha,0,A,Official figure,
QCL,Crops and livestock products,143,Morocco,5510,Production,280,Safflower seed,1976,1976,t,0,A,Official figure,
QCL,Crops and livestock products,143,Morocco,5312,Area harvested,280,Safflower seed,1977,1977,ha,0,A,Official figure,
QCL,Crops and livestock products,143,Morocco,5510,Production,280,Safflower seed,1977,1977,t,0,A,Official figure,
QCL,Crops and livestock products,143,Morocco,5312,Area harvested,280,Safflower seed,1978,1978,ha,0,A,Official figure,
QCL,Crops and livestock products,143,Morocco,5510,Production,280,Safflower seed,1978,1978,t,0,A,Official figure,
QCL,Crops and livestock products,143,Morocco,5312,Area harvested,280,Safflower seed,1979,1979,ha,0,A,Official figure,
QCL,Crops and livestock products,143,Morocco,5510,Production,280,Safflower seed,1979,1979,t,0,A,Official figure,
QCL,Crops and livestock products,143,Morocco,5312,Area harvested,280,Safflower seed,1980,1980,ha,0,A,Official figure,
QCL,Crops and livestock products,143,Morocco,5510,Production,280,Safflower seed,1980,1980,t,0,A,Official figure,
QCL,Crops and livestock products,143,Morocco,5312,Area harvested,280,Safflower seed,1981,1981,ha,0,A,Official figure,
QCL,Crops and livestock products,143,Morocco,5510,Production,280,Safflower seed,1981,1981,t,0,A,Official figure,
QCL,Crops and livestock products,143,Morocco,5312,Area harvested,280,Safflower seed,1982,1982,ha,0,A,Official figure,
QCL,Crops and livestock products,143,Morocco,5510,Production,280,Safflower seed,1982,1982,t,0,A,Official figure,
QCL,Crops and livestock products,143,Morocco,5312,Area harvested,280,Safflower seed,1983,1983,ha,0,A,Official figure,
QCL,Crops and livestock products,143,Morocco,5510,Production,280,Safflower seed,1983,1983,t,0,A,Official figure,
QCL,Crops and livestock products,143,Morocco,5312,Area harvested,280,Safflower seed,1984,1984,ha,0,A,Official figure,
QCL,Crops and livestock products,143,Morocco,5510,Production,280,Safflower seed,1984,1984,t,0,A,Official figure,
QCL,Crops and livestock products,143,Morocco,5312,Area harvested,280,Safflower seed,1985,1985,ha,0,A,Official figure,
QCL,Crops and livestock products,143,Morocco,5510,Production,280,Safflower seed,1985,1985,t,0,A,Official figure,
QCL,Crops and livestock products,143,Morocco,5312,Area harvested,280,Safflower seed,1986,1986,ha,0,A,Official figure,
QCL,Crops and livestock products,143,Morocco,5510,Production,280,Safflower seed,1986,1986,t,0,A,Official figure,
QCL,Crops and livestock products,143,Morocco,5312,Area harvested,280,Safflower seed,1987,1987,ha,0,A,Official figure,
QCL,Crops and livestock products,143,Morocco,5510,Production,280,Safflower seed,1987,1987,t,0,A,Official figure,
QCL,Crops and livestock products,143,Morocco,5312,Area harvested,280,Safflower seed,1988,1988,ha,0,A,Official figure,
QCL,Crops and livestock products,143,Morocco,5510,Production,280,Safflower seed,1988,1988,t,0,A,Official figure,
QCL,Crops and livestock products,143,Morocco,5312,Area harvested,280,Safflower seed,1989,1989,ha,0,A,Official figure,
QCL,Crops and livestock products,143,Morocco,5510,Production,280,Safflower seed,1989,1989,t,0,A,Official figure,
QCL,Crops and livestock products,143,Morocco,5312,Area harvested,280,Safflower seed,1990,1990,ha,0,A,Official figure,
QCL,Crops and livestock products,143,Morocco,5510,Production,280,Safflower seed,1990,1990,t,0,A,Official figure,
QCL,Crops and livestock products,143,Morocco,5312,Area harvested,280,Safflower seed,1991,1991,ha,0,A,Official figure,
QCL,Crops and livestock products,143,Morocco,5510,Production,280,Safflower seed,1991,1991,t,0,A,Official figure,
QCL,Crops and livestock products,143,Morocco,5312,Area harvested,280,Safflower seed,1992,1992,ha,0,A,Official figure,
QCL,Crops and livestock products,143,Morocco,5510,Production,280,Safflower seed,1992,1992,t,0,A,Official figure,
QCL,Crops and livestock products,143,Morocco,5312,Area harvested,280,Safflower seed,1993,1993,ha,0,M,"Missing value (data cannot exist, not applicable)",
QCL,Crops and livestock products,143,Morocco,5510,Production,280,Safflower seed,1993,1993,t,0,M,"Missing value (data cannot exist, not applicable)",
QCL,Crops and livestock products,143,Morocco,5312,Area harvested,280,Safflower seed,1994,1994,ha,0,M,"Missing value (data cannot exist, not applicable)",
QCL,Crops and livestock products,143,Morocco,5510,Production,280,Safflower seed,1994,1994,t,0,M,"Missing value (data cannot exist, not applicable)",
QCL,Crops and livestock products,143,Morocco,5312,Area harvested,280,Safflower seed,1995,1995,ha,0,M,"Missing value (data cannot exist, not applicable)",
QCL,Crops and livestock products,143,Morocco,5510,Production,280,Safflower seed,1995,1995,t,0,M,"Missing value (data cannot exist, not applicable)",
QCL,Crops and livestock products,143,Morocco,5312,Area harvested,280,Safflower seed,1996,1996,ha,0,M,"Missing value (data cannot exist, not applicable)",
QCL,Crops and livestock products,143,Morocco,5510,Production,280,Safflower seed,1996,1996,t,0,M,"Missing value (data cannot exist, not applicable)",
QCL,Crops and livestock products,143,Morocco,5312,Area harvested,280,Safflower seed,1997,1997,ha,0,M,"Missing value (data cannot exist, not applicable)",
QCL,Crops and livestock products,143,Morocco,5510,Production,280,Safflower seed,1997,1997,t,0,M,"Missing value (data cannot exist, not applicable)",
QCL,Crops and livestock products,143,Morocco,5312,Area harvested,280,Safflower seed,1998,1998,ha,0,M,"Missing value (data cannot exist, not applicable)",
QCL,Crops and livestock products,143,Morocco,5510,Production,280,Safflower seed,1998,1998,t,0,M,"Missing value (data cannot exist, not applicable)",
QCL,Crops and livestock products,143,Morocco,5312,Area harvested,280,Safflower seed,1999,1999,ha,0,M,"Missing value (data cannot exist, not applicable)",
QCL,Crops and livestock products,143,Morocco,5510,Production,280,Safflower seed,1999,1999,t,0,M,"Missing value (data cannot exist, not applicable)",
QCL,Crops and livestock products,143,Morocco,5312,Area harvested,280,Safflower seed,2000,2000,ha,0,M,"Missing value (data cannot exist, not applicable)",
QCL,Crops and livestock products,143,Morocco,5510,Production,280,Safflower seed,2000,2000,t,0,M,"Missing value (data cannot exist, not applicable)",
QCL,Crops and livestock products,143,Morocco,5312,Area harvested,280,Safflower seed,2001,2001,ha,0,M,"Missing value (data cannot exist, not applicable)",
QCL,Crops and livestock products,143,Morocco,5510,Production,280,Safflower seed,2001,2001,t,0,M,"Missing value (data cannot exist, not applicable)",
QCL,Crops and livestock products,143,Morocco,5312,Area harvested,280,Safflower seed,2002,2002,ha,0,M,"Missing value (data cannot exist, not applicable)",
QCL,Crops and livestock products,143,Morocco,5510,Production,280,Safflower seed,2002,2002,t,0,M,"Missing value (data cannot exist, not applicable)",
QCL,Crops and livestock products,143,Morocco,5312,Area harvested,280,Safflower seed,2003,2003,ha,0,M,"Missing value (data cannot exist, not applicable)",
QCL,Crops and livestock products,143,Morocco,5510,Production,280,Safflower seed,2003,2003,t,0,M,"Missing value (data cannot exist, not applicable)",
QCL,Crops and livestock products,143,Morocco,5312,Area harvested,280,Safflower seed,2004,2004,ha,0,M,"Missing value (data cannot exist, not applicable)",
QCL,Crops and livestock products,143,Morocco,5510,Production,280,Safflower seed,2004,2004,t,0,M,"Missing value (data cannot exist, not applicable)",
QCL,Crops and livestock products,143,Morocco,5312,Area harvested,280,Safflower seed,2005,2005,ha,0,M,"Missing value (data cannot exist, not applicable)",
QCL,Crops and livestock products,143,Morocco,5510,Production,280,Safflower seed,2005,2005,t,0,M,"Missing value (data cannot exist, not applicable)",
QCL,Crops and livestock products,143,Morocco,5312,Area harvested,280,Safflower seed,2006,2006,ha,0,M,"Missing value (data cannot exist, not applicable)",
QCL,Crops and livestock products,143,Morocco,5510,Production,280,Safflower seed,2006,2006,t,0,M,"Missing value (data cannot exist, not applicable)",
QCL,Crops and livestock products,143,Morocco,5312,Area harvested,280,Safflower seed,2007,2007,ha,0,M,"Missing value (data cannot exist, not applicable)",
QCL,Crops and livestock products,143,Morocco,5510,Production,280,Safflower seed,2007,2007,t,0,M,"Missing value (data cannot exist, not applicable)",
QCL,Crops and livestock products,143,Morocco,5312,Area harvested,280,Safflower seed,2008,2008,ha,0,M,"Missing value (data cannot exist, not applicable)",
QCL,Crops and livestock products,143,Morocco,5510,Production,280,Safflower seed,2008,2008,t,0,M,"Missing value (data cannot exist, not applicable)",
QCL,Crops and livestock products,143,Morocco,5312,Area harvested,280,Safflower seed,2009,2009,ha,0,M,"Missing value (data cannot exist, not applicable)",
QCL,Crops and livestock products,143,Morocco,5510,Production,280,Safflower seed,2009,2009,t,0,M,"Missing value (data cannot exist, not applicable)",
QCL,Crops and livestock products,143,Morocco,5312,Area harvested,280,Safflower seed,2010,2010,ha,0,M,"Missing value (data cannot exist, not applicable)",
QCL,Crops and livestock products,143,Morocco,5510,Production,280,Safflower seed,2010,2010,t,0,M,"Missing value (data cannot exist, not applicable)",
QCL,Crops and livestock products,143,Morocco,5312,Area harvested,280,Safflower seed,2011,2011,ha,0,M,"Missing value (data cannot exist, not applicable)",
QCL,Crops and livestock products,143,Morocco,5510,Production,280,Safflower seed,2011,2011,t,0,M,"Missing value (data cannot exist, not applicable)",
QCL,Crops and livestock products,143,Morocco,5312,Area harvested,280,Safflower seed,2012,2012,ha,0,M,"Missing value (data cannot exist, not applicable)",
QCL,Crops and livestock products,143,Morocco,5510,Production,280,Safflower seed,2012,2012,t,0,M,"Missing value (data cannot exist, not applicable)",
QCL,Crops and livestock products,143,Morocco,5312,Area harvested,280,Safflower seed,2013,2013,ha,0,M,"Missing value (data cannot exist, not applicable)",
QCL,Crops and livestock products,143,Morocco,5510,Production,280,Safflower seed,2013,2013,t,0,M,"Missing value (data cannot exist, not applicable)",
QCL,Crops and livestock products,143,Morocco,5312,Area harvested,280,Safflower seed,2014,2014,ha,0,M,"Missing value (data cannot exist, not applicable)",
QCL,Crops and livestock products,143,Morocco,5510,Production,280,Safflower seed,2014,2014,t,0,M,"Missing value (data cannot exist, not applicable)",
QCL,Crops and livestock products,143,Morocco,5312,Area harvested,280,Safflower seed,2015,2015,ha,0,M,"Missing value (data cannot exist, not applicable)",
QCL,Crops and livestock products,143,Morocco,5510,Production,280,Safflower seed,2015,2015,t,0,M,"Missing value (data cannot exist, not applicable)",
QCL,Crops and livestock products,143,Morocco,5312,Area harvested,280,Safflower seed,2016,2016,ha,0,M,"Missing value (data cannot exist, not applicable)",
QCL,Crops and livestock products,143,Morocco,5510,Production,280,Safflower seed,2016,2016,t,0,M,"Missing value (data cannot exist, not applicable)",
QCL,Crops and livestock products,143,Morocco,5312,Area harvested,280,Safflower seed,2017,2017,ha,0,M,"Missing value (data cannot exist, not applicable)",
QCL,Crops and livestock products,143,Morocco,5510,Production,280,Safflower seed,2017,2017,t,0,M,"Missing value (data cannot exist, not applicable)",
QCL,Crops and livestock products,143,Morocco,5312,Area harvested,280,Safflower seed,2018,2018,ha,0,M,"Missing value (data cannot exist, not applicable)",
QCL,Crops and livestock products,143,Morocco,5510,Production,280,Safflower seed,2018,2018,t,0,M,"Missing value (data cannot exist, not applicable)",
QCL,Crops and livestock products,143,Morocco,5312,Area harvested,280,Safflower seed,2019,2019,ha,0,M,"Missing value (data cannot exist, not applicable)",
QCL,Crops and livestock products,143,Morocco,5510,Production,280,Safflower seed,2019,2019,t,0,M,"Missing value (data cannot exist, not applicable)",
QCL,Crops and livestock products,143,Morocco,5312,Area harvested,280,Safflower seed,2020,2020,ha,0,M,"Missing value (data cannot exist, not applicable)",
QCL,Crops and livestock products,143,Morocco,5510,Production,280,Safflower seed,2020,2020,t,0,M,"Missing value (data cannot exist, not applicable)",
QCL,Crops and livestock products,143,Morocco,5312,Area harvested,280,Safflower seed,2021,2021,ha,0,M,"Missing value (data cannot exist, not applicable)",
QCL,Crops and livestock products,143,Morocco,5510,Production,280,Safflower seed,2021,2021,t,0,M,"Missing value (data cannot exist, not applicable)",
QCL,Crops and livestock products,143,Morocco,5312,Area harvested,280,Safflower seed,2022,2022,ha,0,M,"Missing value (data cannot exist, not applicable)",
QCL,Crops and livestock products,143,Morocco,5510,Production,280,Safflower seed,2022,2022,t,0,M,"Missing value (data cannot exist, not applicable)",
QCL,Crops and livestock products,143,Morocco,5510,Production,281,"Safflower-seed oil, crude",1961,1961,t,817.2,I,Imputed value,
QCL,Crops and livestock products,143,Morocco,5510,Production,281,"Safflower-seed oil, crude",1962,1962,t,819.9,I,Imputed value,
QCL,Crops and livestock products,143,Morocco,5510,Production,281,"Safflower-seed oil, crude",1963,1963,t,765.6,I,Imputed value,
QCL,Crops and livestock products,143,Morocco,5510,Production,281,"Safflower-seed oil, crude",1964,1964,t,682.8,I,Imputed value,
QCL,Crops and livestock products,143,Morocco,5510,Production,281,"Safflower-seed oil, crude",1965,1965,t,570.15,I,Imputed value,
QCL,Crops and livestock products,143,Morocco,5510,Production,281,"Safflower-seed oil, crude",1966,1966,t,549.75,I,Imputed value,
QCL,Crops and livestock products,143,Morocco,5510,Production,281,"Safflower-seed oil, crude",1967,1967,t,434.4,I,Imputed value,
QCL,Crops and livestock products,143,Morocco,5510,Production,281,"Safflower-seed oil, crude",1968,1968,t,411.3,I,Imputed value,
QCL,Crops and livestock products,143,Morocco,5510,Production,281,"Safflower-seed oil, crude",1969,1969,t,279.9,I,Imputed value,
QCL,Crops and livestock products,143,Morocco,5510,Production,281,"Safflower-seed oil, crude",1970,1970,t,165.9,I,Imputed value,
QCL,Crops and livestock products,143,Morocco,5510,Production,281,"Safflower-seed oil, crude",1971,1971,t,178.5,I,Imputed value,
QCL,Crops and livestock products,143,Morocco,5510,Production,281,"Safflower-seed oil, crude",1972,1972,t,118.35,I,Imputed value,
QCL,Crops and livestock products,143,Morocco,5510,Production,281,"Safflower-seed oil, crude",1973,1973,t,27.15,I,Imputed value,
QCL,Crops and livestock products,143,Morocco,5510,Production,281,"Safflower-seed oil, crude",1974,1974,t,0,A,Official figure,
QCL,Crops and livestock products,143,Morocco,5510,Production,281,"Safflower-seed oil, crude",1975,1975,t,0,A,Official figure,
QCL,Crops and livestock products,143,Morocco,5510,Production,281,"Safflower-seed oil, crude",1976,1976,t,0,A,Official figure,
QCL,Crops and livestock products,143,Morocco,5510,Production,281,"Safflower-seed oil, crude",1977,1977,t,0,A,Official figure,
QCL,Crops and livestock products,143,Morocco,5510,Production,281,"Safflower-seed oil, crude",1978,1978,t,0,A,Official figure,
QCL,Crops and livestock products,143,Morocco,5510,Production,281,"Safflower-seed oil, crude",1979,1979,t,0,A,Official figure,
QCL,Crops and livestock products,143,Morocco,5510,Production,281,"Safflower-seed oil, crude",1980,1980,t,0,A,Official figure,
QCL,Crops and livestock products,143,Morocco,5510,Production,281,"Safflower-seed oil, crude",1981,1981,t,0,A,Official figure,
QCL,Crops and livestock products,143,Morocco,5510,Production,281,"Safflower-seed oil, crude",1982,1982,t,0,A,Official figure,
QCL,Crops and livestock products,143,Morocco,5510,Production,281,"Safflower-seed oil, crude",1983,1983,t,0,A,Official figure,
QCL,Crops and livestock products,143,Morocco,5510,Production,281,"Safflower-seed oil, crude",1984,1984,t,0,A,Official figure,
QCL,Crops and livestock products,143,Morocco,5510,Production,281,"Safflower-seed oil, crude",1985,1985,t,0,A,Official figure,
QCL,Crops and livestock products,143,Morocco,5510,Production,281,"Safflower-seed oil, crude",1986,1986,t,0,A,Official figure,
QCL,Crops and livestock products,143,Morocco,5510,Production,281,"Safflower-seed oil, crude",1987,1987,t,0.57,I,Imputed value,
QCL,Crops and livestock products,143,Morocco,5510,Production,281,"Safflower-seed oil, crude",1988,1988,t,0,A,Official figure,
QCL,Crops and livestock products,143,Morocco,5510,Production,281,"Safflower-seed oil, crude",1989,1989,t,14.82,I,Imputed value,
QCL,Crops and livestock products,143,Morocco,5510,Production,281,"Safflower-seed oil, crude",1990,1990,t,6.27,I,Imputed value,
QCL,Crops and livestock products,143,Morocco,5510,Production,281,"Safflower-seed oil, crude",1991,1991,t,0,A,Official figure,
QCL,Crops and livestock products,143,Morocco,5510,Production,281,"Safflower-seed oil, crude",1992,1992,t,0,A,Official figure,
QCL,Crops and livestock products,143,Morocco,5510,Production,281,"Safflower-seed oil, crude",1993,1993,t,0,I,Imputed value,
QCL,Crops and livestock products,143,Morocco,5510,Production,281,"Safflower-seed oil, crude",1994,1994,t,0,I,Imputed value,
QCL,Crops and livestock products,143,Morocco,5510,Production,281,"Safflower-seed oil, crude",1995,1995,t,0,I,Imputed value,
QCL,Crops and livestock products,143,Morocco,5510,Production,281,"Safflower-seed oil, crude",1996,1996,t,0,I,Imputed value,
QCL,Crops and livestock products,143,Morocco,5510,Production,281,"Safflower-seed oil, crude",1997,1997,t,0,I,Imputed value,
QCL,Crops and livestock products,143,Morocco,5510,Production,281,"Safflower-seed oil, crude",1998,1998,t,0,I,Imputed value,
QCL,Crops and livestock products,143,Morocco,5510,Production,281,"Safflower-seed oil, crude",1999,1999,t,0,I,Imputed value,
QCL,Crops and livestock products,143,Morocco,5510,Production,281,"Safflower-seed oil, crude",2000,2000,t,0,I,Imputed value,
QCL,Crops and livestock products,143,Morocco,5510,Production,281,"Safflower-seed oil, crude",2001,2001,t,0,I,Imputed value,
QCL,Crops and livestock products,143,Morocco,5510,Production,281,"Safflower-seed oil, crude",2002,2002,t,0,I,Imputed value,
QCL,Crops and livestock products,143,Morocco,5510,Production,281,"Safflower-seed oil, crude",2003,2003,t,0,I,Imputed value,
QCL,Crops and livestock products,143,Morocco,5510,Production,281,"Safflower-seed oil, crude",2004,2004,t,0,I,Imputed value,
QCL,Crops and livestock products,143,Morocco,5510,Production,281,"Safflower-seed oil, crude",2005,2005,t,0,I,Imputed value,
QCL,Crops and livestock products,143,Morocco,5510,Production,281,"Safflower-seed oil, crude",2006,2006,t,0,E,Estimated value,
QCL,Crops and livestock products,143,Morocco,5510,Production,281,"Safflower-seed oil, crude",2007,2007,t,0,E,Estimated value,
QCL,Crops and livestock products,143,Morocco,5510,Production,281,"Safflower-seed oil, crude",2008,2008,t,0,I,Imputed value,
QCL,Crops and livestock products,143,Morocco,5510,Production,281,"Safflower-seed oil, crude",2009,2009,t,0,I,Imputed value,
QCL,Crops and livestock products,143,Morocco,5510,Production,281,"Safflower-seed oil, crude",2010,2010,t,0,I,Imputed value,
QCL,Crops and livestock products,143,Morocco,5510,Production,281,"Safflower-seed oil, crude",2011,2011,t,0,I,Imputed value,
QCL,Crops and livestock products,143,Morocco,5510,Production,281,"Safflower-seed oil, crude",2012,2012,t,0.57,I,Imputed value,
QCL,Crops and livestock products,143,Morocco,5510,Production,281,"Safflower-seed oil, crude",2013,2013,t,11.12,I,Imputed value,
QCL,Crops and livestock products,143,Morocco,5510,Production,281,"Safflower-seed oil, crude",2014,2014,t,0.11,I,Imputed value,
QCL,Crops and livestock products,143,Morocco,5510,Production,281,"Safflower-seed oil, crude",2015,2015,t,10.29,I,Imputed value,
QCL,Crops and livestock products,143,Morocco,5510,Production,281,"Safflower-seed oil, crude",2016,2016,t,12.98,I,Imputed value,
QCL,Crops and livestock products,143,Morocco,5510,Production,281,"Safflower-seed oil, crude",2017,2017,t,5.9,I,Imputed value,
QCL,Crops and livestock products,143,Morocco,5510,Production,281,"Safflower-seed oil, crude",2018,2018,t,7.85,I,Imputed value,
QCL,Crops and livestock products,143,Morocco,5510,Production,281,"Safflower-seed oil, crude",2019,2019,t,3.07,I,Imputed value,
QCL,Crops and livestock products,143,Morocco,5510,Production,281,"Safflower-seed oil, crude",2020,2020,t,29.64,I,Imputed value,
QCL,Crops and livestock products,143,Morocco,5510,Production,281,"Safflower-seed oil, crude",2021,2021,t,30.36,I,Imputed value,
QCL,Crops and livestock products,143,Morocco,5312,Area harvested,328,"Seed cotton, unginned",1961,1961,ha,6000,A,Official figure,
QCL,Crops and livestock products,143,Morocco,5419,Yield,328,"Seed cotton, unginned",1961,1961,100 g/ha,7833,A,Official figure,
QCL,Crops and livestock products,143,Morocco,5510,Production,328,"Seed cotton, unginned",1961,1961,t,4700,A,Official figure,
QCL,Crops and livestock products,143,Morocco,5312,Area harvested,328,"Seed cotton, unginned",1962,1962,ha,8900,A,Official figure,
QCL,Crops and livestock products,143,Morocco,5419,Yield,328,"Seed cotton, unginned",1962,1962,100 g/ha,10618,A,Official figure,
QCL,Crops and livestock products,143,Morocco,5510,Production,328,"Seed cotton, unginned",1962,1962,t,9450,A,Official figure,
QCL,Crops and livestock products,143,Morocco,5312,Area harvested,328,"Seed cotton, unginned",1963,1963,ha,12852,A,Official figure,
QCL,Crops and livestock products,143,Morocco,5419,Yield,328,"Seed cotton, unginned",1963,1963,100 g/ha,11407,A,Official figure,
QCL,Crops and livestock products,143,Morocco,5510,Production,328,"Seed cotton, unginned",1963,1963,t,14660,A,Official figure,
QCL,Crops and livestock products,143,Morocco,5312,Area harvested,328,"Seed cotton, unginned",1964,1964,ha,13400,A,Official figure,
QCL,Crops and livestock products,143,Morocco,5419,Yield,328,"Seed cotton, unginned",1964,1964,100 g/ha,12687,A,Official figure,
QCL,Crops and livestock products,143,Morocco,5510,Production,328,"Seed cotton, unginned",1964,1964,t,17000,A,Official figure,
QCL,Crops and livestock products,143,Morocco,5312,Area harvested,328,"Seed cotton, unginned",1965,1965,ha,17200,A,Official figure,
QCL,Crops and livestock products,143,Morocco,5419,Yield,328,"Seed cotton, unginned",1965,1965,100 g/ha,13430,A,Official figure,
QCL,Crops and livestock products,143,Morocco,5510,Production,328,"Seed cotton, unginned",1965,1965,t,23100,A,Official figure,
QCL,Crops and livestock products,143,Morocco,5312,Area harvested,328,"Seed cotton, unginned",1966,1966,ha,20700,A,Official figure,
QCL,Crops and livestock products,143,Morocco,5419,Yield,328,"Seed cotton, unginned",1966,1966,100 g/ha,14493,A,Official figure,
QCL,Crops and livestock products,143,Morocco,5510,Production,328,"Seed cotton, unginned",1966,1966,t,30000,A,Official figure,
QCL,Crops and livestock products,143,Morocco,5312,Area harvested,328,"Seed cotton, unginned",1967,1967,ha,16500,A,Official figure,
QCL,Crops and livestock products,143,Morocco,5419,Yield,328,"Seed cotton, unginned",1967,1967,100 g/ha,10303,A,Official figure,
QCL,Crops and livestock products,143,Morocco,5510,Production,328,"Seed cotton, unginned",1967,1967,t,17000,A,Official figure,
QCL,Crops and livestock products,143,Morocco,5312,Area harvested,328,"Seed cotton, unginned",1968,1968,ha,14500,A,Official figure,
QCL,Crops and livestock products,143,Morocco,5419,Yield,328,"Seed cotton, unginned",1968,1968,100 g/ha,12807,A,Official figure,
QCL,Crops and livestock products,143,Morocco,5510,Production,328,"Seed cotton, unginned",1968,1968,t,18570,A,Official figure,
QCL,Crops and livestock products,143,Morocco,5312,Area harvested,328,"Seed cotton, unginned",1969,1969,ha,17000,A,Official figure,
QCL,Crops and livestock products,143,Morocco,5419,Yield,328,"Seed cotton, unginned",1969,1969,100 g/ha,12429,A,Official figure,
QCL,Crops and livestock products,143,Morocco,5510,Production,328,"Seed cotton, unginned",1969,1969,t,21130,A,Official figure,
QCL,Crops and livestock products,143,Morocco,5312,Area harvested,328,"Seed cotton, unginned",1970,1970,ha,17000,A,Official figure,
QCL,Crops and livestock products,143,Morocco,5419,Yield,328,"Seed cotton, unginned",1970,1970,100 g/ha,11194,A,Official figure,
QCL,Crops and livestock products,143,Morocco,5510,Production,328,"Seed cotton, unginned",1970,1970,t,19030,A,Official figure,
QCL,Crops and livestock products,143,Morocco,5312,Area harvested,328,"Seed cotton, unginned",1971,1971,ha,16800,A,Official figure,
QCL,Crops and livestock products,143,Morocco,5419,Yield,328,"Seed cotton, unginned",1971,1971,100 g/ha,15476,A,Official figure,
QCL,Crops and livestock products,143,Morocco,5510,Production,328,"Seed cotton, unginned",1971,1971,t,26000,A,Official figure,
QCL,Crops and livestock products,143,Morocco,5312,Area harvested,328,"Seed cotton, unginned",1972,1972,ha,15500,A,Official figure,
QCL,Crops and livestock products,143,Morocco,5419,Yield,328,"Seed cotton, unginned",1972,1972,100 g/ha,17194,A,Official figure,
QCL,Crops and livestock products,143,Morocco,5510,Production,328,"Seed cotton, unginned",1972,1972,t,26650,A,Official figure,
QCL,Crops and livestock products,143,Morocco,5312,Area harvested,328,"Seed cotton, unginned",1973,1973,ha,16300,A,Official figure,
QCL,Crops and livestock products,143,Morocco,5419,Yield,328,"Seed cotton, unginned",1973,1973,100 g/ha,10933,A,Official figure,
QCL,Crops and livestock products,143,Morocco,5510,Production,328,"Seed cotton, unginned",1973,1973,t,17820,A,Official figure,
QCL,Crops and livestock products,143,Morocco,5312,Area harvested,328,"Seed cotton, unginned",1974,1974,ha,17400,A,Official figure,
QCL,Crops and livestock products,143,Morocco,5419,Yield,328,"Seed cotton, unginned",1974,1974,100 g/ha,9943,A,Official figure,
QCL,Crops and livestock products,143,Morocco,5510,Production,328,"Seed cotton, unginned",1974,1974,t,17300,A,Official figure,
QCL,Crops and livestock products,143,Morocco,5312,Area harvested,328,"Seed cotton, unginned",1975,1975,ha,11600,A,Official figure,
QCL,Crops and livestock products,143,Morocco,5419,Yield,328,"Seed cotton, unginned",1975,1975,100 g/ha,13034,A,Official figure,
QCL,Crops and livestock products,143,Morocco,5510,Production,328,"Seed cotton, unginned",1975,1975,t,15120,A,Official figure,
QCL,Crops and livestock products,143,Morocco,5312,Area harvested,328,"Seed cotton, unginned",1976,1976,ha,18100,A,Official figure,
QCL,Crops and livestock products,143,Morocco,5419,Yield,328,"Seed cotton, unginned",1976,1976,100 g/ha,12210,A,Official figure,
QCL,Crops and livestock products,143,Morocco,5510,Production,328,"Seed cotton, unginned",1976,1976,t,22100,A,Official figure,
QCL,Crops and livestock products,143,Morocco,5312,Area harvested,328,"Seed cotton, unginned",1977,1977,ha,17800,A,Official figure,
QCL,Crops and livestock products,143,Morocco,5419,Yield,328,"Seed cotton, unginned",1977,1977,100 g/ha,9494,A,Official figure,
QCL,Crops and livestock products,143,Morocco,5510,Production,328,"Seed cotton, unginned",1977,1977,t,16900,A,Official figure,
QCL,Crops and livestock products,143,Morocco,5312,Area harvested,328,"Seed cotton, unginned",1978,1978,ha,8400,A,Official figure,
QCL,Crops and livestock products,143,Morocco,5419,Yield,328,"Seed cotton, unginned",1978,1978,100 g/ha,13655,A,Official figure,
QCL,Crops and livestock products,143,Morocco,5510,Production,328,"Seed cotton, unginned",1978,1978,t,11470,A,Official figure,
QCL,Crops and livestock products,143,Morocco,5312,Area harvested,328,"Seed cotton, unginned",1979,1979,ha,8114,A,Official figure,
QCL,Crops and livestock products,143,Morocco,5419,Yield,328,"Seed cotton, unginned",1979,1979,100 g/ha,18462,A,Official figure,
QCL,Crops and livestock products,143,Morocco,5510,Production,328,"Seed cotton, unginned",1979,1979,t,14980,A,Official figure,
QCL,Crops and livestock products,143,Morocco,5312,Area harvested,328,"Seed cotton, unginned",1980,1980,ha,13119,A,Official figure,
QCL,Crops and livestock products,143,Morocco,5419,Yield,328,"Seed cotton, unginned",1980,1980,100 g/ha,12958,A,Official figure,
QCL,Crops and livestock products,143,Morocco,5510,Production,328,"Seed cotton, unginned",1980,1980,t,17000,A,Official figure,
QCL,Crops and livestock products,143,Morocco,5312,Area harvested,328,"Seed cotton, unginned",1981,1981,ha,11300,A,Official figure,
QCL,Crops and livestock products,143,Morocco,5419,Yield,328,"Seed cotton, unginned",1981,1981,100 g/ha,17257,A,Official figure,
QCL,Crops and livestock products,143,Morocco,5510,Production,328,"Seed cotton, unginned",1981,1981,t,19500,A,Official figure,
QCL,Crops and livestock products,143,Morocco,5312,Area harvested,328,"Seed cotton, unginned",1982,1982,ha,10450,A,Official figure,
QCL,Crops and livestock products,143,Morocco,5419,Yield,328,"Seed cotton, unginned",1982,1982,100 g/ha,19330,A,Official figure,
QCL,Crops and livestock products,143,Morocco,5510,Production,328,"Seed cotton, unginned",1982,1982,t,20200,A,Official figure,
QCL,Crops and livestock products,143,Morocco,5312,Area harvested,328,"Seed cotton, unginned",1983,1983,ha,10685,A,Official figure,
QCL,Crops and livestock products,143,Morocco,5419,Yield,328,"Seed cotton, unginned",1983,1983,100 g/ha,22649,A,Official figure,
QCL,Crops and livestock products,143,Morocco,5510,Production,328,"Seed cotton, unginned",1983,1983,t,24200,A,Official figure,
QCL,Crops and livestock products,143,Morocco,5312,Area harvested,328,"Seed cotton, unginned",1984,1984,ha,9600,A,Official figure,
QCL,Crops and livestock products,143,Morocco,5419,Yield,328,"Seed cotton, unginned",1984,1984,100 g/ha,14167,A,Official figure,
QCL,Crops and livestock products,143,Morocco,5510,Production,328,"Seed cotton, unginned",1984,1984,t,13600,A,Official figure,
QCL,Crops and livestock products,143,Morocco,5312,Area harvested,328,"Seed cotton, unginned",1985,1985,ha,12670,A,Official figure,
QCL,Crops and livestock products,143,Morocco,5419,Yield,328,"Seed cotton, unginned",1985,1985,100 g/ha,17837,A,Official figure,
QCL,Crops and livestock products,143,Morocco,5510,Production,328,"Seed cotton, unginned",1985,1985,t,22600,A,Official figure,
QCL,Crops and livestock products,143,Morocco,5312,Area harvested,328,"Seed cotton, unginned",1986,1986,ha,14050,A,Official figure,
QCL,Crops and livestock products,143,Morocco,5419,Yield,328,"Seed cotton, unginned",1986,1986,100 g/ha,18861,A,Official figure,
QCL,Crops and livestock products,143,Morocco,5510,Production,328,"Seed cotton, unginned",1986,1986,t,26500,A,Official figure,
QCL,Crops and livestock products,143,Morocco,5312,Area harvested,328,"Seed cotton, unginned",1987,1987,ha,15440,A,Official figure,
QCL,Crops and livestock products,143,Morocco,5419,Yield,328,"Seed cotton, unginned",1987,1987,100 g/ha,21826,A,Official figure,
QCL,Crops and livestock products,143,Morocco,5510,Production,328,"Seed cotton, unginned",1987,1987,t,33700,A,Official figure,
QCL,Crops and livestock products,143,Morocco,5312,Area harvested,328,"Seed cotton, unginned",1988,1988,ha,17700,A,Official figure,
QCL,Crops and livestock products,143,Morocco,5419,Yield,328,"Seed cotton, unginned",1988,1988,100 g/ha,16475,A,Official figure,
QCL,Crops and livestock products,143,Morocco,5510,Production,328,"Seed cotton, unginned",1988,1988,t,29160,A,Official figure,
QCL,Crops and livestock products,143,Morocco,5312,Area harvested,328,"Seed cotton, unginned",1989,1989,ha,14870,A,Official figure,
QCL,Crops and livestock products,143,Morocco,5419,Yield,328,"Seed cotton, unginned",1989,1989,100 g/ha,19805,A,Official figure,
QCL,Crops and livestock products,143,Morocco,5510,Production,328,"Seed cotton, unginned",1989,1989,t,29450,A,Official figure,
QCL,Crops and livestock products,143,Morocco,5312,Area harvested,328,"Seed cotton, unginned",1990,1990,ha,17800,A,Official figure,
QCL,Crops and livestock products,143,Morocco,5419,Yield,328,"Seed cotton, unginned",1990,1990,100 g/ha,16197,A,Official figure,
QCL,Crops and livestock products,143,Morocco,5510,Production,328,"Seed cotton, unginned",1990,1990,t,28830,A,Official figure,
QCL,Crops and livestock products,143,Morocco,5312,Area harvested,328,"Seed cotton, unginned",1991,1991,ha,12100,A,Official figure,
QCL,Crops and livestock products,143,Morocco,5419,Yield,328,"Seed cotton, unginned",1991,1991,100 g/ha,17504,A,Official figure,
QCL,Crops and livestock products,143,Morocco,5510,Production,328,"Seed cotton, unginned",1991,1991,t,21180,A,Official figure,
QCL,Crops and livestock products,143,Morocco,5312,Area harvested,328,"Seed cotton, unginned",1992,1992,ha,4400,A,Official figure,
QCL,Crops and livestock products,143,Morocco,5419,Yield,328,"Seed cotton, unginned",1992,1992,100 g/ha,20000,E,Estimated value,
QCL,Crops and livestock products,143,Morocco,5510,Production,328,"Seed cotton, unginned",1992,1992,t,8800,E,Estimated value,
QCL,Crops and livestock products,143,Morocco,5312,Area harvested,328,"Seed cotton, unginned",1993,1993,ha,600,A,Official figure,
QCL,Crops and livestock products,143,Morocco,5419,Yield,328,"Seed cotton, unginned",1993,1993,100 g/ha,11833,A,Official figure,
QCL,Crops and livestock products,143,Morocco,5510,Production,328,"Seed cotton, unginned",1993,1993,t,710,A,Official figure,
QCL,Crops and livestock products,143,Morocco,5312,Area harvested,328,"Seed cotton, unginned",1994,1994,ha,1800,A,Official figure,
QCL,Crops and livestock products,143,Morocco,5419,Yield,328,"Seed cotton, unginned",1994,1994,100 g/ha,17333,A,Official figure,
QCL,Crops and livestock products,143,Morocco,5510,Production,328,"Seed cotton, unginned",1994,1994,t,3120,A,Official figure,
QCL,Crops and livestock products,143,Morocco,5312,Area harvested,328,"Seed cotton, unginned",1995,1995,ha,600,A,Official figure,
QCL,Crops and livestock products,143,Morocco,5419,Yield,328,"Seed cotton, unginned",1995,1995,100 g/ha,12833,A,Official figure,
QCL,Crops and livestock products,143,Morocco,5510,Production,328,"Seed cotton, unginned",1995,1995,t,770,A,Official figure,
QCL,Crops and livestock products,143,Morocco,5312,Area harvested,328,"Seed cotton, unginned",1996,1996,ha,1600,A,Official figure,
QCL,Crops and livestock products,143,Morocco,5419,Yield,328,"Seed cotton, unginned",1996,1996,100 g/ha,19000,A,Official figure,
QCL,Crops and livestock products,143,Morocco,5510,Production,328,"Seed cotton, unginned",1996,1996,t,3040,A,Official figure,
QCL,Crops and livestock products,143,Morocco,5312,Area harvested,328,"Seed cotton, unginned",1997,1997,ha,2300,A,Official figure,
QCL,Crops and livestock products,143,Morocco,5419,Yield,328,"Seed cotton, unginned",1997,1997,100 g/ha,20000,A,Official figure,
QCL,Crops and livestock products,143,Morocco,5510,Production,328,"Seed cotton, unginned",1997,1997,t,4600,A,Official figure,
QCL,Crops and livestock products,143,Morocco,5312,Area harvested,328,"Seed cotton, unginned",1998,1998,ha,1200,A,Official figure,
QCL,Crops and livestock products,143,Morocco,5419,Yield,328,"Seed cotton, unginned",1998,1998,100 g/ha,16667,A,Official figure,
QCL,Crops and livestock products,143,Morocco,5510,Production,328,"Seed cotton, unginned",1998,1998,t,2000,A,Official figure,
QCL,Crops and livestock products,143,Morocco,5312,Area harvested,328,"Seed cotton, unginned",1999,1999,ha,300,A,Official figure,
QCL,Crops and livestock products,143,Morocco,5419,Yield,328,"Seed cotton, unginned",1999,1999,100 g/ha,20000,A,Official figure,
QCL,Crops and livestock products,143,Morocco,5510,Production,328,"Seed cotton, unginned",1999,1999,t,600,A,Official figure,
QCL,Crops and livestock products,143,Morocco,5312,Area harvested,328,"Seed cotton, unginned",2000,2000,ha,200,A,Official figure,
QCL,Crops and livestock products,143,Morocco,5419,Yield,328,"Seed cotton, unginned",2000,2000,100 g/ha,23000,A,Official figure,
QCL,Crops and livestock products,143,Morocco,5510,Production,328,"Seed cotton, unginned",2000,2000,t,460,A,Official figure,
QCL,Crops and livestock products,143,Morocco,5312,Area harvested,328,"Seed cotton, unginned",2001,2001,ha,200,A,Official figure,
QCL,Crops and livestock products,143,Morocco,5419,Yield,328,"Seed cotton, unginned",2001,2001,100 g/ha,20000,A,Official figure,
QCL,Crops and livestock products,143,Morocco,5510,Production,328,"Seed cotton, unginned",2001,2001,t,400,A,Official figure,
QCL,Crops and livestock products,143,Morocco,5312,Area harvested,328,"Seed cotton, unginned",2002,2002,ha,400,A,Official figure,
QCL,Crops and livestock products,143,Morocco,5419,Yield,328,"Seed cotton, unginned",2002,2002,100 g/ha,16750,A,Official figure,
QCL,Crops and livestock products,143,Morocco,5510,Production,328,"Seed cotton, unginned",2002,2002,t,670,A,Official figure,
QCL,Crops and livestock products,143,Morocco,5312,Area harvested,328,"Seed cotton, unginned",2003,2003,ha,170,A,Official figure,
QCL,Crops and livestock products,143,Morocco,5419,Yield,328,"Seed cotton, unginned",2003,2003,100 g/ha,8235,A,Official figure,
QCL,Crops and livestock products,143,Morocco,5510,Production,328,"Seed cotton, unginned",2003,2003,t,140,A,Official figure,
QCL,Crops and livestock products,143,Morocco,5312,Area harvested,328,"Seed cotton, unginned",2004,2004,ha,130,E,Estimated value,
QCL,Crops and livestock products,143,Morocco,5419,Yield,328,"Seed cotton, unginned",2004,2004,100 g/ha,15385,E,Estimated value,
QCL,Crops and livestock products,143,Morocco,5510,Production,328,"Seed cotton, unginned",2004,2004,t,200,E,Estimated value,
QCL,Crops and livestock products,143,Morocco,5312,Area harvested,328,"Seed cotton, unginned",2005,2005,ha,143,I,Imputed value,
QCL,Crops and livestock products,143,Morocco,5419,Yield,328,"Seed cotton, unginned",2005,2005,100 g/ha,18223,E,Estimated value,
QCL,Crops and livestock products,143,Morocco,5510,Production,328,"Seed cotton, unginned",2005,2005,t,259.8,I,Imputed value,
QCL,Crops and livestock products,143,Morocco,5312,Area harvested,328,"Seed cotton, unginned",2006,2006,ha,105,E,Estimated value,
QCL,Crops and livestock products,143,Morocco,5419,Yield,328,"Seed cotton, unginned",2006,2006,100 g/ha,20762,E,Estimated value,
QCL,Crops and livestock products,143,Morocco,5510,Production,328,"Seed cotton, unginned",2006,2006,t,218,X,Figure from international organizations,Unofficial figure
QCL,Crops and livestock products,143,Morocco,5312,Area harvested,328,"Seed cotton, unginned",2007,2007,ha,105,E,Estimated value,
QCL,Crops and livestock products,143,Morocco,5419,Yield,328,"Seed cotton, unginned",2007,2007,100 g/ha,20762,E,Estimated value,
QCL,Crops and livestock products,143,Morocco,5510,Production,328,"Seed cotton, unginned",2007,2007,t,218,X,Figure from international organizations,Unofficial figure
QCL,Crops and livestock products,143,Morocco,5312,Area harvested,328,"Seed cotton, unginned",2008,2008,ha,105,E,Estimated value,
QCL,Crops and livestock products,143,Morocco,5419,Yield,328,"Seed cotton, unginned",2008,2008,100 g/ha,20762,E,Estimated value,
QCL,Crops and livestock products,143,Morocco,5510,Production,328,"Seed cotton, unginned",2008,2008,t,218,X,Figure from international organizations,Unofficial figure
QCL,Crops and livestock products,143,Morocco,5312,Area harvested,328,"Seed cotton, unginned",2009,2009,ha,105,E,Estimated value,
QCL,Crops and livestock products,143,Morocco,5419,Yield,328,"Seed cotton, unginned",2009,2009,100 g/ha,20762,E,Estimated value,
QCL,Crops and livestock products,143,Morocco,5510,Production,328,"Seed cotton, unginned",2009,2009,t,218,X,Figure from international organizations,Unofficial figure
QCL,Crops and livestock products,143,Morocco,5312,Area harvested,328,"Seed cotton, unginned",2010,2010,ha,105,E,Estimated value,
QCL,Crops and livestock products,143,Morocco,5419,Yield,328,"Seed cotton, unginned",2010,2010,100 g/ha,20762,E,Estimated value,
QCL,Crops and livestock products,143,Morocco,5510,Production,328,"Seed cotton, unginned",2010,2010,t,218,X,Figure from international organizations,Unofficial figure
QCL,Crops and livestock products,143,Morocco,5312,Area harvested,328,"Seed cotton, unginned",2011,2011,ha,105,E,Estimated value,
QCL,Crops and livestock products,143,Morocco,5419,Yield,328,"Seed cotton, unginned",2011,2011,100 g/ha,20762,E,Estimated value,
QCL,Crops and livestock products,143,Morocco,5510,Production,328,"Seed cotton, unginned",2011,2011,t,218,X,Figure from international organizations,Unofficial figure
QCL,Crops and livestock products,143,Morocco,5312,Area harvested,328,"Seed cotton, unginned",2012,2012,ha,100,E,Estimated value,
QCL,Crops and livestock products,143,Morocco,5419,Yield,328,"Seed cotton, unginned",2012,2012,100 g/ha,20000,E,Estimated value,
QCL,Crops and livestock products,143,Morocco,5510,Production,328,"Seed cotton, unginned",2012,2012,t,200,E,Estimated value,
QCL,Crops and livestock products,143,Morocco,5312,Area harvested,328,"Seed cotton, unginned",2013,2013,ha,100,E,Estimated value,
QCL,Crops and livestock products,143,Morocco,5419,Yield,328,"Seed cotton, unginned",2013,2013,100 g/ha,21000,E,Estimated value,
QCL,Crops and livestock products,143,Morocco,5510,Production,328,"Seed cotton, unginned",2013,2013,t,210,E,Estimated value,
QCL,Crops and livestock products,143,Morocco,5312,Area harvested,328,"Seed cotton, unginned",2014,2014,ha,105,E,Estimated value,
QCL,Crops and livestock products,143,Morocco,5419,Yield,328,"Seed cotton, unginned",2014,2014,100 g/ha,20476,E,Estimated value,
QCL,Crops and livestock products,143,Morocco,5510,Production,328,"Seed cotton, unginned",2014,2014,t,215,E,Estimated value,
QCL,Crops and livestock products,143,Morocco,5312,Area harvested,328,"Seed cotton, unginned",2015,2015,ha,106,I,Imputed value,
QCL,Crops and livestock products,143,Morocco,5419,Yield,328,"Seed cotton, unginned",2015,2015,100 g/ha,20674,E,Estimated value,
QCL,Crops and livestock products,143,Morocco,5510,Production,328,"Seed cotton, unginned",2015,2015,t,218.4,I,Imputed value,
QCL,Crops and livestock products,143,Morocco,5312,Area harvested,328,"Seed cotton, unginned",2016,2016,ha,107,I,Imputed value,
QCL,Crops and livestock products,143,Morocco,5419,Yield,328,"Seed cotton, unginned",2016,2016,100 g/ha,20852,E,Estimated value,
QCL,Crops and livestock products,143,Morocco,5510,Production,328,"Seed cotton, unginned",2016,2016,t,223.14,I,Imputed value,
QCL,Crops and livestock products,143,Morocco,5312,Area harvested,328,"Seed cotton, unginned",2017,2017,ha,110,I,Imputed value,
QCL,Crops and livestock products,143,Morocco,5419,Yield,328,"Seed cotton, unginned",2017,2017,100 g/ha,19838,E,Estimated value,
QCL,Crops and livestock products,143,Morocco,5510,Production,328,"Seed cotton, unginned",2017,2017,t,218.85,E,Estimated value,
QCL,Crops and livestock products,143,Morocco,5312,Area harvested,328,"Seed cotton, unginned",2018,2018,ha,103,I,Imputed value,
QCL,Crops and livestock products,143,Morocco,5419,Yield,328,"Seed cotton, unginned",2018,2018,100 g/ha,20645,E,Estimated value,
QCL,Crops and livestock products,143,Morocco,5510,Production,328,"Seed cotton, unginned",2018,2018,t,213.67,I,Imputed value,
QCL,Crops and livestock products,143,Morocco,5312,Area harvested,328,"Seed cotton, unginned",2019,2019,ha,107,E,Estimated value,
QCL,Crops and livestock products,143,Morocco,5419,Yield,328,"Seed cotton, unginned",2019,2019,100 g/ha,20436,E,Estimated value,
QCL,Crops and livestock products,143,Morocco,5510,Production,328,"Seed cotton, unginned",2019,2019,t,218.55,E,Estimated value,
QCL,Crops and livestock products,143,Morocco,5312,Area harvested,328,"Seed cotton, unginned",2020,2020,ha,107,E,Estimated value,
QCL,Crops and livestock products,143,Morocco,5419,Yield,328,"Seed cotton, unginned",2020,2020,100 g/ha,20298,E,Estimated value,
QCL,Crops and livestock products,143,Morocco,5510,Production,328,"Seed cotton, unginned",2020,2020,t,217.02,E,Estimated value,
QCL,Crops and livestock products,143,Morocco,5312,Area harvested,328,"Seed cotton, unginned",2021,2021,ha,106,E,Estimated value,
QCL,Crops and livestock products,143,Morocco,5419,Yield,328,"Seed cotton, unginned",2021,2021,100 g/ha,20458,E,Estimated value,
QCL,Crops and livestock products,143,Morocco,5510,Production,328,"Seed cotton, unginned",2021,2021,t,216.41,E,Estimated value,
QCL,Crops and livestock products,143,Morocco,5312,Area harvested,328,"Seed cotton, unginned",2022,2022,ha,107,E,Estimated value,
QCL,Crops and livestock products,143,Morocco,5419,Yield,328,"Seed cotton, unginned",2022,2022,100 g/ha,20397,E,Estimated value,
QCL,Crops and livestock products,143,Morocco,5510,Production,328,"Seed cotton, unginned",2022,2022,t,217.33,E,Estimated value,
QCL,Crops and livestock products,143,Morocco,5312,Area harvested,289,Sesame seed,1961,1961,ha,50,A,Official figure,
QCL,Crops and livestock products,143,Morocco,5419,Yield,289,Sesame seed,1961,1961,100 g/ha,6000,A,Official figure,
QCL,Crops and livestock products,143,Morocco,5510,Production,289,Sesame seed,1961,1961,t,30,A,Official figure,
QCL,Crops and livestock products,143,Morocco,5312,Area harvested,289,Sesame seed,1962,1962,ha,50,A,Official figure,
QCL,Crops and livestock products,143,Morocco,5419,Yield,289,Sesame seed,1962,1962,100 g/ha,6000,A,Official figure,
QCL,Crops and livestock products,143,Morocco,5510,Production,289,Sesame seed,1962,1962,t,30,A,Official figure,
QCL,Crops and livestock products,143,Morocco,5312,Area harvested,289,Sesame seed,1963,1963,ha,50,A,Official figure,
QCL,Crops and livestock products,143,Morocco,5419,Yield,289,Sesame seed,1963,1963,100 g/ha,6000,A,Official figure,
QCL,Crops and livestock products,143,Morocco,5510,Production,289,Sesame seed,1963,1963,t,30,A,Official figure,
QCL,Crops and livestock products,143,Morocco,5312,Area harvested,289,Sesame seed,1964,1964,ha,50,A,Official figure,
QCL,Crops and livestock products,143,Morocco,5419,Yield,289,Sesame seed,1964,1964,100 g/ha,6000,A,Official figure,
QCL,Crops and livestock products,143,Morocco,5510,Production,289,Sesame seed,1964,1964,t,30,A,Official figure,
QCL,Crops and livestock products,143,Morocco,5312,Area harvested,289,Sesame seed,1965,1965,ha,50,A,Official figure,
QCL,Crops and livestock products,143,Morocco,5419,Yield,289,Sesame seed,1965,1965,100 g/ha,6000,A,Official figure,
QCL,Crops and livestock products,143,Morocco,5510,Production,289,Sesame seed,1965,1965,t,30,A,Official figure,
QCL,Crops and livestock products,143,Morocco,5312,Area harvested,289,Sesame seed,1966,1966,ha,50,A,Official figure,
QCL,Crops and livestock products,143,Morocco,5419,Yield,289,Sesame seed,1966,1966,100 g/ha,6000,A,Official figure,
QCL,Crops and livestock products,143,Morocco,5510,Production,289,Sesame seed,1966,1966,t,30,A,Official figure,
QCL,Crops and livestock products,143,Morocco,5312,Area harvested,289,Sesame seed,1967,1967,ha,50,A,Official figure,
QCL,Crops and livestock products,143,Morocco,5419,Yield,289,Sesame seed,1967,1967,100 g/ha,6000,A,Official figure,
QCL,Crops and livestock products,143,Morocco,5510,Production,289,Sesame seed,1967,1967,t,30,A,Official figure,
QCL,Crops and livestock products,143,Morocco,5312,Area harvested,289,Sesame seed,1968,1968,ha,50,A,Official figure,
QCL,Crops and livestock products,143,Morocco,5419,Yield,289,Sesame seed,1968,1968,100 g/ha,6000,A,Official figure,
QCL,Crops and livestock products,143,Morocco,5510,Production,289,Sesame seed,1968,1968,t,30,A,Official figure,
QCL,Crops and livestock products,143,Morocco,5312,Area harvested,289,Sesame seed,1969,1969,ha,65,A,Official figure,
QCL,Crops and livestock products,143,Morocco,5419,Yield,289,Sesame seed,1969,1969,100 g/ha,6154,A,Official figure,
QCL,Crops and livestock products,143,Morocco,5510,Production,289,Sesame seed,1969,1969,t,40,A,Official figure,
QCL,Crops and livestock products,143,Morocco,5312,Area harvested,289,Sesame seed,1970,1970,ha,85,A,Official figure,
QCL,Crops and livestock products,143,Morocco,5419,Yield,289,Sesame seed,1970,1970,100 g/ha,5882,A,Official figure,
QCL,Crops and livestock products,143,Morocco,5510,Production,289,Sesame seed,1970,1970,t,50,A,Official figure,
QCL,Crops and livestock products,143,Morocco,5312,Area harvested,289,Sesame seed,1971,1971,ha,85,A,Official figure,
QCL,Crops and livestock products,143,Morocco,5419,Yield,289,Sesame seed,1971,1971,100 g/ha,5882,A,Official figure,
QCL,Crops and livestock products,143,Morocco,5510,Production,289,Sesame seed,1971,1971,t,50,A,Official figure,
QCL,Crops and livestock products,143,Morocco,5312,Area harvested,289,Sesame seed,1972,1972,ha,85,A,Official figure,
QCL,Crops and livestock products,143,Morocco,5419,Yield,289,Sesame seed,1972,1972,100 g/ha,5882,A,Official figure,
QCL,Crops and livestock products,143,Morocco,5510,Production,289,Sesame seed,1972,1972,t,50,A,Official figure,
QCL,Crops and livestock products,143,Morocco,5312,Area harvested,289,Sesame seed,1973,1973,ha,85,A,Official figure,
QCL,Crops and livestock products,143,Morocco,5419,Yield,289,Sesame seed,1973,1973,100 g/ha,5882,A,Official figure,
QCL,Crops and livestock products,143,Morocco,5510,Production,289,Sesame seed,1973,1973,t,50,A,Official figure,
QCL,Crops and livestock products,143,Morocco,5312,Area harvested,289,Sesame seed,1974,1974,ha,85,A,Official figure,
QCL,Crops and livestock products,143,Morocco,5419,Yield,289,Sesame seed,1974,1974,100 g/ha,5882,A,Official figure,
QCL,Crops and livestock products,143,Morocco,5510,Production,289,Sesame seed,1974,1974,t,50,A,Official figure,
QCL,Crops and livestock products,143,Morocco,5312,Area harvested,289,Sesame seed,1975,1975,ha,120,A,Official figure,
QCL,Crops and livestock products,143,Morocco,5419,Yield,289,Sesame seed,1975,1975,100 g/ha,5833,A,Official figure,
QCL,Crops and livestock products,143,Morocco,5510,Production,289,Sesame seed,1975,1975,t,70,A,Official figure,
QCL,Crops and livestock products,143,Morocco,5312,Area harvested,289,Sesame seed,1976,1976,ha,120,A,Official figure,
QCL,Crops and livestock products,143,Morocco,5419,Yield,289,Sesame seed,1976,1976,100 g/ha,5833,A,Official figure,
QCL,Crops and livestock products,143,Morocco,5510,Production,289,Sesame seed,1976,1976,t,70,A,Official figure,
QCL,Crops and livestock products,143,Morocco,5312,Area harvested,289,Sesame seed,1977,1977,ha,130,A,Official figure,
QCL,Crops and livestock products,143,Morocco,5419,Yield,289,Sesame seed,1977,1977,100 g/ha,6154,A,Official figure,
QCL,Crops and livestock products,143,Morocco,5510,Production,289,Sesame seed,1977,1977,t,80,A,Official figure,
QCL,Crops and livestock products,143,Morocco,5312,Area harvested,289,Sesame seed,1978,1978,ha,130,A,Official figure,
QCL,Crops and livestock products,143,Morocco,5419,Yield,289,Sesame seed,1978,1978,100 g/ha,6154,A,Official figure,
QCL,Crops and livestock products,143,Morocco,5510,Production,289,Sesame seed,1978,1978,t,80,A,Official figure,
QCL,Crops and livestock products,143,Morocco,5312,Area harvested,289,Sesame seed,1979,1979,ha,150,A,Official figure,
QCL,Crops and livestock products,143,Morocco,5419,Yield,289,Sesame seed,1979,1979,100 g/ha,6667,A,Official figure,
QCL,Crops and livestock products,143,Morocco,5510,Production,289,Sesame seed,1979,1979,t,100,A,Official figure,
QCL,Crops and livestock products,143,Morocco,5312,Area harvested,289,Sesame seed,1980,1980,ha,150,A,Official figure,
QCL,Crops and livestock products,143,Morocco,5419,Yield,289,Sesame seed,1980,1980,100 g/ha,6667,A,Official figure,
QCL,Crops and livestock products,143,Morocco,5510,Production,289,Sesame seed,1980,1980,t,100,A,Official figure,
QCL,Crops and livestock products,143,Morocco,5312,Area harvested,289,Sesame seed,1981,1981,ha,130,A,Official figure,
QCL,Crops and livestock products,143,Morocco,5419,Yield,289,Sesame seed,1981,1981,100 g/ha,6154,A,Official figure,
QCL,Crops and livestock products,143,Morocco,5510,Production,289,Sesame seed,1981,1981,t,80,A,Official figure,
QCL,Crops and livestock products,143,Morocco,5312,Area harvested,289,Sesame seed,1982,1982,ha,130,A,Official figure,
QCL,Crops and livestock products,143,Morocco,5419,Yield,289,Sesame seed,1982,1982,100 g/ha,6154,A,Official figure,
QCL,Crops and livestock products,143,Morocco,5510,Production,289,Sesame seed,1982,1982,t,80,A,Official figure,
QCL,Crops and livestock products,143,Morocco,5312,Area harvested,289,Sesame seed,1983,1983,ha,130,A,Official figure,
QCL,Crops and livestock products,143,Morocco,5419,Yield,289,Sesame seed,1983,1983,100 g/ha,6154,A,Official figure,
QCL,Crops and livestock products,143,Morocco,5510,Production,289,Sesame seed,1983,1983,t,80,A,Official figure,
QCL,Crops and livestock products,143,Morocco,5312,Area harvested,289,Sesame seed,1984,1984,ha,130,A,Official figure,
QCL,Crops and livestock products,143,Morocco,5419,Yield,289,Sesame seed,1984,1984,100 g/ha,6154,A,Official figure,
QCL,Crops and livestock products,143,Morocco,5510,Production,289,Sesame seed,1984,1984,t,80,A,Official figure,
QCL,Crops and livestock products,143,Morocco,5312,Area harvested,289,Sesame seed,1985,1985,ha,250,E,Estimated value,
QCL,Crops and livestock products,143,Morocco,5419,Yield,289,Sesame seed,1985,1985,100 g/ha,6000,E,Estimated value,
QCL,Crops and livestock products,143,Morocco,5510,Production,289,Sesame seed,1985,1985,t,150,E,Estimated value,
QCL,Crops and livestock products,143,Morocco,5312,Area harvested,289,Sesame seed,1986,1986,ha,500,E,Estimated value,
QCL,Crops and livestock products,143,Morocco,5419,Yield,289,Sesame seed,1986,1986,100 g/ha,6000,E,Estimated value,
QCL,Crops and livestock products,143,Morocco,5510,Production,289,Sesame seed,1986,1986,t,300,E,Estimated value,
QCL,Crops and livestock products,143,Morocco,5312,Area harvested,289,Sesame seed,1987,1987,ha,800,E,Estimated value,
QCL,Crops and livestock products,143,Morocco,5419,Yield,289,Sesame seed,1987,1987,100 g/ha,6250,E,Estimated value,
QCL,Crops and livestock products,143,Morocco,5510,Production,289,Sesame seed,1987,1987,t,500,E,Estimated value,
QCL,Crops and livestock products,143,Morocco,5312,Area harvested,289,Sesame seed,1988,1988,ha,1400,E,Estimated value,
QCL,Crops and livestock products,143,Morocco,5419,Yield,289,Sesame seed,1988,1988,100 g/ha,5000,E,Estimated value,
QCL,Crops and livestock products,143,Morocco,5510,Production,289,Sesame seed,1988,1988,t,700,E,Estimated value,
QCL,Crops and livestock products,143,Morocco,5312,Area harvested,289,Sesame seed,1989,1989,ha,1800,E,Estimated value,
QCL,Crops and livestock products,143,Morocco,5419,Yield,289,Sesame seed,1989,1989,100 g/ha,6167,E,Estimated value,
QCL,Crops and livestock products,143,Morocco,5510,Production,289,Sesame seed,1989,1989,t,1110,A,Official figure,
QCL,Crops and livestock products,143,Morocco,5312,Area harvested,289,Sesame seed,1990,1990,ha,2000,E,Estimated value,
QCL,Crops and livestock products,143,Morocco,5419,Yield,289,Sesame seed,1990,1990,100 g/ha,5850,E,Estimated value,
QCL,Crops and livestock products,143,Morocco,5510,Production,289,Sesame seed,1990,1990,t,1170,A,Official figure,
QCL,Crops and livestock products,143,Morocco,5312,Area harvested,289,Sesame seed,1991,1991,ha,1977,I,Imputed value,
QCL,Crops and livestock products,143,Morocco,5419,Yield,289,Sesame seed,1991,1991,100 g/ha,6070,E,Estimated value,
QCL,Crops and livestock products,143,Morocco,5510,Production,289,Sesame seed,1991,1991,t,1200,E,Estimated value,
QCL,Crops and livestock products,143,Morocco,5312,Area harvested,289,Sesame seed,1992,1992,ha,2100,E,Estimated value,
QCL,Crops and livestock products,143,Morocco,5419,Yield,289,Sesame seed,1992,1992,100 g/ha,6187,E,Estimated value,
QCL,Crops and livestock products,143,Morocco,5510,Production,289,Sesame seed,1992,1992,t,1299.35,I,Imputed value,
QCL,Crops and livestock products,143,Morocco,5312,Area harvested,289,Sesame seed,1993,1993,ha,2200,E,Estimated value,
QCL,Crops and livestock products,143,Morocco,5419,Yield,289,Sesame seed,1993,1993,100 g/ha,6306,E,Estimated value,
QCL,Crops and livestock products,143,Morocco,5510,Production,289,Sesame seed,1993,1993,t,1387.23,I,Imputed value,
QCL,Crops and livestock products,143,Morocco,5312,Area harvested,289,Sesame seed,1994,1994,ha,2131,I,Imputed value,
QCL,Crops and livestock products,143,Morocco,5419,Yield,289,Sesame seed,1994,1994,100 g/ha,6425,E,Estimated value,
QCL,Crops and livestock products,143,Morocco,5510,Production,289,Sesame seed,1994,1994,t,1369.3,I,Imputed value,
QCL,Crops and livestock products,143,Morocco,5312,Area harvested,289,Sesame seed,1995,1995,ha,2118,I,Imputed value,
QCL,Crops and livestock products,143,Morocco,5419,Yield,289,Sesame seed,1995,1995,100 g/ha,6547,E,Estimated value,
QCL,Crops and livestock products,143,Morocco,5510,Production,289,Sesame seed,1995,1995,t,1386.44,I,Imputed value,
QCL,Crops and livestock products,143,Morocco,5312,Area harvested,289,Sesame seed,1996,1996,ha,2051,I,Imputed value,
QCL,Crops and livestock products,143,Morocco,5419,Yield,289,Sesame seed,1996,1996,100 g/ha,6714,E,Estimated value,
QCL,Crops and livestock products,143,Morocco,5510,Production,289,Sesame seed,1996,1996,t,1376.91,I,Imputed value,
QCL,Crops and livestock products,143,Morocco,5312,Area harvested,289,Sesame seed,1997,1997,ha,2102,I,Imputed value,
QCL,Crops and livestock products,143,Morocco,5419,Yield,289,Sesame seed,1997,1997,100 g/ha,6821,E,Estimated value,
QCL,Crops and livestock products,143,Morocco,5510,Production,289,Sesame seed,1997,1997,t,1433.99,I,Imputed value,
QCL,Crops and livestock products,143,Morocco,5312,Area harvested,289,Sesame seed,1998,1998,ha,1978,I,Imputed value,
QCL,Crops and livestock products,143,Morocco,5419,Yield,289,Sesame seed,1998,1998,100 g/ha,6933,E,Estimated value,
QCL,Crops and livestock products,143,Morocco,5510,Production,289,Sesame seed,1998,1998,t,1371.23,I,Imputed value,
QCL,Crops and livestock products,143,Morocco,5312,Area harvested,289,Sesame seed,1999,1999,ha,2000,E,Estimated value,
QCL,Crops and livestock products,143,Morocco,5419,Yield,289,Sesame seed,1999,1999,100 g/ha,7500,E,Estimated value,
QCL,Crops and livestock products,143,Morocco,5510,Production,289,Sesame seed,1999,1999,t,1500,E,Estimated value,
QCL,Crops and livestock products,143,Morocco,5312,Area harvested,289,Sesame seed,2000,2000,ha,2200,E,Estimated value,
QCL,Crops and livestock products,143,Morocco,5419,Yield,289,Sesame seed,2000,2000,100 g/ha,5909,E,Estimated value,
QCL,Crops and livestock products,143,Morocco,5510,Production,289,Sesame seed,2000,2000,t,1300,E,Estimated value,
QCL,Crops and livestock products,143,Morocco,5312,Area harvested,289,Sesame seed,2001,2001,ha,2100,A,Official figure,
QCL,Crops and livestock products,143,Morocco,5419,Yield,289,Sesame seed,2001,2001,100 g/ha,8095,A,Official figure,
QCL,Crops and livestock products,143,Morocco,5510,Production,289,Sesame seed,2001,2001,t,1700,A,Official figure,
QCL,Crops and livestock products,143,Morocco,5312,Area harvested,289,Sesame seed,2002,2002,ha,1770,X,Figure from international organizations,Unofficial figure
QCL,Crops and livestock products,143,Morocco,5419,Yield,289,Sesame seed,2002,2002,100 g/ha,6893,X,Figure from international organizations,
QCL,Crops and livestock products,143,Morocco,5510,Production,289,Sesame seed,2002,2002,t,1220,X,Figure from international organizations,Unofficial figure
QCL,Crops and livestock products,143,Morocco,5312,Area harvested,289,Sesame seed,2003,2003,ha,1900,E,Estimated value,
QCL,Crops and livestock products,143,Morocco,5419,Yield,289,Sesame seed,2003,2003,100 g/ha,6842,E,Estimated value,
QCL,Crops and livestock products,143,Morocco,5510,Production,289,Sesame seed,2003,2003,t,1300,E,Estimated value,
QCL,Crops and livestock products,143,Morocco,5312,Area harvested,289,Sesame seed,2004,2004,ha,1746,I,Imputed value,
QCL,Crops and livestock products,143,Morocco,5419,Yield,289,Sesame seed,2004,2004,100 g/ha,7765,E,Estimated value,
QCL,Crops and livestock products,143,Morocco,5510,Production,289,Sesame seed,2004,2004,t,1355.67,I,Imputed value,
QCL,Crops and livestock products,143,Morocco,5312,Area harvested,289,Sesame seed,2005,2005,ha,1818,I,Imputed value,
QCL,Crops and livestock products,143,Morocco,5419,Yield,289,Sesame seed,2005,2005,100 g/ha,7943,E,Estimated value,
QCL,Crops and livestock products,143,Morocco,5510,Production,289,Sesame seed,2005,2005,t,1443.62,I,Imputed value,
QCL,Crops and livestock products,143,Morocco,5312,Area harvested,289,Sesame seed,2006,2006,ha,1992,I,Imputed value,
QCL,Crops and livestock products,143,Morocco,5419,Yield,289,Sesame seed,2006,2006,100 g/ha,8115,E,Estimated value,
QCL,Crops and livestock products,143,Morocco,5510,Production,289,Sesame seed,2006,2006,t,1616.83,I,Imputed value,
QCL,Crops and livestock products,143,Morocco,5312,Area harvested,289,Sesame seed,2007,2007,ha,2512,A,Official figure,
QCL,Crops and livestock products,143,Morocco,5419,Yield,289,Sesame seed,2007,2007,100 g/ha,8400,A,Official figure,
QCL,Crops and livestock products,143,Morocco,5510,Production,289,Sesame seed,2007,2007,t,2110,A,Official figure,
QCL,Crops and livestock products,143,Morocco,5312,Area harvested,289,Sesame seed,2008,2008,ha,1600,A,Official figure,
QCL,Crops and livestock products,143,Morocco,5419,Yield,289,Sesame seed,2008,2008,100 g/ha,8500,A,Official figure,
QCL,Crops and livestock products,143,Morocco,5510,Production,289,Sesame seed,2008,2008,t,1360,A,Official figure,
QCL,Crops and livestock products,143,Morocco,5312,Area harvested,289,Sesame seed,2009,2009,ha,1500,A,Official figure,
QCL,Crops and livestock products,143,Morocco,5419,Yield,289,Sesame seed,2009,2009,100 g/ha,10000,A,Official figure,
QCL,Crops and livestock products,143,Morocco,5510,Production,289,Sesame seed,2009,2009,t,1500,A,Official figure,
QCL,Crops and livestock products,143,Morocco,5312,Area harvested,289,Sesame seed,2010,2010,ha,1200,A,Official figure,
QCL,Crops and livestock products,143,Morocco,5419,Yield,289,Sesame seed,2010,2010,100 g/ha,9000,A,Official figure,
QCL,Crops and livestock products,143,Morocco,5510,Production,289,Sesame seed,2010,2010,t,1080,A,Official figure,
QCL,Crops and livestock products,143,Morocco,5312,Area harvested,289,Sesame seed,2011,2011,ha,1190,A,Official figure,
QCL,Crops and livestock products,143,Morocco,5419,Yield,289,Sesame seed,2011,2011,100 g/ha,9555,A,Official figure,
QCL,Crops and livestock products,143,Morocco,5510,Production,289,Sesame seed,2011,2011,t,1137,A,Official figure,
QCL,Crops and livestock products,143,Morocco,5312,Area harvested,289,Sesame seed,2012,2012,ha,1350,A,Official figure,
QCL,Crops and livestock products,143,Morocco,5419,Yield,289,Sesame seed,2012,2012,100 g/ha,11926,A,Official figure,
QCL,Crops and livestock products,143,Morocco,5510,Production,289,Sesame seed,2012,2012,t,1610,A,Official figure,
QCL,Crops and livestock products,143,Morocco,5312,Area harvested,289,Sesame seed,2013,2013,ha,625,A,Official figure,
QCL,Crops and livestock products,143,Morocco,5419,Yield,289,Sesame seed,2013,2013,100 g/ha,6000,A,Official figure,
QCL,Crops and livestock products,143,Morocco,5510,Production,289,Sesame seed,2013,2013,t,375,A,Official figure,
QCL,Crops and livestock products,143,Morocco,5312,Area harvested,289,Sesame seed,2014,2014,ha,700,A,Official figure,
QCL,Crops and livestock products,143,Morocco,5419,Yield,289,Sesame seed,2014,2014,100 g/ha,7114,A,Official figure,
QCL,Crops and livestock products,143,Morocco,5510,Production,289,Sesame seed,2014,2014,t,498,A,Official figure,
QCL,Crops and livestock products,143,Morocco,5312,Area harvested,289,Sesame seed,2015,2015,ha,1047,A,Official figure,
QCL,Crops and livestock products,143,Morocco,5419,Yield,289,Sesame seed,2015,2015,100 g/ha,10334,A,Official figure,
QCL,Crops and livestock products,143,Morocco,5510,Production,289,Sesame seed,2015,2015,t,1082,A,Official figure,
QCL,Crops and livestock products,143,Morocco,5312,Area harvested,289,Sesame seed,2016,2016,ha,1199,A,Official figure,
QCL,Crops and livestock products,143,Morocco,5419,Yield,289,Sesame seed,2016,2016,100 g/ha,7861,A,Official figure,
QCL,Crops and livestock products,143,Morocco,5510,Production,289,Sesame seed,2016,2016,t,942.77,A,Official figure,
QCL,Crops and livestock products,143,Morocco,5312,Area harvested,289,Sesame seed,2017,2017,ha,838,A,Official figure,
QCL,Crops and livestock products,143,Morocco,5419,Yield,289,Sesame seed,2017,2017,100 g/ha,11933,A,Official figure,
QCL,Crops and livestock products,143,Morocco,5510,Production,289,Sesame seed,2017,2017,t,1000,A,Official figure,
QCL,Crops and livestock products,143,Morocco,5312,Area harvested,289,Sesame seed,2018,2018,ha,725,A,Official figure,
QCL,Crops and livestock products,143,Morocco,5419,Yield,289,Sesame seed,2018,2018,100 g/ha,11007,A,Official figure,
QCL,Crops and livestock products,143,Morocco,5510,Production,289,Sesame seed,2018,2018,t,798,A,Official figure,
QCL,Crops and livestock products,143,Morocco,5312,Area harvested,289,Sesame seed,2019,2019,ha,725,A,Official figure,
QCL,Crops and livestock products,143,Morocco,5419,Yield,289,Sesame seed,2019,2019,100 g/ha,11007,A,Official figure,
QCL,Crops and livestock products,143,Morocco,5510,Production,289,Sesame seed,2019,2019,t,798,A,Official figure,
QCL,Crops and livestock products,143,Morocco,5312,Area harvested,289,Sesame seed,2020,2020,ha,849,A,Official figure,
QCL,Crops and livestock products,143,Morocco,5419,Yield,289,Sesame seed,2020,2020,100 g/ha,7809,A,Official figure,
QCL,Crops and livestock products,143,Morocco,5510,Production,289,Sesame seed,2020,2020,t,662.8,A,Official figure,
QCL,Crops and livestock products,143,Morocco,5312,Area harvested,289,Sesame seed,2021,2021,ha,918,A,Official figure,
QCL,Crops and livestock products,143,Morocco,5419,Yield,289,Sesame seed,2021,2021,100 g/ha,6895,A,Official figure,
QCL,Crops and livestock products,143,Morocco,5510,Production,289,Sesame seed,2021,2021,t,633,A,Official figure,
QCL,Crops and livestock products,143,Morocco,5312,Area harvested,289,Sesame seed,2022,2022,ha,400,A,Official figure,
QCL,Crops and livestock products,143,Morocco,5419,Yield,289,Sesame seed,2022,2022,100 g/ha,7000,A,Official figure,
QCL,Crops and livestock products,143,Morocco,5510,Production,289,Sesame seed,2022,2022,t,280,A,Official figure,
QCL,Crops and livestock products,143,Morocco,5111,Stocks,976,Sheep,1961,1961,An,13041700,A,Official figure,
QCL,Crops and livestock products,143,Morocco,5111,Stocks,976,Sheep,1962,1962,An,10268100,A,Official figure,
QCL,Crops and livestock products,143,Morocco,5111,Stocks,976,Sheep,1963,1963,An,9123500,A,Official figure,
QCL,Crops and livestock products,143,Morocco,5111,Stocks,976,Sheep,1964,1964,An,10362900,A,Official figure,
QCL,Crops and livestock products,143,Morocco,5111,Stocks,976,Sheep,1965,1965,An,11990300,A,Official figure,
QCL,Crops and livestock products,143,Morocco,5111,Stocks,976,Sheep,1966,1966,An,12569700,A,Official figure,
QCL,Crops and livestock products,143,Morocco,5111,Stocks,976,Sheep,1967,1967,An,13408000,A,Official figure,
QCL,Crops and livestock products,143,Morocco,5111,Stocks,976,Sheep,1968,1968,An,14750000,A,Official figure,
QCL,Crops and livestock products,143,Morocco,5111,Stocks,976,Sheep,1969,1969,An,16000000,A,Official figure,
QCL,Crops and livestock products,143,Morocco,5111,Stocks,976,Sheep,1970,1970,An,17000000,E,Estimated value,
QCL,Crops and livestock products,143,Morocco,5111,Stocks,976,Sheep,1971,1971,An,18260000,A,Official figure,
QCL,Crops and livestock products,143,Morocco,5111,Stocks,976,Sheep,1972,1972,An,16500000,A,Official figure,
QCL,Crops and livestock products,143,Morocco,5111,Stocks,976,Sheep,1973,1973,An,16000000,A,Official figure,
QCL,Crops and livestock products,143,Morocco,5111,Stocks,976,Sheep,1974,1974,An,16000000,A,Official figure,
QCL,Crops and livestock products,143,Morocco,5111,Stocks,976,Sheep,1975,1975,An,14800000,A,Official figure,
QCL,Crops and livestock products,143,Morocco,5111,Stocks,976,Sheep,1976,1976,An,14270000,X,Figure from international organizations,Unofficial figure
QCL,Crops and livestock products,143,Morocco,5111,Stocks,976,Sheep,1977,1977,An,14300000,E,Estimated value,
QCL,Crops and livestock products,143,Morocco,5111,Stocks,976,Sheep,1978,1978,An,14300000,A,Official figure,
QCL,Crops and livestock products,143,Morocco,5111,Stocks,976,Sheep,1979,1979,An,13500000,A,Official figure,
QCL,Crops and livestock products,143,Morocco,5111,Stocks,976,Sheep,1980,1980,An,16509808,A,Official figure,
QCL,Crops and livestock products,143,Morocco,5111,Stocks,976,Sheep,1981,1981,An,15675000,A,Official figure,
QCL,Crops and livestock products,143,Morocco,5111,Stocks,976,Sheep,1982,1982,An,10155000,A,Official figure,
QCL,Crops and livestock products,143,Morocco,5111,Stocks,976,Sheep,1983,1983,An,12611000,A,Official figure,
QCL,Crops and livestock products,143,Morocco,5111,Stocks,976,Sheep,1984,1984,An,11493179,A,Official figure,
QCL,Crops and livestock products,143,Morocco,5111,Stocks,976,Sheep,1985,1985,An,12862000,A,Official figure,
QCL,Crops and livestock products,143,Morocco,5111,Stocks,976,Sheep,1986,1986,An,14544940,A,Official figure,
QCL,Crops and livestock products,143,Morocco,5111,Stocks,976,Sheep,1987,1987,An,16135660,A,Official figure,
QCL,Crops and livestock products,143,Morocco,5111,Stocks,976,Sheep,1988,1988,An,12733345,A,Official figure,
QCL,Crops and livestock products,143,Morocco,5111,Stocks,976,Sheep,1989,1989,An,13761368,A,Official figure,
QCL,Crops and livestock products,143,Morocco,5111,Stocks,976,Sheep,1990,1990,An,13514426,A,Official figure,
QCL,Crops and livestock products,143,Morocco,5111,Stocks,976,Sheep,1991,1991,An,13307557,A,Official figure,
QCL,Crops and livestock products,143,Morocco,5111,Stocks,976,Sheep,1992,1992,An,13153700,A,Official figure,
QCL,Crops and livestock products,143,Morocco,5111,Stocks,976,Sheep,1993,1993,An,11868070,A,Official figure,
QCL,Crops and livestock products,143,Morocco,5111,Stocks,976,Sheep,1994,1994,An,13308900,A,Official figure,
QCL,Crops and livestock products,143,Morocco,5111,Stocks,976,Sheep,1995,1995,An,13388600,A,Official figure,
QCL,Crops and livestock products,143,Morocco,5111,Stocks,976,Sheep,1996,1996,An,14536100,A,Official figure,
QCL,Crops and livestock products,143,Morocco,5111,Stocks,976,Sheep,1997,1997,An,15286700,A,Official figure,
QCL,Crops and livestock products,143,Morocco,5111,Stocks,976,Sheep,1998,1998,An,14783900,A,Official figure,
QCL,Crops and livestock products,143,Morocco,5111,Stocks,976,Sheep,1999,1999,An,16576400,A,Official figure,
QCL,Crops and livestock products,143,Morocco,5111,Stocks,976,Sheep,2000,2000,An,17299700,A,Official figure,
QCL,Crops and livestock products,143,Morocco,5111,Stocks,976,Sheep,2001,2001,An,17172300,A,Official figure,
QCL,Crops and livestock products,143,Morocco,5111,Stocks,976,Sheep,2002,2002,An,16335500,A,Official figure,
QCL,Crops and livestock products,143,Morocco,5111,Stocks,976,Sheep,2003,2003,An,16743000,A,Official figure,
QCL,Crops and livestock products,143,Morocco,5111,Stocks,976,Sheep,2004,2004,An,17026300,A,Official figure,
QCL,Crops and livestock products,143,Morocco,5111,Stocks,976,Sheep,2005,2005,An,16872000,A,Official figure,
QCL,Crops and livestock products,143,Morocco,5111,Stocks,976,Sheep,2006,2006,An,17259700,A,Official figure,
QCL,Crops and livestock products,143,Morocco,5111,Stocks,976,Sheep,2007,2007,An,16894000,A,Official figure,
QCL,Crops and livestock products,143,Morocco,5111,Stocks,976,Sheep,2008,2008,An,17077700,A,Official figure,
QCL,Crops and livestock products,143,Morocco,5111,Stocks,976,Sheep,2009,2009,An,17006000,A,Official figure,
QCL,Crops and livestock products,143,Morocco,5111,Stocks,976,Sheep,2010,2010,An,18023200,A,Official figure,
QCL,Crops and livestock products,143,Morocco,5111,Stocks,976,Sheep,2011,2011,An,18737340,A,Official figure,
QCL,Crops and livestock products,143,Morocco,5111,Stocks,976,Sheep,2012,2012,An,19006080,A,Official figure,
QCL,Crops and livestock products,143,Morocco,5111,Stocks,976,Sheep,2013,2013,An,18979704,A,Official figure,
QCL,Crops and livestock products,143,Morocco,5111,Stocks,976,Sheep,2014,2014,An,19230835,A,Official figure,
QCL,Crops and livestock products,143,Morocco,5111,Stocks,976,Sheep,2015,2015,An,18509601,A,Official figure,
QCL,Crops and livestock products,143,Morocco,5111,Stocks,976,Sheep,2016,2016,An,19870000,A,Official figure,
QCL,Crops and livestock products,143,Morocco,5111,Stocks,976,Sheep,2017,2017,An,19863000,A,Official figure,
QCL,Crops and livestock products,143,Morocco,5111,Stocks,976,Sheep,2018,2018,An,19880000,A,Official figure,
QCL,Crops and livestock products,143,Morocco,5111,Stocks,976,Sheep,2019,2019,An,21591000,A,Official figure,
QCL,Crops and livestock products,143,Morocco,5111,Stocks,976,Sheep,2020,2020,An,22088800,A,Official figure,
QCL,Crops and livestock products,143,Morocco,5111,Stocks,976,Sheep,2021,2021,An,22726481,A,Official figure,
QCL,Crops and livestock products,143,Morocco,5111,Stocks,976,Sheep,2022,2022,An,21800556,A,Official figure,
QCL,Crops and livestock products,143,Morocco,5510,Production,979,"Sheep fat, unrendered",1961,1961,t,1250.21,I,Imputed value,
QCL,Crops and livestock products,143,Morocco,5320,Producing Animals/Slaughtered,979,"Sheep fat, unrendered",1961,1961,An,3830310,E,Estimated value,
QCL,Crops and livestock products,143,Morocco,5510,Production,979,"Sheep fat, unrendered",1962,1962,t,1020.64,I,Imputed value,
QCL,Crops and livestock products,143,Morocco,5320,Producing Animals/Slaughtered,979,"Sheep fat, unrendered",1962,1962,An,3024530,E,Estimated value,
QCL,Crops and livestock products,143,Morocco,5510,Production,979,"Sheep fat, unrendered",1963,1963,t,851.91,I,Imputed value,
QCL,Crops and livestock products,143,Morocco,5320,Producing Animals/Slaughtered,979,"Sheep fat, unrendered",1963,1963,An,2369710,E,Estimated value,
QCL,Crops and livestock products,143,Morocco,5510,Production,979,"Sheep fat, unrendered",1964,1964,t,917.19,I,Imputed value,
QCL,Crops and livestock products,143,Morocco,5320,Producing Animals/Slaughtered,979,"Sheep fat, unrendered",1964,1964,An,2695940,E,Estimated value,
QCL,Crops and livestock products,143,Morocco,5510,Production,979,"Sheep fat, unrendered",1965,1965,t,1069.32,I,Imputed value,
QCL,Crops and livestock products,143,Morocco,5320,Producing Animals/Slaughtered,979,"Sheep fat, unrendered",1965,1965,An,3117478,E,Estimated value,
QCL,Crops and livestock products,143,Morocco,5510,Production,979,"Sheep fat, unrendered",1966,1966,t,1106.38,I,Imputed value,
QCL,Crops and livestock products,143,Morocco,5320,Producing Animals/Slaughtered,979,"Sheep fat, unrendered",1966,1966,An,3280000,A,Official figure,
QCL,Crops and livestock products,143,Morocco,5510,Production,979,"Sheep fat, unrendered",1967,1967,t,1181.06,I,Imputed value,
QCL,Crops and livestock products,143,Morocco,5320,Producing Animals/Slaughtered,979,"Sheep fat, unrendered",1967,1967,An,3500000,A,Official figure,
QCL,Crops and livestock products,143,Morocco,5510,Production,979,"Sheep fat, unrendered",1968,1968,t,1300,I,Imputed value,
QCL,Crops and livestock products,143,Morocco,5320,Producing Animals/Slaughtered,979,"Sheep fat, unrendered",1968,1968,An,3835000,A,Official figure,
QCL,Crops and livestock products,143,Morocco,5510,Production,979,"Sheep fat, unrendered",1969,1969,t,1244.68,I,Imputed value,
QCL,Crops and livestock products,143,Morocco,5320,Producing Animals/Slaughtered,979,"Sheep fat, unrendered",1969,1969,An,3950000,A,Official figure,
QCL,Crops and livestock products,143,Morocco,5510,Production,979,"Sheep fat, unrendered",1970,1970,t,1280.64,I,Imputed value,
QCL,Crops and livestock products,143,Morocco,5320,Producing Animals/Slaughtered,979,"Sheep fat, unrendered",1970,1970,An,4100000,E,Estimated value,
QCL,Crops and livestock products,143,Morocco,5510,Production,979,"Sheep fat, unrendered",1971,1971,t,1355.32,I,Imputed value,
QCL,Crops and livestock products,143,Morocco,5320,Producing Animals/Slaughtered,979,"Sheep fat, unrendered",1971,1971,An,4524760,A,Official figure,
QCL,Crops and livestock products,143,Morocco,5510,Production,979,"Sheep fat, unrendered",1972,1972,t,1382.98,I,Imputed value,
QCL,Crops and livestock products,143,Morocco,5320,Producing Animals/Slaughtered,979,"Sheep fat, unrendered",1972,1972,An,4310344,A,Official figure,
QCL,Crops and livestock products,143,Morocco,5510,Production,979,"Sheep fat, unrendered",1973,1973,t,1382.98,I,Imputed value,
QCL,Crops and livestock products,143,Morocco,5320,Producing Animals/Slaughtered,979,"Sheep fat, unrendered",1973,1973,An,4807692,A,Official figure,
QCL,Crops and livestock products,143,Morocco,5510,Production,979,"Sheep fat, unrendered",1974,1974,t,1382.98,I,Imputed value,
QCL,Crops and livestock products,143,Morocco,5320,Producing Animals/Slaughtered,979,"Sheep fat, unrendered",1974,1974,An,4807692,A,Official figure,
QCL,Crops and livestock products,143,Morocco,5510,Production,979,"Sheep fat, unrendered",1975,1975,t,1197.66,I,Imputed value,
QCL,Crops and livestock products,143,Morocco,5320,Producing Animals/Slaughtered,979,"Sheep fat, unrendered",1975,1975,An,4160000,X,Figure from international organizations,Unofficial figure
QCL,Crops and livestock products,143,Morocco,5510,Production,979,"Sheep fat, unrendered",1976,1976,t,1122.98,I,Imputed value,
QCL,Crops and livestock products,143,Morocco,5320,Producing Animals/Slaughtered,979,"Sheep fat, unrendered",1976,1976,An,3590000,X,Figure from international organizations,Unofficial figure
QCL,Crops and livestock products,143,Morocco,5510,Production,979,"Sheep fat, unrendered",1977,1977,t,1300,I,Imputed value,
QCL,Crops and livestock products,143,Morocco,5320,Producing Animals/Slaughtered,979,"Sheep fat, unrendered",1977,1977,An,3653000,X,Figure from international organizations,Unofficial figure
QCL,Crops and livestock products,143,Morocco,5510,Production,979,"Sheep fat, unrendered",1978,1978,t,1382.98,I,Imputed value,
QCL,Crops and livestock products,143,Morocco,5320,Producing Animals/Slaughtered,979,"Sheep fat, unrendered",1978,1978,An,3870000,X,Figure from international organizations,Unofficial figure
QCL,Crops and livestock products,143,Morocco,5510,Production,979,"Sheep fat, unrendered",1979,1979,t,1382.98,I,Imputed value,
QCL,Crops and livestock products,143,Morocco,5320,Producing Animals/Slaughtered,979,"Sheep fat, unrendered",1979,1979,An,3650000,X,Figure from international organizations,Unofficial figure
QCL,Crops and livestock products,143,Morocco,5510,Production,979,"Sheep fat, unrendered",1980,1980,t,1438.3,I,Imputed value,
QCL,Crops and livestock products,143,Morocco,5320,Producing Animals/Slaughtered,979,"Sheep fat, unrendered",1980,1980,An,4365000,X,Figure from international organizations,Unofficial figure
QCL,Crops and livestock products,143,Morocco,5510,Production,979,"Sheep fat, unrendered",1981,1981,t,1797.87,I,Imputed value,
QCL,Crops and livestock products,143,Morocco,5320,Producing Animals/Slaughtered,979,"Sheep fat, unrendered",1981,1981,An,4900000,X,Figure from international organizations,Unofficial figure
QCL,Crops and livestock products,143,Morocco,5510,Production,979,"Sheep fat, unrendered",1982,1982,t,1272.34,I,Imputed value,
QCL,Crops and livestock products,143,Morocco,5320,Producing Animals/Slaughtered,979,"Sheep fat, unrendered",1982,1982,An,3784750,A,Official figure,
QCL,Crops and livestock products,143,Morocco,5510,Production,979,"Sheep fat, unrendered",1983,1983,t,1311.06,I,Imputed value,
QCL,Crops and livestock products,143,Morocco,5320,Producing Animals/Slaughtered,979,"Sheep fat, unrendered",1983,1983,An,4080428,A,Official figure,
QCL,Crops and livestock products,143,Morocco,5510,Production,979,"Sheep fat, unrendered",1984,1984,t,1382.15,I,Imputed value,
QCL,Crops and livestock products,143,Morocco,5320,Producing Animals/Slaughtered,979,"Sheep fat, unrendered",1984,1984,An,3930500,A,Official figure,
QCL,Crops and livestock products,143,Morocco,5510,Production,979,"Sheep fat, unrendered",1985,1985,t,1505.79,I,Imputed value,
QCL,Crops and livestock products,143,Morocco,5320,Producing Animals/Slaughtered,979,"Sheep fat, unrendered",1985,1985,An,4000000,E,Estimated value,
QCL,Crops and livestock products,143,Morocco,5510,Production,979,"Sheep fat, unrendered",1986,1986,t,1411.47,I,Imputed value,
QCL,Crops and livestock products,143,Morocco,5320,Producing Animals/Slaughtered,979,"Sheep fat, unrendered",1986,1986,An,4300000,E,Estimated value,
QCL,Crops and livestock products,143,Morocco,5510,Production,979,"Sheep fat, unrendered",1987,1987,t,1775.74,I,Imputed value,
QCL,Crops and livestock products,143,Morocco,5320,Producing Animals/Slaughtered,979,"Sheep fat, unrendered",1987,1987,An,4450000,A,Official figure,
QCL,Crops and livestock products,143,Morocco,5510,Production,979,"Sheep fat, unrendered",1988,1988,t,2516.88,I,Imputed value,
QCL,Crops and livestock products,143,Morocco,5320,Producing Animals/Slaughtered,979,"Sheep fat, unrendered",1988,1988,An,5000000,E,Estimated value,
QCL,Crops and livestock products,143,Morocco,5510,Production,979,"Sheep fat, unrendered",1989,1989,t,2852.26,I,Imputed value,
QCL,Crops and livestock products,143,Morocco,5320,Producing Animals/Slaughtered,979,"Sheep fat, unrendered",1989,1989,An,5800000,E,Estimated value,
QCL,Crops and livestock products,143,Morocco,5510,Production,979,"Sheep fat, unrendered",1990,1990,t,2775.22,I,Imputed value,
QCL,Crops and livestock products,143,Morocco,5320,Producing Animals/Slaughtered,979,"Sheep fat, unrendered",1990,1990,An,5600000,E,Estimated value,
QCL,Crops and livestock products,143,Morocco,5510,Production,979,"Sheep fat, unrendered",1991,1991,t,2744.22,I,Imputed value,
QCL,Crops and livestock products,143,Morocco,5320,Producing Animals/Slaughtered,979,"Sheep fat, unrendered",1991,1991,An,5300000,E,Estimated value,
QCL,Crops and livestock products,143,Morocco,5510,Production,979,"Sheep fat, unrendered",1992,1992,t,3009.5,I,Imputed value,
QCL,Crops and livestock products,143,Morocco,5320,Producing Animals/Slaughtered,979,"Sheep fat, unrendered",1992,1992,An,6020000,E,Estimated value,
QCL,Crops and livestock products,143,Morocco,5510,Production,979,"Sheep fat, unrendered",1993,1993,t,2833.97,I,Imputed value,
QCL,Crops and livestock products,143,Morocco,5320,Producing Animals/Slaughtered,979,"Sheep fat, unrendered",1993,1993,An,5077000,A,Official figure,
QCL,Crops and livestock products,143,Morocco,5510,Production,979,"Sheep fat, unrendered",1994,1994,t,2892.36,I,Imputed value,
QCL,Crops and livestock products,143,Morocco,5320,Producing Animals/Slaughtered,979,"Sheep fat, unrendered",1994,1994,An,5800000,X,Figure from international organizations,Unofficial figure
QCL,Crops and livestock products,143,Morocco,5510,Production,979,"Sheep fat, unrendered",1995,1995,t,3097.87,I,Imputed value,
QCL,Crops and livestock products,143,Morocco,5320,Producing Animals/Slaughtered,979,"Sheep fat, unrendered",1995,1995,An,6100000,X,Figure from international organizations,Unofficial figure
QCL,Crops and livestock products,143,Morocco,5510,Production,979,"Sheep fat, unrendered",1996,1996,t,2489.36,I,Imputed value,
QCL,Crops and livestock products,143,Morocco,5320,Producing Animals/Slaughtered,979,"Sheep fat, unrendered",1996,1996,An,6000000,X,Figure from international organizations,Unofficial figure
QCL,Crops and livestock products,143,Morocco,5510,Production,979,"Sheep fat, unrendered",1997,1997,t,3319.15,I,Imputed value,
QCL,Crops and livestock products,143,Morocco,5320,Producing Animals/Slaughtered,979,"Sheep fat, unrendered",1997,1997,An,6500000,E,Estimated value,
QCL,Crops and livestock products,143,Morocco,5510,Production,979,"Sheep fat, unrendered",1998,1998,t,3180.85,I,Imputed value,
QCL,Crops and livestock products,143,Morocco,5320,Producing Animals/Slaughtered,979,"Sheep fat, unrendered",1998,1998,An,6200000,A,Official figure,
QCL,Crops and livestock products,143,Morocco,5510,Production,979,"Sheep fat, unrendered",1999,1999,t,3485.11,I,Imputed value,
QCL,Crops and livestock products,143,Morocco,5320,Producing Animals/Slaughtered,979,"Sheep fat, unrendered",1999,1999,An,6800000,E,Estimated value,
QCL,Crops and livestock products,143,Morocco,5510,Production,979,"Sheep fat, unrendered",2000,2000,t,3457.45,I,Imputed value,
QCL,Crops and livestock products,143,Morocco,5320,Producing Animals/Slaughtered,979,"Sheep fat, unrendered",2000,2000,An,7200000,E,Estimated value,
QCL,Crops and livestock products,143,Morocco,5510,Production,979,"Sheep fat, unrendered",2001,2001,t,3457.45,I,Imputed value,
QCL,Crops and livestock products,143,Morocco,5320,Producing Animals/Slaughtered,979,"Sheep fat, unrendered",2001,2001,An,7200000,E,Estimated value,
QCL,Crops and livestock products,143,Morocco,5510,Production,979,"Sheep fat, unrendered",2002,2002,t,3042.55,I,Imputed value,
QCL,Crops and livestock products,143,Morocco,5320,Producing Animals/Slaughtered,979,"Sheep fat, unrendered",2002,2002,An,6900000,E,Estimated value,
QCL,Crops and livestock products,143,Morocco,5510,Production,979,"Sheep fat, unrendered",2003,2003,t,2904.26,I,Imputed value,
QCL,Crops and livestock products,143,Morocco,5320,Producing Animals/Slaughtered,979,"Sheep fat, unrendered",2003,2003,An,7000000,E,Estimated value,
QCL,Crops and livestock products,143,Morocco,5510,Production,979,"Sheep fat, unrendered",2004,2004,t,2904.26,I,Imputed value,
QCL,Crops and livestock products,143,Morocco,5320,Producing Animals/Slaughtered,979,"Sheep fat, unrendered",2004,2004,An,7200000,E,Estimated value,
QCL,Crops and livestock products,143,Morocco,5510,Production,979,"Sheep fat, unrendered",2005,2005,t,3180.85,I,Imputed value,
QCL,Crops and livestock products,143,Morocco,5320,Producing Animals/Slaughtered,979,"Sheep fat, unrendered",2005,2005,An,7100000,E,Estimated value,
QCL,Crops and livestock products,143,Morocco,5510,Production,979,"Sheep fat, unrendered",2006,2006,t,3319.15,I,Imputed value,
QCL,Crops and livestock products,143,Morocco,5320,Producing Animals/Slaughtered,979,"Sheep fat, unrendered",2006,2006,An,8480000,A,Official figure,
QCL,Crops and livestock products,143,Morocco,5510,Production,979,"Sheep fat, unrendered",2007,2007,t,3319.15,I,Imputed value,
QCL,Crops and livestock products,143,Morocco,5320,Producing Animals/Slaughtered,979,"Sheep fat, unrendered",2007,2007,An,8420000,A,Official figure,
QCL,Crops and livestock products,143,Morocco,5510,Production,979,"Sheep fat, unrendered",2008,2008,t,3346.81,I,Imputed value,
QCL,Crops and livestock products,143,Morocco,5320,Producing Animals/Slaughtered,979,"Sheep fat, unrendered",2008,2008,An,8520000,E,Estimated value,
QCL,Crops and livestock products,143,Morocco,5510,Production,979,"Sheep fat, unrendered",2009,2009,t,3706.38,I,Imputed value,
QCL,Crops and livestock products,143,Morocco,5320,Producing Animals/Slaughtered,979,"Sheep fat, unrendered",2009,2009,An,9370000,E,Estimated value,
QCL,Crops and livestock products,143,Morocco,5510,Production,979,"Sheep fat, unrendered",2010,2010,t,3844.68,I,Imputed value,
QCL,Crops and livestock products,143,Morocco,5320,Producing Animals/Slaughtered,979,"Sheep fat, unrendered",2010,2010,An,9720000,E,Estimated value,
QCL,Crops and livestock products,143,Morocco,5510,Production,979,"Sheep fat, unrendered",2011,2011,t,3967.21,I,Imputed value,
QCL,Crops and livestock products,143,Morocco,5320,Producing Animals/Slaughtered,979,"Sheep fat, unrendered",2011,2011,An,10050000,E,Estimated value,
QCL,Crops and livestock products,143,Morocco,5510,Production,979,"Sheep fat, unrendered",2012,2012,t,4082.33,I,Imputed value,
QCL,Crops and livestock products,143,Morocco,5320,Producing Animals/Slaughtered,979,"Sheep fat, unrendered",2012,2012,An,10350000,E,Estimated value,
QCL,Crops and livestock products,143,Morocco,5510,Production,979,"Sheep fat, unrendered",2013,2013,t,3263.83,I,Imputed value,
QCL,Crops and livestock products,143,Morocco,5320,Producing Animals/Slaughtered,979,"Sheep fat, unrendered",2013,2013,An,10500000,E,Estimated value,
QCL,Crops and livestock products,143,Morocco,5510,Production,979,"Sheep fat, unrendered",2014,2014,t,3329.08,I,Imputed value,
QCL,Crops and livestock products,143,Morocco,5320,Producing Animals/Slaughtered,979,"Sheep fat, unrendered",2014,2014,An,10517565.38,I,Imputed value,
QCL,Crops and livestock products,143,Morocco,5510,Production,979,"Sheep fat, unrendered",2015,2015,t,4342.36,I,Imputed value,
QCL,Crops and livestock products,143,Morocco,5320,Producing Animals/Slaughtered,979,"Sheep fat, unrendered",2015,2015,An,10133607.31,I,Imputed value,
QCL,Crops and livestock products,143,Morocco,5510,Production,979,"Sheep fat, unrendered",2016,2016,t,4451.67,I,Imputed value,
QCL,Crops and livestock products,143,Morocco,5320,Producing Animals/Slaughtered,979,"Sheep fat, unrendered",2016,2016,An,11042651.02,I,Imputed value,
QCL,Crops and livestock products,143,Morocco,5510,Production,979,"Sheep fat, unrendered",2017,2017,t,4775.43,I,Imputed value,
QCL,Crops and livestock products,143,Morocco,5320,Producing Animals/Slaughtered,979,"Sheep fat, unrendered",2017,2017,An,11121792.82,I,Imputed value,
QCL,Crops and livestock products,143,Morocco,5510,Production,979,"Sheep fat, unrendered",2018,2018,t,4920.22,I,Imputed value,
QCL,Crops and livestock products,143,Morocco,5320,Producing Animals/Slaughtered,979,"Sheep fat, unrendered",2018,2018,An,11226277.25,I,Imputed value,
QCL,Crops and livestock products,143,Morocco,5510,Production,979,"Sheep fat, unrendered",2019,2019,t,4944.7,I,Imputed value,
QCL,Crops and livestock products,143,Morocco,5320,Producing Animals/Slaughtered,979,"Sheep fat, unrendered",2019,2019,An,12320795.82,I,Imputed value,
QCL,Crops and livestock products,143,Morocco,5510,Production,979,"Sheep fat, unrendered",2020,2020,t,4951.06,I,Imputed value,
QCL,Crops and livestock products,143,Morocco,5320,Producing Animals/Slaughtered,979,"Sheep fat, unrendered",2020,2020,An,12736134.58,I,Imputed value,
QCL,Crops and livestock products,143,Morocco,5510,Production,979,"Sheep fat, unrendered",2021,2021,t,4951.06,I,Imputed value,
QCL,Crops and livestock products,143,Morocco,5320,Producing Animals/Slaughtered,979,"Sheep fat, unrendered",2021,2021,An,13238875.1,I,Imputed value,
QCL,Crops and livestock products,143,Morocco,5510,Production,979,"Sheep fat, unrendered",2022,2022,t,4535.64,I,Imputed value,
QCL,Crops and livestock products,143,Morocco,5320,Producing Animals/Slaughtered,979,"Sheep fat, unrendered",2022,2022,An,12829053.96,I,Imputed value,
QCL,Crops and livestock products,143,Morocco,5510,Production,987,"Shorn wool, greasy, including fleece-washed shorn wool",1961,1961,t,15000,A,Official figure,
QCL,Crops and livestock products,143,Morocco,5510,Production,987,"Shorn wool, greasy, including fleece-washed shorn wool",1962,1962,t,16000,A,Official figure,
QCL,Crops and livestock products,143,Morocco,5510,Production,987,"Shorn wool, greasy, including fleece-washed shorn wool",1963,1963,t,16500,A,Official figure,
QCL,Crops and livestock products,143,Morocco,5510,Production,987,"Shorn wool, greasy, including fleece-washed shorn wool",1964,1964,t,12000,A,Official figure,
QCL,Crops and livestock products,143,Morocco,5510,Production,987,"Shorn wool, greasy, including fleece-washed shorn wool",1965,1965,t,13000,A,Official figure,
QCL,Crops and livestock products,143,Morocco,5510,Production,987,"Shorn wool, greasy, including fleece-washed shorn wool",1966,1966,t,16000,A,Official figure,
QCL,Crops and livestock products,143,Morocco,5510,Production,987,"Shorn wool, greasy, including fleece-washed shorn wool",1967,1967,t,18000,A,Official figure,
QCL,Crops and livestock products,143,Morocco,5510,Production,987,"Shorn wool, greasy, including fleece-washed shorn wool",1968,1968,t,16700,A,Official figure,
QCL,Crops and livestock products,143,Morocco,5510,Production,987,"Shorn wool, greasy, including fleece-washed shorn wool",1969,1969,t,18100,X,Figure from international organizations,Unofficial figure
QCL,Crops and livestock products,143,Morocco,5510,Production,987,"Shorn wool, greasy, including fleece-washed shorn wool",1970,1970,t,15500,X,Figure from international organizations,Unofficial figure
QCL,Crops and livestock products,143,Morocco,5510,Production,987,"Shorn wool, greasy, including fleece-washed shorn wool",1971,1971,t,13500,X,Figure from international organizations,Unofficial figure
QCL,Crops and livestock products,143,Morocco,5510,Production,987,"Shorn wool, greasy, including fleece-washed shorn wool",1972,1972,t,20000,X,Figure from international organizations,Unofficial figure
QCL,Crops and livestock products,143,Morocco,5510,Production,987,"Shorn wool, greasy, including fleece-washed shorn wool",1973,1973,t,23000,X,Figure from international organizations,Unofficial figure
QCL,Crops and livestock products,143,Morocco,5510,Production,987,"Shorn wool, greasy, including fleece-washed shorn wool",1974,1974,t,19000,X,Figure from international organizations,Unofficial figure
QCL,Crops and livestock products,143,Morocco,5510,Production,987,"Shorn wool, greasy, including fleece-washed shorn wool",1975,1975,t,20000,X,Figure from international organizations,Unofficial figure
QCL,Crops and livestock products,143,Morocco,5510,Production,987,"Shorn wool, greasy, including fleece-washed shorn wool",1976,1976,t,21000,X,Figure from international organizations,Unofficial figure
QCL,Crops and livestock products,143,Morocco,5510,Production,987,"Shorn wool, greasy, including fleece-washed shorn wool",1977,1977,t,11000,X,Figure from international organizations,Unofficial figure
QCL,Crops and livestock products,143,Morocco,5510,Production,987,"Shorn wool, greasy, including fleece-washed shorn wool",1978,1978,t,12000,X,Figure from international organizations,Unofficial figure
QCL,Crops and livestock products,143,Morocco,5510,Production,987,"Shorn wool, greasy, including fleece-washed shorn wool",1979,1979,t,12600,X,Figure from international organizations,Unofficial figure
QCL,Crops and livestock products,143,Morocco,5510,Production,987,"Shorn wool, greasy, including fleece-washed shorn wool",1980,1980,t,12700,X,Figure from international organizations,Unofficial figure
QCL,Crops and livestock products,143,Morocco,5510,Production,987,"Shorn wool, greasy, including fleece-washed shorn wool",1981,1981,t,16000,X,Figure from international organizations,Unofficial figure
QCL,Crops and livestock products,143,Morocco,5510,Production,987,"Shorn wool, greasy, including fleece-washed shorn wool",1982,1982,t,13000,X,Figure from international organizations,Unofficial figure
QCL,Crops and livestock products,143,Morocco,5510,Production,987,"Shorn wool, greasy, including fleece-washed shorn wool",1983,1983,t,16000,X,Figure from international organizations,Unofficial figure
QCL,Crops and livestock products,143,Morocco,5510,Production,987,"Shorn wool, greasy, including fleece-washed shorn wool",1984,1984,t,24000,X,Figure from international organizations,Unofficial figure
QCL,Crops and livestock products,143,Morocco,5510,Production,987,"Shorn wool, greasy, including fleece-washed shorn wool",1985,1985,t,27000,X,Figure from international organizations,Unofficial figure
QCL,Crops and livestock products,143,Morocco,5510,Production,987,"Shorn wool, greasy, including fleece-washed shorn wool",1986,1986,t,31000,X,Figure from international organizations,Unofficial figure
QCL,Crops and livestock products,143,Morocco,5510,Production,987,"Shorn wool, greasy, including fleece-washed shorn wool",1987,1987,t,32000,X,Figure from international organizations,Unofficial figure
QCL,Crops and livestock products,143,Morocco,5510,Production,987,"Shorn wool, greasy, including fleece-washed shorn wool",1988,1988,t,34000,X,Figure from international organizations,Unofficial figure
QCL,Crops and livestock products,143,Morocco,5510,Production,987,"Shorn wool, greasy, including fleece-washed shorn wool",1989,1989,t,34000,X,Figure from international organizations,Unofficial figure
QCL,Crops and livestock products,143,Morocco,5510,Production,987,"Shorn wool, greasy, including fleece-washed shorn wool",1990,1990,t,35000,X,Figure from international organizations,Unofficial figure
QCL,Crops and livestock products,143,Morocco,5510,Production,987,"Shorn wool, greasy, including fleece-washed shorn wool",1991,1991,t,35000,X,Figure from international organizations,Unofficial figure
QCL,Crops and livestock products,143,Morocco,5510,Production,987,"Shorn wool, greasy, including fleece-washed shorn wool",1992,1992,t,36000,E,Estimated value,
QCL,Crops and livestock products,143,Morocco,5510,Production,987,"Shorn wool, greasy, including fleece-washed shorn wool",1993,1993,t,35000,A,Official figure,
QCL,Crops and livestock products,143,Morocco,5510,Production,987,"Shorn wool, greasy, including fleece-washed shorn wool",1994,1994,t,36000,E,Estimated value,
QCL,Crops and livestock products,143,Morocco,5510,Production,987,"Shorn wool, greasy, including fleece-washed shorn wool",1995,1995,t,36283.46,I,Imputed value,
QCL,Crops and livestock products,143,Morocco,5510,Production,987,"Shorn wool, greasy, including fleece-washed shorn wool",1996,1996,t,36606.48,I,Imputed value,
QCL,Crops and livestock products,143,Morocco,5510,Production,987,"Shorn wool, greasy, including fleece-washed shorn wool",1997,1997,t,37000,A,Official figure,
QCL,Crops and livestock products,143,Morocco,5510,Production,987,"Shorn wool, greasy, including fleece-washed shorn wool",1998,1998,t,38000,A,Official figure,
QCL,Crops and livestock products,143,Morocco,5510,Production,987,"Shorn wool, greasy, including fleece-washed shorn wool",1999,1999,t,38000,A,Official figure,
QCL,Crops and livestock products,143,Morocco,5510,Production,987,"Shorn wool, greasy, including fleece-washed shorn wool",2000,2000,t,40000,X,Figure from international organizations,Unofficial figure
QCL,Crops and livestock products,143,Morocco,5510,Production,987,"Shorn wool, greasy, including fleece-washed shorn wool",2001,2001,t,41311.61,I,Imputed value,
QCL,Crops and livestock products,143,Morocco,5510,Production,987,"Shorn wool, greasy, including fleece-washed shorn wool",2002,2002,t,42777.72,I,Imputed value,
QCL,Crops and livestock products,143,Morocco,5510,Production,987,"Shorn wool, greasy, including fleece-washed shorn wool",2003,2003,t,44235.39,I,Imputed value,
QCL,Crops and livestock products,143,Morocco,5510,Production,987,"Shorn wool, greasy, including fleece-washed shorn wool",2004,2004,t,45682.4,I,Imputed value,
QCL,Crops and livestock products,143,Morocco,5510,Production,987,"Shorn wool, greasy, including fleece-washed shorn wool",2005,2005,t,47064.51,I,Imputed value,
QCL,Crops and livestock products,143,Morocco,5510,Production,987,"Shorn wool, greasy, including fleece-washed shorn wool",2006,2006,t,48460.98,I,Imputed value,
QCL,Crops and livestock products,143,Morocco,5510,Production,987,"Shorn wool, greasy, including fleece-washed shorn wool",2007,2007,t,49852.61,I,Imputed value,
QCL,Crops and livestock products,143,Morocco,5510,Production,987,"Shorn wool, greasy, including fleece-washed shorn wool",2008,2008,t,51234.75,I,Imputed value,
QCL,Crops and livestock products,143,Morocco,5510,Production,987,"Shorn wool, greasy, including fleece-washed shorn wool",2009,2009,t,52595.9,I,Imputed value,
QCL,Crops and livestock products,143,Morocco,5510,Production,987,"Shorn wool, greasy, including fleece-washed shorn wool",2010,2010,t,53937.6,I,Imputed value,
QCL,Crops and livestock products,143,Morocco,5510,Production,987,"Shorn wool, greasy, including fleece-washed shorn wool",2011,2011,t,55500,E,Estimated value,
QCL,Crops and livestock products,143,Morocco,5510,Production,987,"Shorn wool, greasy, including fleece-washed shorn wool",2012,2012,t,56000,E,Estimated value,
QCL,Crops and livestock products,143,Morocco,5510,Production,987,"Shorn wool, greasy, including fleece-washed shorn wool",2013,2013,t,56829.01,I,Imputed value,
QCL,Crops and livestock products,143,Morocco,5510,Production,987,"Shorn wool, greasy, including fleece-washed shorn wool",2014,2014,t,57770.97,I,Imputed value,
QCL,Crops and livestock products,143,Morocco,5510,Production,987,"Shorn wool, greasy, including fleece-washed shorn wool",2015,2015,t,60203.8,I,Imputed value,
QCL,Crops and livestock products,143,Morocco,5510,Production,987,"Shorn wool, greasy, including fleece-washed shorn wool",2016,2016,t,58267.93,E,Estimated value,
QCL,Crops and livestock products,143,Morocco,5510,Production,987,"Shorn wool, greasy, including fleece-washed shorn wool",2017,2017,t,59645.15,I,Imputed value,
QCL,Crops and livestock products,143,Morocco,5510,Production,987,"Shorn wool, greasy, including fleece-washed shorn wool",2018,2018,t,60260.11,I,Imputed value,
QCL,Crops and livestock products,143,Morocco,5510,Production,987,"Shorn wool, greasy, including fleece-washed shorn wool",2019,2019,t,61914.15,I,Imputed value,
QCL,Crops and livestock products,143,Morocco,5510,Production,987,"Shorn wool, greasy, including fleece-washed shorn wool",2020,2020,t,60521.57,E,Estimated value,
QCL,Crops and livestock products,143,Morocco,5510,Production,987,"Shorn wool, greasy, including fleece-washed shorn wool",2021,2021,t,61531.53,E,Estimated value,
QCL,Crops and livestock products,143,Morocco,5510,Production,987,"Shorn wool, greasy, including fleece-washed shorn wool",2022,2022,t,62425.5,E,Estimated value,
QCL,Crops and livestock products,143,Morocco,5312,Area harvested,789,"Sisal, raw",1961,1961,ha,1000,A,Official figure,
QCL,Crops and livestock products,143,Morocco,5419,Yield,789,"Sisal, raw",1961,1961,100 g/ha,3000,A,Official figure,
QCL,Crops and livestock products,143,Morocco,5510,Production,789,"Sisal, raw",1961,1961,t,300,A,Official figure,
QCL,Crops and livestock products,143,Morocco,5312,Area harvested,789,"Sisal, raw",1962,1962,ha,1000,A,Official figure,
QCL,Crops and livestock products,143,Morocco,5419,Yield,789,"Sisal, raw",1962,1962,100 g/ha,3000,A,Official figure,
QCL,Crops and livestock products,143,Morocco,5510,Production,789,"Sisal, raw",1962,1962,t,300,A,Official figure,
QCL,Crops and livestock products,143,Morocco,5312,Area harvested,789,"Sisal, raw",1963,1963,ha,1000,A,Official figure,
QCL,Crops and livestock products,143,Morocco,5419,Yield,789,"Sisal, raw",1963,1963,100 g/ha,3000,A,Official figure,
QCL,Crops and livestock products,143,Morocco,5510,Production,789,"Sisal, raw",1963,1963,t,300,A,Official figure,
QCL,Crops and livestock products,143,Morocco,5312,Area harvested,789,"Sisal, raw",1964,1964,ha,1300,A,Official figure,
QCL,Crops and livestock products,143,Morocco,5419,Yield,789,"Sisal, raw",1964,1964,100 g/ha,2538,A,Official figure,
QCL,Crops and livestock products,143,Morocco,5510,Production,789,"Sisal, raw",1964,1964,t,330,A,Official figure,
QCL,Crops and livestock products,143,Morocco,5312,Area harvested,789,"Sisal, raw",1965,1965,ha,1300,A,Official figure,
QCL,Crops and livestock products,143,Morocco,5419,Yield,789,"Sisal, raw",1965,1965,100 g/ha,2308,A,Official figure,
QCL,Crops and livestock products,143,Morocco,5510,Production,789,"Sisal, raw",1965,1965,t,300,A,Official figure,
QCL,Crops and livestock products,143,Morocco,5312,Area harvested,789,"Sisal, raw",1966,1966,ha,1300,E,Estimated value,
QCL,Crops and livestock products,143,Morocco,5419,Yield,789,"Sisal, raw",1966,1966,100 g/ha,2308,E,Estimated value,
QCL,Crops and livestock products,143,Morocco,5510,Production,789,"Sisal, raw",1966,1966,t,300,E,Estimated value,
QCL,Crops and livestock products,143,Morocco,5312,Area harvested,789,"Sisal, raw",1967,1967,ha,1300,E,Estimated value,
QCL,Crops and livestock products,143,Morocco,5419,Yield,789,"Sisal, raw",1967,1967,100 g/ha,2308,E,Estimated value,
QCL,Crops and livestock products,143,Morocco,5510,Production,789,"Sisal, raw",1967,1967,t,300,E,Estimated value,
QCL,Crops and livestock products,143,Morocco,5312,Area harvested,789,"Sisal, raw",1968,1968,ha,1300,E,Estimated value,
QCL,Crops and livestock products,143,Morocco,5419,Yield,789,"Sisal, raw",1968,1968,100 g/ha,2308,E,Estimated value,
QCL,Crops and livestock products,143,Morocco,5510,Production,789,"Sisal, raw",1968,1968,t,300,E,Estimated value,
QCL,Crops and livestock products,143,Morocco,5312,Area harvested,789,"Sisal, raw",1969,1969,ha,1300,E,Estimated value,
QCL,Crops and livestock products,143,Morocco,5419,Yield,789,"Sisal, raw",1969,1969,100 g/ha,2308,E,Estimated value,
QCL,Crops and livestock products,143,Morocco,5510,Production,789,"Sisal, raw",1969,1969,t,300,E,Estimated value,
QCL,Crops and livestock products,143,Morocco,5312,Area harvested,789,"Sisal, raw",1970,1970,ha,1300,E,Estimated value,
QCL,Crops and livestock products,143,Morocco,5419,Yield,789,"Sisal, raw",1970,1970,100 g/ha,2308,E,Estimated value,
QCL,Crops and livestock products,143,Morocco,5510,Production,789,"Sisal, raw",1970,1970,t,300,E,Estimated value,
QCL,Crops and livestock products,143,Morocco,5312,Area harvested,789,"Sisal, raw",1971,1971,ha,1300,E,Estimated value,
QCL,Crops and livestock products,143,Morocco,5419,Yield,789,"Sisal, raw",1971,1971,100 g/ha,2308,E,Estimated value,
QCL,Crops and livestock products,143,Morocco,5510,Production,789,"Sisal, raw",1971,1971,t,300,E,Estimated value,
QCL,Crops and livestock products,143,Morocco,5312,Area harvested,789,"Sisal, raw",1972,1972,ha,1400,E,Estimated value,
QCL,Crops and livestock products,143,Morocco,5419,Yield,789,"Sisal, raw",1972,1972,100 g/ha,2857,E,Estimated value,
QCL,Crops and livestock products,143,Morocco,5510,Production,789,"Sisal, raw",1972,1972,t,400,E,Estimated value,
QCL,Crops and livestock products,143,Morocco,5312,Area harvested,789,"Sisal, raw",1973,1973,ha,1400,E,Estimated value,
QCL,Crops and livestock products,143,Morocco,5419,Yield,789,"Sisal, raw",1973,1973,100 g/ha,2857,E,Estimated value,
QCL,Crops and livestock products,143,Morocco,5510,Production,789,"Sisal, raw",1973,1973,t,400,E,Estimated value,
QCL,Crops and livestock products,143,Morocco,5312,Area harvested,789,"Sisal, raw",1974,1974,ha,1400,E,Estimated value,
QCL,Crops and livestock products,143,Morocco,5419,Yield,789,"Sisal, raw",1974,1974,100 g/ha,3571,E,Estimated value,
QCL,Crops and livestock products,143,Morocco,5510,Production,789,"Sisal, raw",1974,1974,t,500,E,Estimated value,
QCL,Crops and livestock products,143,Morocco,5312,Area harvested,789,"Sisal, raw",1975,1975,ha,1400,E,Estimated value,
QCL,Crops and livestock products,143,Morocco,5419,Yield,789,"Sisal, raw",1975,1975,100 g/ha,4286,E,Estimated value,
QCL,Crops and livestock products,143,Morocco,5510,Production,789,"Sisal, raw",1975,1975,t,600,E,Estimated value,
QCL,Crops and livestock products,143,Morocco,5312,Area harvested,789,"Sisal, raw",1976,1976,ha,1500,E,Estimated value,
QCL,Crops and livestock products,143,Morocco,5419,Yield,789,"Sisal, raw",1976,1976,100 g/ha,4000,E,Estimated value,
QCL,Crops and livestock products,143,Morocco,5510,Production,789,"Sisal, raw",1976,1976,t,600,E,Estimated value,
QCL,Crops and livestock products,143,Morocco,5312,Area harvested,789,"Sisal, raw",1977,1977,ha,1500,E,Estimated value,
QCL,Crops and livestock products,143,Morocco,5419,Yield,789,"Sisal, raw",1977,1977,100 g/ha,4667,E,Estimated value,
QCL,Crops and livestock products,143,Morocco,5510,Production,789,"Sisal, raw",1977,1977,t,700,E,Estimated value,
QCL,Crops and livestock products,143,Morocco,5312,Area harvested,789,"Sisal, raw",1978,1978,ha,1600,E,Estimated value,
QCL,Crops and livestock products,143,Morocco,5419,Yield,789,"Sisal, raw",1978,1978,100 g/ha,4500,E,Estimated value,
QCL,Crops and livestock products,143,Morocco,5510,Production,789,"Sisal, raw",1978,1978,t,720,E,Estimated value,
QCL,Crops and livestock products,143,Morocco,5312,Area harvested,789,"Sisal, raw",1979,1979,ha,1700,E,Estimated value,
QCL,Crops and livestock products,143,Morocco,5419,Yield,789,"Sisal, raw",1979,1979,100 g/ha,4294,E,Estimated value,
QCL,Crops and livestock products,143,Morocco,5510,Production,789,"Sisal, raw",1979,1979,t,730,E,Estimated value,
QCL,Crops and livestock products,143,Morocco,5312,Area harvested,789,"Sisal, raw",1980,1980,ha,1700,E,Estimated value,
QCL,Crops and livestock products,143,Morocco,5419,Yield,789,"Sisal, raw",1980,1980,100 g/ha,4294,E,Estimated value,
QCL,Crops and livestock products,143,Morocco,5510,Production,789,"Sisal, raw",1980,1980,t,730,E,Estimated value,
QCL,Crops and livestock products,143,Morocco,5312,Area harvested,789,"Sisal, raw",1981,1981,ha,1600,X,Figure from international organizations,Unofficial figure
QCL,Crops and livestock products,143,Morocco,5419,Yield,789,"Sisal, raw",1981,1981,100 g/ha,6250,X,Figure from international organizations,
QCL,Crops and livestock products,143,Morocco,5510,Production,789,"Sisal, raw",1981,1981,t,1000,X,Figure from international organizations,Unofficial figure
QCL,Crops and livestock products,143,Morocco,5312,Area harvested,789,"Sisal, raw",1982,1982,ha,1700,E,Estimated value,
QCL,Crops and livestock products,143,Morocco,5419,Yield,789,"Sisal, raw",1982,1982,100 g/ha,6471,E,Estimated value,
QCL,Crops and livestock products,143,Morocco,5510,Production,789,"Sisal, raw",1982,1982,t,1100,E,Estimated value,
QCL,Crops and livestock products,143,Morocco,5312,Area harvested,789,"Sisal, raw",1983,1983,ha,1700,E,Estimated value,
QCL,Crops and livestock products,143,Morocco,5419,Yield,789,"Sisal, raw",1983,1983,100 g/ha,6471,E,Estimated value,
QCL,Crops and livestock products,143,Morocco,5510,Production,789,"Sisal, raw",1983,1983,t,1100,E,Estimated value,
QCL,Crops and livestock products,143,Morocco,5312,Area harvested,789,"Sisal, raw",1984,1984,ha,1700,E,Estimated value,
QCL,Crops and livestock products,143,Morocco,5419,Yield,789,"Sisal, raw",1984,1984,100 g/ha,7059,E,Estimated value,
QCL,Crops and livestock products,143,Morocco,5510,Production,789,"Sisal, raw",1984,1984,t,1200,E,Estimated value,
QCL,Crops and livestock products,143,Morocco,5312,Area harvested,789,"Sisal, raw",1985,1985,ha,1800,E,Estimated value,
QCL,Crops and livestock products,143,Morocco,5419,Yield,789,"Sisal, raw",1985,1985,100 g/ha,7222,E,Estimated value,
QCL,Crops and livestock products,143,Morocco,5510,Production,789,"Sisal, raw",1985,1985,t,1300,E,Estimated value,
QCL,Crops and livestock products,143,Morocco,5312,Area harvested,789,"Sisal, raw",1986,1986,ha,1800,E,Estimated value,
QCL,Crops and livestock products,143,Morocco,5419,Yield,789,"Sisal, raw",1986,1986,100 g/ha,7778,E,Estimated value,
QCL,Crops and livestock products,143,Morocco,5510,Production,789,"Sisal, raw",1986,1986,t,1400,E,Estimated value,
QCL,Crops and livestock products,143,Morocco,5312,Area harvested,789,"Sisal, raw",1987,1987,ha,1800,E,Estimated value,
QCL,Crops and livestock products,143,Morocco,5419,Yield,789,"Sisal, raw",1987,1987,100 g/ha,8333,E,Estimated value,
QCL,Crops and livestock products,143,Morocco,5510,Production,789,"Sisal, raw",1987,1987,t,1500,E,Estimated value,
QCL,Crops and livestock products,143,Morocco,5312,Area harvested,789,"Sisal, raw",1988,1988,ha,2000,E,Estimated value,
QCL,Crops and livestock products,143,Morocco,5419,Yield,789,"Sisal, raw",1988,1988,100 g/ha,8000,E,Estimated value,
QCL,Crops and livestock products,143,Morocco,5510,Production,789,"Sisal, raw",1988,1988,t,1600,E,Estimated value,
QCL,Crops and livestock products,143,Morocco,5312,Area harvested,789,"Sisal, raw",1989,1989,ha,2100,E,Estimated value,
QCL,Crops and livestock products,143,Morocco,5419,Yield,789,"Sisal, raw",1989,1989,100 g/ha,8095,E,Estimated value,
QCL,Crops and livestock products,143,Morocco,5510,Production,789,"Sisal, raw",1989,1989,t,1700,E,Estimated value,
QCL,Crops and livestock products,143,Morocco,5312,Area harvested,789,"Sisal, raw",1990,1990,ha,2200,E,Estimated value,
QCL,Crops and livestock products,143,Morocco,5419,Yield,789,"Sisal, raw",1990,1990,100 g/ha,8182,E,Estimated value,
QCL,Crops and livestock products,143,Morocco,5510,Production,789,"Sisal, raw",1990,1990,t,1800,E,Estimated value,
QCL,Crops and livestock products,143,Morocco,5312,Area harvested,789,"Sisal, raw",1991,1991,ha,2300,E,Estimated value,
QCL,Crops and livestock products,143,Morocco,5419,Yield,789,"Sisal, raw",1991,1991,100 g/ha,8261,E,Estimated value,
QCL,Crops and livestock products,143,Morocco,5510,Production,789,"Sisal, raw",1991,1991,t,1900,E,Estimated value,
QCL,Crops and livestock products,143,Morocco,5312,Area harvested,789,"Sisal, raw",1992,1992,ha,2400,E,Estimated value,
QCL,Crops and livestock products,143,Morocco,5419,Yield,789,"Sisal, raw",1992,1992,100 g/ha,8333,E,Estimated value,
QCL,Crops and livestock products,143,Morocco,5510,Production,789,"Sisal, raw",1992,1992,t,2000,E,Estimated value,
QCL,Crops and livestock products,143,Morocco,5312,Area harvested,789,"Sisal, raw",1993,1993,ha,2500,I,Imputed value,
QCL,Crops and livestock products,143,Morocco,5419,Yield,789,"Sisal, raw",1993,1993,100 g/ha,8398,E,Estimated value,
QCL,Crops and livestock products,143,Morocco,5510,Production,789,"Sisal, raw",1993,1993,t,2100,E,Estimated value,
QCL,Crops and livestock products,143,Morocco,5312,Area harvested,789,"Sisal, raw",1994,1994,ha,2500,E,Estimated value,
QCL,Crops and livestock products,143,Morocco,5419,Yield,789,"Sisal, raw",1994,1994,100 g/ha,8800,E,Estimated value,
QCL,Crops and livestock products,143,Morocco,5510,Production,789,"Sisal, raw",1994,1994,t,2200,E,Estimated value,
QCL,Crops and livestock products,143,Morocco,5312,Area harvested,789,"Sisal, raw",1995,1995,ha,2643,I,Imputed value,
QCL,Crops and livestock products,143,Morocco,5419,Yield,789,"Sisal, raw",1995,1995,100 g/ha,8392,E,Estimated value,
QCL,Crops and livestock products,143,Morocco,5510,Production,789,"Sisal, raw",1995,1995,t,2217.52,I,Imputed value,
QCL,Crops and livestock products,143,Morocco,5312,Area harvested,789,"Sisal, raw",1996,1996,ha,2500,A,Official figure,
QCL,Crops and livestock products,143,Morocco,5419,Yield,789,"Sisal, raw",1996,1996,100 g/ha,8800,A,Official figure,
QCL,Crops and livestock products,143,Morocco,5510,Production,789,"Sisal, raw",1996,1996,t,2200,A,Official figure,
QCL,Crops and livestock products,143,Morocco,5312,Area harvested,789,"Sisal, raw",1997,1997,ha,2650,I,Imputed value,
QCL,Crops and livestock products,143,Morocco,5419,Yield,789,"Sisal, raw",1997,1997,100 g/ha,8146,E,Estimated value,
QCL,Crops and livestock products,143,Morocco,5510,Production,789,"Sisal, raw",1997,1997,t,2158.93,I,Imputed value,
QCL,Crops and livestock products,143,Morocco,5312,Area harvested,789,"Sisal, raw",1998,1998,ha,2659,I,Imputed value,
QCL,Crops and livestock products,143,Morocco,5419,Yield,789,"Sisal, raw",1998,1998,100 g/ha,7951,E,Estimated value,
QCL,Crops and livestock products,143,Morocco,5510,Production,789,"Sisal, raw",1998,1998,t,2114.2,I,Imputed value,
QCL,Crops and livestock products,143,Morocco,5312,Area harvested,789,"Sisal, raw",1999,1999,ha,2669,I,Imputed value,
QCL,Crops and livestock products,143,Morocco,5419,Yield,789,"Sisal, raw",1999,1999,100 g/ha,7741,E,Estimated value,
QCL,Crops and livestock products,143,Morocco,5510,Production,789,"Sisal, raw",1999,1999,t,2065.97,I,Imputed value,
QCL,Crops and livestock products,143,Morocco,5312,Area harvested,789,"Sisal, raw",2000,2000,ha,2680,I,Imputed value,
QCL,Crops and livestock products,143,Morocco,5419,Yield,789,"Sisal, raw",2000,2000,100 g/ha,7519,E,Estimated value,
QCL,Crops and livestock products,143,Morocco,5510,Production,789,"Sisal, raw",2000,2000,t,2015.4,I,Imputed value,
QCL,Crops and livestock products,143,Morocco,5312,Area harvested,789,"Sisal, raw",2001,2001,ha,2695,I,Imputed value,
QCL,Crops and livestock products,143,Morocco,5419,Yield,789,"Sisal, raw",2001,2001,100 g/ha,7287,E,Estimated value,
QCL,Crops and livestock products,143,Morocco,5510,Production,789,"Sisal, raw",2001,2001,t,1963.63,I,Imputed value,
QCL,Crops and livestock products,143,Morocco,5312,Area harvested,789,"Sisal, raw",2002,2002,ha,2847,I,Imputed value,
QCL,Crops and livestock products,143,Morocco,5419,Yield,789,"Sisal, raw",2002,2002,100 g/ha,6707,E,Estimated value,
QCL,Crops and livestock products,143,Morocco,5510,Production,789,"Sisal, raw",2002,2002,t,1909.37,I,Imputed value,
QCL,Crops and livestock products,143,Morocco,5312,Area harvested,789,"Sisal, raw",2003,2003,ha,2889,I,Imputed value,
QCL,Crops and livestock products,143,Morocco,5419,Yield,789,"Sisal, raw",2003,2003,100 g/ha,6394,E,Estimated value,
QCL,Crops and livestock products,143,Morocco,5510,Production,789,"Sisal, raw",2003,2003,t,1847.2,I,Imputed value,
QCL,Crops and livestock products,143,Morocco,5312,Area harvested,789,"Sisal, raw",2004,2004,ha,2944,I,Imputed value,
QCL,Crops and livestock products,143,Morocco,5419,Yield,789,"Sisal, raw",2004,2004,100 g/ha,6104,E,Estimated value,
QCL,Crops and livestock products,143,Morocco,5510,Production,789,"Sisal, raw",2004,2004,t,1796.9,I,Imputed value,
QCL,Crops and livestock products,143,Morocco,5312,Area harvested,789,"Sisal, raw",2005,2005,ha,3187,I,Imputed value,
QCL,Crops and livestock products,143,Morocco,5419,Yield,789,"Sisal, raw",2005,2005,100 g/ha,5441,E,Estimated value,
QCL,Crops and livestock products,143,Morocco,5510,Production,789,"Sisal, raw",2005,2005,t,1734.21,I,Imputed value,
QCL,Crops and livestock products,143,Morocco,5312,Area harvested,789,"Sisal, raw",2006,2006,ha,3241,I,Imputed value,
QCL,Crops and livestock products,143,Morocco,5419,Yield,789,"Sisal, raw",2006,2006,100 g/ha,5228,E,Estimated value,
QCL,Crops and livestock products,143,Morocco,5510,Production,789,"Sisal, raw",2006,2006,t,1694.16,I,Imputed value,
QCL,Crops and livestock products,143,Morocco,5312,Area harvested,789,"Sisal, raw",2007,2007,ha,3310,I,Imputed value,
QCL,Crops and livestock products,143,Morocco,5419,Yield,789,"Sisal, raw",2007,2007,100 g/ha,5015,E,Estimated value,
QCL,Crops and livestock products,143,Morocco,5510,Production,789,"Sisal, raw",2007,2007,t,1659.74,I,Imputed value,
QCL,Crops and livestock products,143,Morocco,5312,Area harvested,789,"Sisal, raw",2008,2008,ha,3393,I,Imputed value,
QCL,Crops and livestock products,143,Morocco,5419,Yield,789,"Sisal, raw",2008,2008,100 g/ha,4810,E,Estimated value,
QCL,Crops and livestock products,143,Morocco,5510,Production,789,"Sisal, raw",2008,2008,t,1632.07,I,Imputed value,
QCL,Crops and livestock products,143,Morocco,5312,Area harvested,789,"Sisal, raw",2009,2009,ha,3492,I,Imputed value,
QCL,Crops and livestock products,143,Morocco,5419,Yield,789,"Sisal, raw",2009,2009,100 g/ha,4617,E,Estimated value,
QCL,Crops and livestock products,143,Morocco,5510,Production,789,"Sisal, raw",2009,2009,t,1612.29,I,Imputed value,
QCL,Crops and livestock products,143,Morocco,5312,Area harvested,789,"Sisal, raw",2010,2010,ha,3609,I,Imputed value,
QCL,Crops and livestock products,143,Morocco,5419,Yield,789,"Sisal, raw",2010,2010,100 g/ha,4438,E,Estimated value,
QCL,Crops and livestock products,143,Morocco,5510,Production,789,"Sisal, raw",2010,2010,t,1601.53,I,Imputed value,
QCL,Crops and livestock products,143,Morocco,5312,Area harvested,789,"Sisal, raw",2011,2011,ha,4050,E,Estimated value,
QCL,Crops and livestock products,143,Morocco,5419,Yield,789,"Sisal, raw",2011,2011,100 g/ha,3951,E,Estimated value,
QCL,Crops and livestock products,143,Morocco,5510,Production,789,"Sisal, raw",2011,2011,t,1600,E,Estimated value,
QCL,Crops and livestock products,143,Morocco,5312,Area harvested,789,"Sisal, raw",2012,2012,ha,4050,E,Estimated value,
QCL,Crops and livestock products,143,Morocco,5419,Yield,789,"Sisal, raw",2012,2012,100 g/ha,4012,E,Estimated value,
QCL,Crops and livestock products,143,Morocco,5510,Production,789,"Sisal, raw",2012,2012,t,1625,E,Estimated value,
QCL,Crops and livestock products,143,Morocco,5312,Area harvested,789,"Sisal, raw",2013,2013,ha,4080,E,Estimated value,
QCL,Crops and livestock products,143,Morocco,5419,Yield,789,"Sisal, raw",2013,2013,100 g/ha,4044,E,Estimated value,
QCL,Crops and livestock products,143,Morocco,5510,Production,789,"Sisal, raw",2013,2013,t,1650,E,Estimated value,
QCL,Crops and livestock products,143,Morocco,5312,Area harvested,789,"Sisal, raw",2014,2014,ha,4410,I,Imputed value,
QCL,Crops and livestock products,143,Morocco,5419,Yield,789,"Sisal, raw",2014,2014,100 g/ha,3795,E,Estimated value,
QCL,Crops and livestock products,143,Morocco,5510,Production,789,"Sisal, raw",2014,2014,t,1673.46,I,Imputed value,
QCL,Crops and livestock products,143,Morocco,5312,Area harvested,789,"Sisal, raw",2015,2015,ha,4621,I,Imputed value,
QCL,Crops and livestock products,143,Morocco,5419,Yield,789,"Sisal, raw",2015,2015,100 g/ha,3475,E,Estimated value,
QCL,Crops and livestock products,143,Morocco,5510,Production,789,"Sisal, raw",2015,2015,t,1605.65,I,Imputed value,
QCL,Crops and livestock products,143,Morocco,5312,Area harvested,789,"Sisal, raw",2016,2016,ha,4370,E,Estimated value,
QCL,Crops and livestock products,143,Morocco,5419,Yield,789,"Sisal, raw",2016,2016,100 g/ha,3760,E,Estimated value,
QCL,Crops and livestock products,143,Morocco,5510,Production,789,"Sisal, raw",2016,2016,t,1643.04,E,Estimated value,
QCL,Crops and livestock products,143,Morocco,5312,Area harvested,789,"Sisal, raw",2017,2017,ha,4643,I,Imputed value,
QCL,Crops and livestock products,143,Morocco,5419,Yield,789,"Sisal, raw",2017,2017,100 g/ha,3567,E,Estimated value,
QCL,Crops and livestock products,143,Morocco,5510,Production,789,"Sisal, raw",2017,2017,t,1656.02,I,Imputed value,
QCL,Crops and livestock products,143,Morocco,5312,Area harvested,789,"Sisal, raw",2018,2018,ha,4544,E,Estimated value,
QCL,Crops and livestock products,143,Morocco,5419,Yield,789,"Sisal, raw",2018,2018,100 g/ha,3677,E,Estimated value,
QCL,Crops and livestock products,143,Morocco,5510,Production,789,"Sisal, raw",2018,2018,t,1670.98,I,Imputed value,
QCL,Crops and livestock products,143,Morocco,5312,Area harvested,789,"Sisal, raw",2019,2019,ha,4519,E,Estimated value,
QCL,Crops and livestock products,143,Morocco,5419,Yield,789,"Sisal, raw",2019,2019,100 g/ha,3666,E,Estimated value,
QCL,Crops and livestock products,143,Morocco,5510,Production,789,"Sisal, raw",2019,2019,t,1656.51,I,Imputed value,
QCL,Crops and livestock products,143,Morocco,5312,Area harvested,789,"Sisal, raw",2020,2020,ha,4569,E,Estimated value,
QCL,Crops and livestock products,143,Morocco,5419,Yield,789,"Sisal, raw",2020,2020,100 g/ha,3647,E,Estimated value,
QCL,Crops and livestock products,143,Morocco,5510,Production,789,"Sisal, raw",2020,2020,t,1666.34,I,Imputed value,
QCL,Crops and livestock products,143,Morocco,5312,Area harvested,789,"Sisal, raw",2021,2021,ha,4544,E,Estimated value,
QCL,Crops and livestock products,143,Morocco,5419,Yield,789,"Sisal, raw",2021,2021,100 g/ha,3679,E,Estimated value,
QCL,Crops and livestock products,143,Morocco,5510,Production,789,"Sisal, raw",2021,2021,t,1671.58,I,Imputed value,
QCL,Crops and livestock products,143,Morocco,5312,Area harvested,789,"Sisal, raw",2022,2022,ha,4544,E,Estimated value,
QCL,Crops and livestock products,143,Morocco,5419,Yield,789,"Sisal, raw",2022,2022,100 g/ha,3688,E,Estimated value,
QCL,Crops and livestock products,143,Morocco,5510,Production,789,"Sisal, raw",2022,2022,t,1675.83,I,Imputed value,
QCL,Crops and livestock products,143,Morocco,5510,Production,888,Skim milk of cows,1961,1961,t,145152,I,Imputed value,
QCL,Crops and livestock products,143,Morocco,5510,Production,888,Skim milk of cows,1962,1962,t,132915.78,I,Imputed value,
QCL,Crops and livestock products,143,Morocco,5510,Production,888,Skim milk of cows,1963,1963,t,139239.98,I,Imputed value,
QCL,Crops and livestock products,143,Morocco,5510,Production,888,Skim milk of cows,1964,1964,t,148816.48,I,Imputed value,
QCL,Crops and livestock products,143,Morocco,5510,Production,888,Skim milk of cows,1965,1965,t,157783.84,I,Imputed value,
QCL,Crops and livestock products,143,Morocco,5510,Production,888,Skim milk of cows,1966,1966,t,170016.75,I,Imputed value,
QCL,Crops and livestock products,143,Morocco,5510,Production,888,Skim milk of cows,1967,1967,t,172130.77,I,Imputed value,
QCL,Crops and livestock products,143,Morocco,5510,Production,888,Skim milk of cows,1968,1968,t,172127.86,I,Imputed value,
QCL,Crops and livestock products,143,Morocco,5510,Production,888,Skim milk of cows,1969,1969,t,182457,I,Imputed value,
QCL,Crops and livestock products,143,Morocco,5510,Production,888,Skim milk of cows,1970,1970,t,186603.75,I,Imputed value,
QCL,Crops and livestock products,143,Morocco,5510,Production,888,Skim milk of cows,1971,1971,t,192409.2,I,Imputed value,
QCL,Crops and livestock products,143,Morocco,5510,Production,888,Skim milk of cows,1972,1972,t,199681.36,I,Imputed value,
QCL,Crops and livestock products,143,Morocco,5510,Production,888,Skim milk of cows,1973,1973,t,208111.7,I,Imputed value,
QCL,Crops and livestock products,143,Morocco,5510,Production,888,Skim milk of cows,1974,1974,t,200018.9,I,Imputed value,
QCL,Crops and livestock products,143,Morocco,5510,Production,888,Skim milk of cows,1975,1975,t,189933.6,I,Imputed value,
QCL,Crops and livestock products,143,Morocco,5510,Production,888,Skim milk of cows,1976,1976,t,208195.47,I,Imputed value,
QCL,Crops and livestock products,143,Morocco,5510,Production,888,Skim milk of cows,1977,1977,t,233463.69,I,Imputed value,
QCL,Crops and livestock products,143,Morocco,5510,Production,888,Skim milk of cows,1978,1978,t,257516.5,I,Imputed value,
QCL,Crops and livestock products,143,Morocco,5510,Production,888,Skim milk of cows,1979,1979,t,311864.62,I,Imputed value,
QCL,Crops and livestock products,143,Morocco,5510,Production,888,Skim milk of cows,1980,1980,t,303630.84,I,Imputed value,
QCL,Crops and livestock products,143,Morocco,5510,Production,888,Skim milk of cows,1981,1981,t,324516.78,I,Imputed value,
QCL,Crops and livestock products,143,Morocco,5510,Production,888,Skim milk of cows,1982,1982,t,328454.53,I,Imputed value,
QCL,Crops and livestock products,143,Morocco,5510,Production,888,Skim milk of cows,1983,1983,t,331740,I,Imputed value,
QCL,Crops and livestock products,143,Morocco,5510,Production,888,Skim milk of cows,1984,1984,t,290272.5,I,Imputed value,
QCL,Crops and livestock products,143,Morocco,5510,Production,888,Skim milk of cows,1985,1985,t,301883.4,I,Imputed value,
QCL,Crops and livestock products,143,Morocco,5510,Production,888,Skim milk of cows,1986,1986,t,302712.75,I,Imputed value,
QCL,Crops and livestock products,143,Morocco,5510,Production,888,Skim milk of cows,1987,1987,t,324690.53,I,Imputed value,
QCL,Crops and livestock products,143,Morocco,5510,Production,888,Skim milk of cows,1988,1988,t,368231.4,I,Imputed value,
QCL,Crops and livestock products,143,Morocco,5510,Production,888,Skim milk of cows,1989,1989,t,399332.03,I,Imputed value,
QCL,Crops and livestock products,143,Morocco,5510,Production,888,Skim milk of cows,1990,1990,t,371134.12,I,Imputed value,
QCL,Crops and livestock products,143,Morocco,5510,Production,888,Skim milk of cows,1991,1991,t,385235.16,I,Imputed value,
QCL,Crops and livestock products,143,Morocco,5510,Production,888,Skim milk of cows,1992,1992,t,392956.4,I,Imputed value,
QCL,Crops and livestock products,143,Morocco,5510,Production,888,Skim milk of cows,1993,1993,t,347678.88,I,Imputed value,
QCL,Crops and livestock products,143,Morocco,5510,Production,888,Skim milk of cows,1994,1994,t,350243.62,I,Imputed value,
QCL,Crops and livestock products,143,Morocco,5510,Production,888,Skim milk of cows,1995,1995,t,354517.28,I,Imputed value,
QCL,Crops and livestock products,143,Morocco,5510,Production,888,Skim milk of cows,1996,1996,t,363066.62,I,Imputed value,
QCL,Crops and livestock products,143,Morocco,5510,Production,888,Skim milk of cows,1997,1997,t,513246.16,I,Imputed value,
QCL,Crops and livestock products,143,Morocco,5510,Production,888,Skim milk of cows,1998,1998,t,435667.1,I,Imputed value,
QCL,Crops and livestock products,143,Morocco,5510,Production,888,Skim milk of cows,1999,1999,t,482649.78,I,Imputed value,
QCL,Crops and livestock products,143,Morocco,5510,Production,888,Skim milk of cows,2000,2000,t,491193.3,I,Imputed value,
QCL,Crops and livestock products,143,Morocco,5510,Production,888,Skim milk of cows,2001,2001,t,471500.8,I,Imputed value,
QCL,Crops and livestock products,143,Morocco,5510,Production,888,Skim milk of cows,2002,2002,t,513338.22,I,Imputed value,
QCL,Crops and livestock products,143,Morocco,5510,Production,888,Skim milk of cows,2003,2003,t,518960.38,I,Imputed value,
QCL,Crops and livestock products,143,Morocco,5510,Production,888,Skim milk of cows,2004,2004,t,570533.5,I,Imputed value,
QCL,Crops and livestock products,143,Morocco,5510,Production,888,Skim milk of cows,2005,2005,t,580620.9,I,Imputed value,
QCL,Crops and livestock products,143,Morocco,5510,Production,888,Skim milk of cows,2006,2006,t,622088,I,Imputed value,
QCL,Crops and livestock products,143,Morocco,5510,Production,888,Skim milk of cows,2007,2007,t,663942.75,I,Imputed value,
QCL,Crops and livestock products,143,Morocco,5510,Production,888,Skim milk of cows,2008,2008,t,705004.3,I,Imputed value,
QCL,Crops and livestock products,143,Morocco,5510,Production,888,Skim milk of cows,2009,2009,t,746491.3,I,Imputed value,
QCL,Crops and livestock products,143,Morocco,5510,Production,888,Skim milk of cows,2010,2010,t,779860.69,I,Imputed value,
QCL,Crops and livestock products,143,Morocco,5510,Production,888,Skim milk of cows,2011,2011,t,903024.52,I,Imputed value,
QCL,Crops and livestock products,143,Morocco,5510,Production,888,Skim milk of cows,2012,2012,t,1032673.56,I,Imputed value,
QCL,Crops and livestock products,143,Morocco,5510,Production,888,Skim milk of cows,2013,2013,t,940110.3,I,Imputed value,
QCL,Crops and livestock products,143,Morocco,5510,Production,888,Skim milk of cows,2014,2014,t,985250.29,I,Imputed value,
QCL,Crops and livestock products,143,Morocco,5510,Production,888,Skim milk of cows,2015,2015,t,1005562.38,I,Imputed value,
QCL,Crops and livestock products,143,Morocco,5510,Production,888,Skim milk of cows,2016,2016,t,1025584.4,I,Imputed value,
QCL,Crops and livestock products,143,Morocco,5510,Production,888,Skim milk of cows,2017,2017,t,1046607.67,I,Imputed value,
QCL,Crops and livestock products,143,Morocco,5510,Production,888,Skim milk of cows,2018,2018,t,1046617.65,I,Imputed value,
QCL,Crops and livestock products,143,Morocco,5510,Production,888,Skim milk of cows,2019,2019,t,1046713.85,I,Imputed value,
QCL,Crops and livestock products,143,Morocco,5510,Production,888,Skim milk of cows,2020,2020,t,1056788.67,I,Imputed value,
QCL,Crops and livestock products,143,Morocco,5510,Production,888,Skim milk of cows,2021,2021,t,1057008.98,I,Imputed value,
QCL,Crops and livestock products,143,Morocco,5510,Production,1176,"Snails, fresh, chilled, frozen, dried, salted or in brine, except sea snails",1961,1961,t,0,M,"Missing value (data cannot exist, not applicable)",
QCL,Crops and livestock products,143,Morocco,5510,Production,1176,"Snails, fresh, chilled, frozen, dried, salted or in brine, except sea snails",1962,1962,t,0,M,"Missing value (data cannot exist, not applicable)",
QCL,Crops and livestock products,143,Morocco,5510,Production,1176,"Snails, fresh, chilled, frozen, dried, salted or in brine, except sea snails",1963,1963,t,0,M,"Missing value (data cannot exist, not applicable)",
QCL,Crops and livestock products,143,Morocco,5510,Production,1176,"Snails, fresh, chilled, frozen, dried, salted or in brine, except sea snails",1964,1964,t,0,M,"Missing value (data cannot exist, not applicable)",
QCL,Crops and livestock products,143,Morocco,5510,Production,1176,"Snails, fresh, chilled, frozen, dried, salted or in brine, except sea snails",1965,1965,t,0,M,"Missing value (data cannot exist, not applicable)",
QCL,Crops and livestock products,143,Morocco,5510,Production,1176,"Snails, fresh, chilled, frozen, dried, salted or in brine, except sea snails",1966,1966,t,0,M,"Missing value (data cannot exist, not applicable)",
QCL,Crops and livestock products,143,Morocco,5510,Production,1176,"Snails, fresh, chilled, frozen, dried, salted or in brine, except sea snails",1967,1967,t,0,M,"Missing value (data cannot exist, not applicable)",
QCL,Crops and livestock products,143,Morocco,5510,Production,1176,"Snails, fresh, chilled, frozen, dried, salted or in brine, except sea snails",1968,1968,t,0,M,"Missing value (data cannot exist, not applicable)",
QCL,Crops and livestock products,143,Morocco,5510,Production,1176,"Snails, fresh, chilled, frozen, dried, salted or in brine, except sea snails",1969,1969,t,0,M,"Missing value (data cannot exist, not applicable)",
QCL,Crops and livestock products,143,Morocco,5510,Production,1176,"Snails, fresh, chilled, frozen, dried, salted or in brine, except sea snails",1970,1970,t,0,M,"Missing value (data cannot exist, not applicable)",
QCL,Crops and livestock products,143,Morocco,5510,Production,1176,"Snails, fresh, chilled, frozen, dried, salted or in brine, except sea snails",1971,1971,t,0,M,"Missing value (data cannot exist, not applicable)",
QCL,Crops and livestock products,143,Morocco,5510,Production,1176,"Snails, fresh, chilled, frozen, dried, salted or in brine, except sea snails",1972,1972,t,0,M,"Missing value (data cannot exist, not applicable)",
QCL,Crops and livestock products,143,Morocco,5510,Production,1176,"Snails, fresh, chilled, frozen, dried, salted or in brine, except sea snails",1973,1973,t,0,M,"Missing value (data cannot exist, not applicable)",
QCL,Crops and livestock products,143,Morocco,5510,Production,1176,"Snails, fresh, chilled, frozen, dried, salted or in brine, except sea snails",1974,1974,t,0,M,"Missing value (data cannot exist, not applicable)",
QCL,Crops and livestock products,143,Morocco,5510,Production,1176,"Snails, fresh, chilled, frozen, dried, salted or in brine, except sea snails",1975,1975,t,0,M,"Missing value (data cannot exist, not applicable)",
QCL,Crops and livestock products,143,Morocco,5510,Production,1176,"Snails, fresh, chilled, frozen, dried, salted or in brine, except sea snails",1976,1976,t,0,M,"Missing value (data cannot exist, not applicable)",
QCL,Crops and livestock products,143,Morocco,5510,Production,1176,"Snails, fresh, chilled, frozen, dried, salted or in brine, except sea snails",1977,1977,t,0,M,"Missing value (data cannot exist, not applicable)",
QCL,Crops and livestock products,143,Morocco,5510,Production,1176,"Snails, fresh, chilled, frozen, dried, salted or in brine, except sea snails",1978,1978,t,0,M,"Missing value (data cannot exist, not applicable)",
QCL,Crops and livestock products,143,Morocco,5510,Production,1176,"Snails, fresh, chilled, frozen, dried, salted or in brine, except sea snails",1979,1979,t,0,M,"Missing value (data cannot exist, not applicable)",
QCL,Crops and livestock products,143,Morocco,5510,Production,1176,"Snails, fresh, chilled, frozen, dried, salted or in brine, except sea snails",1980,1980,t,0,M,"Missing value (data cannot exist, not applicable)",
QCL,Crops and livestock products,143,Morocco,5510,Production,1176,"Snails, fresh, chilled, frozen, dried, salted or in brine, except sea snails",1981,1981,t,0,M,"Missing value (data cannot exist, not applicable)",
QCL,Crops and livestock products,143,Morocco,5510,Production,1176,"Snails, fresh, chilled, frozen, dried, salted or in brine, except sea snails",1982,1982,t,0,M,"Missing value (data cannot exist, not applicable)",
QCL,Crops and livestock products,143,Morocco,5510,Production,1176,"Snails, fresh, chilled, frozen, dried, salted or in brine, except sea snails",1983,1983,t,0,M,"Missing value (data cannot exist, not applicable)",
QCL,Crops and livestock products,143,Morocco,5510,Production,1176,"Snails, fresh, chilled, frozen, dried, salted or in brine, except sea snails",1984,1984,t,0,M,"Missing value (data cannot exist, not applicable)",
QCL,Crops and livestock products,143,Morocco,5510,Production,1176,"Snails, fresh, chilled, frozen, dried, salted or in brine, except sea snails",1985,1985,t,0,M,"Missing value (data cannot exist, not applicable)",
QCL,Crops and livestock products,143,Morocco,5510,Production,1176,"Snails, fresh, chilled, frozen, dried, salted or in brine, except sea snails",1986,1986,t,0,M,"Missing value (data cannot exist, not applicable)",
QCL,Crops and livestock products,143,Morocco,5510,Production,1176,"Snails, fresh, chilled, frozen, dried, salted or in brine, except sea snails",1987,1987,t,0,M,"Missing value (data cannot exist, not applicable)",
QCL,Crops and livestock products,143,Morocco,5510,Production,1176,"Snails, fresh, chilled, frozen, dried, salted or in brine, except sea snails",1988,1988,t,0,M,"Missing value (data cannot exist, not applicable)",
QCL,Crops and livestock products,143,Morocco,5510,Production,1176,"Snails, fresh, chilled, frozen, dried, salted or in brine, except sea snails",1989,1989,t,0,M,"Missing value (data cannot exist, not applicable)",
QCL,Crops and livestock products,143,Morocco,5510,Production,1176,"Snails, fresh, chilled, frozen, dried, salted or in brine, except sea snails",1990,1990,t,0,M,"Missing value (data cannot exist, not applicable)",
QCL,Crops and livestock products,143,Morocco,5510,Production,1176,"Snails, fresh, chilled, frozen, dried, salted or in brine, except sea snails",1991,1991,t,0,M,"Missing value (data cannot exist, not applicable)",
QCL,Crops and livestock products,143,Morocco,5320,Producing Animals/Slaughtered,1176,"Snails, fresh, chilled, frozen, dried, salted or in brine, except sea snails",1991,1991,An,0,M,"Missing value (data cannot exist, not applicable)",
QCL,Crops and livestock products,143,Morocco,5510,Production,1176,"Snails, fresh, chilled, frozen, dried, salted or in brine, except sea snails",1992,1992,t,0,M,"Missing value (data cannot exist, not applicable)",
QCL,Crops and livestock products,143,Morocco,5320,Producing Animals/Slaughtered,1176,"Snails, fresh, chilled, frozen, dried, salted or in brine, except sea snails",1992,1992,An,0,M,"Missing value (data cannot exist, not applicable)",
QCL,Crops and livestock products,143,Morocco,5510,Production,1176,"Snails, fresh, chilled, frozen, dried, salted or in brine, except sea snails",1993,1993,t,3500,E,Estimated value,
QCL,Crops and livestock products,143,Morocco,5320,Producing Animals/Slaughtered,1176,"Snails, fresh, chilled, frozen, dried, salted or in brine, except sea snails",1993,1993,An,0,M,"Missing value (data cannot exist, not applicable)",
QCL,Crops and livestock products,143,Morocco,5510,Production,1176,"Snails, fresh, chilled, frozen, dried, salted or in brine, except sea snails",1994,1994,t,4500,E,Estimated value,
QCL,Crops and livestock products,143,Morocco,5320,Producing Animals/Slaughtered,1176,"Snails, fresh, chilled, frozen, dried, salted or in brine, except sea snails",1994,1994,An,0,M,"Missing value (data cannot exist, not applicable)",
QCL,Crops and livestock products,143,Morocco,5510,Production,1176,"Snails, fresh, chilled, frozen, dried, salted or in brine, except sea snails",1995,1995,t,5500,E,Estimated value,
QCL,Crops and livestock products,143,Morocco,5320,Producing Animals/Slaughtered,1176,"Snails, fresh, chilled, frozen, dried, salted or in brine, except sea snails",1995,1995,An,0,M,"Missing value (data cannot exist, not applicable)",
QCL,Crops and livestock products,143,Morocco,5510,Production,1176,"Snails, fresh, chilled, frozen, dried, salted or in brine, except sea snails",1996,1996,t,7000,E,Estimated value,
QCL,Crops and livestock products,143,Morocco,5320,Producing Animals/Slaughtered,1176,"Snails, fresh, chilled, frozen, dried, salted or in brine, except sea snails",1996,1996,An,0,M,"Missing value (data cannot exist, not applicable)",
QCL,Crops and livestock products,143,Morocco,5510,Production,1176,"Snails, fresh, chilled, frozen, dried, salted or in brine, except sea snails",1997,1997,t,8000,E,Estimated value,
QCL,Crops and livestock products,143,Morocco,5320,Producing Animals/Slaughtered,1176,"Snails, fresh, chilled, frozen, dried, salted or in brine, except sea snails",1997,1997,An,0,M,"Missing value (data cannot exist, not applicable)",
QCL,Crops and livestock products,143,Morocco,5510,Production,1176,"Snails, fresh, chilled, frozen, dried, salted or in brine, except sea snails",1998,1998,t,9000,E,Estimated value,
QCL,Crops and livestock products,143,Morocco,5320,Producing Animals/Slaughtered,1176,"Snails, fresh, chilled, frozen, dried, salted or in brine, except sea snails",1998,1998,An,0,M,"Missing value (data cannot exist, not applicable)",
QCL,Crops and livestock products,143,Morocco,5510,Production,1176,"Snails, fresh, chilled, frozen, dried, salted or in brine, except sea snails",1999,1999,t,9000,E,Estimated value,
QCL,Crops and livestock products,143,Morocco,5320,Producing Animals/Slaughtered,1176,"Snails, fresh, chilled, frozen, dried, salted or in brine, except sea snails",1999,1999,An,0,M,"Missing value (data cannot exist, not applicable)",
QCL,Crops and livestock products,143,Morocco,5510,Production,1176,"Snails, fresh, chilled, frozen, dried, salted or in brine, except sea snails",2000,2000,t,9000,E,Estimated value,
QCL,Crops and livestock products,143,Morocco,5320,Producing Animals/Slaughtered,1176,"Snails, fresh, chilled, frozen, dried, salted or in brine, except sea snails",2000,2000,An,0,M,"Missing value (data cannot exist, not applicable)",
QCL,Crops and livestock products,143,Morocco,5510,Production,1176,"Snails, fresh, chilled, frozen, dried, salted or in brine, except sea snails",2001,2001,t,9000,E,Estimated value,
QCL,Crops and livestock products,143,Morocco,5320,Producing Animals/Slaughtered,1176,"Snails, fresh, chilled, frozen, dried, salted or in brine, except sea snails",2001,2001,An,0,M,"Missing value (data cannot exist, not applicable)",
QCL,Crops and livestock products,143,Morocco,5510,Production,1176,"Snails, fresh, chilled, frozen, dried, salted or in brine, except sea snails",2002,2002,t,9000,E,Estimated value,
QCL,Crops and livestock products,143,Morocco,5320,Producing Animals/Slaughtered,1176,"Snails, fresh, chilled, frozen, dried, salted or in brine, except sea snails",2002,2002,An,0,M,"Missing value (data cannot exist, not applicable)",
QCL,Crops and livestock products,143,Morocco,5510,Production,1176,"Snails, fresh, chilled, frozen, dried, salted or in brine, except sea snails",2003,2003,t,10000,E,Estimated value,
QCL,Crops and livestock products,143,Morocco,5320,Producing Animals/Slaughtered,1176,"Snails, fresh, chilled, frozen, dried, salted or in brine, except sea snails",2003,2003,An,0,M,"Missing value (data cannot exist, not applicable)",
QCL,Crops and livestock products,143,Morocco,5510,Production,1176,"Snails, fresh, chilled, frozen, dried, salted or in brine, except sea snails",2004,2004,t,10000,E,Estimated value,
QCL,Crops and livestock products,143,Morocco,5320,Producing Animals/Slaughtered,1176,"Snails, fresh, chilled, frozen, dried, salted or in brine, except sea snails",2004,2004,An,0,M,"Missing value (data cannot exist, not applicable)",
QCL,Crops and livestock products,143,Morocco,5510,Production,1176,"Snails, fresh, chilled, frozen, dried, salted or in brine, except sea snails",2005,2005,t,10000,E,Estimated value,
QCL,Crops and livestock products,143,Morocco,5320,Producing Animals/Slaughtered,1176,"Snails, fresh, chilled, frozen, dried, salted or in brine, except sea snails",2005,2005,An,0,M,"Missing value (data cannot exist, not applicable)",
QCL,Crops and livestock products,143,Morocco,5510,Production,1176,"Snails, fresh, chilled, frozen, dried, salted or in brine, except sea snails",2006,2006,t,10000,E,Estimated value,
QCL,Crops and livestock products,143,Morocco,5320,Producing Animals/Slaughtered,1176,"Snails, fresh, chilled, frozen, dried, salted or in brine, except sea snails",2006,2006,An,0,M,"Missing value (data cannot exist, not applicable)",
QCL,Crops and livestock products,143,Morocco,5510,Production,1176,"Snails, fresh, chilled, frozen, dried, salted or in brine, except sea snails",2007,2007,t,10000,E,Estimated value,
QCL,Crops and livestock products,143,Morocco,5320,Producing Animals/Slaughtered,1176,"Snails, fresh, chilled, frozen, dried, salted or in brine, except sea snails",2007,2007,An,0,M,"Missing value (data cannot exist, not applicable)",
QCL,Crops and livestock products,143,Morocco,5510,Production,1176,"Snails, fresh, chilled, frozen, dried, salted or in brine, except sea snails",2008,2008,t,10000,E,Estimated value,
QCL,Crops and livestock products,143,Morocco,5320,Producing Animals/Slaughtered,1176,"Snails, fresh, chilled, frozen, dried, salted or in brine, except sea snails",2008,2008,An,0,M,"Missing value (data cannot exist, not applicable)",
QCL,Crops and livestock products,143,Morocco,5510,Production,1176,"Snails, fresh, chilled, frozen, dried, salted or in brine, except sea snails",2009,2009,t,15000,E,Estimated value,
QCL,Crops and livestock products,143,Morocco,5320,Producing Animals/Slaughtered,1176,"Snails, fresh, chilled, frozen, dried, salted or in brine, except sea snails",2009,2009,An,0,M,"Missing value (data cannot exist, not applicable)",
QCL,Crops and livestock products,143,Morocco,5510,Production,1176,"Snails, fresh, chilled, frozen, dried, salted or in brine, except sea snails",2010,2010,t,15000,E,Estimated value,
QCL,Crops and livestock products,143,Morocco,5320,Producing Animals/Slaughtered,1176,"Snails, fresh, chilled, frozen, dried, salted or in brine, except sea snails",2010,2010,An,0,M,"Missing value (data cannot exist, not applicable)",
QCL,Crops and livestock products,143,Morocco,5510,Production,1176,"Snails, fresh, chilled, frozen, dried, salted or in brine, except sea snails",2011,2011,t,15000,E,Estimated value,
QCL,Crops and livestock products,143,Morocco,5320,Producing Animals/Slaughtered,1176,"Snails, fresh, chilled, frozen, dried, salted or in brine, except sea snails",2011,2011,An,0,M,"Missing value (data cannot exist, not applicable)",
QCL,Crops and livestock products,143,Morocco,5510,Production,1176,"Snails, fresh, chilled, frozen, dried, salted or in brine, except sea snails",2012,2012,t,14993.82,I,Imputed value,
QCL,Crops and livestock products,143,Morocco,5320,Producing Animals/Slaughtered,1176,"Snails, fresh, chilled, frozen, dried, salted or in brine, except sea snails",2012,2012,An,0,M,"Missing value (data cannot exist, not applicable)",
QCL,Crops and livestock products,143,Morocco,5510,Production,1176,"Snails, fresh, chilled, frozen, dried, salted or in brine, except sea snails",2013,2013,t,15413.31,I,Imputed value,
QCL,Crops and livestock products,143,Morocco,5320,Producing Animals/Slaughtered,1176,"Snails, fresh, chilled, frozen, dried, salted or in brine, except sea snails",2013,2013,An,0,M,"Missing value (data cannot exist, not applicable)",
QCL,Crops and livestock products,143,Morocco,5510,Production,1176,"Snails, fresh, chilled, frozen, dried, salted or in brine, except sea snails",2014,2014,t,15858.35,I,Imputed value,
QCL,Crops and livestock products,143,Morocco,5320,Producing Animals/Slaughtered,1176,"Snails, fresh, chilled, frozen, dried, salted or in brine, except sea snails",2014,2014,An,0,M,"Missing value (data cannot exist, not applicable)",
QCL,Crops and livestock products,143,Morocco,5510,Production,1176,"Snails, fresh, chilled, frozen, dried, salted or in brine, except sea snails",2015,2015,t,16815.39,I,Imputed value,
QCL,Crops and livestock products,143,Morocco,5320,Producing Animals/Slaughtered,1176,"Snails, fresh, chilled, frozen, dried, salted or in brine, except sea snails",2015,2015,An,0,M,"Missing value (data cannot exist, not applicable)",
QCL,Crops and livestock products,143,Morocco,5510,Production,1176,"Snails, fresh, chilled, frozen, dried, salted or in brine, except sea snails",2016,2016,t,16029.01,E,Estimated value,
QCL,Crops and livestock products,143,Morocco,5320,Producing Animals/Slaughtered,1176,"Snails, fresh, chilled, frozen, dried, salted or in brine, except sea snails",2016,2016,An,0,M,"Missing value (data cannot exist, not applicable)",
QCL,Crops and livestock products,143,Morocco,5510,Production,1176,"Snails, fresh, chilled, frozen, dried, salted or in brine, except sea snails",2017,2017,t,16175.52,I,Imputed value,
QCL,Crops and livestock products,143,Morocco,5320,Producing Animals/Slaughtered,1176,"Snails, fresh, chilled, frozen, dried, salted or in brine, except sea snails",2017,2017,An,0,M,"Missing value (data cannot exist, not applicable)",
QCL,Crops and livestock products,143,Morocco,5510,Production,1176,"Snails, fresh, chilled, frozen, dried, salted or in brine, except sea snails",2018,2018,t,16779.23,I,Imputed value,
QCL,Crops and livestock products,143,Morocco,5320,Producing Animals/Slaughtered,1176,"Snails, fresh, chilled, frozen, dried, salted or in brine, except sea snails",2018,2018,An,0,M,"Missing value (data cannot exist, not applicable)",
QCL,Crops and livestock products,143,Morocco,5510,Production,1176,"Snails, fresh, chilled, frozen, dried, salted or in brine, except sea snails",2019,2019,t,16709.4,E,Estimated value,
QCL,Crops and livestock products,143,Morocco,5320,Producing Animals/Slaughtered,1176,"Snails, fresh, chilled, frozen, dried, salted or in brine, except sea snails",2019,2019,An,0,M,"Missing value (data cannot exist, not applicable)",
QCL,Crops and livestock products,143,Morocco,5510,Production,1176,"Snails, fresh, chilled, frozen, dried, salted or in brine, except sea snails",2020,2020,t,16884.78,E,Estimated value,
QCL,Crops and livestock products,143,Morocco,5320,Producing Animals/Slaughtered,1176,"Snails, fresh, chilled, frozen, dried, salted or in brine, except sea snails",2020,2020,An,0,M,"Missing value (data cannot exist, not applicable)",
QCL,Crops and livestock products,143,Morocco,5510,Production,1176,"Snails, fresh, chilled, frozen, dried, salted or in brine, except sea snails",2021,2021,t,17281.68,E,Estimated value,
QCL,Crops and livestock products,143,Morocco,5320,Producing Animals/Slaughtered,1176,"Snails, fresh, chilled, frozen, dried, salted or in brine, except sea snails",2021,2021,An,0,M,"Missing value (data cannot exist, not applicable)",
QCL,Crops and livestock products,143,Morocco,5510,Production,1176,"Snails, fresh, chilled, frozen, dried, salted or in brine, except sea snails",2022,2022,t,17713.52,E,Estimated value,
QCL,Crops and livestock products,143,Morocco,5320,Producing Animals/Slaughtered,1176,"Snails, fresh, chilled, frozen, dried, salted or in brine, except sea snails",2022,2022,An,0,M,"Missing value (data cannot exist, not applicable)",
QCL,Crops and livestock products,143,Morocco,5312,Area harvested,83,Sorghum,1961,1961,ha,108000,A,Official figure,
QCL,Crops and livestock products,143,Morocco,5419,Yield,83,Sorghum,1961,1961,100 g/ha,4630,A,Official figure,
QCL,Crops and livestock products,143,Morocco,5510,Production,83,Sorghum,1961,1961,t,50000,A,Official figure,
QCL,Crops and livestock products,143,Morocco,5312,Area harvested,83,Sorghum,1962,1962,ha,125000,A,Official figure,
QCL,Crops and livestock products,143,Morocco,5419,Yield,83,Sorghum,1962,1962,100 g/ha,6640,A,Official figure,
QCL,Crops and livestock products,143,Morocco,5510,Production,83,Sorghum,1962,1962,t,83000,A,Official figure,
QCL,Crops and livestock products,143,Morocco,5312,Area harvested,83,Sorghum,1963,1963,ha,164000,A,Official figure,
QCL,Crops and livestock products,143,Morocco,5419,Yield,83,Sorghum,1963,1963,100 g/ha,6524,A,Official figure,
QCL,Crops and livestock products,143,Morocco,5510,Production,83,Sorghum,1963,1963,t,107000,A,Official figure,
QCL,Crops and livestock products,143,Morocco,5312,Area harvested,83,Sorghum,1964,1964,ha,120000,A,Official figure,
QCL,Crops and livestock products,143,Morocco,5419,Yield,83,Sorghum,1964,1964,100 g/ha,6333,A,Official figure,
QCL,Crops and livestock products,143,Morocco,5510,Production,83,Sorghum,1964,1964,t,76000,A,Official figure,
QCL,Crops and livestock products,143,Morocco,5312,Area harvested,83,Sorghum,1965,1965,ha,82000,A,Official figure,
QCL,Crops and livestock products,143,Morocco,5419,Yield,83,Sorghum,1965,1965,100 g/ha,6341,A,Official figure,
QCL,Crops and livestock products,143,Morocco,5510,Production,83,Sorghum,1965,1965,t,52000,A,Official figure,
QCL,Crops and livestock products,143,Morocco,5312,Area harvested,83,Sorghum,1966,1966,ha,90000,A,Official figure,
QCL,Crops and livestock products,143,Morocco,5419,Yield,83,Sorghum,1966,1966,100 g/ha,4000,A,Official figure,
QCL,Crops and livestock products,143,Morocco,5510,Production,83,Sorghum,1966,1966,t,36000,A,Official figure,
QCL,Crops and livestock products,143,Morocco,5312,Area harvested,83,Sorghum,1967,1967,ha,89000,A,Official figure,
QCL,Crops and livestock products,143,Morocco,5419,Yield,83,Sorghum,1967,1967,100 g/ha,6517,A,Official figure,
QCL,Crops and livestock products,143,Morocco,5510,Production,83,Sorghum,1967,1967,t,58000,A,Official figure,
QCL,Crops and livestock products,143,Morocco,5312,Area harvested,83,Sorghum,1968,1968,ha,71300,A,Official figure,
QCL,Crops and livestock products,143,Morocco,5419,Yield,83,Sorghum,1968,1968,100 g/ha,12749,A,Official figure,
QCL,Crops and livestock products,143,Morocco,5510,Production,83,Sorghum,1968,1968,t,90900,A,Official figure,
QCL,Crops and livestock products,143,Morocco,5312,Area harvested,83,Sorghum,1969,1969,ha,59400,A,Official figure,
QCL,Crops and livestock products,143,Morocco,5419,Yield,83,Sorghum,1969,1969,100 g/ha,7189,A,Official figure,
QCL,Crops and livestock products,143,Morocco,5510,Production,83,Sorghum,1969,1969,t,42700,A,Official figure,
QCL,Crops and livestock products,143,Morocco,5312,Area harvested,83,Sorghum,1970,1970,ha,59000,A,Official figure,
QCL,Crops and livestock products,143,Morocco,5419,Yield,83,Sorghum,1970,1970,100 g/ha,8102,A,Official figure,
QCL,Crops and livestock products,143,Morocco,5510,Production,83,Sorghum,1970,1970,t,47800,A,Official figure,
QCL,Crops and livestock products,143,Morocco,5312,Area harvested,83,Sorghum,1971,1971,ha,83000,A,Official figure,
QCL,Crops and livestock products,143,Morocco,5419,Yield,83,Sorghum,1971,1971,100 g/ha,14518,A,Official figure,
QCL,Crops and livestock products,143,Morocco,5510,Production,83,Sorghum,1971,1971,t,120500,A,Official figure,
QCL,Crops and livestock products,143,Morocco,5312,Area harvested,83,Sorghum,1972,1972,ha,65800,A,Official figure,
QCL,Crops and livestock products,143,Morocco,5419,Yield,83,Sorghum,1972,1972,100 g/ha,8964,A,Official figure,
QCL,Crops and livestock products,143,Morocco,5510,Production,83,Sorghum,1972,1972,t,58980,A,Official figure,
QCL,Crops and livestock products,143,Morocco,5312,Area harvested,83,Sorghum,1973,1973,ha,53500,A,Official figure,
QCL,Crops and livestock products,143,Morocco,5419,Yield,83,Sorghum,1973,1973,100 g/ha,9733,A,Official figure,
QCL,Crops and livestock products,143,Morocco,5510,Production,83,Sorghum,1973,1973,t,52070,A,Official figure,
QCL,Crops and livestock products,143,Morocco,5312,Area harvested,83,Sorghum,1974,1974,ha,70500,A,Official figure,
QCL,Crops and livestock products,143,Morocco,5419,Yield,83,Sorghum,1974,1974,100 g/ha,12440,A,Official figure,
QCL,Crops and livestock products,143,Morocco,5510,Production,83,Sorghum,1974,1974,t,87700,A,Official figure,
QCL,Crops and livestock products,143,Morocco,5312,Area harvested,83,Sorghum,1975,1975,ha,58200,A,Official figure,
QCL,Crops and livestock products,143,Morocco,5419,Yield,83,Sorghum,1975,1975,100 g/ha,12821,A,Official figure,
QCL,Crops and livestock products,143,Morocco,5510,Production,83,Sorghum,1975,1975,t,74620,A,Official figure,
QCL,Crops and livestock products,143,Morocco,5312,Area harvested,83,Sorghum,1976,1976,ha,48700,A,Official figure,
QCL,Crops and livestock products,143,Morocco,5419,Yield,83,Sorghum,1976,1976,100 g/ha,3965,A,Official figure,
QCL,Crops and livestock products,143,Morocco,5510,Production,83,Sorghum,1976,1976,t,19310,A,Official figure,
QCL,Crops and livestock products,143,Morocco,5312,Area harvested,83,Sorghum,1977,1977,ha,40700,A,Official figure,
QCL,Crops and livestock products,143,Morocco,5419,Yield,83,Sorghum,1977,1977,100 g/ha,1143,A,Official figure,
QCL,Crops and livestock products,143,Morocco,5510,Production,83,Sorghum,1977,1977,t,4650,A,Official figure,
QCL,Crops and livestock products,143,Morocco,5312,Area harvested,83,Sorghum,1978,1978,ha,31800,A,Official figure,
QCL,Crops and livestock products,143,Morocco,5419,Yield,83,Sorghum,1978,1978,100 g/ha,11365,A,Official figure,
QCL,Crops and livestock products,143,Morocco,5510,Production,83,Sorghum,1978,1978,t,36140,A,Official figure,
QCL,Crops and livestock products,143,Morocco,5312,Area harvested,83,Sorghum,1979,1979,ha,62500,A,Official figure,
QCL,Crops and livestock products,143,Morocco,5419,Yield,83,Sorghum,1979,1979,100 g/ha,3718,A,Official figure,
QCL,Crops and livestock products,143,Morocco,5510,Production,83,Sorghum,1979,1979,t,23240,A,Official figure,
QCL,Crops and livestock products,143,Morocco,5312,Area harvested,83,Sorghum,1980,1980,ha,39500,A,Official figure,
QCL,Crops and livestock products,143,Morocco,5419,Yield,83,Sorghum,1980,1980,100 g/ha,5884,A,Official figure,
QCL,Crops and livestock products,143,Morocco,5510,Production,83,Sorghum,1980,1980,t,23240,A,Official figure,
QCL,Crops and livestock products,143,Morocco,5312,Area harvested,83,Sorghum,1981,1981,ha,32100,A,Official figure,
QCL,Crops and livestock products,143,Morocco,5419,Yield,83,Sorghum,1981,1981,100 g/ha,3745,A,Official figure,
QCL,Crops and livestock products,143,Morocco,5510,Production,83,Sorghum,1981,1981,t,12020,A,Official figure,
QCL,Crops and livestock products,143,Morocco,5312,Area harvested,83,Sorghum,1982,1982,ha,34900,A,Official figure,
QCL,Crops and livestock products,143,Morocco,5419,Yield,83,Sorghum,1982,1982,100 g/ha,8212,A,Official figure,
QCL,Crops and livestock products,143,Morocco,5510,Production,83,Sorghum,1982,1982,t,28660,A,Official figure,
QCL,Crops and livestock products,143,Morocco,5312,Area harvested,83,Sorghum,1983,1983,ha,39300,A,Official figure,
QCL,Crops and livestock products,143,Morocco,5419,Yield,83,Sorghum,1983,1983,100 g/ha,6066,A,Official figure,
QCL,Crops and livestock products,143,Morocco,5510,Production,83,Sorghum,1983,1983,t,23840,A,Official figure,
QCL,Crops and livestock products,143,Morocco,5312,Area harvested,83,Sorghum,1984,1984,ha,32600,A,Official figure,
QCL,Crops and livestock products,143,Morocco,5419,Yield,83,Sorghum,1984,1984,100 g/ha,7543,A,Official figure,
QCL,Crops and livestock products,143,Morocco,5510,Production,83,Sorghum,1984,1984,t,24590,A,Official figure,
QCL,Crops and livestock products,143,Morocco,5312,Area harvested,83,Sorghum,1985,1985,ha,37200,A,Official figure,
QCL,Crops and livestock products,143,Morocco,5419,Yield,83,Sorghum,1985,1985,100 g/ha,5726,A,Official figure,
QCL,Crops and livestock products,143,Morocco,5510,Production,83,Sorghum,1985,1985,t,21300,A,Official figure,
QCL,Crops and livestock products,143,Morocco,5312,Area harvested,83,Sorghum,1986,1986,ha,23400,A,Official figure,
QCL,Crops and livestock products,143,Morocco,5419,Yield,83,Sorghum,1986,1986,100 g/ha,6385,A,Official figure,
QCL,Crops and livestock products,143,Morocco,5510,Production,83,Sorghum,1986,1986,t,14940,A,Official figure,
QCL,Crops and livestock products,143,Morocco,5312,Area harvested,83,Sorghum,1987,1987,ha,23400,A,Official figure,
QCL,Crops and livestock products,143,Morocco,5419,Yield,83,Sorghum,1987,1987,100 g/ha,6111,A,Official figure,
QCL,Crops and livestock products,143,Morocco,5510,Production,83,Sorghum,1987,1987,t,14300,A,Official figure,
QCL,Crops and livestock products,143,Morocco,5312,Area harvested,83,Sorghum,1988,1988,ha,23000,A,Official figure,
QCL,Crops and livestock products,143,Morocco,5419,Yield,83,Sorghum,1988,1988,100 g/ha,6009,A,Official figure,
QCL,Crops and livestock products,143,Morocco,5510,Production,83,Sorghum,1988,1988,t,13820,A,Official figure,
QCL,Crops and livestock products,143,Morocco,5312,Area harvested,83,Sorghum,1989,1989,ha,20200,A,Official figure,
QCL,Crops and livestock products,143,Morocco,5419,Yield,83,Sorghum,1989,1989,100 g/ha,6847,A,Official figure,
QCL,Crops and livestock products,143,Morocco,5510,Production,83,Sorghum,1989,1989,t,13830,A,Official figure,
QCL,Crops and livestock products,143,Morocco,5312,Area harvested,83,Sorghum,1990,1990,ha,28400,A,Official figure,
QCL,Crops and livestock products,143,Morocco,5419,Yield,83,Sorghum,1990,1990,100 g/ha,5496,A,Official figure,
QCL,Crops and livestock products,143,Morocco,5510,Production,83,Sorghum,1990,1990,t,15610,A,Official figure,
QCL,Crops and livestock products,143,Morocco,5312,Area harvested,83,Sorghum,1991,1991,ha,32600,A,Official figure,
QCL,Crops and livestock products,143,Morocco,5419,Yield,83,Sorghum,1991,1991,100 g/ha,4712,A,Official figure,
QCL,Crops and livestock products,143,Morocco,5510,Production,83,Sorghum,1991,1991,t,15360,A,Official figure,
QCL,Crops and livestock products,143,Morocco,5312,Area harvested,83,Sorghum,1992,1992,ha,32100,A,Official figure,
QCL,Crops and livestock products,143,Morocco,5419,Yield,83,Sorghum,1992,1992,100 g/ha,5558,A,Official figure,
QCL,Crops and livestock products,143,Morocco,5510,Production,83,Sorghum,1992,1992,t,17840,A,Official figure,
QCL,Crops and livestock products,143,Morocco,5312,Area harvested,83,Sorghum,1993,1993,ha,27500,A,Official figure,
QCL,Crops and livestock products,143,Morocco,5419,Yield,83,Sorghum,1993,1993,100 g/ha,7545,A,Official figure,
QCL,Crops and livestock products,143,Morocco,5510,Production,83,Sorghum,1993,1993,t,20750,A,Official figure,
QCL,Crops and livestock products,143,Morocco,5312,Area harvested,83,Sorghum,1994,1994,ha,29200,A,Official figure,
QCL,Crops and livestock products,143,Morocco,5419,Yield,83,Sorghum,1994,1994,100 g/ha,4719,A,Official figure,
QCL,Crops and livestock products,143,Morocco,5510,Production,83,Sorghum,1994,1994,t,13780,A,Official figure,
QCL,Crops and livestock products,143,Morocco,5312,Area harvested,83,Sorghum,1995,1995,ha,29200,A,Official figure,
QCL,Crops and livestock products,143,Morocco,5419,Yield,83,Sorghum,1995,1995,100 g/ha,866,A,Official figure,
QCL,Crops and livestock products,143,Morocco,5510,Production,83,Sorghum,1995,1995,t,2530,A,Official figure,
QCL,Crops and livestock products,143,Morocco,5312,Area harvested,83,Sorghum,1996,1996,ha,36300,A,Official figure,
QCL,Crops and livestock products,143,Morocco,5419,Yield,83,Sorghum,1996,1996,100 g/ha,6055,A,Official figure,
QCL,Crops and livestock products,143,Morocco,5510,Production,83,Sorghum,1996,1996,t,21980,A,Official figure,
QCL,Crops and livestock products,143,Morocco,5312,Area harvested,83,Sorghum,1997,1997,ha,22500,A,Official figure,
QCL,Crops and livestock products,143,Morocco,5419,Yield,83,Sorghum,1997,1997,100 g/ha,5338,A,Official figure,
QCL,Crops and livestock products,143,Morocco,5510,Production,83,Sorghum,1997,1997,t,12010,A,Official figure,
QCL,Crops and livestock products,143,Morocco,5312,Area harvested,83,Sorghum,1998,1998,ha,31800,A,Official figure,
QCL,Crops and livestock products,143,Morocco,5419,Yield,83,Sorghum,1998,1998,100 g/ha,7019,A,Official figure,
QCL,Crops and livestock products,143,Morocco,5510,Production,83,Sorghum,1998,1998,t,22320,A,Official figure,
QCL,Crops and livestock products,143,Morocco,5312,Area harvested,83,Sorghum,1999,1999,ha,29200,A,Official figure,
QCL,Crops and livestock products,143,Morocco,5419,Yield,83,Sorghum,1999,1999,100 g/ha,6264,A,Official figure,
QCL,Crops and livestock products,143,Morocco,5510,Production,83,Sorghum,1999,1999,t,18290,A,Official figure,
QCL,Crops and livestock products,143,Morocco,5312,Area harvested,83,Sorghum,2000,2000,ha,16100,A,Official figure,
QCL,Crops and livestock products,143,Morocco,5419,Yield,83,Sorghum,2000,2000,100 g/ha,7205,A,Official figure,
QCL,Crops and livestock products,143,Morocco,5510,Production,83,Sorghum,2000,2000,t,11600,A,Official figure,
QCL,Crops and livestock products,143,Morocco,5312,Area harvested,83,Sorghum,2001,2001,ha,16800,A,Official figure,
QCL,Crops and livestock products,143,Morocco,5419,Yield,83,Sorghum,2001,2001,100 g/ha,5845,A,Official figure,
QCL,Crops and livestock products,143,Morocco,5510,Production,83,Sorghum,2001,2001,t,9820,A,Official figure,
QCL,Crops and livestock products,143,Morocco,5312,Area harvested,83,Sorghum,2002,2002,ha,16300,A,Official figure,
QCL,Crops and livestock products,143,Morocco,5419,Yield,83,Sorghum,2002,2002,100 g/ha,4982,A,Official figure,
QCL,Crops and livestock products,143,Morocco,5510,Production,83,Sorghum,2002,2002,t,8120,A,Official figure,
QCL,Crops and livestock products,143,Morocco,5312,Area harvested,83,Sorghum,2003,2003,ha,19600,A,Official figure,
QCL,Crops and livestock products,143,Morocco,5419,Yield,83,Sorghum,2003,2003,100 g/ha,7301,A,Official figure,
QCL,Crops and livestock products,143,Morocco,5510,Production,83,Sorghum,2003,2003,t,14310,A,Official figure,
QCL,Crops and livestock products,143,Morocco,5312,Area harvested,83,Sorghum,2004,2004,ha,18000,A,Official figure,
QCL,Crops and livestock products,143,Morocco,5419,Yield,83,Sorghum,2004,2004,100 g/ha,8233,A,Official figure,
QCL,Crops and livestock products,143,Morocco,5510,Production,83,Sorghum,2004,2004,t,14820,A,Official figure,
QCL,Crops and livestock products,143,Morocco,5312,Area harvested,83,Sorghum,2005,2005,ha,20400,A,Official figure,
QCL,Crops and livestock products,143,Morocco,5419,Yield,83,Sorghum,2005,2005,100 g/ha,5451,A,Official figure,
QCL,Crops and livestock products,143,Morocco,5510,Production,83,Sorghum,2005,2005,t,11120,A,Official figure,
QCL,Crops and livestock products,143,Morocco,5312,Area harvested,83,Sorghum,2006,2006,ha,15700,A,Official figure,
QCL,Crops and livestock products,143,Morocco,5419,Yield,83,Sorghum,2006,2006,100 g/ha,7841,A,Official figure,
QCL,Crops and livestock products,143,Morocco,5510,Production,83,Sorghum,2006,2006,t,12310,A,Official figure,
QCL,Crops and livestock products,143,Morocco,5312,Area harvested,83,Sorghum,2007,2007,ha,18800,A,Official figure,
QCL,Crops and livestock products,143,Morocco,5419,Yield,83,Sorghum,2007,2007,100 g/ha,6234,A,Official figure,
QCL,Crops and livestock products,143,Morocco,5510,Production,83,Sorghum,2007,2007,t,11720,A,Official figure,
QCL,Crops and livestock products,143,Morocco,5312,Area harvested,83,Sorghum,2008,2008,ha,13900,A,Official figure,
QCL,Crops and livestock products,143,Morocco,5419,Yield,83,Sorghum,2008,2008,100 g/ha,8683,A,Official figure,
QCL,Crops and livestock products,143,Morocco,5510,Production,83,Sorghum,2008,2008,t,12070,A,Official figure,
QCL,Crops and livestock products,143,Morocco,5312,Area harvested,83,Sorghum,2009,2009,ha,12300,A,Official figure,
QCL,Crops and livestock products,143,Morocco,5419,Yield,83,Sorghum,2009,2009,100 g/ha,8878,A,Official figure,
QCL,Crops and livestock products,143,Morocco,5510,Production,83,Sorghum,2009,2009,t,10920,A,Official figure,
QCL,Crops and livestock products,143,Morocco,5312,Area harvested,83,Sorghum,2010,2010,ha,8700,A,Official figure,
QCL,Crops and livestock products,143,Morocco,5419,Yield,83,Sorghum,2010,2010,100 g/ha,6632,A,Official figure,
QCL,Crops and livestock products,143,Morocco,5510,Production,83,Sorghum,2010,2010,t,5770,A,Official figure,
QCL,Crops and livestock products,143,Morocco,5312,Area harvested,83,Sorghum,2011,2011,ha,9880,A,Official figure,
QCL,Crops and livestock products,143,Morocco,5419,Yield,83,Sorghum,2011,2011,100 g/ha,8011,A,Official figure,
QCL,Crops and livestock products,143,Morocco,5510,Production,83,Sorghum,2011,2011,t,7915,A,Official figure,
QCL,Crops and livestock products,143,Morocco,5312,Area harvested,83,Sorghum,2012,2012,ha,6100,A,Official figure,
QCL,Crops and livestock products,143,Morocco,5419,Yield,83,Sorghum,2012,2012,100 g/ha,9475,A,Official figure,
QCL,Crops and livestock products,143,Morocco,5510,Production,83,Sorghum,2012,2012,t,5780,A,Official figure,
QCL,Crops and livestock products,143,Morocco,5312,Area harvested,83,Sorghum,2013,2013,ha,4550,A,Official figure,
QCL,Crops and livestock products,143,Morocco,5419,Yield,83,Sorghum,2013,2013,100 g/ha,10637,A,Official figure,
QCL,Crops and livestock products,143,Morocco,5510,Production,83,Sorghum,2013,2013,t,4840,A,Official figure,
QCL,Crops and livestock products,143,Morocco,5312,Area harvested,83,Sorghum,2014,2014,ha,4800,A,Official figure,
QCL,Crops and livestock products,143,Morocco,5419,Yield,83,Sorghum,2014,2014,100 g/ha,10000,A,Official figure,
QCL,Crops and livestock products,143,Morocco,5510,Production,83,Sorghum,2014,2014,t,4800,A,Official figure,
QCL,Crops and livestock products,143,Morocco,5312,Area harvested,83,Sorghum,2015,2015,ha,5060,A,Official figure,
QCL,Crops and livestock products,143,Morocco,5419,Yield,83,Sorghum,2015,2015,100 g/ha,10478,A,Official figure,
QCL,Crops and livestock products,143,Morocco,5510,Production,83,Sorghum,2015,2015,t,5302,A,Official figure,
QCL,Crops and livestock products,143,Morocco,5312,Area harvested,83,Sorghum,2016,2016,ha,1980,A,Official figure,
QCL,Crops and livestock products,143,Morocco,5419,Yield,83,Sorghum,2016,2016,100 g/ha,9182,A,Official figure,
QCL,Crops and livestock products,143,Morocco,5510,Production,83,Sorghum,2016,2016,t,1818,A,Official figure,
QCL,Crops and livestock products,143,Morocco,5312,Area harvested,83,Sorghum,2017,2017,ha,4060,A,Official figure,
QCL,Crops and livestock products,143,Morocco,5419,Yield,83,Sorghum,2017,2017,100 g/ha,8970,A,Official figure,
QCL,Crops and livestock products,143,Morocco,5510,Production,83,Sorghum,2017,2017,t,3642,A,Official figure,
QCL,Crops and livestock products,143,Morocco,5312,Area harvested,83,Sorghum,2018,2018,ha,3681,A,Official figure,
QCL,Crops and livestock products,143,Morocco,5419,Yield,83,Sorghum,2018,2018,100 g/ha,9011,A,Official figure,
QCL,Crops and livestock products,143,Morocco,5510,Production,83,Sorghum,2018,2018,t,3316.9,A,Official figure,
QCL,Crops and livestock products,143,Morocco,5312,Area harvested,83,Sorghum,2019,2019,ha,4267,A,Official figure,
QCL,Crops and livestock products,143,Morocco,5419,Yield,83,Sorghum,2019,2019,100 g/ha,7998,A,Official figure,
QCL,Crops and livestock products,143,Morocco,5510,Production,83,Sorghum,2019,2019,t,3412.85,A,Official figure,
QCL,Crops and livestock products,143,Morocco,5312,Area harvested,83,Sorghum,2020,2020,ha,4440,A,Official figure,
QCL,Crops and livestock products,143,Morocco,5419,Yield,83,Sorghum,2020,2020,100 g/ha,9374,A,Official figure,
QCL,Crops and livestock products,143,Morocco,5510,Production,83,Sorghum,2020,2020,t,4162,A,Official figure,
QCL,Crops and livestock products,143,Morocco,5312,Area harvested,83,Sorghum,2021,2021,ha,4617,A,Official figure,
QCL,Crops and livestock products,143,Morocco,5419,Yield,83,Sorghum,2021,2021,100 g/ha,19926,A,Official figure,
QCL,Crops and livestock products,143,Morocco,5510,Production,83,Sorghum,2021,2021,t,9200,A,Official figure,
QCL,Crops and livestock products,143,Morocco,5312,Area harvested,83,Sorghum,2022,2022,ha,1590,A,Official figure,
QCL,Crops and livestock products,143,Morocco,5419,Yield,83,Sorghum,2022,2022,100 g/ha,33566,A,Official figure,
QCL,Crops and livestock products,143,Morocco,5510,Production,83,Sorghum,2022,2022,t,5337,A,Official figure,
QCL,Crops and livestock products,143,Morocco,5510,Production,237,Soya bean oil,1961,1961,t,1965.11,I,Imputed value,
QCL,Crops and livestock products,143,Morocco,5510,Production,237,Soya bean oil,1962,1962,t,2518.02,I,Imputed value,
QCL,Crops and livestock products,143,Morocco,5510,Production,237,Soya bean oil,1963,1963,t,518.78,I,Imputed value,
QCL,Crops and livestock products,143,Morocco,5510,Production,237,Soya bean oil,1964,1964,t,1893.05,I,Imputed value,
QCL,Crops and livestock products,143,Morocco,5510,Production,237,Soya bean oil,1965,1965,t,1533.57,I,Imputed value,
QCL,Crops and livestock products,143,Morocco,5510,Production,237,Soya bean oil,1966,1966,t,0,A,Official figure,
QCL,Crops and livestock products,143,Morocco,5510,Production,237,Soya bean oil,1967,1967,t,0,A,Official figure,
QCL,Crops and livestock products,143,Morocco,5510,Production,237,Soya bean oil,1968,1968,t,0,A,Official figure,
QCL,Crops and livestock products,143,Morocco,5510,Production,237,Soya bean oil,1969,1969,t,0,A,Official figure,
QCL,Crops and livestock products,143,Morocco,5510,Production,237,Soya bean oil,1970,1970,t,324.36,I,Imputed value,
QCL,Crops and livestock products,143,Morocco,5510,Production,237,Soya bean oil,1971,1971,t,0,A,Official figure,
QCL,Crops and livestock products,143,Morocco,5510,Production,237,Soya bean oil,1972,1972,t,0,A,Official figure,
QCL,Crops and livestock products,143,Morocco,5510,Production,237,Soya bean oil,1973,1973,t,2129.52,I,Imputed value,
QCL,Crops and livestock products,143,Morocco,5510,Production,237,Soya bean oil,1974,1974,t,1604.31,I,Imputed value,
QCL,Crops and livestock products,143,Morocco,5510,Production,237,Soya bean oil,1975,1975,t,1151,I,Imputed value,
QCL,Crops and livestock products,143,Morocco,5510,Production,237,Soya bean oil,1976,1976,t,2673.52,I,Imputed value,
QCL,Crops and livestock products,143,Morocco,5510,Production,237,Soya bean oil,1977,1977,t,3999.29,I,Imputed value,
QCL,Crops and livestock products,143,Morocco,5510,Production,237,Soya bean oil,1978,1978,t,3595.64,I,Imputed value,
QCL,Crops and livestock products,143,Morocco,5510,Production,237,Soya bean oil,1979,1979,t,4823.16,I,Imputed value,
QCL,Crops and livestock products,143,Morocco,5510,Production,237,Soya bean oil,1980,1980,t,4029.33,I,Imputed value,
QCL,Crops and livestock products,143,Morocco,5510,Production,237,Soya bean oil,1981,1981,t,4317.08,I,Imputed value,
QCL,Crops and livestock products,143,Morocco,5510,Production,237,Soya bean oil,1982,1982,t,5839.44,I,Imputed value,
QCL,Crops and livestock products,143,Morocco,5510,Production,237,Soya bean oil,1983,1983,t,4288.72,I,Imputed value,
QCL,Crops and livestock products,143,Morocco,5510,Production,237,Soya bean oil,1984,1984,t,3307.89,I,Imputed value,
QCL,Crops and livestock products,143,Morocco,5510,Production,237,Soya bean oil,1985,1985,t,3794.35,I,Imputed value,
QCL,Crops and livestock products,143,Morocco,5510,Production,237,Soya bean oil,1986,1986,t,3166.05,I,Imputed value,
QCL,Crops and livestock products,143,Morocco,5510,Production,237,Soya bean oil,1987,1987,t,4862.57,I,Imputed value,
QCL,Crops and livestock products,143,Morocco,5510,Production,237,Soya bean oil,1988,1988,t,2283.54,I,Imputed value,
QCL,Crops and livestock products,143,Morocco,5510,Production,237,Soya bean oil,1989,1989,t,3601.42,I,Imputed value,
QCL,Crops and livestock products,143,Morocco,5510,Production,237,Soya bean oil,1990,1990,t,1510.48,I,Imputed value,
QCL,Crops and livestock products,143,Morocco,5510,Production,237,Soya bean oil,1991,1991,t,4900,I,Imputed value,
QCL,Crops and livestock products,143,Morocco,5510,Production,237,Soya bean oil,1992,1992,t,709.07,I,Imputed value,
QCL,Crops and livestock products,143,Morocco,5510,Production,237,Soya bean oil,1993,1993,t,5882.31,I,Imputed value,
QCL,Crops and livestock products,143,Morocco,5510,Production,237,Soya bean oil,1994,1994,t,6932.98,I,Imputed value,
QCL,Crops and livestock products,143,Morocco,5510,Production,237,Soya bean oil,1995,1995,t,9891.86,I,Imputed value,
QCL,Crops and livestock products,143,Morocco,5510,Production,237,Soya bean oil,1996,1996,t,13401.92,I,Imputed value,
QCL,Crops and livestock products,143,Morocco,5510,Production,237,Soya bean oil,1997,1997,t,23548.54,I,Imputed value,
QCL,Crops and livestock products,143,Morocco,5510,Production,237,Soya bean oil,1998,1998,t,28580.3,I,Imputed value,
QCL,Crops and livestock products,143,Morocco,5510,Production,237,Soya bean oil,1999,1999,t,36440.1,I,Imputed value,
QCL,Crops and livestock products,143,Morocco,5510,Production,237,Soya bean oil,2000,2000,t,32419.67,I,Imputed value,
QCL,Crops and livestock products,143,Morocco,5510,Production,237,Soya bean oil,2001,2001,t,37832.84,I,Imputed value,
QCL,Crops and livestock products,143,Morocco,5510,Production,237,Soya bean oil,2002,2002,t,57156.65,I,Imputed value,
QCL,Crops and livestock products,143,Morocco,5510,Production,237,Soya bean oil,2003,2003,t,72708.37,I,Imputed value,
QCL,Crops and livestock products,143,Morocco,5510,Production,237,Soya bean oil,2004,2004,t,73800,X,Figure from international organizations,Unofficial figure
QCL,Crops and livestock products,143,Morocco,5510,Production,237,Soya bean oil,2005,2005,t,79900,X,Figure from international organizations,Unofficial figure
QCL,Crops and livestock products,143,Morocco,5510,Production,237,Soya bean oil,2006,2006,t,76000,X,Figure from international organizations,Unofficial figure
QCL,Crops and livestock products,143,Morocco,5510,Production,237,Soya bean oil,2007,2007,t,77200,X,Figure from international organizations,Unofficial figure
QCL,Crops and livestock products,143,Morocco,5510,Production,237,Soya bean oil,2008,2008,t,55900,X,Figure from international organizations,Unofficial figure
QCL,Crops and livestock products,143,Morocco,5510,Production,237,Soya bean oil,2009,2009,t,54000,X,Figure from international organizations,Unofficial figure
QCL,Crops and livestock products,143,Morocco,5510,Production,237,Soya bean oil,2010,2010,t,37900,X,Figure from international organizations,Unofficial figure
QCL,Crops and livestock products,143,Morocco,5510,Production,237,Soya bean oil,2011,2011,t,5500,X,Figure from international organizations,Unofficial figure
QCL,Crops and livestock products,143,Morocco,5510,Production,237,Soya bean oil,2012,2012,t,14900,X,Figure from international organizations,Unofficial figure
QCL,Crops and livestock products,143,Morocco,5510,Production,237,Soya bean oil,2013,2013,t,10300,X,Figure from international organizations,Unofficial figure
QCL,Crops and livestock products,143,Morocco,5510,Production,237,Soya bean oil,2014,2014,t,16300,X,Figure from international organizations,Unofficial figure
QCL,Crops and livestock products,143,Morocco,5510,Production,237,Soya bean oil,2015,2015,t,19700,X,Figure from international organizations,Unofficial figure
QCL,Crops and livestock products,143,Morocco,5510,Production,237,Soya bean oil,2016,2016,t,16000,X,Figure from international organizations,Unofficial figure
QCL,Crops and livestock products,143,Morocco,5510,Production,237,Soya bean oil,2017,2017,t,10200,X,Figure from international organizations,Unofficial figure
QCL,Crops and livestock products,143,Morocco,5510,Production,237,Soya bean oil,2018,2018,t,4400,X,Figure from international organizations,Unofficial figure
QCL,Crops and livestock products,143,Morocco,5510,Production,237,Soya bean oil,2019,2019,t,4100,X,Figure from international organizations,Unofficial figure
QCL,Crops and livestock products,143,Morocco,5510,Production,237,Soya bean oil,2020,2020,t,14300,X,Figure from international organizations,Unofficial figure
QCL,Crops and livestock products,143,Morocco,5510,Production,237,Soya bean oil,2021,2021,t,5100,X,Figure from international organizations,Unofficial figure
QCL,Crops and livestock products,143,Morocco,5312,Area harvested,236,Soya beans,1961,1961,ha,0,A,Official figure,
QCL,Crops and livestock products,143,Morocco,5510,Production,236,Soya beans,1961,1961,t,0,A,Official figure,
QCL,Crops and livestock products,143,Morocco,5312,Area harvested,236,Soya beans,1962,1962,ha,0,A,Official figure,
QCL,Crops and livestock products,143,Morocco,5510,Production,236,Soya beans,1962,1962,t,0,A,Official figure,
QCL,Crops and livestock products,143,Morocco,5312,Area harvested,236,Soya beans,1963,1963,ha,0,A,Official figure,
QCL,Crops and livestock products,143,Morocco,5510,Production,236,Soya beans,1963,1963,t,0,A,Official figure,
QCL,Crops and livestock products,143,Morocco,5312,Area harvested,236,Soya beans,1964,1964,ha,0,A,Official figure,
QCL,Crops and livestock products,143,Morocco,5510,Production,236,Soya beans,1964,1964,t,0,A,Official figure,
QCL,Crops and livestock products,143,Morocco,5312,Area harvested,236,Soya beans,1965,1965,ha,0,A,Official figure,
QCL,Crops and livestock products,143,Morocco,5510,Production,236,Soya beans,1965,1965,t,0,A,Official figure,
QCL,Crops and livestock products,143,Morocco,5312,Area harvested,236,Soya beans,1966,1966,ha,0,A,Official figure,
QCL,Crops and livestock products,143,Morocco,5510,Production,236,Soya beans,1966,1966,t,0,A,Official figure,
QCL,Crops and livestock products,143,Morocco,5312,Area harvested,236,Soya beans,1967,1967,ha,0,A,Official figure,
QCL,Crops and livestock products,143,Morocco,5510,Production,236,Soya beans,1967,1967,t,0,A,Official figure,
QCL,Crops and livestock products,143,Morocco,5312,Area harvested,236,Soya beans,1968,1968,ha,0,A,Official figure,
QCL,Crops and livestock products,143,Morocco,5510,Production,236,Soya beans,1968,1968,t,0,A,Official figure,
QCL,Crops and livestock products,143,Morocco,5312,Area harvested,236,Soya beans,1969,1969,ha,0,A,Official figure,
QCL,Crops and livestock products,143,Morocco,5510,Production,236,Soya beans,1969,1969,t,0,A,Official figure,
QCL,Crops and livestock products,143,Morocco,5312,Area harvested,236,Soya beans,1970,1970,ha,0,A,Official figure,
QCL,Crops and livestock products,143,Morocco,5510,Production,236,Soya beans,1970,1970,t,0,A,Official figure,
QCL,Crops and livestock products,143,Morocco,5312,Area harvested,236,Soya beans,1971,1971,ha,0,A,Official figure,
QCL,Crops and livestock products,143,Morocco,5510,Production,236,Soya beans,1971,1971,t,0,A,Official figure,
QCL,Crops and livestock products,143,Morocco,5312,Area harvested,236,Soya beans,1972,1972,ha,0,A,Official figure,
QCL,Crops and livestock products,143,Morocco,5510,Production,236,Soya beans,1972,1972,t,0,A,Official figure,
QCL,Crops and livestock products,143,Morocco,5312,Area harvested,236,Soya beans,1973,1973,ha,0,A,Official figure,
QCL,Crops and livestock products,143,Morocco,5510,Production,236,Soya beans,1973,1973,t,0,A,Official figure,
QCL,Crops and livestock products,143,Morocco,5312,Area harvested,236,Soya beans,1974,1974,ha,0,A,Official figure,
QCL,Crops and livestock products,143,Morocco,5510,Production,236,Soya beans,1974,1974,t,0,A,Official figure,
QCL,Crops and livestock products,143,Morocco,5312,Area harvested,236,Soya beans,1975,1975,ha,0,A,Official figure,
QCL,Crops and livestock products,143,Morocco,5510,Production,236,Soya beans,1975,1975,t,0,A,Official figure,
QCL,Crops and livestock products,143,Morocco,5312,Area harvested,236,Soya beans,1976,1976,ha,0,A,Official figure,
QCL,Crops and livestock products,143,Morocco,5510,Production,236,Soya beans,1976,1976,t,0,A,Official figure,
QCL,Crops and livestock products,143,Morocco,5312,Area harvested,236,Soya beans,1977,1977,ha,0,A,Official figure,
QCL,Crops and livestock products,143,Morocco,5510,Production,236,Soya beans,1977,1977,t,0,A,Official figure,
QCL,Crops and livestock products,143,Morocco,5312,Area harvested,236,Soya beans,1978,1978,ha,0,A,Official figure,
QCL,Crops and livestock products,143,Morocco,5510,Production,236,Soya beans,1978,1978,t,0,A,Official figure,
QCL,Crops and livestock products,143,Morocco,5312,Area harvested,236,Soya beans,1979,1979,ha,0,A,Official figure,
QCL,Crops and livestock products,143,Morocco,5510,Production,236,Soya beans,1979,1979,t,0,A,Official figure,
QCL,Crops and livestock products,143,Morocco,5312,Area harvested,236,Soya beans,1980,1980,ha,0,A,Official figure,
QCL,Crops and livestock products,143,Morocco,5510,Production,236,Soya beans,1980,1980,t,0,A,Official figure,
QCL,Crops and livestock products,143,Morocco,5312,Area harvested,236,Soya beans,1981,1981,ha,500,A,Official figure,
QCL,Crops and livestock products,143,Morocco,5419,Yield,236,Soya beans,1981,1981,100 g/ha,10000,A,Official figure,
QCL,Crops and livestock products,143,Morocco,5510,Production,236,Soya beans,1981,1981,t,500,A,Official figure,
QCL,Crops and livestock products,143,Morocco,5312,Area harvested,236,Soya beans,1982,1982,ha,300,A,Official figure,
QCL,Crops and livestock products,143,Morocco,5419,Yield,236,Soya beans,1982,1982,100 g/ha,10000,A,Official figure,
QCL,Crops and livestock products,143,Morocco,5510,Production,236,Soya beans,1982,1982,t,300,A,Official figure,
QCL,Crops and livestock products,143,Morocco,5312,Area harvested,236,Soya beans,1983,1983,ha,500,A,Official figure,
QCL,Crops and livestock products,143,Morocco,5419,Yield,236,Soya beans,1983,1983,100 g/ha,10000,A,Official figure,
QCL,Crops and livestock products,143,Morocco,5510,Production,236,Soya beans,1983,1983,t,500,A,Official figure,
QCL,Crops and livestock products,143,Morocco,5312,Area harvested,236,Soya beans,1984,1984,ha,800,E,Estimated value,
QCL,Crops and livestock products,143,Morocco,5419,Yield,236,Soya beans,1984,1984,100 g/ha,10000,E,Estimated value,
QCL,Crops and livestock products,143,Morocco,5510,Production,236,Soya beans,1984,1984,t,800,E,Estimated value,
QCL,Crops and livestock products,143,Morocco,5312,Area harvested,236,Soya beans,1985,1985,ha,1000,E,Estimated value,
QCL,Crops and livestock products,143,Morocco,5419,Yield,236,Soya beans,1985,1985,100 g/ha,10000,E,Estimated value,
QCL,Crops and livestock products,143,Morocco,5510,Production,236,Soya beans,1985,1985,t,1000,E,Estimated value,
QCL,Crops and livestock products,143,Morocco,5312,Area harvested,236,Soya beans,1986,1986,ha,2000,E,Estimated value,
QCL,Crops and livestock products,143,Morocco,5419,Yield,236,Soya beans,1986,1986,100 g/ha,10000,E,Estimated value,
QCL,Crops and livestock products,143,Morocco,5510,Production,236,Soya beans,1986,1986,t,2000,X,Figure from international organizations,Unofficial figure
QCL,Crops and livestock products,143,Morocco,5312,Area harvested,236,Soya beans,1987,1987,ha,4000,X,Figure from international organizations,Unofficial figure
QCL,Crops and livestock products,143,Morocco,5419,Yield,236,Soya beans,1987,1987,100 g/ha,10000,X,Figure from international organizations,
QCL,Crops and livestock products,143,Morocco,5510,Production,236,Soya beans,1987,1987,t,4000,X,Figure from international organizations,Unofficial figure
QCL,Crops and livestock products,143,Morocco,5312,Area harvested,236,Soya beans,1988,1988,ha,3000,X,Figure from international organizations,Unofficial figure
QCL,Crops and livestock products,143,Morocco,5419,Yield,236,Soya beans,1988,1988,100 g/ha,10000,X,Figure from international organizations,
QCL,Crops and livestock products,143,Morocco,5510,Production,236,Soya beans,1988,1988,t,3000,X,Figure from international organizations,Unofficial figure
QCL,Crops and livestock products,143,Morocco,5312,Area harvested,236,Soya beans,1989,1989,ha,0,A,Official figure,
QCL,Crops and livestock products,143,Morocco,5510,Production,236,Soya beans,1989,1989,t,0,A,Official figure,
QCL,Crops and livestock products,143,Morocco,5312,Area harvested,236,Soya beans,1990,1990,ha,5290,A,Official figure,
QCL,Crops and livestock products,143,Morocco,5419,Yield,236,Soya beans,1990,1990,100 g/ha,16181,A,Official figure,
QCL,Crops and livestock products,143,Morocco,5510,Production,236,Soya beans,1990,1990,t,8560,A,Official figure,
QCL,Crops and livestock products,143,Morocco,5312,Area harvested,236,Soya beans,1991,1991,ha,10580,A,Official figure,
QCL,Crops and livestock products,143,Morocco,5419,Yield,236,Soya beans,1991,1991,100 g/ha,14178,A,Official figure,
QCL,Crops and livestock products,143,Morocco,5510,Production,236,Soya beans,1991,1991,t,15000,A,Official figure,
QCL,Crops and livestock products,143,Morocco,5312,Area harvested,236,Soya beans,1992,1992,ha,3600,A,Official figure,
QCL,Crops and livestock products,143,Morocco,5419,Yield,236,Soya beans,1992,1992,100 g/ha,11944,A,Official figure,
QCL,Crops and livestock products,143,Morocco,5510,Production,236,Soya beans,1992,1992,t,4300,A,Official figure,
QCL,Crops and livestock products,143,Morocco,5312,Area harvested,236,Soya beans,1993,1993,ha,4000,X,Figure from international organizations,Unofficial figure
QCL,Crops and livestock products,143,Morocco,5419,Yield,236,Soya beans,1993,1993,100 g/ha,10000,X,Figure from international organizations,
QCL,Crops and livestock products,143,Morocco,5510,Production,236,Soya beans,1993,1993,t,4000,X,Figure from international organizations,Unofficial figure
QCL,Crops and livestock products,143,Morocco,5312,Area harvested,236,Soya beans,1994,1994,ha,2908,A,Official figure,
QCL,Crops and livestock products,143,Morocco,5419,Yield,236,Soya beans,1994,1994,100 g/ha,13755,A,Official figure,
QCL,Crops and livestock products,143,Morocco,5510,Production,236,Soya beans,1994,1994,t,4000,A,Official figure,
QCL,Crops and livestock products,143,Morocco,5312,Area harvested,236,Soya beans,1995,1995,ha,3000,X,Figure from international organizations,Unofficial figure
QCL,Crops and livestock products,143,Morocco,5419,Yield,236,Soya beans,1995,1995,100 g/ha,13367,X,Figure from international organizations,
QCL,Crops and livestock products,143,Morocco,5510,Production,236,Soya beans,1995,1995,t,4010,X,Figure from international organizations,Unofficial figure
QCL,Crops and livestock products,143,Morocco,5312,Area harvested,236,Soya beans,1996,1996,ha,1000,X,Figure from international organizations,Unofficial figure
QCL,Crops and livestock products,143,Morocco,5419,Yield,236,Soya beans,1996,1996,100 g/ha,24600,E,Estimated value,
QCL,Crops and livestock products,143,Morocco,5510,Production,236,Soya beans,1996,1996,t,2460,A,Official figure,
QCL,Crops and livestock products,143,Morocco,5312,Area harvested,236,Soya beans,1997,1997,ha,1000,A,Official figure,
QCL,Crops and livestock products,143,Morocco,5419,Yield,236,Soya beans,1997,1997,100 g/ha,10000,A,Official figure,
QCL,Crops and livestock products,143,Morocco,5510,Production,236,Soya beans,1997,1997,t,1000,A,Official figure,
QCL,Crops and livestock products,143,Morocco,5312,Area harvested,236,Soya beans,1998,1998,ha,2000,X,Figure from international organizations,Unofficial figure
QCL,Crops and livestock products,143,Morocco,5419,Yield,236,Soya beans,1998,1998,100 g/ha,4000,E,Estimated value,
QCL,Crops and livestock products,143,Morocco,5510,Production,236,Soya beans,1998,1998,t,800,A,Official figure,
QCL,Crops and livestock products,143,Morocco,5312,Area harvested,236,Soya beans,1999,1999,ha,1000,X,Figure from international organizations,Unofficial figure
QCL,Crops and livestock products,143,Morocco,5419,Yield,236,Soya beans,1999,1999,100 g/ha,11200,E,Estimated value,
QCL,Crops and livestock products,143,Morocco,5510,Production,236,Soya beans,1999,1999,t,1120,A,Official figure,
QCL,Crops and livestock products,143,Morocco,5312,Area harvested,236,Soya beans,2000,2000,ha,1000,X,Figure from international organizations,Unofficial figure
QCL,Crops and livestock products,143,Morocco,5419,Yield,236,Soya beans,2000,2000,100 g/ha,12000,E,Estimated value,
QCL,Crops and livestock products,143,Morocco,5510,Production,236,Soya beans,2000,2000,t,1200,A,Official figure,
QCL,Crops and livestock products,143,Morocco,5312,Area harvested,236,Soya beans,2001,2001,ha,1000,X,Figure from international organizations,Unofficial figure
QCL,Crops and livestock products,143,Morocco,5419,Yield,236,Soya beans,2001,2001,100 g/ha,10000,X,Figure from international organizations,
QCL,Crops and livestock products,143,Morocco,5510,Production,236,Soya beans,2001,2001,t,1000,X,Figure from international organizations,Unofficial figure
QCL,Crops and livestock products,143,Morocco,5312,Area harvested,236,Soya beans,2002,2002,ha,1000,X,Figure from international organizations,Unofficial figure
QCL,Crops and livestock products,143,Morocco,5419,Yield,236,Soya beans,2002,2002,100 g/ha,10000,X,Figure from international organizations,
QCL,Crops and livestock products,143,Morocco,5510,Production,236,Soya beans,2002,2002,t,1000,X,Figure from international organizations,Unofficial figure
QCL,Crops and livestock products,143,Morocco,5312,Area harvested,236,Soya beans,2003,2003,ha,1000,X,Figure from international organizations,Unofficial figure
QCL,Crops and livestock products,143,Morocco,5419,Yield,236,Soya beans,2003,2003,100 g/ha,10000,X,Figure from international organizations,
QCL,Crops and livestock products,143,Morocco,5510,Production,236,Soya beans,2003,2003,t,1000,X,Figure from international organizations,Unofficial figure
QCL,Crops and livestock products,143,Morocco,5312,Area harvested,236,Soya beans,2004,2004,ha,1000,X,Figure from international organizations,Unofficial figure
QCL,Crops and livestock products,143,Morocco,5419,Yield,236,Soya beans,2004,2004,100 g/ha,10000,X,Figure from international organizations,
QCL,Crops and livestock products,143,Morocco,5510,Production,236,Soya beans,2004,2004,t,1000,X,Figure from international organizations,Unofficial figure
QCL,Crops and livestock products,143,Morocco,5312,Area harvested,236,Soya beans,2005,2005,ha,1000,X,Figure from international organizations,Unofficial figure
QCL,Crops and livestock products,143,Morocco,5419,Yield,236,Soya beans,2005,2005,100 g/ha,10000,X,Figure from international organizations,
QCL,Crops and livestock products,143,Morocco,5510,Production,236,Soya beans,2005,2005,t,1000,X,Figure from international organizations,Unofficial figure
QCL,Crops and livestock products,143,Morocco,5312,Area harvested,236,Soya beans,2006,2006,ha,1000,X,Figure from international organizations,Unofficial figure
QCL,Crops and livestock products,143,Morocco,5419,Yield,236,Soya beans,2006,2006,100 g/ha,10000,X,Figure from international organizations,
QCL,Crops and livestock products,143,Morocco,5510,Production,236,Soya beans,2006,2006,t,1000,X,Figure from international organizations,Unofficial figure
QCL,Crops and livestock products,143,Morocco,5312,Area harvested,236,Soya beans,2007,2007,ha,1000,X,Figure from international organizations,Unofficial figure
QCL,Crops and livestock products,143,Morocco,5419,Yield,236,Soya beans,2007,2007,100 g/ha,10000,X,Figure from international organizations,
QCL,Crops and livestock products,143,Morocco,5510,Production,236,Soya beans,2007,2007,t,1000,X,Figure from international organizations,Unofficial figure
QCL,Crops and livestock products,143,Morocco,5312,Area harvested,236,Soya beans,2008,2008,ha,1000,X,Figure from international organizations,Unofficial figure
QCL,Crops and livestock products,143,Morocco,5419,Yield,236,Soya beans,2008,2008,100 g/ha,10000,X,Figure from international organizations,
QCL,Crops and livestock products,143,Morocco,5510,Production,236,Soya beans,2008,2008,t,1000,X,Figure from international organizations,Unofficial figure
QCL,Crops and livestock products,143,Morocco,5312,Area harvested,236,Soya beans,2009,2009,ha,1000,X,Figure from international organizations,Unofficial figure
QCL,Crops and livestock products,143,Morocco,5419,Yield,236,Soya beans,2009,2009,100 g/ha,10000,X,Figure from international organizations,
QCL,Crops and livestock products,143,Morocco,5510,Production,236,Soya beans,2009,2009,t,1000,X,Figure from international organizations,Unofficial figure
QCL,Crops and livestock products,143,Morocco,5312,Area harvested,236,Soya beans,2010,2010,ha,1000,X,Figure from international organizations,Unofficial figure
QCL,Crops and livestock products,143,Morocco,5419,Yield,236,Soya beans,2010,2010,100 g/ha,10000,X,Figure from international organizations,
QCL,Crops and livestock products,143,Morocco,5510,Production,236,Soya beans,2010,2010,t,1000,X,Figure from international organizations,Unofficial figure
QCL,Crops and livestock products,143,Morocco,5312,Area harvested,236,Soya beans,2011,2011,ha,1000,X,Figure from international organizations,Unofficial figure
QCL,Crops and livestock products,143,Morocco,5419,Yield,236,Soya beans,2011,2011,100 g/ha,10000,X,Figure from international organizations,
QCL,Crops and livestock products,143,Morocco,5510,Production,236,Soya beans,2011,2011,t,1000,X,Figure from international organizations,Unofficial figure
QCL,Crops and livestock products,143,Morocco,5312,Area harvested,236,Soya beans,2012,2012,ha,1000,X,Figure from international organizations,Unofficial figure
QCL,Crops and livestock products,143,Morocco,5419,Yield,236,Soya beans,2012,2012,100 g/ha,10000,X,Figure from international organizations,
QCL,Crops and livestock products,143,Morocco,5510,Production,236,Soya beans,2012,2012,t,1000,X,Figure from international organizations,Unofficial figure
QCL,Crops and livestock products,143,Morocco,5312,Area harvested,236,Soya beans,2013,2013,ha,1000,X,Figure from international organizations,Unofficial figure
QCL,Crops and livestock products,143,Morocco,5419,Yield,236,Soya beans,2013,2013,100 g/ha,10000,X,Figure from international organizations,
QCL,Crops and livestock products,143,Morocco,5510,Production,236,Soya beans,2013,2013,t,1000,X,Figure from international organizations,Unofficial figure
QCL,Crops and livestock products,143,Morocco,5312,Area harvested,236,Soya beans,2014,2014,ha,1000,X,Figure from international organizations,Unofficial figure
QCL,Crops and livestock products,143,Morocco,5419,Yield,236,Soya beans,2014,2014,100 g/ha,10000,X,Figure from international organizations,
QCL,Crops and livestock products,143,Morocco,5510,Production,236,Soya beans,2014,2014,t,1000,X,Figure from international organizations,Unofficial figure
QCL,Crops and livestock products,143,Morocco,5312,Area harvested,236,Soya beans,2015,2015,ha,1000,X,Figure from international organizations,Unofficial figure
QCL,Crops and livestock products,143,Morocco,5419,Yield,236,Soya beans,2015,2015,100 g/ha,10000,X,Figure from international organizations,
QCL,Crops and livestock products,143,Morocco,5510,Production,236,Soya beans,2015,2015,t,1000,X,Figure from international organizations,Unofficial figure
QCL,Crops and livestock products,143,Morocco,5312,Area harvested,236,Soya beans,2016,2016,ha,1000,X,Figure from international organizations,Unofficial figure
QCL,Crops and livestock products,143,Morocco,5419,Yield,236,Soya beans,2016,2016,100 g/ha,10000,X,Figure from international organizations,
QCL,Crops and livestock products,143,Morocco,5510,Production,236,Soya beans,2016,2016,t,1000,X,Figure from international organizations,Unofficial figure
QCL,Crops and livestock products,143,Morocco,5312,Area harvested,236,Soya beans,2017,2017,ha,1000,E,Estimated value,
QCL,Crops and livestock products,143,Morocco,5419,Yield,236,Soya beans,2017,2017,100 g/ha,10000,E,Estimated value,
QCL,Crops and livestock products,143,Morocco,5510,Production,236,Soya beans,2017,2017,t,1000,E,Estimated value,
QCL,Crops and livestock products,143,Morocco,5312,Area harvested,236,Soya beans,2018,2018,ha,1000,E,Estimated value,
QCL,Crops and livestock products,143,Morocco,5419,Yield,236,Soya beans,2018,2018,100 g/ha,10000,E,Estimated value,
QCL,Crops and livestock products,143,Morocco,5510,Production,236,Soya beans,2018,2018,t,1000,E,Estimated value,
QCL,Crops and livestock products,143,Morocco,5312,Area harvested,236,Soya beans,2019,2019,ha,1000,E,Estimated value,
QCL,Crops and livestock products,143,Morocco,5419,Yield,236,Soya beans,2019,2019,100 g/ha,10000,E,Estimated value,
QCL,Crops and livestock products,143,Morocco,5510,Production,236,Soya beans,2019,2019,t,1000,E,Estimated value,
QCL,Crops and livestock products,143,Morocco,5312,Area harvested,236,Soya beans,2020,2020,ha,1000,E,Estimated value,
QCL,Crops and livestock products,143,Morocco,5419,Yield,236,Soya beans,2020,2020,100 g/ha,10000,E,Estimated value,
QCL,Crops and livestock products,143,Morocco,5510,Production,236,Soya beans,2020,2020,t,1000,E,Estimated value,
QCL,Crops and livestock products,143,Morocco,5312,Area harvested,236,Soya beans,2021,2021,ha,1000,E,Estimated value,
QCL,Crops and livestock products,143,Morocco,5419,Yield,236,Soya beans,2021,2021,100 g/ha,10000,E,Estimated value,
QCL,Crops and livestock products,143,Morocco,5510,Production,236,Soya beans,2021,2021,t,1000,E,Estimated value,
QCL,Crops and livestock products,143,Morocco,5312,Area harvested,236,Soya beans,2022,2022,ha,1000,E,Estimated value,
QCL,Crops and livestock products,143,Morocco,5419,Yield,236,Soya beans,2022,2022,100 g/ha,10000,E,Estimated value,
QCL,Crops and livestock products,143,Morocco,5510,Production,236,Soya beans,2022,2022,t,1000,E,Estimated value,
QCL,Crops and livestock products,143,Morocco,5312,Area harvested,544,Strawberries,1961,1961,ha,0,M,"Missing value (data cannot exist, not applicable)",
QCL,Crops and livestock products,143,Morocco,5510,Production,544,Strawberries,1961,1961,t,0,A,Official figure,
QCL,Crops and livestock products,143,Morocco,5312,Area harvested,544,Strawberries,1962,1962,ha,0,M,"Missing value (data cannot exist, not applicable)",
QCL,Crops and livestock products,143,Morocco,5510,Production,544,Strawberries,1962,1962,t,0,A,Official figure,
QCL,Crops and livestock products,143,Morocco,5312,Area harvested,544,Strawberries,1963,1963,ha,0,M,"Missing value (data cannot exist, not applicable)",
QCL,Crops and livestock products,143,Morocco,5510,Production,544,Strawberries,1963,1963,t,0,A,Official figure,
QCL,Crops and livestock products,143,Morocco,5312,Area harvested,544,Strawberries,1964,1964,ha,0,M,"Missing value (data cannot exist, not applicable)",
QCL,Crops and livestock products,143,Morocco,5510,Production,544,Strawberries,1964,1964,t,0,A,Official figure,
QCL,Crops and livestock products,143,Morocco,5312,Area harvested,544,Strawberries,1965,1965,ha,0,M,"Missing value (data cannot exist, not applicable)",
QCL,Crops and livestock products,143,Morocco,5510,Production,544,Strawberries,1965,1965,t,0,A,Official figure,
QCL,Crops and livestock products,143,Morocco,5312,Area harvested,544,Strawberries,1966,1966,ha,0,M,"Missing value (data cannot exist, not applicable)",
QCL,Crops and livestock products,143,Morocco,5510,Production,544,Strawberries,1966,1966,t,0,A,Official figure,
QCL,Crops and livestock products,143,Morocco,5312,Area harvested,544,Strawberries,1967,1967,ha,0,M,"Missing value (data cannot exist, not applicable)",
QCL,Crops and livestock products,143,Morocco,5510,Production,544,Strawberries,1967,1967,t,0,A,Official figure,
QCL,Crops and livestock products,143,Morocco,5312,Area harvested,544,Strawberries,1968,1968,ha,0,M,"Missing value (data cannot exist, not applicable)",
QCL,Crops and livestock products,143,Morocco,5510,Production,544,Strawberries,1968,1968,t,0,A,Official figure,
QCL,Crops and livestock products,143,Morocco,5312,Area harvested,544,Strawberries,1969,1969,ha,0,M,"Missing value (data cannot exist, not applicable)",
QCL,Crops and livestock products,143,Morocco,5510,Production,544,Strawberries,1969,1969,t,50,E,Estimated value,
QCL,Crops and livestock products,143,Morocco,5312,Area harvested,544,Strawberries,1970,1970,ha,0,M,"Missing value (data cannot exist, not applicable)",
QCL,Crops and livestock products,143,Morocco,5510,Production,544,Strawberries,1970,1970,t,50,E,Estimated value,
QCL,Crops and livestock products,143,Morocco,5312,Area harvested,544,Strawberries,1971,1971,ha,0,M,"Missing value (data cannot exist, not applicable)",
QCL,Crops and livestock products,143,Morocco,5510,Production,544,Strawberries,1971,1971,t,60,E,Estimated value,
QCL,Crops and livestock products,143,Morocco,5312,Area harvested,544,Strawberries,1972,1972,ha,0,M,"Missing value (data cannot exist, not applicable)",
QCL,Crops and livestock products,143,Morocco,5510,Production,544,Strawberries,1972,1972,t,140,E,Estimated value,
QCL,Crops and livestock products,143,Morocco,5312,Area harvested,544,Strawberries,1973,1973,ha,0,M,"Missing value (data cannot exist, not applicable)",
QCL,Crops and livestock products,143,Morocco,5510,Production,544,Strawberries,1973,1973,t,350,E,Estimated value,
QCL,Crops and livestock products,143,Morocco,5312,Area harvested,544,Strawberries,1974,1974,ha,0,M,"Missing value (data cannot exist, not applicable)",
QCL,Crops and livestock products,143,Morocco,5510,Production,544,Strawberries,1974,1974,t,500,E,Estimated value,
QCL,Crops and livestock products,143,Morocco,5312,Area harvested,544,Strawberries,1975,1975,ha,0,M,"Missing value (data cannot exist, not applicable)",
QCL,Crops and livestock products,143,Morocco,5510,Production,544,Strawberries,1975,1975,t,250,E,Estimated value,
QCL,Crops and livestock products,143,Morocco,5312,Area harvested,544,Strawberries,1976,1976,ha,0,M,"Missing value (data cannot exist, not applicable)",
QCL,Crops and livestock products,143,Morocco,5510,Production,544,Strawberries,1976,1976,t,150,E,Estimated value,
QCL,Crops and livestock products,143,Morocco,5312,Area harvested,544,Strawberries,1977,1977,ha,0,M,"Missing value (data cannot exist, not applicable)",
QCL,Crops and livestock products,143,Morocco,5510,Production,544,Strawberries,1977,1977,t,50,E,Estimated value,
QCL,Crops and livestock products,143,Morocco,5312,Area harvested,544,Strawberries,1978,1978,ha,0,M,"Missing value (data cannot exist, not applicable)",
QCL,Crops and livestock products,143,Morocco,5510,Production,544,Strawberries,1978,1978,t,50,E,Estimated value,
QCL,Crops and livestock products,143,Morocco,5312,Area harvested,544,Strawberries,1979,1979,ha,0,M,"Missing value (data cannot exist, not applicable)",
QCL,Crops and livestock products,143,Morocco,5510,Production,544,Strawberries,1979,1979,t,50,E,Estimated value,
QCL,Crops and livestock products,143,Morocco,5312,Area harvested,544,Strawberries,1980,1980,ha,0,M,"Missing value (data cannot exist, not applicable)",
QCL,Crops and livestock products,143,Morocco,5510,Production,544,Strawberries,1980,1980,t,50,E,Estimated value,
QCL,Crops and livestock products,143,Morocco,5312,Area harvested,544,Strawberries,1981,1981,ha,0,M,"Missing value (data cannot exist, not applicable)",
QCL,Crops and livestock products,143,Morocco,5510,Production,544,Strawberries,1981,1981,t,50,E,Estimated value,
QCL,Crops and livestock products,143,Morocco,5312,Area harvested,544,Strawberries,1982,1982,ha,0,M,"Missing value (data cannot exist, not applicable)",
QCL,Crops and livestock products,143,Morocco,5510,Production,544,Strawberries,1982,1982,t,70,E,Estimated value,
QCL,Crops and livestock products,143,Morocco,5312,Area harvested,544,Strawberries,1983,1983,ha,0,M,"Missing value (data cannot exist, not applicable)",
QCL,Crops and livestock products,143,Morocco,5510,Production,544,Strawberries,1983,1983,t,50,E,Estimated value,
QCL,Crops and livestock products,143,Morocco,5312,Area harvested,544,Strawberries,1984,1984,ha,0,M,"Missing value (data cannot exist, not applicable)",
QCL,Crops and livestock products,143,Morocco,5510,Production,544,Strawberries,1984,1984,t,100,E,Estimated value,
QCL,Crops and livestock products,143,Morocco,5312,Area harvested,544,Strawberries,1985,1985,ha,30,E,Estimated value,
QCL,Crops and livestock products,143,Morocco,5419,Yield,544,Strawberries,1985,1985,100 g/ha,66667,E,Estimated value,
QCL,Crops and livestock products,143,Morocco,5510,Production,544,Strawberries,1985,1985,t,200,E,Estimated value,
QCL,Crops and livestock products,143,Morocco,5312,Area harvested,544,Strawberries,1986,1986,ha,100,E,Estimated value,
QCL,Crops and livestock products,143,Morocco,5419,Yield,544,Strawberries,1986,1986,100 g/ha,60000,E,Estimated value,
QCL,Crops and livestock products,143,Morocco,5510,Production,544,Strawberries,1986,1986,t,600,E,Estimated value,
QCL,Crops and livestock products,143,Morocco,5312,Area harvested,544,Strawberries,1987,1987,ha,100,E,Estimated value,
QCL,Crops and livestock products,143,Morocco,5419,Yield,544,Strawberries,1987,1987,100 g/ha,80000,E,Estimated value,
QCL,Crops and livestock products,143,Morocco,5510,Production,544,Strawberries,1987,1987,t,800,E,Estimated value,
QCL,Crops and livestock products,143,Morocco,5312,Area harvested,544,Strawberries,1988,1988,ha,125,E,Estimated value,
QCL,Crops and livestock products,143,Morocco,5419,Yield,544,Strawberries,1988,1988,100 g/ha,80000,E,Estimated value,
QCL,Crops and livestock products,143,Morocco,5510,Production,544,Strawberries,1988,1988,t,1000,E,Estimated value,
QCL,Crops and livestock products,143,Morocco,5312,Area harvested,544,Strawberries,1989,1989,ha,155,E,Estimated value,
QCL,Crops and livestock products,143,Morocco,5419,Yield,544,Strawberries,1989,1989,100 g/ha,90323,E,Estimated value,
QCL,Crops and livestock products,143,Morocco,5510,Production,544,Strawberries,1989,1989,t,1400,A,Official figure,
QCL,Crops and livestock products,143,Morocco,5312,Area harvested,544,Strawberries,1990,1990,ha,160,E,Estimated value,
QCL,Crops and livestock products,143,Morocco,5419,Yield,544,Strawberries,1990,1990,100 g/ha,62500,E,Estimated value,
QCL,Crops and livestock products,143,Morocco,5510,Production,544,Strawberries,1990,1990,t,1000,A,Official figure,
QCL,Crops and livestock products,143,Morocco,5312,Area harvested,544,Strawberries,1991,1991,ha,210,E,Estimated value,
QCL,Crops and livestock products,143,Morocco,5419,Yield,544,Strawberries,1991,1991,100 g/ha,90476,E,Estimated value,
QCL,Crops and livestock products,143,Morocco,5510,Production,544,Strawberries,1991,1991,t,1900,A,Official figure,
QCL,Crops and livestock products,143,Morocco,5312,Area harvested,544,Strawberries,1992,1992,ha,320,E,Estimated value,
QCL,Crops and livestock products,143,Morocco,5419,Yield,544,Strawberries,1992,1992,100 g/ha,93750,E,Estimated value,
QCL,Crops and livestock products,143,Morocco,5510,Production,544,Strawberries,1992,1992,t,3000,E,Estimated value,
QCL,Crops and livestock products,143,Morocco,5312,Area harvested,544,Strawberries,1993,1993,ha,625,E,Estimated value,
QCL,Crops and livestock products,143,Morocco,5419,Yield,544,Strawberries,1993,1993,100 g/ha,96000,E,Estimated value,
QCL,Crops and livestock products,143,Morocco,5510,Production,544,Strawberries,1993,1993,t,6000,E,Estimated value,
QCL,Crops and livestock products,143,Morocco,5312,Area harvested,544,Strawberries,1994,1994,ha,815,E,Estimated value,
QCL,Crops and livestock products,143,Morocco,5419,Yield,544,Strawberries,1994,1994,100 g/ha,98160,E,Estimated value,
QCL,Crops and livestock products,143,Morocco,5510,Production,544,Strawberries,1994,1994,t,8000,E,Estimated value,
QCL,Crops and livestock products,143,Morocco,5312,Area harvested,544,Strawberries,1995,1995,ha,1000,E,Estimated value,
QCL,Crops and livestock products,143,Morocco,5419,Yield,544,Strawberries,1995,1995,100 g/ha,100000,E,Estimated value,
QCL,Crops and livestock products,143,Morocco,5510,Production,544,Strawberries,1995,1995,t,10000,E,Estimated value,
QCL,Crops and livestock products,143,Morocco,5312,Area harvested,544,Strawberries,1996,1996,ha,1116,I,Imputed value,
QCL,Crops and livestock products,143,Morocco,5419,Yield,544,Strawberries,1996,1996,100 g/ha,179171,E,Estimated value,
QCL,Crops and livestock products,143,Morocco,5510,Production,544,Strawberries,1996,1996,t,20000,E,Estimated value,
QCL,Crops and livestock products,143,Morocco,5312,Area harvested,544,Strawberries,1997,1997,ha,1307,I,Imputed value,
QCL,Crops and livestock products,143,Morocco,5419,Yield,544,Strawberries,1997,1997,100 g/ha,229571,E,Estimated value,
QCL,Crops and livestock products,143,Morocco,5510,Production,544,Strawberries,1997,1997,t,30000,E,Estimated value,
QCL,Crops and livestock products,143,Morocco,5312,Area harvested,544,Strawberries,1998,1998,ha,1464,I,Imputed value,
QCL,Crops and livestock products,143,Morocco,5419,Yield,544,Strawberries,1998,1998,100 g/ha,273160,E,Estimated value,
QCL,Crops and livestock products,143,Morocco,5510,Production,544,Strawberries,1998,1998,t,40000,E,Estimated value,
QCL,Crops and livestock products,143,Morocco,5312,Area harvested,544,Strawberries,1999,1999,ha,1475,A,Official figure,
QCL,Crops and livestock products,143,Morocco,5419,Yield,544,Strawberries,1999,1999,100 g/ha,394576,A,Official figure,
QCL,Crops and livestock products,143,Morocco,5510,Production,544,Strawberries,1999,1999,t,58200,A,Official figure,
QCL,Crops and livestock products,143,Morocco,5312,Area harvested,544,Strawberries,2000,2000,ha,2415,A,Official figure,
QCL,Crops and livestock products,143,Morocco,5419,Yield,544,Strawberries,2000,2000,100 g/ha,434783,A,Official figure,
QCL,Crops and livestock products,143,Morocco,5510,Production,544,Strawberries,2000,2000,t,105000,A,Official figure,
QCL,Crops and livestock products,143,Morocco,5312,Area harvested,544,Strawberries,2001,2001,ha,2560,A,Official figure,
QCL,Crops and livestock products,143,Morocco,5419,Yield,544,Strawberries,2001,2001,100 g/ha,351563,A,Official figure,
QCL,Crops and livestock products,143,Morocco,5510,Production,544,Strawberries,2001,2001,t,90000,A,Official figure,
QCL,Crops and livestock products,143,Morocco,5312,Area harvested,544,Strawberries,2002,2002,ha,1890,A,Official figure,
QCL,Crops and livestock products,143,Morocco,5419,Yield,544,Strawberries,2002,2002,100 g/ha,370370,A,Official figure,
QCL,Crops and livestock products,143,Morocco,5510,Production,544,Strawberries,2002,2002,t,70000,A,Official figure,
QCL,Crops and livestock products,143,Morocco,5312,Area harvested,544,Strawberries,2003,2003,ha,2370,A,Official figure,
QCL,Crops and livestock products,143,Morocco,5419,Yield,544,Strawberries,2003,2003,100 g/ha,381857,A,Official figure,
QCL,Crops and livestock products,143,Morocco,5510,Production,544,Strawberries,2003,2003,t,90500,A,Official figure,
QCL,Crops and livestock products,143,Morocco,5312,Area harvested,544,Strawberries,2004,2004,ha,2780,A,Official figure,
QCL,Crops and livestock products,143,Morocco,5419,Yield,544,Strawberries,2004,2004,100 g/ha,381655,A,Official figure,
QCL,Crops and livestock products,143,Morocco,5510,Production,544,Strawberries,2004,2004,t,106100,A,Official figure,
QCL,Crops and livestock products,143,Morocco,5312,Area harvested,544,Strawberries,2005,2005,ha,3140,A,Official figure,
QCL,Crops and livestock products,143,Morocco,5419,Yield,544,Strawberries,2005,2005,100 g/ha,377707,A,Official figure,
QCL,Crops and livestock products,143,Morocco,5510,Production,544,Strawberries,2005,2005,t,118600,A,Official figure,
QCL,Crops and livestock products,143,Morocco,5312,Area harvested,544,Strawberries,2006,2006,ha,2800,A,Official figure,
QCL,Crops and livestock products,143,Morocco,5419,Yield,544,Strawberries,2006,2006,100 g/ha,400000,A,Official figure,
QCL,Crops and livestock products,143,Morocco,5510,Production,544,Strawberries,2006,2006,t,112000,A,Official figure,
QCL,Crops and livestock products,143,Morocco,5312,Area harvested,544,Strawberries,2007,2007,ha,2900,E,Estimated value,
QCL,Crops and livestock products,143,Morocco,5419,Yield,544,Strawberries,2007,2007,100 g/ha,413793,E,Estimated value,
QCL,Crops and livestock products,143,Morocco,5510,Production,544,Strawberries,2007,2007,t,120000,E,Estimated value,
QCL,Crops and livestock products,143,Morocco,5312,Area harvested,544,Strawberries,2008,2008,ha,2950,A,Official figure,
QCL,Crops and livestock products,143,Morocco,5419,Yield,544,Strawberries,2008,2008,100 g/ha,440678,A,Official figure,
QCL,Crops and livestock products,143,Morocco,5510,Production,544,Strawberries,2008,2008,t,130000,A,Official figure,
QCL,Crops and livestock products,143,Morocco,5312,Area harvested,544,Strawberries,2009,2009,ha,3214,A,Official figure,
QCL,Crops and livestock products,143,Morocco,5419,Yield,544,Strawberries,2009,2009,100 g/ha,1104605,A,Official figure,
QCL,Crops and livestock products,143,Morocco,5510,Production,544,Strawberries,2009,2009,t,355020,A,Official figure,
QCL,Crops and livestock products,143,Morocco,5312,Area harvested,544,Strawberries,2010,2010,ha,3035,A,Official figure,
QCL,Crops and livestock products,143,Morocco,5419,Yield,544,Strawberries,2010,2010,100 g/ha,463262,A,Official figure,
QCL,Crops and livestock products,143,Morocco,5510,Production,544,Strawberries,2010,2010,t,140600,A,Official figure,
QCL,Crops and livestock products,143,Morocco,5312,Area harvested,544,Strawberries,2011,2011,ha,2516,A,Official figure,
QCL,Crops and livestock products,143,Morocco,5419,Yield,544,Strawberries,2011,2011,100 g/ha,440048,A,Official figure,
QCL,Crops and livestock products,143,Morocco,5510,Production,544,Strawberries,2011,2011,t,110716,A,Official figure,
QCL,Crops and livestock products,143,Morocco,5312,Area harvested,544,Strawberries,2012,2012,ha,3320,A,Official figure,
QCL,Crops and livestock products,143,Morocco,5419,Yield,544,Strawberries,2012,2012,100 g/ha,420732,A,Official figure,
QCL,Crops and livestock products,143,Morocco,5510,Production,544,Strawberries,2012,2012,t,139683,A,Official figure,
QCL,Crops and livestock products,143,Morocco,5312,Area harvested,544,Strawberries,2013,2013,ha,3526,A,Official figure,
QCL,Crops and livestock products,143,Morocco,5419,Yield,544,Strawberries,2013,2013,100 g/ha,411892,A,Official figure,
QCL,Crops and livestock products,143,Morocco,5510,Production,544,Strawberries,2013,2013,t,145233,A,Official figure,
QCL,Crops and livestock products,143,Morocco,5312,Area harvested,544,Strawberries,2014,2014,ha,3445,A,Official figure,
QCL,Crops and livestock products,143,Morocco,5419,Yield,544,Strawberries,2014,2014,100 g/ha,398804,A,Official figure,
QCL,Crops and livestock products,143,Morocco,5510,Production,544,Strawberries,2014,2014,t,137388,A,Official figure,
QCL,Crops and livestock products,143,Morocco,5312,Area harvested,544,Strawberries,2015,2015,ha,3400,A,Official figure,
QCL,Crops and livestock products,143,Morocco,5419,Yield,544,Strawberries,2015,2015,100 g/ha,415001,A,Official figure,
QCL,Crops and livestock products,143,Morocco,5510,Production,544,Strawberries,2015,2015,t,141100.36,A,Official figure,
QCL,Crops and livestock products,143,Morocco,5312,Area harvested,544,Strawberries,2016,2016,ha,3179,A,Official figure,
QCL,Crops and livestock products,143,Morocco,5419,Yield,544,Strawberries,2016,2016,100 g/ha,430500,A,Official figure,
QCL,Crops and livestock products,143,Morocco,5510,Production,544,Strawberries,2016,2016,t,136856,A,Official figure,
QCL,Crops and livestock products,143,Morocco,5312,Area harvested,544,Strawberries,2017,2017,ha,3628,A,Official figure,
QCL,Crops and livestock products,143,Morocco,5419,Yield,544,Strawberries,2017,2017,100 g/ha,445905,A,Official figure,
QCL,Crops and livestock products,143,Morocco,5510,Production,544,Strawberries,2017,2017,t,161793.4,A,Official figure,
QCL,Crops and livestock products,143,Morocco,5312,Area harvested,544,Strawberries,2018,2018,ha,3276,A,Official figure,
QCL,Crops and livestock products,143,Morocco,5419,Yield,544,Strawberries,2018,2018,100 g/ha,437851,A,Official figure,
QCL,Crops and livestock products,143,Morocco,5510,Production,544,Strawberries,2018,2018,t,143440,A,Official figure,
QCL,Crops and livestock products,143,Morocco,5312,Area harvested,544,Strawberries,2019,2019,ha,3455,A,Official figure,
QCL,Crops and livestock products,143,Morocco,5419,Yield,544,Strawberries,2019,2019,100 g/ha,485751,A,Official figure,
QCL,Crops and livestock products,143,Morocco,5510,Production,544,Strawberries,2019,2019,t,167827,A,Official figure,
QCL,Crops and livestock products,143,Morocco,5312,Area harvested,544,Strawberries,2020,2020,ha,3279,A,Official figure,
QCL,Crops and livestock products,143,Morocco,5419,Yield,544,Strawberries,2020,2020,100 g/ha,509164,A,Official figure,
QCL,Crops and livestock products,143,Morocco,5510,Production,544,Strawberries,2020,2020,t,166955,A,Official figure,
QCL,Crops and livestock products,143,Morocco,5312,Area harvested,544,Strawberries,2021,2021,ha,2805,A,Official figure,
QCL,Crops and livestock products,143,Morocco,5419,Yield,544,Strawberries,2021,2021,100 g/ha,502941,A,Official figure,
QCL,Crops and livestock products,143,Morocco,5510,Production,544,Strawberries,2021,2021,t,141075,A,Official figure,
QCL,Crops and livestock products,143,Morocco,5312,Area harvested,544,Strawberries,2022,2022,ha,2736,A,Official figure,
QCL,Crops and livestock products,143,Morocco,5419,Yield,544,Strawberries,2022,2022,100 g/ha,483540,A,Official figure,
QCL,Crops and livestock products,143,Morocco,5510,Production,544,Strawberries,2022,2022,t,132296.55,A,Official figure,
QCL,Crops and livestock products,143,Morocco,5312,Area harvested,423,String beans,1961,1961,ha,0,M,"Missing value (data cannot exist, not applicable)",
QCL,Crops and livestock products,143,Morocco,5510,Production,423,String beans,1961,1961,t,0,M,"Missing value (data cannot exist, not applicable)",
QCL,Crops and livestock products,143,Morocco,5312,Area harvested,423,String beans,1962,1962,ha,0,M,"Missing value (data cannot exist, not applicable)",
QCL,Crops and livestock products,143,Morocco,5510,Production,423,String beans,1962,1962,t,0,M,"Missing value (data cannot exist, not applicable)",
QCL,Crops and livestock products,143,Morocco,5312,Area harvested,423,String beans,1963,1963,ha,0,M,"Missing value (data cannot exist, not applicable)",
QCL,Crops and livestock products,143,Morocco,5510,Production,423,String beans,1963,1963,t,0,M,"Missing value (data cannot exist, not applicable)",
QCL,Crops and livestock products,143,Morocco,5312,Area harvested,423,String beans,1964,1964,ha,0,M,"Missing value (data cannot exist, not applicable)",
QCL,Crops and livestock products,143,Morocco,5510,Production,423,String beans,1964,1964,t,0,M,"Missing value (data cannot exist, not applicable)",
QCL,Crops and livestock products,143,Morocco,5312,Area harvested,423,String beans,1965,1965,ha,0,M,"Missing value (data cannot exist, not applicable)",
QCL,Crops and livestock products,143,Morocco,5510,Production,423,String beans,1965,1965,t,0,M,"Missing value (data cannot exist, not applicable)",
QCL,Crops and livestock products,143,Morocco,5312,Area harvested,423,String beans,1966,1966,ha,0,M,"Missing value (data cannot exist, not applicable)",
QCL,Crops and livestock products,143,Morocco,5510,Production,423,String beans,1966,1966,t,0,M,"Missing value (data cannot exist, not applicable)",
QCL,Crops and livestock products,143,Morocco,5312,Area harvested,423,String beans,1967,1967,ha,0,M,"Missing value (data cannot exist, not applicable)",
QCL,Crops and livestock products,143,Morocco,5510,Production,423,String beans,1967,1967,t,0,M,"Missing value (data cannot exist, not applicable)",
QCL,Crops and livestock products,143,Morocco,5312,Area harvested,423,String beans,1968,1968,ha,0,M,"Missing value (data cannot exist, not applicable)",
QCL,Crops and livestock products,143,Morocco,5510,Production,423,String beans,1968,1968,t,0,M,"Missing value (data cannot exist, not applicable)",
QCL,Crops and livestock products,143,Morocco,5312,Area harvested,423,String beans,1969,1969,ha,0,M,"Missing value (data cannot exist, not applicable)",
QCL,Crops and livestock products,143,Morocco,5510,Production,423,String beans,1969,1969,t,0,M,"Missing value (data cannot exist, not applicable)",
QCL,Crops and livestock products,143,Morocco,5312,Area harvested,423,String beans,1970,1970,ha,0,M,"Missing value (data cannot exist, not applicable)",
QCL,Crops and livestock products,143,Morocco,5510,Production,423,String beans,1970,1970,t,0,M,"Missing value (data cannot exist, not applicable)",
QCL,Crops and livestock products,143,Morocco,5312,Area harvested,423,String beans,1971,1971,ha,0,M,"Missing value (data cannot exist, not applicable)",
QCL,Crops and livestock products,143,Morocco,5510,Production,423,String beans,1971,1971,t,0,M,"Missing value (data cannot exist, not applicable)",
QCL,Crops and livestock products,143,Morocco,5312,Area harvested,423,String beans,1972,1972,ha,0,M,"Missing value (data cannot exist, not applicable)",
QCL,Crops and livestock products,143,Morocco,5510,Production,423,String beans,1972,1972,t,0,M,"Missing value (data cannot exist, not applicable)",
QCL,Crops and livestock products,143,Morocco,5312,Area harvested,423,String beans,1973,1973,ha,0,M,"Missing value (data cannot exist, not applicable)",
QCL,Crops and livestock products,143,Morocco,5510,Production,423,String beans,1973,1973,t,0,M,"Missing value (data cannot exist, not applicable)",
QCL,Crops and livestock products,143,Morocco,5312,Area harvested,423,String beans,1974,1974,ha,0,M,"Missing value (data cannot exist, not applicable)",
QCL,Crops and livestock products,143,Morocco,5510,Production,423,String beans,1974,1974,t,0,M,"Missing value (data cannot exist, not applicable)",
QCL,Crops and livestock products,143,Morocco,5312,Area harvested,423,String beans,1975,1975,ha,0,M,"Missing value (data cannot exist, not applicable)",
QCL,Crops and livestock products,143,Morocco,5510,Production,423,String beans,1975,1975,t,0,M,"Missing value (data cannot exist, not applicable)",
QCL,Crops and livestock products,143,Morocco,5312,Area harvested,423,String beans,1976,1976,ha,0,M,"Missing value (data cannot exist, not applicable)",
QCL,Crops and livestock products,143,Morocco,5510,Production,423,String beans,1976,1976,t,0,M,"Missing value (data cannot exist, not applicable)",
QCL,Crops and livestock products,143,Morocco,5312,Area harvested,423,String beans,1977,1977,ha,0,M,"Missing value (data cannot exist, not applicable)",
QCL,Crops and livestock products,143,Morocco,5510,Production,423,String beans,1977,1977,t,0,M,"Missing value (data cannot exist, not applicable)",
QCL,Crops and livestock products,143,Morocco,5312,Area harvested,423,String beans,1978,1978,ha,0,M,"Missing value (data cannot exist, not applicable)",
QCL,Crops and livestock products,143,Morocco,5510,Production,423,String beans,1978,1978,t,0,M,"Missing value (data cannot exist, not applicable)",
QCL,Crops and livestock products,143,Morocco,5312,Area harvested,423,String beans,1979,1979,ha,0,M,"Missing value (data cannot exist, not applicable)",
QCL,Crops and livestock products,143,Morocco,5510,Production,423,String beans,1979,1979,t,0,M,"Missing value (data cannot exist, not applicable)",
QCL,Crops and livestock products,143,Morocco,5312,Area harvested,423,String beans,1980,1980,ha,0,M,"Missing value (data cannot exist, not applicable)",
QCL,Crops and livestock products,143,Morocco,5510,Production,423,String beans,1980,1980,t,0,M,"Missing value (data cannot exist, not applicable)",
QCL,Crops and livestock products,143,Morocco,5312,Area harvested,423,String beans,1981,1981,ha,0,M,"Missing value (data cannot exist, not applicable)",
QCL,Crops and livestock products,143,Morocco,5510,Production,423,String beans,1981,1981,t,0,M,"Missing value (data cannot exist, not applicable)",
QCL,Crops and livestock products,143,Morocco,5312,Area harvested,423,String beans,1982,1982,ha,0,M,"Missing value (data cannot exist, not applicable)",
QCL,Crops and livestock products,143,Morocco,5510,Production,423,String beans,1982,1982,t,0,M,"Missing value (data cannot exist, not applicable)",
QCL,Crops and livestock products,143,Morocco,5312,Area harvested,423,String beans,1983,1983,ha,0,M,"Missing value (data cannot exist, not applicable)",
QCL,Crops and livestock products,143,Morocco,5510,Production,423,String beans,1983,1983,t,0,M,"Missing value (data cannot exist, not applicable)",
QCL,Crops and livestock products,143,Morocco,5312,Area harvested,423,String beans,1984,1984,ha,0,M,"Missing value (data cannot exist, not applicable)",
QCL,Crops and livestock products,143,Morocco,5510,Production,423,String beans,1984,1984,t,0,M,"Missing value (data cannot exist, not applicable)",
QCL,Crops and livestock products,143,Morocco,5312,Area harvested,423,String beans,1985,1985,ha,0,M,"Missing value (data cannot exist, not applicable)",
QCL,Crops and livestock products,143,Morocco,5510,Production,423,String beans,1985,1985,t,0,M,"Missing value (data cannot exist, not applicable)",
QCL,Crops and livestock products,143,Morocco,5312,Area harvested,423,String beans,1986,1986,ha,0,M,"Missing value (data cannot exist, not applicable)",
QCL,Crops and livestock products,143,Morocco,5510,Production,423,String beans,1986,1986,t,0,M,"Missing value (data cannot exist, not applicable)",
QCL,Crops and livestock products,143,Morocco,5312,Area harvested,423,String beans,1987,1987,ha,0,M,"Missing value (data cannot exist, not applicable)",
QCL,Crops and livestock products,143,Morocco,5510,Production,423,String beans,1987,1987,t,0,M,"Missing value (data cannot exist, not applicable)",
QCL,Crops and livestock products,143,Morocco,5312,Area harvested,423,String beans,1988,1988,ha,0,M,"Missing value (data cannot exist, not applicable)",
QCL,Crops and livestock products,143,Morocco,5510,Production,423,String beans,1988,1988,t,0,M,"Missing value (data cannot exist, not applicable)",
QCL,Crops and livestock products,143,Morocco,5312,Area harvested,423,String beans,1989,1989,ha,800,E,Estimated value,
QCL,Crops and livestock products,143,Morocco,5419,Yield,423,String beans,1989,1989,100 g/ha,50000,E,Estimated value,
QCL,Crops and livestock products,143,Morocco,5510,Production,423,String beans,1989,1989,t,4000,E,Estimated value,
QCL,Crops and livestock products,143,Morocco,5312,Area harvested,423,String beans,1990,1990,ha,1200,E,Estimated value,
QCL,Crops and livestock products,143,Morocco,5419,Yield,423,String beans,1990,1990,100 g/ha,50000,E,Estimated value,
QCL,Crops and livestock products,143,Morocco,5510,Production,423,String beans,1990,1990,t,6000,E,Estimated value,
QCL,Crops and livestock products,143,Morocco,5312,Area harvested,423,String beans,1991,1991,ha,1600,E,Estimated value,
QCL,Crops and livestock products,143,Morocco,5419,Yield,423,String beans,1991,1991,100 g/ha,50000,E,Estimated value,
QCL,Crops and livestock products,143,Morocco,5510,Production,423,String beans,1991,1991,t,8000,E,Estimated value,
QCL,Crops and livestock products,143,Morocco,5312,Area harvested,423,String beans,1992,1992,ha,2000,E,Estimated value,
QCL,Crops and livestock products,143,Morocco,5419,Yield,423,String beans,1992,1992,100 g/ha,50000,E,Estimated value,
QCL,Crops and livestock products,143,Morocco,5510,Production,423,String beans,1992,1992,t,10000,E,Estimated value,
QCL,Crops and livestock products,143,Morocco,5312,Area harvested,423,String beans,1993,1993,ha,2800,E,Estimated value,
QCL,Crops and livestock products,143,Morocco,5419,Yield,423,String beans,1993,1993,100 g/ha,50000,E,Estimated value,
QCL,Crops and livestock products,143,Morocco,5510,Production,423,String beans,1993,1993,t,14000,E,Estimated value,
QCL,Crops and livestock products,143,Morocco,5312,Area harvested,423,String beans,1994,1994,ha,3400,E,Estimated value,
QCL,Crops and livestock products,143,Morocco,5419,Yield,423,String beans,1994,1994,100 g/ha,50000,E,Estimated value,
QCL,Crops and livestock products,143,Morocco,5510,Production,423,String beans,1994,1994,t,17000,E,Estimated value,
QCL,Crops and livestock products,143,Morocco,5312,Area harvested,423,String beans,1995,1995,ha,2800,E,Estimated value,
QCL,Crops and livestock products,143,Morocco,5419,Yield,423,String beans,1995,1995,100 g/ha,71429,E,Estimated value,
QCL,Crops and livestock products,143,Morocco,5510,Production,423,String beans,1995,1995,t,20000,E,Estimated value,
QCL,Crops and livestock products,143,Morocco,5312,Area harvested,423,String beans,1996,1996,ha,2900,E,Estimated value,
QCL,Crops and livestock products,143,Morocco,5419,Yield,423,String beans,1996,1996,100 g/ha,75862,E,Estimated value,
QCL,Crops and livestock products,143,Morocco,5510,Production,423,String beans,1996,1996,t,22000,E,Estimated value,
QCL,Crops and livestock products,143,Morocco,5312,Area harvested,423,String beans,1997,1997,ha,2200,E,Estimated value,
QCL,Crops and livestock products,143,Morocco,5419,Yield,423,String beans,1997,1997,100 g/ha,113636,E,Estimated value,
QCL,Crops and livestock products,143,Morocco,5510,Production,423,String beans,1997,1997,t,25000,E,Estimated value,
QCL,Crops and livestock products,143,Morocco,5312,Area harvested,423,String beans,1998,1998,ha,1900,E,Estimated value,
QCL,Crops and livestock products,143,Morocco,5419,Yield,423,String beans,1998,1998,100 g/ha,142105,E,Estimated value,
QCL,Crops and livestock products,143,Morocco,5510,Production,423,String beans,1998,1998,t,27000,E,Estimated value,
QCL,Crops and livestock products,143,Morocco,5312,Area harvested,423,String beans,1999,1999,ha,2000,E,Estimated value,
QCL,Crops and livestock products,143,Morocco,5419,Yield,423,String beans,1999,1999,100 g/ha,175000,E,Estimated value,
QCL,Crops and livestock products,143,Morocco,5510,Production,423,String beans,1999,1999,t,35000,A,Official figure,
QCL,Crops and livestock products,143,Morocco,5312,Area harvested,423,String beans,2000,2000,ha,2122,I,Imputed value,
QCL,Crops and livestock products,143,Morocco,5419,Yield,423,String beans,2000,2000,100 g/ha,174373,E,Estimated value,
QCL,Crops and livestock products,143,Morocco,5510,Production,423,String beans,2000,2000,t,37000,A,Official figure,
QCL,Crops and livestock products,143,Morocco,5312,Area harvested,423,String beans,2001,2001,ha,2200,E,Estimated value,
QCL,Crops and livestock products,143,Morocco,5419,Yield,423,String beans,2001,2001,100 g/ha,181818,E,Estimated value,
QCL,Crops and livestock products,143,Morocco,5510,Production,423,String beans,2001,2001,t,40000,A,Official figure,
QCL,Crops and livestock products,143,Morocco,5312,Area harvested,423,String beans,2002,2002,ha,2700,E,Estimated value,
QCL,Crops and livestock products,143,Morocco,5419,Yield,423,String beans,2002,2002,100 g/ha,194815,E,Estimated value,
QCL,Crops and livestock products,143,Morocco,5510,Production,423,String beans,2002,2002,t,52600,A,Official figure,
QCL,Crops and livestock products,143,Morocco,5312,Area harvested,423,String beans,2003,2003,ha,4500,E,Estimated value,
QCL,Crops and livestock products,143,Morocco,5419,Yield,423,String beans,2003,2003,100 g/ha,200000,E,Estimated value,
QCL,Crops and livestock products,143,Morocco,5510,Production,423,String beans,2003,2003,t,90000,E,Estimated value,
QCL,Crops and livestock products,143,Morocco,5312,Area harvested,423,String beans,2004,2004,ha,5500,E,Estimated value,
QCL,Crops and livestock products,143,Morocco,5419,Yield,423,String beans,2004,2004,100 g/ha,181818,E,Estimated value,
QCL,Crops and livestock products,143,Morocco,5510,Production,423,String beans,2004,2004,t,100000,E,Estimated value,
QCL,Crops and livestock products,143,Morocco,5312,Area harvested,423,String beans,2005,2005,ha,6000,E,Estimated value,
QCL,Crops and livestock products,143,Morocco,5419,Yield,423,String beans,2005,2005,100 g/ha,183333,E,Estimated value,
QCL,Crops and livestock products,143,Morocco,5510,Production,423,String beans,2005,2005,t,110000,E,Estimated value,
QCL,Crops and livestock products,143,Morocco,5312,Area harvested,423,String beans,2006,2006,ha,11500,E,Estimated value,
QCL,Crops and livestock products,143,Morocco,5419,Yield,423,String beans,2006,2006,100 g/ha,191304,E,Estimated value,
QCL,Crops and livestock products,143,Morocco,5510,Production,423,String beans,2006,2006,t,220000,E,Estimated value,
QCL,Crops and livestock products,143,Morocco,5312,Area harvested,423,String beans,2007,2007,ha,8630,A,Official figure,
QCL,Crops and livestock products,143,Morocco,5419,Yield,423,String beans,2007,2007,100 g/ha,216669,A,Official figure,
QCL,Crops and livestock products,143,Morocco,5510,Production,423,String beans,2007,2007,t,186985,A,Official figure,
QCL,Crops and livestock products,143,Morocco,5312,Area harvested,423,String beans,2008,2008,ha,8140,A,Official figure,
QCL,Crops and livestock products,143,Morocco,5419,Yield,423,String beans,2008,2008,100 g/ha,223808,A,Official figure,
QCL,Crops and livestock products,143,Morocco,5510,Production,423,String beans,2008,2008,t,182180,A,Official figure,
QCL,Crops and livestock products,143,Morocco,5312,Area harvested,423,String beans,2009,2009,ha,8200,E,Estimated value,
QCL,Crops and livestock products,143,Morocco,5419,Yield,423,String beans,2009,2009,100 g/ha,231707,E,Estimated value,
QCL,Crops and livestock products,143,Morocco,5510,Production,423,String beans,2009,2009,t,190000,E,Estimated value,
QCL,Crops and livestock products,143,Morocco,5312,Area harvested,423,String beans,2010,2010,ha,8378,A,Official figure,
QCL,Crops and livestock products,143,Morocco,5419,Yield,423,String beans,2010,2010,100 g/ha,255468,A,Official figure,
QCL,Crops and livestock products,143,Morocco,5510,Production,423,String beans,2010,2010,t,214031,A,Official figure,
QCL,Crops and livestock products,143,Morocco,5312,Area harvested,423,String beans,2011,2011,ha,6028,A,Official figure,
QCL,Crops and livestock products,143,Morocco,5419,Yield,423,String beans,2011,2011,100 g/ha,200086,A,Official figure,
QCL,Crops and livestock products,143,Morocco,5510,Production,423,String beans,2011,2011,t,120612,A,Official figure,
QCL,Crops and livestock products,143,Morocco,5312,Area harvested,423,String beans,2012,2012,ha,5649,A,Official figure,
QCL,Crops and livestock products,143,Morocco,5419,Yield,423,String beans,2012,2012,100 g/ha,236757,A,Official figure,
QCL,Crops and livestock products,143,Morocco,5510,Production,423,String beans,2012,2012,t,133744,A,Official figure,
QCL,Crops and livestock products,143,Morocco,5312,Area harvested,423,String beans,2013,2013,ha,6156,A,Official figure,
QCL,Crops and livestock products,143,Morocco,5419,Yield,423,String beans,2013,2013,100 g/ha,251252,A,Official figure,
QCL,Crops and livestock products,143,Morocco,5510,Production,423,String beans,2013,2013,t,154663,A,Official figure,
QCL,Crops and livestock products,143,Morocco,5312,Area harvested,423,String beans,2014,2014,ha,5626,A,Official figure,
QCL,Crops and livestock products,143,Morocco,5419,Yield,423,String beans,2014,2014,100 g/ha,263283,A,Official figure,
QCL,Crops and livestock products,143,Morocco,5510,Production,423,String beans,2014,2014,t,148110,A,Official figure,
QCL,Crops and livestock products,143,Morocco,5312,Area harvested,423,String beans,2015,2015,ha,5222,A,Official figure,
QCL,Crops and livestock products,143,Morocco,5419,Yield,423,String beans,2015,2015,100 g/ha,278948,A,Official figure,
QCL,Crops and livestock products,143,Morocco,5510,Production,423,String beans,2015,2015,t,145661.2,A,Official figure,
QCL,Crops and livestock products,143,Morocco,5312,Area harvested,423,String beans,2016,2016,ha,4627,A,Official figure,
QCL,Crops and livestock products,143,Morocco,5419,Yield,423,String beans,2016,2016,100 g/ha,306126,A,Official figure,
QCL,Crops and livestock products,143,Morocco,5510,Production,423,String beans,2016,2016,t,141629,A,Official figure,
QCL,Crops and livestock products,143,Morocco,5312,Area harvested,423,String beans,2017,2017,ha,5742,A,Official figure,
QCL,Crops and livestock products,143,Morocco,5419,Yield,423,String beans,2017,2017,100 g/ha,294439,A,Official figure,
QCL,Crops and livestock products,143,Morocco,5510,Production,423,String beans,2017,2017,t,169067,A,Official figure,
QCL,Crops and livestock products,143,Morocco,5312,Area harvested,423,String beans,2018,2018,ha,6284,A,Official figure,
QCL,Crops and livestock products,143,Morocco,5419,Yield,423,String beans,2018,2018,100 g/ha,248276,A,Official figure,
QCL,Crops and livestock products,143,Morocco,5510,Production,423,String beans,2018,2018,t,156016.5,A,Official figure,
QCL,Crops and livestock products,143,Morocco,5312,Area harvested,423,String beans,2019,2019,ha,6019,A,Official figure,
QCL,Crops and livestock products,143,Morocco,5419,Yield,423,String beans,2019,2019,100 g/ha,199247,A,Official figure,
QCL,Crops and livestock products,143,Morocco,5510,Production,423,String beans,2019,2019,t,119926.6,A,Official figure,
QCL,Crops and livestock products,143,Morocco,5312,Area harvested,423,String beans,2020,2020,ha,5813,A,Official figure,
QCL,Crops and livestock products,143,Morocco,5419,Yield,423,String beans,2020,2020,100 g/ha,188255,A,Official figure,
QCL,Crops and livestock products,143,Morocco,5510,Production,423,String beans,2020,2020,t,109432.5,A,Official figure,
QCL,Crops and livestock products,143,Morocco,5312,Area harvested,423,String beans,2021,2021,ha,6130,A,Official figure,
QCL,Crops and livestock products,143,Morocco,5419,Yield,423,String beans,2021,2021,100 g/ha,208026,A,Official figure,
QCL,Crops and livestock products,143,Morocco,5510,Production,423,String beans,2021,2021,t,127520,A,Official figure,
QCL,Crops and livestock products,143,Morocco,5312,Area harvested,423,String beans,2022,2022,ha,7019,A,Official figure,
QCL,Crops and livestock products,143,Morocco,5419,Yield,423,String beans,2022,2022,100 g/ha,284431,A,Official figure,
QCL,Crops and livestock products,143,Morocco,5510,Production,423,String beans,2022,2022,t,199642,A,Official figure,
QCL,Crops and livestock products,143,Morocco,5312,Area harvested,157,Sugar beet,1961,1961,ha,3500,E,Estimated value,
QCL,Crops and livestock products,143,Morocco,5419,Yield,157,Sugar beet,1961,1961,100 g/ha,200000,E,Estimated value,
QCL,Crops and livestock products,143,Morocco,5510,Production,157,Sugar beet,1961,1961,t,70000,E,Estimated value,
QCL,Crops and livestock products,143,Morocco,5312,Area harvested,157,Sugar beet,1962,1962,ha,3500,E,Estimated value,
QCL,Crops and livestock products,143,Morocco,5419,Yield,157,Sugar beet,1962,1962,100 g/ha,200000,E,Estimated value,
QCL,Crops and livestock products,143,Morocco,5510,Production,157,Sugar beet,1962,1962,t,70000,E,Estimated value,
QCL,Crops and livestock products,143,Morocco,5312,Area harvested,157,Sugar beet,1963,1963,ha,3480,A,Official figure,
QCL,Crops and livestock products,143,Morocco,5419,Yield,157,Sugar beet,1963,1963,100 g/ha,210546,A,Official figure,
QCL,Crops and livestock products,143,Morocco,5510,Production,157,Sugar beet,1963,1963,t,73270,A,Official figure,
QCL,Crops and livestock products,143,Morocco,5312,Area harvested,157,Sugar beet,1964,1964,ha,8630,A,Official figure,
QCL,Crops and livestock products,143,Morocco,5419,Yield,157,Sugar beet,1964,1964,100 g/ha,209583,A,Official figure,
QCL,Crops and livestock products,143,Morocco,5510,Production,157,Sugar beet,1964,1964,t,180870,A,Official figure,
QCL,Crops and livestock products,143,Morocco,5312,Area harvested,157,Sugar beet,1965,1965,ha,9140,A,Official figure,
QCL,Crops and livestock products,143,Morocco,5419,Yield,157,Sugar beet,1965,1965,100 g/ha,191411,A,Official figure,
QCL,Crops and livestock products,143,Morocco,5510,Production,157,Sugar beet,1965,1965,t,174950,A,Official figure,
QCL,Crops and livestock products,143,Morocco,5312,Area harvested,157,Sugar beet,1966,1966,ha,14100,A,Official figure,
QCL,Crops and livestock products,143,Morocco,5419,Yield,157,Sugar beet,1966,1966,100 g/ha,270922,A,Official figure,
QCL,Crops and livestock products,143,Morocco,5510,Production,157,Sugar beet,1966,1966,t,382000,A,Official figure,
QCL,Crops and livestock products,143,Morocco,5312,Area harvested,157,Sugar beet,1967,1967,ha,20200,A,Official figure,
QCL,Crops and livestock products,143,Morocco,5419,Yield,157,Sugar beet,1967,1967,100 g/ha,180198,A,Official figure,
QCL,Crops and livestock products,143,Morocco,5510,Production,157,Sugar beet,1967,1967,t,364000,A,Official figure,
QCL,Crops and livestock products,143,Morocco,5312,Area harvested,157,Sugar beet,1968,1968,ha,25600,A,Official figure,
QCL,Crops and livestock products,143,Morocco,5419,Yield,157,Sugar beet,1968,1968,100 g/ha,292164,A,Official figure,
QCL,Crops and livestock products,143,Morocco,5510,Production,157,Sugar beet,1968,1968,t,747940,A,Official figure,
QCL,Crops and livestock products,143,Morocco,5312,Area harvested,157,Sugar beet,1969,1969,ha,32000,A,Official figure,
QCL,Crops and livestock products,143,Morocco,5419,Yield,157,Sugar beet,1969,1969,100 g/ha,280844,A,Official figure,
QCL,Crops and livestock products,143,Morocco,5510,Production,157,Sugar beet,1969,1969,t,898700,A,Official figure,
QCL,Crops and livestock products,143,Morocco,5312,Area harvested,157,Sugar beet,1970,1970,ha,35000,A,Official figure,
QCL,Crops and livestock products,143,Morocco,5419,Yield,157,Sugar beet,1970,1970,100 g/ha,318286,A,Official figure,
QCL,Crops and livestock products,143,Morocco,5510,Production,157,Sugar beet,1970,1970,t,1114000,A,Official figure,
QCL,Crops and livestock products,143,Morocco,5312,Area harvested,157,Sugar beet,1971,1971,ha,43000,A,Official figure,
QCL,Crops and livestock products,143,Morocco,5419,Yield,157,Sugar beet,1971,1971,100 g/ha,368349,A,Official figure,
QCL,Crops and livestock products,143,Morocco,5510,Production,157,Sugar beet,1971,1971,t,1583900,A,Official figure,
QCL,Crops and livestock products,143,Morocco,5312,Area harvested,157,Sugar beet,1972,1972,ha,60400,A,Official figure,
QCL,Crops and livestock products,143,Morocco,5419,Yield,157,Sugar beet,1972,1972,100 g/ha,277649,A,Official figure,
QCL,Crops and livestock products,143,Morocco,5510,Production,157,Sugar beet,1972,1972,t,1677000,A,Official figure,
QCL,Crops and livestock products,143,Morocco,5312,Area harvested,157,Sugar beet,1973,1973,ha,45000,A,Official figure,
QCL,Crops and livestock products,143,Morocco,5419,Yield,157,Sugar beet,1973,1973,100 g/ha,287262,A,Official figure,
QCL,Crops and livestock products,143,Morocco,5510,Production,157,Sugar beet,1973,1973,t,1292680,A,Official figure,
QCL,Crops and livestock products,143,Morocco,5312,Area harvested,157,Sugar beet,1974,1974,ha,57700,A,Official figure,
QCL,Crops and livestock products,143,Morocco,5419,Yield,157,Sugar beet,1974,1974,100 g/ha,336849,A,Official figure,
QCL,Crops and livestock products,143,Morocco,5510,Production,157,Sugar beet,1974,1974,t,1943620,A,Official figure,
QCL,Crops and livestock products,143,Morocco,5312,Area harvested,157,Sugar beet,1975,1975,ha,62100,A,Official figure,
QCL,Crops and livestock products,143,Morocco,5419,Yield,157,Sugar beet,1975,1975,100 g/ha,288554,A,Official figure,
QCL,Crops and livestock products,143,Morocco,5510,Production,157,Sugar beet,1975,1975,t,1791920,A,Official figure,
QCL,Crops and livestock products,143,Morocco,5312,Area harvested,157,Sugar beet,1976,1976,ha,67000,A,Official figure,
QCL,Crops and livestock products,143,Morocco,5419,Yield,157,Sugar beet,1976,1976,100 g/ha,352479,A,Official figure,
QCL,Crops and livestock products,143,Morocco,5510,Production,157,Sugar beet,1976,1976,t,2361610,A,Official figure,
QCL,Crops and livestock products,143,Morocco,5312,Area harvested,157,Sugar beet,1977,1977,ha,48200,A,Official figure,
QCL,Crops and livestock products,143,Morocco,5419,Yield,157,Sugar beet,1977,1977,100 g/ha,305745,A,Official figure,
QCL,Crops and livestock products,143,Morocco,5510,Production,157,Sugar beet,1977,1977,t,1473690,A,Official figure,
QCL,Crops and livestock products,143,Morocco,5312,Area harvested,157,Sugar beet,1978,1978,ha,59000,A,Official figure,
QCL,Crops and livestock products,143,Morocco,5419,Yield,157,Sugar beet,1978,1978,100 g/ha,406000,A,Official figure,
QCL,Crops and livestock products,143,Morocco,5510,Production,157,Sugar beet,1978,1978,t,2395400,A,Official figure,
QCL,Crops and livestock products,143,Morocco,5312,Area harvested,157,Sugar beet,1979,1979,ha,62500,A,Official figure,
QCL,Crops and livestock products,143,Morocco,5419,Yield,157,Sugar beet,1979,1979,100 g/ha,347928,A,Official figure,
QCL,Crops and livestock products,143,Morocco,5510,Production,157,Sugar beet,1979,1979,t,2174549,A,Official figure,
QCL,Crops and livestock products,143,Morocco,5312,Area harvested,157,Sugar beet,1980,1980,ha,63400,A,Official figure,
QCL,Crops and livestock products,143,Morocco,5419,Yield,157,Sugar beet,1980,1980,100 g/ha,353547,A,Official figure,
QCL,Crops and livestock products,143,Morocco,5510,Production,157,Sugar beet,1980,1980,t,2241490,A,Official figure,
QCL,Crops and livestock products,143,Morocco,5312,Area harvested,157,Sugar beet,1981,1981,ha,56910,A,Official figure,
QCL,Crops and livestock products,143,Morocco,5419,Yield,157,Sugar beet,1981,1981,100 g/ha,370269,A,Official figure,
QCL,Crops and livestock products,143,Morocco,5510,Production,157,Sugar beet,1981,1981,t,2107200,A,Official figure,
QCL,Crops and livestock products,143,Morocco,5312,Area harvested,157,Sugar beet,1982,1982,ha,57315,A,Official figure,
QCL,Crops and livestock products,143,Morocco,5419,Yield,157,Sugar beet,1982,1982,100 g/ha,403734,A,Official figure,
QCL,Crops and livestock products,143,Morocco,5510,Production,157,Sugar beet,1982,1982,t,2314000,A,Official figure,
QCL,Crops and livestock products,143,Morocco,5312,Area harvested,157,Sugar beet,1983,1983,ha,66300,A,Official figure,
QCL,Crops and livestock products,143,Morocco,5419,Yield,157,Sugar beet,1983,1983,100 g/ha,390431,A,Official figure,
QCL,Crops and livestock products,143,Morocco,5510,Production,157,Sugar beet,1983,1983,t,2588560,A,Official figure,
QCL,Crops and livestock products,143,Morocco,5312,Area harvested,157,Sugar beet,1984,1984,ha,53100,A,Official figure,
QCL,Crops and livestock products,143,Morocco,5419,Yield,157,Sugar beet,1984,1984,100 g/ha,475593,A,Official figure,
QCL,Crops and livestock products,143,Morocco,5510,Production,157,Sugar beet,1984,1984,t,2525400,A,Official figure,
QCL,Crops and livestock products,143,Morocco,5312,Area harvested,157,Sugar beet,1985,1985,ha,55401,A,Official figure,
QCL,Crops and livestock products,143,Morocco,5419,Yield,157,Sugar beet,1985,1985,100 g/ha,405227,A,Official figure,
QCL,Crops and livestock products,143,Morocco,5510,Production,157,Sugar beet,1985,1985,t,2245000,A,Official figure,
QCL,Crops and livestock products,143,Morocco,5312,Area harvested,157,Sugar beet,1986,1986,ha,55200,A,Official figure,
QCL,Crops and livestock products,143,Morocco,5419,Yield,157,Sugar beet,1986,1986,100 g/ha,475507,A,Official figure,
QCL,Crops and livestock products,143,Morocco,5510,Production,157,Sugar beet,1986,1986,t,2624800,A,Official figure,
QCL,Crops and livestock products,143,Morocco,5312,Area harvested,157,Sugar beet,1987,1987,ha,60971,A,Official figure,
QCL,Crops and livestock products,143,Morocco,5419,Yield,157,Sugar beet,1987,1987,100 g/ha,451083,A,Official figure,
QCL,Crops and livestock products,143,Morocco,5510,Production,157,Sugar beet,1987,1987,t,2750300,A,Official figure,
QCL,Crops and livestock products,143,Morocco,5312,Area harvested,157,Sugar beet,1988,1988,ha,61240,A,Official figure,
QCL,Crops and livestock products,143,Morocco,5419,Yield,157,Sugar beet,1988,1988,100 g/ha,488272,A,Official figure,
QCL,Crops and livestock products,143,Morocco,5510,Production,157,Sugar beet,1988,1988,t,2990180,A,Official figure,
QCL,Crops and livestock products,143,Morocco,5312,Area harvested,157,Sugar beet,1989,1989,ha,63085,A,Official figure,
QCL,Crops and livestock products,143,Morocco,5419,Yield,157,Sugar beet,1989,1989,100 g/ha,456055,A,Official figure,
QCL,Crops and livestock products,143,Morocco,5510,Production,157,Sugar beet,1989,1989,t,2877025,A,Official figure,
QCL,Crops and livestock products,143,Morocco,5312,Area harvested,157,Sugar beet,1990,1990,ha,64300,A,Official figure,
QCL,Crops and livestock products,143,Morocco,5419,Yield,157,Sugar beet,1990,1990,100 g/ha,464011,A,Official figure,
QCL,Crops and livestock products,143,Morocco,5510,Production,157,Sugar beet,1990,1990,t,2983590,A,Official figure,
QCL,Crops and livestock products,143,Morocco,5312,Area harvested,157,Sugar beet,1991,1991,ha,69216,A,Official figure,
QCL,Crops and livestock products,143,Morocco,5419,Yield,157,Sugar beet,1991,1991,100 g/ha,438651,A,Official figure,
QCL,Crops and livestock products,143,Morocco,5510,Production,157,Sugar beet,1991,1991,t,3036170,A,Official figure,
QCL,Crops and livestock products,143,Morocco,5312,Area harvested,157,Sugar beet,1992,1992,ha,52100,A,Official figure,
QCL,Crops and livestock products,143,Morocco,5419,Yield,157,Sugar beet,1992,1992,100 g/ha,528612,A,Official figure,
QCL,Crops and livestock products,143,Morocco,5510,Production,157,Sugar beet,1992,1992,t,2754070,A,Official figure,
QCL,Crops and livestock products,143,Morocco,5312,Area harvested,157,Sugar beet,1993,1993,ha,62400,A,Official figure,
QCL,Crops and livestock products,143,Morocco,5419,Yield,157,Sugar beet,1993,1993,100 g/ha,490628,A,Official figure,
QCL,Crops and livestock products,143,Morocco,5510,Production,157,Sugar beet,1993,1993,t,3061518,A,Official figure,
QCL,Crops and livestock products,143,Morocco,5312,Area harvested,157,Sugar beet,1994,1994,ha,62900,A,Official figure,
QCL,Crops and livestock products,143,Morocco,5419,Yield,157,Sugar beet,1994,1994,100 g/ha,499824,A,Official figure,
QCL,Crops and livestock products,143,Morocco,5510,Production,157,Sugar beet,1994,1994,t,3143890,A,Official figure,
QCL,Crops and livestock products,143,Morocco,5312,Area harvested,157,Sugar beet,1995,1995,ha,58100,A,Official figure,
QCL,Crops and livestock products,143,Morocco,5419,Yield,157,Sugar beet,1995,1995,100 g/ha,467711,A,Official figure,
QCL,Crops and livestock products,143,Morocco,5510,Production,157,Sugar beet,1995,1995,t,2717400,A,Official figure,
QCL,Crops and livestock products,143,Morocco,5312,Area harvested,157,Sugar beet,1996,1996,ha,56446,A,Official figure,
QCL,Crops and livestock products,143,Morocco,5419,Yield,157,Sugar beet,1996,1996,100 g/ha,487119,A,Official figure,
QCL,Crops and livestock products,143,Morocco,5510,Production,157,Sugar beet,1996,1996,t,2749590,A,Official figure,
QCL,Crops and livestock products,143,Morocco,5312,Area harvested,157,Sugar beet,1997,1997,ha,62900,A,Official figure,
QCL,Crops and livestock products,143,Morocco,5419,Yield,157,Sugar beet,1997,1997,100 g/ha,415396,A,Official figure,
QCL,Crops and livestock products,143,Morocco,5510,Production,157,Sugar beet,1997,1997,t,2612840,A,Official figure,
QCL,Crops and livestock products,143,Morocco,5312,Area harvested,157,Sugar beet,1998,1998,ha,48900,A,Official figure,
QCL,Crops and livestock products,143,Morocco,5419,Yield,157,Sugar beet,1998,1998,100 g/ha,577233,A,Official figure,
QCL,Crops and livestock products,143,Morocco,5510,Production,157,Sugar beet,1998,1998,t,2822670,A,Official figure,
QCL,Crops and livestock products,143,Morocco,5312,Area harvested,157,Sugar beet,1999,1999,ha,60700,A,Official figure,
QCL,Crops and livestock products,143,Morocco,5419,Yield,157,Sugar beet,1999,1999,100 g/ha,533176,A,Official figure,
QCL,Crops and livestock products,143,Morocco,5510,Production,157,Sugar beet,1999,1999,t,3236380,A,Official figure,
QCL,Crops and livestock products,143,Morocco,5312,Area harvested,157,Sugar beet,2000,2000,ha,54100,A,Official figure,
QCL,Crops and livestock products,143,Morocco,5419,Yield,157,Sugar beet,2000,2000,100 g/ha,532976,A,Official figure,
QCL,Crops and livestock products,143,Morocco,5510,Production,157,Sugar beet,2000,2000,t,2883400,A,Official figure,
QCL,Crops and livestock products,143,Morocco,5312,Area harvested,157,Sugar beet,2001,2001,ha,52800,A,Official figure,
QCL,Crops and livestock products,143,Morocco,5419,Yield,157,Sugar beet,2001,2001,100 g/ha,537108,A,Official figure,
QCL,Crops and livestock products,143,Morocco,5510,Production,157,Sugar beet,2001,2001,t,2835930,A,Official figure,
QCL,Crops and livestock products,143,Morocco,5312,Area harvested,157,Sugar beet,2002,2002,ha,59500,A,Official figure,
QCL,Crops and livestock products,143,Morocco,5419,Yield,157,Sugar beet,2002,2002,100 g/ha,501992,A,Official figure,
QCL,Crops and livestock products,143,Morocco,5510,Production,157,Sugar beet,2002,2002,t,2986850,A,Official figure,
QCL,Crops and livestock products,143,Morocco,5312,Area harvested,157,Sugar beet,2003,2003,ha,64900,A,Official figure,
QCL,Crops and livestock products,143,Morocco,5419,Yield,157,Sugar beet,2003,2003,100 g/ha,528274,A,Official figure,
QCL,Crops and livestock products,143,Morocco,5510,Production,157,Sugar beet,2003,2003,t,3428500,A,Official figure,
QCL,Crops and livestock products,143,Morocco,5312,Area harvested,157,Sugar beet,2004,2004,ha,59300,A,Official figure,
QCL,Crops and livestock products,143,Morocco,5419,Yield,157,Sugar beet,2004,2004,100 g/ha,537944,A,Official figure,
QCL,Crops and livestock products,143,Morocco,5510,Production,157,Sugar beet,2004,2004,t,3190010,A,Official figure,
QCL,Crops and livestock products,143,Morocco,5312,Area harvested,157,Sugar beet,2005,2005,ha,69500,A,Official figure,
QCL,Crops and livestock products,143,Morocco,5419,Yield,157,Sugar beet,2005,2005,100 g/ha,475042,A,Official figure,
QCL,Crops and livestock products,143,Morocco,5510,Production,157,Sugar beet,2005,2005,t,3301540,A,Official figure,
QCL,Crops and livestock products,143,Morocco,5312,Area harvested,157,Sugar beet,2006,2006,ha,49300,A,Official figure,
QCL,Crops and livestock products,143,Morocco,5419,Yield,157,Sugar beet,2006,2006,100 g/ha,517584,A,Official figure,
QCL,Crops and livestock products,143,Morocco,5510,Production,157,Sugar beet,2006,2006,t,2551690,A,Official figure,
QCL,Crops and livestock products,143,Morocco,5312,Area harvested,157,Sugar beet,2007,2007,ha,50200,A,Official figure,
QCL,Crops and livestock products,143,Morocco,5419,Yield,157,Sugar beet,2007,2007,100 g/ha,494821,A,Official figure,
QCL,Crops and livestock products,143,Morocco,5510,Production,157,Sugar beet,2007,2007,t,2484000,A,Official figure,
QCL,Crops and livestock products,143,Morocco,5312,Area harvested,157,Sugar beet,2008,2008,ha,56700,A,Official figure,
QCL,Crops and livestock products,143,Morocco,5419,Yield,157,Sugar beet,2008,2008,100 g/ha,515996,A,Official figure,
QCL,Crops and livestock products,143,Morocco,5510,Production,157,Sugar beet,2008,2008,t,2925700,A,Official figure,
QCL,Crops and livestock products,143,Morocco,5312,Area harvested,157,Sugar beet,2009,2009,ha,50400,A,Official figure,
QCL,Crops and livestock products,143,Morocco,5419,Yield,157,Sugar beet,2009,2009,100 g/ha,546304,A,Official figure,
QCL,Crops and livestock products,143,Morocco,5510,Production,157,Sugar beet,2009,2009,t,2753370,A,Official figure,
QCL,Crops and livestock products,143,Morocco,5312,Area harvested,157,Sugar beet,2010,2010,ha,43200,A,Official figure,
QCL,Crops and livestock products,143,Morocco,5419,Yield,157,Sugar beet,2010,2010,100 g/ha,563868,A,Official figure,
QCL,Crops and livestock products,143,Morocco,5510,Production,157,Sugar beet,2010,2010,t,2435910,A,Official figure,
QCL,Crops and livestock products,143,Morocco,5312,Area harvested,157,Sugar beet,2011,2011,ha,47069,A,Official figure,
QCL,Crops and livestock products,143,Morocco,5419,Yield,157,Sugar beet,2011,2011,100 g/ha,644828,A,Official figure,
QCL,Crops and livestock products,143,Morocco,5510,Production,157,Sugar beet,2011,2011,t,3035143,A,Official figure,
QCL,Crops and livestock products,143,Morocco,5312,Area harvested,157,Sugar beet,2012,2012,ha,28881,A,Official figure,
QCL,Crops and livestock products,143,Morocco,5419,Yield,157,Sugar beet,2012,2012,100 g/ha,563232,A,Official figure,
QCL,Crops and livestock products,143,Morocco,5510,Production,157,Sugar beet,2012,2012,t,1626670,A,Official figure,
QCL,Crops and livestock products,143,Morocco,5312,Area harvested,157,Sugar beet,2013,2013,ha,37205,A,Official figure,
QCL,Crops and livestock products,143,Morocco,5419,Yield,157,Sugar beet,2013,2013,100 g/ha,575788,A,Official figure,
QCL,Crops and livestock products,143,Morocco,5510,Production,157,Sugar beet,2013,2013,t,2142221,A,Official figure,
QCL,Crops and livestock products,143,Morocco,5312,Area harvested,157,Sugar beet,2014,2014,ha,52954,A,Official figure,
QCL,Crops and livestock products,143,Morocco,5419,Yield,157,Sugar beet,2014,2014,100 g/ha,605925,A,Official figure,
QCL,Crops and livestock products,143,Morocco,5510,Production,157,Sugar beet,2014,2014,t,3208616.54,A,Official figure,
QCL,Crops and livestock products,143,Morocco,5312,Area harvested,157,Sugar beet,2015,2015,ha,60909,A,Official figure,
QCL,Crops and livestock products,143,Morocco,5419,Yield,157,Sugar beet,2015,2015,100 g/ha,636295,A,Official figure,
QCL,Crops and livestock products,143,Morocco,5510,Production,157,Sugar beet,2015,2015,t,3875637.5,A,Official figure,
QCL,Crops and livestock products,143,Morocco,5312,Area harvested,157,Sugar beet,2016,2016,ha,60978,A,Official figure,
QCL,Crops and livestock products,143,Morocco,5419,Yield,157,Sugar beet,2016,2016,100 g/ha,691882,A,Official figure,
QCL,Crops and livestock products,143,Morocco,5510,Production,157,Sugar beet,2016,2016,t,4218922.51,A,Official figure,
QCL,Crops and livestock products,143,Morocco,5312,Area harvested,157,Sugar beet,2017,2017,ha,57794,A,Official figure,
QCL,Crops and livestock products,143,Morocco,5419,Yield,157,Sugar beet,2017,2017,100 g/ha,647379,A,Official figure,
QCL,Crops and livestock products,143,Morocco,5510,Production,157,Sugar beet,2017,2017,t,3741437.62,A,Official figure,
QCL,Crops and livestock products,143,Morocco,5312,Area harvested,157,Sugar beet,2018,2018,ha,53960,A,Official figure,
QCL,Crops and livestock products,143,Morocco,5419,Yield,157,Sugar beet,2018,2018,100 g/ha,687645,A,Official figure,
QCL,Crops and livestock products,143,Morocco,5510,Production,157,Sugar beet,2018,2018,t,3710513.52,A,Official figure,
QCL,Crops and livestock products,143,Morocco,5312,Area harvested,157,Sugar beet,2019,2019,ha,57171,A,Official figure,
QCL,Crops and livestock products,143,Morocco,5419,Yield,157,Sugar beet,2019,2019,100 g/ha,645942,A,Official figure,
QCL,Crops and livestock products,143,Morocco,5510,Production,157,Sugar beet,2019,2019,t,3692884,A,Official figure,
QCL,Crops and livestock products,143,Morocco,5312,Area harvested,157,Sugar beet,2020,2020,ha,57589,A,Official figure,
QCL,Crops and livestock products,143,Morocco,5419,Yield,157,Sugar beet,2020,2020,100 g/ha,630601,A,Official figure,
QCL,Crops and livestock products,143,Morocco,5510,Production,157,Sugar beet,2020,2020,t,3631553.6,A,Official figure,
QCL,Crops and livestock products,143,Morocco,5312,Area harvested,157,Sugar beet,2021,2021,ha,45162,A,Official figure,
QCL,Crops and livestock products,143,Morocco,5419,Yield,157,Sugar beet,2021,2021,100 g/ha,569950,A,Official figure,
QCL,Crops and livestock products,143,Morocco,5510,Production,157,Sugar beet,2021,2021,t,2573991,A,Official figure,
QCL,Crops and livestock products,143,Morocco,5312,Area harvested,157,Sugar beet,2022,2022,ha,38794,A,Official figure,
QCL,Crops and livestock products,143,Morocco,5419,Yield,157,Sugar beet,2022,2022,100 g/ha,489261,A,Official figure,
QCL,Crops and livestock products,143,Morocco,5510,Production,157,Sugar beet,2022,2022,t,1898039.55,A,Official figure,
QCL,Crops and livestock products,143,Morocco,5312,Area harvested,156,Sugar cane,1961,1961,ha,0,A,Official figure,
QCL,Crops and livestock products,143,Morocco,5510,Production,156,Sugar cane,1961,1961,t,0,A,Official figure,
QCL,Crops and livestock products,143,Morocco,5312,Area harvested,156,Sugar cane,1962,1962,ha,0,A,Official figure,
QCL,Crops and livestock products,143,Morocco,5510,Production,156,Sugar cane,1962,1962,t,0,A,Official figure,
QCL,Crops and livestock products,143,Morocco,5312,Area harvested,156,Sugar cane,1963,1963,ha,0,A,Official figure,
QCL,Crops and livestock products,143,Morocco,5510,Production,156,Sugar cane,1963,1963,t,0,A,Official figure,
QCL,Crops and livestock products,143,Morocco,5312,Area harvested,156,Sugar cane,1964,1964,ha,0,A,Official figure,
QCL,Crops and livestock products,143,Morocco,5510,Production,156,Sugar cane,1964,1964,t,0,A,Official figure,
QCL,Crops and livestock products,143,Morocco,5312,Area harvested,156,Sugar cane,1965,1965,ha,0,A,Official figure,
QCL,Crops and livestock products,143,Morocco,5510,Production,156,Sugar cane,1965,1965,t,0,A,Official figure,
QCL,Crops and livestock products,143,Morocco,5312,Area harvested,156,Sugar cane,1966,1966,ha,0,A,Official figure,
QCL,Crops and livestock products,143,Morocco,5510,Production,156,Sugar cane,1966,1966,t,0,A,Official figure,
QCL,Crops and livestock products,143,Morocco,5312,Area harvested,156,Sugar cane,1967,1967,ha,0,A,Official figure,
QCL,Crops and livestock products,143,Morocco,5510,Production,156,Sugar cane,1967,1967,t,0,A,Official figure,
QCL,Crops and livestock products,143,Morocco,5312,Area harvested,156,Sugar cane,1968,1968,ha,0,A,Official figure,
QCL,Crops and livestock products,143,Morocco,5510,Production,156,Sugar cane,1968,1968,t,0,A,Official figure,
QCL,Crops and livestock products,143,Morocco,5312,Area harvested,156,Sugar cane,1969,1969,ha,0,A,Official figure,
QCL,Crops and livestock products,143,Morocco,5510,Production,156,Sugar cane,1969,1969,t,0,A,Official figure,
QCL,Crops and livestock products,143,Morocco,5312,Area harvested,156,Sugar cane,1970,1970,ha,0,A,Official figure,
QCL,Crops and livestock products,143,Morocco,5510,Production,156,Sugar cane,1970,1970,t,0,A,Official figure,
QCL,Crops and livestock products,143,Morocco,5312,Area harvested,156,Sugar cane,1971,1971,ha,0,A,Official figure,
QCL,Crops and livestock products,143,Morocco,5510,Production,156,Sugar cane,1971,1971,t,0,A,Official figure,
QCL,Crops and livestock products,143,Morocco,5312,Area harvested,156,Sugar cane,1972,1972,ha,0,A,Official figure,
QCL,Crops and livestock products,143,Morocco,5510,Production,156,Sugar cane,1972,1972,t,0,A,Official figure,
QCL,Crops and livestock products,143,Morocco,5312,Area harvested,156,Sugar cane,1973,1973,ha,0,A,Official figure,
QCL,Crops and livestock products,143,Morocco,5510,Production,156,Sugar cane,1973,1973,t,0,A,Official figure,
QCL,Crops and livestock products,143,Morocco,5312,Area harvested,156,Sugar cane,1974,1974,ha,2000,E,Estimated value,
QCL,Crops and livestock products,143,Morocco,5419,Yield,156,Sugar cane,1974,1974,100 g/ha,50000,E,Estimated value,
QCL,Crops and livestock products,143,Morocco,5510,Production,156,Sugar cane,1974,1974,t,10000,X,Figure from international organizations,Unofficial figure
QCL,Crops and livestock products,143,Morocco,5312,Area harvested,156,Sugar cane,1975,1975,ha,4400,A,Official figure,
QCL,Crops and livestock products,143,Morocco,5419,Yield,156,Sugar cane,1975,1975,100 g/ha,142727,A,Official figure,
QCL,Crops and livestock products,143,Morocco,5510,Production,156,Sugar cane,1975,1975,t,62800,A,Official figure,
QCL,Crops and livestock products,143,Morocco,5312,Area harvested,156,Sugar cane,1976,1976,ha,1800,A,Official figure,
QCL,Crops and livestock products,143,Morocco,5419,Yield,156,Sugar cane,1976,1976,100 g/ha,431111,A,Official figure,
QCL,Crops and livestock products,143,Morocco,5510,Production,156,Sugar cane,1976,1976,t,77600,A,Official figure,
QCL,Crops and livestock products,143,Morocco,5312,Area harvested,156,Sugar cane,1977,1977,ha,3600,A,Official figure,
QCL,Crops and livestock products,143,Morocco,5419,Yield,156,Sugar cane,1977,1977,100 g/ha,492889,A,Official figure,
QCL,Crops and livestock products,143,Morocco,5510,Production,156,Sugar cane,1977,1977,t,177440,A,Official figure,
QCL,Crops and livestock products,143,Morocco,5312,Area harvested,156,Sugar cane,1978,1978,ha,4500,A,Official figure,
QCL,Crops and livestock products,143,Morocco,5419,Yield,156,Sugar cane,1978,1978,100 g/ha,750000,A,Official figure,
QCL,Crops and livestock products,143,Morocco,5510,Production,156,Sugar cane,1978,1978,t,337500,A,Official figure,
QCL,Crops and livestock products,143,Morocco,5312,Area harvested,156,Sugar cane,1979,1979,ha,4100,A,Official figure,
QCL,Crops and livestock products,143,Morocco,5419,Yield,156,Sugar cane,1979,1979,100 g/ha,715707,A,Official figure,
QCL,Crops and livestock products,143,Morocco,5510,Production,156,Sugar cane,1979,1979,t,293440,A,Official figure,
QCL,Crops and livestock products,143,Morocco,5312,Area harvested,156,Sugar cane,1980,1980,ha,4022,A,Official figure,
QCL,Crops and livestock products,143,Morocco,5419,Yield,156,Sugar cane,1980,1980,100 g/ha,932770,A,Official figure,
QCL,Crops and livestock products,143,Morocco,5510,Production,156,Sugar cane,1980,1980,t,375160,A,Official figure,
QCL,Crops and livestock products,143,Morocco,5312,Area harvested,156,Sugar cane,1981,1981,ha,7240,A,Official figure,
QCL,Crops and livestock products,143,Morocco,5419,Yield,156,Sugar cane,1981,1981,100 g/ha,858425,A,Official figure,
QCL,Crops and livestock products,143,Morocco,5510,Production,156,Sugar cane,1981,1981,t,621500,A,Official figure,
QCL,Crops and livestock products,143,Morocco,5312,Area harvested,156,Sugar cane,1982,1982,ha,7600,A,Official figure,
QCL,Crops and livestock products,143,Morocco,5419,Yield,156,Sugar cane,1982,1982,100 g/ha,670987,A,Official figure,
QCL,Crops and livestock products,143,Morocco,5510,Production,156,Sugar cane,1982,1982,t,509950,A,Official figure,
QCL,Crops and livestock products,143,Morocco,5312,Area harvested,156,Sugar cane,1983,1983,ha,9400,A,Official figure,
QCL,Crops and livestock products,143,Morocco,5419,Yield,156,Sugar cane,1983,1983,100 g/ha,781830,A,Official figure,
QCL,Crops and livestock products,143,Morocco,5510,Production,156,Sugar cane,1983,1983,t,734920,A,Official figure,
QCL,Crops and livestock products,143,Morocco,5312,Area harvested,156,Sugar cane,1984,1984,ha,11300,A,Official figure,
QCL,Crops and livestock products,143,Morocco,5419,Yield,156,Sugar cane,1984,1984,100 g/ha,685867,A,Official figure,
QCL,Crops and livestock products,143,Morocco,5510,Production,156,Sugar cane,1984,1984,t,775030,A,Official figure,
QCL,Crops and livestock products,143,Morocco,5312,Area harvested,156,Sugar cane,1985,1985,ha,12800,A,Official figure,
QCL,Crops and livestock products,143,Morocco,5419,Yield,156,Sugar cane,1985,1985,100 g/ha,562500,A,Official figure,
QCL,Crops and livestock products,143,Morocco,5510,Production,156,Sugar cane,1985,1985,t,720000,A,Official figure,
QCL,Crops and livestock products,143,Morocco,5312,Area harvested,156,Sugar cane,1986,1986,ha,12400,A,Official figure,
QCL,Crops and livestock products,143,Morocco,5419,Yield,156,Sugar cane,1986,1986,100 g/ha,638903,A,Official figure,
QCL,Crops and livestock products,143,Morocco,5510,Production,156,Sugar cane,1986,1986,t,792240,A,Official figure,
QCL,Crops and livestock products,143,Morocco,5312,Area harvested,156,Sugar cane,1987,1987,ha,13000,A,Official figure,
QCL,Crops and livestock products,143,Morocco,5419,Yield,156,Sugar cane,1987,1987,100 g/ha,652369,A,Official figure,
QCL,Crops and livestock products,143,Morocco,5510,Production,156,Sugar cane,1987,1987,t,848080,A,Official figure,
QCL,Crops and livestock products,143,Morocco,5312,Area harvested,156,Sugar cane,1988,1988,ha,15000,A,Official figure,
QCL,Crops and livestock products,143,Morocco,5419,Yield,156,Sugar cane,1988,1988,100 g/ha,729547,A,Official figure,
QCL,Crops and livestock products,143,Morocco,5510,Production,156,Sugar cane,1988,1988,t,1094320,A,Official figure,
QCL,Crops and livestock products,143,Morocco,5312,Area harvested,156,Sugar cane,1989,1989,ha,15277,A,Official figure,
QCL,Crops and livestock products,143,Morocco,5419,Yield,156,Sugar cane,1989,1989,100 g/ha,644616,A,Official figure,
QCL,Crops and livestock products,143,Morocco,5510,Production,156,Sugar cane,1989,1989,t,984780,A,Official figure,
QCL,Crops and livestock products,143,Morocco,5312,Area harvested,156,Sugar cane,1990,1990,ha,14846,A,Official figure,
QCL,Crops and livestock products,143,Morocco,5419,Yield,156,Sugar cane,1990,1990,100 g/ha,686434,A,Official figure,
QCL,Crops and livestock products,143,Morocco,5510,Production,156,Sugar cane,1990,1990,t,1019080,A,Official figure,
QCL,Crops and livestock products,143,Morocco,5312,Area harvested,156,Sugar cane,1991,1991,ha,14772,A,Official figure,
QCL,Crops and livestock products,143,Morocco,5419,Yield,156,Sugar cane,1991,1991,100 g/ha,694403,A,Official figure,
QCL,Crops and livestock products,143,Morocco,5510,Production,156,Sugar cane,1991,1991,t,1025772,A,Official figure,
QCL,Crops and livestock products,143,Morocco,5312,Area harvested,156,Sugar cane,1992,1992,ha,15100,A,Official figure,
QCL,Crops and livestock products,143,Morocco,5419,Yield,156,Sugar cane,1992,1992,100 g/ha,658109,A,Official figure,
QCL,Crops and livestock products,143,Morocco,5510,Production,156,Sugar cane,1992,1992,t,993745,A,Official figure,
QCL,Crops and livestock products,143,Morocco,5312,Area harvested,156,Sugar cane,1993,1993,ha,15311,A,Official figure,
QCL,Crops and livestock products,143,Morocco,5419,Yield,156,Sugar cane,1993,1993,100 g/ha,616289,A,Official figure,
QCL,Crops and livestock products,143,Morocco,5510,Production,156,Sugar cane,1993,1993,t,943600,A,Official figure,
QCL,Crops and livestock products,143,Morocco,5312,Area harvested,156,Sugar cane,1994,1994,ha,15000,A,Official figure,
QCL,Crops and livestock products,143,Morocco,5419,Yield,156,Sugar cane,1994,1994,100 g/ha,616960,A,Official figure,
QCL,Crops and livestock products,143,Morocco,5510,Production,156,Sugar cane,1994,1994,t,925440,A,Official figure,
QCL,Crops and livestock products,143,Morocco,5312,Area harvested,156,Sugar cane,1995,1995,ha,14900,A,Official figure,
QCL,Crops and livestock products,143,Morocco,5419,Yield,156,Sugar cane,1995,1995,100 g/ha,692161,A,Official figure,
QCL,Crops and livestock products,143,Morocco,5510,Production,156,Sugar cane,1995,1995,t,1031320,A,Official figure,
QCL,Crops and livestock products,143,Morocco,5312,Area harvested,156,Sugar cane,1996,1996,ha,14300,A,Official figure,
QCL,Crops and livestock products,143,Morocco,5419,Yield,156,Sugar cane,1996,1996,100 g/ha,628752,A,Official figure,
QCL,Crops and livestock products,143,Morocco,5510,Production,156,Sugar cane,1996,1996,t,899116,A,Official figure,
QCL,Crops and livestock products,143,Morocco,5312,Area harvested,156,Sugar cane,1997,1997,ha,11100,A,Official figure,
QCL,Crops and livestock products,143,Morocco,5419,Yield,156,Sugar cane,1997,1997,100 g/ha,669135,A,Official figure,
QCL,Crops and livestock products,143,Morocco,5510,Production,156,Sugar cane,1997,1997,t,742740,A,Official figure,
QCL,Crops and livestock products,143,Morocco,5312,Area harvested,156,Sugar cane,1998,1998,ha,16074,A,Official figure,
QCL,Crops and livestock products,143,Morocco,5419,Yield,156,Sugar cane,1998,1998,100 g/ha,781427,A,Official figure,
QCL,Crops and livestock products,143,Morocco,5510,Production,156,Sugar cane,1998,1998,t,1256065,A,Official figure,
QCL,Crops and livestock products,143,Morocco,5312,Area harvested,156,Sugar cane,1999,1999,ha,17940,A,Official figure,
QCL,Crops and livestock products,143,Morocco,5419,Yield,156,Sugar cane,1999,1999,100 g/ha,764992,A,Official figure,
QCL,Crops and livestock products,143,Morocco,5510,Production,156,Sugar cane,1999,1999,t,1372395,A,Official figure,
QCL,Crops and livestock products,143,Morocco,5312,Area harvested,156,Sugar cane,2000,2000,ha,17400,A,Official figure,
QCL,Crops and livestock products,143,Morocco,5419,Yield,156,Sugar cane,2000,2000,100 g/ha,825248,A,Official figure,
QCL,Crops and livestock products,143,Morocco,5510,Production,156,Sugar cane,2000,2000,t,1435931,A,Official figure,
QCL,Crops and livestock products,143,Morocco,5312,Area harvested,156,Sugar cane,2001,2001,ha,17900,A,Official figure,
QCL,Crops and livestock products,143,Morocco,5419,Yield,156,Sugar cane,2001,2001,100 g/ha,622351,A,Official figure,
QCL,Crops and livestock products,143,Morocco,5510,Production,156,Sugar cane,2001,2001,t,1114008,A,Official figure,
QCL,Crops and livestock products,143,Morocco,5312,Area harvested,156,Sugar cane,2002,2002,ha,13800,A,Official figure,
QCL,Crops and livestock products,143,Morocco,5419,Yield,156,Sugar cane,2002,2002,100 g/ha,687739,A,Official figure,
QCL,Crops and livestock products,143,Morocco,5510,Production,156,Sugar cane,2002,2002,t,949080,A,Official figure,
QCL,Crops and livestock products,143,Morocco,5312,Area harvested,156,Sugar cane,2003,2003,ha,12600,A,Official figure,
QCL,Crops and livestock products,143,Morocco,5419,Yield,156,Sugar cane,2003,2003,100 g/ha,713190,A,Official figure,
QCL,Crops and livestock products,143,Morocco,5510,Production,156,Sugar cane,2003,2003,t,898620,A,Official figure,
QCL,Crops and livestock products,143,Morocco,5312,Area harvested,156,Sugar cane,2004,2004,ha,13400,A,Official figure,
QCL,Crops and livestock products,143,Morocco,5419,Yield,156,Sugar cane,2004,2004,100 g/ha,650881,A,Official figure,
QCL,Crops and livestock products,143,Morocco,5510,Production,156,Sugar cane,2004,2004,t,872180,A,Official figure,
QCL,Crops and livestock products,143,Morocco,5312,Area harvested,156,Sugar cane,2005,2005,ha,13300,A,Official figure,
QCL,Crops and livestock products,143,Morocco,5419,Yield,156,Sugar cane,2005,2005,100 g/ha,588188,A,Official figure,
QCL,Crops and livestock products,143,Morocco,5510,Production,156,Sugar cane,2005,2005,t,782290,A,Official figure,
QCL,Crops and livestock products,143,Morocco,5312,Area harvested,156,Sugar cane,2006,2006,ha,14340,A,Official figure,
QCL,Crops and livestock products,143,Morocco,5419,Yield,156,Sugar cane,2006,2006,100 g/ha,695258,A,Official figure,
QCL,Crops and livestock products,143,Morocco,5510,Production,156,Sugar cane,2006,2006,t,997000,A,Official figure,
QCL,Crops and livestock products,143,Morocco,5312,Area harvested,156,Sugar cane,2007,2007,ha,14000,A,Official figure,
QCL,Crops and livestock products,143,Morocco,5419,Yield,156,Sugar cane,2007,2007,100 g/ha,667036,A,Official figure,
QCL,Crops and livestock products,143,Morocco,5510,Production,156,Sugar cane,2007,2007,t,933850,A,Official figure,
QCL,Crops and livestock products,143,Morocco,5312,Area harvested,156,Sugar cane,2008,2008,ha,13400,A,Official figure,
QCL,Crops and livestock products,143,Morocco,5419,Yield,156,Sugar cane,2008,2008,100 g/ha,681045,A,Official figure,
QCL,Crops and livestock products,143,Morocco,5510,Production,156,Sugar cane,2008,2008,t,912600,A,Official figure,
QCL,Crops and livestock products,143,Morocco,5312,Area harvested,156,Sugar cane,2009,2009,ha,12400,A,Official figure,
QCL,Crops and livestock products,143,Morocco,5419,Yield,156,Sugar cane,2009,2009,100 g/ha,655677,A,Official figure,
QCL,Crops and livestock products,143,Morocco,5510,Production,156,Sugar cane,2009,2009,t,813040,A,Official figure,
QCL,Crops and livestock products,143,Morocco,5312,Area harvested,156,Sugar cane,2010,2010,ha,10300,A,Official figure,
QCL,Crops and livestock products,143,Morocco,5419,Yield,156,Sugar cane,2010,2010,100 g/ha,613864,A,Official figure,
QCL,Crops and livestock products,143,Morocco,5510,Production,156,Sugar cane,2010,2010,t,632280,A,Official figure,
QCL,Crops and livestock products,143,Morocco,5312,Area harvested,156,Sugar cane,2011,2011,ha,13420,A,Official figure,
QCL,Crops and livestock products,143,Morocco,5419,Yield,156,Sugar cane,2011,2011,100 g/ha,569235,A,Official figure,
QCL,Crops and livestock products,143,Morocco,5510,Production,156,Sugar cane,2011,2011,t,763913,A,Official figure,
QCL,Crops and livestock products,143,Morocco,5312,Area harvested,156,Sugar cane,2012,2012,ha,10105,A,Official figure,
QCL,Crops and livestock products,143,Morocco,5419,Yield,156,Sugar cane,2012,2012,100 g/ha,535364,A,Official figure,
QCL,Crops and livestock products,143,Morocco,5510,Production,156,Sugar cane,2012,2012,t,540985,A,Official figure,
QCL,Crops and livestock products,143,Morocco,5312,Area harvested,156,Sugar cane,2013,2013,ha,15457,A,Official figure,
QCL,Crops and livestock products,143,Morocco,5419,Yield,156,Sugar cane,2013,2013,100 g/ha,400829,A,Official figure,
QCL,Crops and livestock products,143,Morocco,5510,Production,156,Sugar cane,2013,2013,t,619561,A,Official figure,
QCL,Crops and livestock products,143,Morocco,5312,Area harvested,156,Sugar cane,2014,2014,ha,7911,A,Official figure,
QCL,Crops and livestock products,143,Morocco,5419,Yield,156,Sugar cane,2014,2014,100 g/ha,352106,A,Official figure,
QCL,Crops and livestock products,143,Morocco,5510,Production,156,Sugar cane,2014,2014,t,278551,A,Official figure,
QCL,Crops and livestock products,143,Morocco,5312,Area harvested,156,Sugar cane,2015,2015,ha,8483,A,Official figure,
QCL,Crops and livestock products,143,Morocco,5419,Yield,156,Sugar cane,2015,2015,100 g/ha,465984,A,Official figure,
QCL,Crops and livestock products,143,Morocco,5510,Production,156,Sugar cane,2015,2015,t,395316,A,Official figure,
QCL,Crops and livestock products,143,Morocco,5312,Area harvested,156,Sugar cane,2016,2016,ha,10434,A,Official figure,
QCL,Crops and livestock products,143,Morocco,5419,Yield,156,Sugar cane,2016,2016,100 g/ha,408763,A,Official figure,
QCL,Crops and livestock products,143,Morocco,5510,Production,156,Sugar cane,2016,2016,t,426503,A,Official figure,
QCL,Crops and livestock products,143,Morocco,5312,Area harvested,156,Sugar cane,2017,2017,ha,10596,A,Official figure,
QCL,Crops and livestock products,143,Morocco,5419,Yield,156,Sugar cane,2017,2017,100 g/ha,522004,A,Official figure,
QCL,Crops and livestock products,143,Morocco,5510,Production,156,Sugar cane,2017,2017,t,553115,A,Official figure,
QCL,Crops and livestock products,143,Morocco,5312,Area harvested,156,Sugar cane,2018,2018,ha,8746,A,Official figure,
QCL,Crops and livestock products,143,Morocco,5419,Yield,156,Sugar cane,2018,2018,100 g/ha,704452,A,Official figure,
QCL,Crops and livestock products,143,Morocco,5510,Production,156,Sugar cane,2018,2018,t,616113.59,A,Official figure,
QCL,Crops and livestock products,143,Morocco,5312,Area harvested,156,Sugar cane,2019,2019,ha,11306,A,Official figure,
QCL,Crops and livestock products,143,Morocco,5419,Yield,156,Sugar cane,2019,2019,100 g/ha,459009,A,Official figure,
QCL,Crops and livestock products,143,Morocco,5510,Production,156,Sugar cane,2019,2019,t,518956,A,Official figure,
QCL,Crops and livestock products,143,Morocco,5312,Area harvested,156,Sugar cane,2020,2020,ha,11763,A,Official figure,
QCL,Crops and livestock products,143,Morocco,5419,Yield,156,Sugar cane,2020,2020,100 g/ha,673716,A,Official figure,
QCL,Crops and livestock products,143,Morocco,5510,Production,156,Sugar cane,2020,2020,t,792492,A,Official figure,
QCL,Crops and livestock products,143,Morocco,5312,Area harvested,156,Sugar cane,2021,2021,ha,9468,A,Official figure,
QCL,Crops and livestock products,143,Morocco,5419,Yield,156,Sugar cane,2021,2021,100 g/ha,647712,A,Official figure,
QCL,Crops and livestock products,143,Morocco,5510,Production,156,Sugar cane,2021,2021,t,613254,A,Official figure,
QCL,Crops and livestock products,143,Morocco,5312,Area harvested,156,Sugar cane,2022,2022,ha,9317,A,Official figure,
QCL,Crops and livestock products,143,Morocco,5419,Yield,156,Sugar cane,2022,2022,100 g/ha,613802,A,Official figure,
QCL,Crops and livestock products,143,Morocco,5510,Production,156,Sugar cane,2022,2022,t,571894.35,A,Official figure,
QCL,Crops and livestock products,143,Morocco,5312,Area harvested,267,Sunflower seed,1961,1961,ha,3000,A,Official figure,
QCL,Crops and livestock products,143,Morocco,5419,Yield,267,Sunflower seed,1961,1961,100 g/ha,5000,A,Official figure,
QCL,Crops and livestock products,143,Morocco,5510,Production,267,Sunflower seed,1961,1961,t,1500,A,Official figure,
QCL,Crops and livestock products,143,Morocco,5312,Area harvested,267,Sunflower seed,1962,1962,ha,3300,A,Official figure,
QCL,Crops and livestock products,143,Morocco,5419,Yield,267,Sunflower seed,1962,1962,100 g/ha,6970,A,Official figure,
QCL,Crops and livestock products,143,Morocco,5510,Production,267,Sunflower seed,1962,1962,t,2300,A,Official figure,
QCL,Crops and livestock products,143,Morocco,5312,Area harvested,267,Sunflower seed,1963,1963,ha,10300,A,Official figure,
QCL,Crops and livestock products,143,Morocco,5419,Yield,267,Sunflower seed,1963,1963,100 g/ha,8447,A,Official figure,
QCL,Crops and livestock products,143,Morocco,5510,Production,267,Sunflower seed,1963,1963,t,8700,A,Official figure,
QCL,Crops and livestock products,143,Morocco,5312,Area harvested,267,Sunflower seed,1964,1964,ha,10000,A,Official figure,
QCL,Crops and livestock products,143,Morocco,5419,Yield,267,Sunflower seed,1964,1964,100 g/ha,10000,A,Official figure,
QCL,Crops and livestock products,143,Morocco,5510,Production,267,Sunflower seed,1964,1964,t,10000,A,Official figure,
QCL,Crops and livestock products,143,Morocco,5312,Area harvested,267,Sunflower seed,1965,1965,ha,10000,A,Official figure,
QCL,Crops and livestock products,143,Morocco,5419,Yield,267,Sunflower seed,1965,1965,100 g/ha,4000,A,Official figure,
QCL,Crops and livestock products,143,Morocco,5510,Production,267,Sunflower seed,1965,1965,t,4000,A,Official figure,
QCL,Crops and livestock products,143,Morocco,5312,Area harvested,267,Sunflower seed,1966,1966,ha,9000,A,Official figure,
QCL,Crops and livestock products,143,Morocco,5419,Yield,267,Sunflower seed,1966,1966,100 g/ha,2778,A,Official figure,
QCL,Crops and livestock products,143,Morocco,5510,Production,267,Sunflower seed,1966,1966,t,2500,A,Official figure,
QCL,Crops and livestock products,143,Morocco,5312,Area harvested,267,Sunflower seed,1967,1967,ha,5700,A,Official figure,
QCL,Crops and livestock products,143,Morocco,5419,Yield,267,Sunflower seed,1967,1967,100 g/ha,2368,A,Official figure,
QCL,Crops and livestock products,143,Morocco,5510,Production,267,Sunflower seed,1967,1967,t,1350,A,Official figure,
QCL,Crops and livestock products,143,Morocco,5312,Area harvested,267,Sunflower seed,1968,1968,ha,8432,A,Official figure,
QCL,Crops and livestock products,143,Morocco,5419,Yield,267,Sunflower seed,1968,1968,100 g/ha,4407,A,Official figure,
QCL,Crops and livestock products,143,Morocco,5510,Production,267,Sunflower seed,1968,1968,t,3716,A,Official figure,
QCL,Crops and livestock products,143,Morocco,5312,Area harvested,267,Sunflower seed,1969,1969,ha,17000,A,Official figure,
QCL,Crops and livestock products,143,Morocco,5419,Yield,267,Sunflower seed,1969,1969,100 g/ha,1676,A,Official figure,
QCL,Crops and livestock products,143,Morocco,5510,Production,267,Sunflower seed,1969,1969,t,2850,A,Official figure,
QCL,Crops and livestock products,143,Morocco,5312,Area harvested,267,Sunflower seed,1970,1970,ha,24000,A,Official figure,
QCL,Crops and livestock products,143,Morocco,5419,Yield,267,Sunflower seed,1970,1970,100 g/ha,8917,A,Official figure,
QCL,Crops and livestock products,143,Morocco,5510,Production,267,Sunflower seed,1970,1970,t,21400,A,Official figure,
QCL,Crops and livestock products,143,Morocco,5312,Area harvested,267,Sunflower seed,1971,1971,ha,14500,A,Official figure,
QCL,Crops and livestock products,143,Morocco,5419,Yield,267,Sunflower seed,1971,1971,100 g/ha,8207,A,Official figure,
QCL,Crops and livestock products,143,Morocco,5510,Production,267,Sunflower seed,1971,1971,t,11900,A,Official figure,
QCL,Crops and livestock products,143,Morocco,5312,Area harvested,267,Sunflower seed,1972,1972,ha,36800,A,Official figure,
QCL,Crops and livestock products,143,Morocco,5419,Yield,267,Sunflower seed,1972,1972,100 g/ha,6916,A,Official figure,
QCL,Crops and livestock products,143,Morocco,5510,Production,267,Sunflower seed,1972,1972,t,25450,A,Official figure,
QCL,Crops and livestock products,143,Morocco,5312,Area harvested,267,Sunflower seed,1973,1973,ha,20500,A,Official figure,
QCL,Crops and livestock products,143,Morocco,5419,Yield,267,Sunflower seed,1973,1973,100 g/ha,8956,A,Official figure,
QCL,Crops and livestock products,143,Morocco,5510,Production,267,Sunflower seed,1973,1973,t,18360,A,Official figure,
QCL,Crops and livestock products,143,Morocco,5312,Area harvested,267,Sunflower seed,1974,1974,ha,18400,A,Official figure,
QCL,Crops and livestock products,143,Morocco,5419,Yield,267,Sunflower seed,1974,1974,100 g/ha,7701,A,Official figure,
QCL,Crops and livestock products,143,Morocco,5510,Production,267,Sunflower seed,1974,1974,t,14170,A,Official figure,
QCL,Crops and livestock products,143,Morocco,5312,Area harvested,267,Sunflower seed,1975,1975,ha,23300,A,Official figure,
QCL,Crops and livestock products,143,Morocco,5419,Yield,267,Sunflower seed,1975,1975,100 g/ha,6674,A,Official figure,
QCL,Crops and livestock products,143,Morocco,5510,Production,267,Sunflower seed,1975,1975,t,15550,A,Official figure,
QCL,Crops and livestock products,143,Morocco,5312,Area harvested,267,Sunflower seed,1976,1976,ha,22800,A,Official figure,
QCL,Crops and livestock products,143,Morocco,5419,Yield,267,Sunflower seed,1976,1976,100 g/ha,6816,A,Official figure,
QCL,Crops and livestock products,143,Morocco,5510,Production,267,Sunflower seed,1976,1976,t,15540,A,Official figure,
QCL,Crops and livestock products,143,Morocco,5312,Area harvested,267,Sunflower seed,1977,1977,ha,49100,A,Official figure,
QCL,Crops and livestock products,143,Morocco,5419,Yield,267,Sunflower seed,1977,1977,100 g/ha,3884,A,Official figure,
QCL,Crops and livestock products,143,Morocco,5510,Production,267,Sunflower seed,1977,1977,t,19070,A,Official figure,
QCL,Crops and livestock products,143,Morocco,5312,Area harvested,267,Sunflower seed,1978,1978,ha,15600,A,Official figure,
QCL,Crops and livestock products,143,Morocco,5419,Yield,267,Sunflower seed,1978,1978,100 g/ha,10212,A,Official figure,
QCL,Crops and livestock products,143,Morocco,5510,Production,267,Sunflower seed,1978,1978,t,15930,A,Official figure,
QCL,Crops and livestock products,143,Morocco,5312,Area harvested,267,Sunflower seed,1979,1979,ha,34270,A,Official figure,
QCL,Crops and livestock products,143,Morocco,5419,Yield,267,Sunflower seed,1979,1979,100 g/ha,11766,A,Official figure,
QCL,Crops and livestock products,143,Morocco,5510,Production,267,Sunflower seed,1979,1979,t,40323,A,Official figure,
QCL,Crops and livestock products,143,Morocco,5312,Area harvested,267,Sunflower seed,1980,1980,ha,7900,A,Official figure,
QCL,Crops and livestock products,143,Morocco,5419,Yield,267,Sunflower seed,1980,1980,100 g/ha,6800,A,Official figure,
QCL,Crops and livestock products,143,Morocco,5510,Production,267,Sunflower seed,1980,1980,t,5372,A,Official figure,
QCL,Crops and livestock products,143,Morocco,5312,Area harvested,267,Sunflower seed,1981,1981,ha,14870,A,Official figure,
QCL,Crops and livestock products,143,Morocco,5419,Yield,267,Sunflower seed,1981,1981,100 g/ha,5850,A,Official figure,
QCL,Crops and livestock products,143,Morocco,5510,Production,267,Sunflower seed,1981,1981,t,8699,A,Official figure,
QCL,Crops and livestock products,143,Morocco,5312,Area harvested,267,Sunflower seed,1982,1982,ha,12100,A,Official figure,
QCL,Crops and livestock products,143,Morocco,5419,Yield,267,Sunflower seed,1982,1982,100 g/ha,4793,A,Official figure,
QCL,Crops and livestock products,143,Morocco,5510,Production,267,Sunflower seed,1982,1982,t,5800,A,Official figure,
QCL,Crops and livestock products,143,Morocco,5312,Area harvested,267,Sunflower seed,1983,1983,ha,19600,A,Official figure,
QCL,Crops and livestock products,143,Morocco,5419,Yield,267,Sunflower seed,1983,1983,100 g/ha,8041,A,Official figure,
QCL,Crops and livestock products,143,Morocco,5510,Production,267,Sunflower seed,1983,1983,t,15760,A,Official figure,
QCL,Crops and livestock products,143,Morocco,5312,Area harvested,267,Sunflower seed,1984,1984,ha,29300,A,Official figure,
QCL,Crops and livestock products,143,Morocco,5419,Yield,267,Sunflower seed,1984,1984,100 g/ha,6485,A,Official figure,
QCL,Crops and livestock products,143,Morocco,5510,Production,267,Sunflower seed,1984,1984,t,19000,A,Official figure,
QCL,Crops and livestock products,143,Morocco,5312,Area harvested,267,Sunflower seed,1985,1985,ha,34700,A,Official figure,
QCL,Crops and livestock products,143,Morocco,5419,Yield,267,Sunflower seed,1985,1985,100 g/ha,6931,A,Official figure,
QCL,Crops and livestock products,143,Morocco,5510,Production,267,Sunflower seed,1985,1985,t,24050,A,Official figure,
QCL,Crops and livestock products,143,Morocco,5312,Area harvested,267,Sunflower seed,1986,1986,ha,48500,A,Official figure,
QCL,Crops and livestock products,143,Morocco,5419,Yield,267,Sunflower seed,1986,1986,100 g/ha,8920,A,Official figure,
QCL,Crops and livestock products,143,Morocco,5510,Production,267,Sunflower seed,1986,1986,t,43260,A,Official figure,
QCL,Crops and livestock products,143,Morocco,5312,Area harvested,267,Sunflower seed,1987,1987,ha,88500,A,Official figure,
QCL,Crops and livestock products,143,Morocco,5419,Yield,267,Sunflower seed,1987,1987,100 g/ha,11706,A,Official figure,
QCL,Crops and livestock products,143,Morocco,5510,Production,267,Sunflower seed,1987,1987,t,103600,A,Official figure,
QCL,Crops and livestock products,143,Morocco,5312,Area harvested,267,Sunflower seed,1988,1988,ha,108200,A,Official figure,
QCL,Crops and livestock products,143,Morocco,5419,Yield,267,Sunflower seed,1988,1988,100 g/ha,14188,A,Official figure,
QCL,Crops and livestock products,143,Morocco,5510,Production,267,Sunflower seed,1988,1988,t,153510,A,Official figure,
QCL,Crops and livestock products,143,Morocco,5312,Area harvested,267,Sunflower seed,1989,1989,ha,112400,A,Official figure,
QCL,Crops and livestock products,143,Morocco,5419,Yield,267,Sunflower seed,1989,1989,100 g/ha,8577,A,Official figure,
QCL,Crops and livestock products,143,Morocco,5510,Production,267,Sunflower seed,1989,1989,t,96410,A,Official figure,
QCL,Crops and livestock products,143,Morocco,5312,Area harvested,267,Sunflower seed,1990,1990,ha,160800,A,Official figure,
QCL,Crops and livestock products,143,Morocco,5419,Yield,267,Sunflower seed,1990,1990,100 g/ha,9950,A,Official figure,
QCL,Crops and livestock products,143,Morocco,5510,Production,267,Sunflower seed,1990,1990,t,160000,A,Official figure,
QCL,Crops and livestock products,143,Morocco,5312,Area harvested,267,Sunflower seed,1991,1991,ha,137700,A,Official figure,
QCL,Crops and livestock products,143,Morocco,5419,Yield,267,Sunflower seed,1991,1991,100 g/ha,6318,A,Official figure,
QCL,Crops and livestock products,143,Morocco,5510,Production,267,Sunflower seed,1991,1991,t,87000,A,Official figure,
QCL,Crops and livestock products,143,Morocco,5312,Area harvested,267,Sunflower seed,1992,1992,ha,196300,A,Official figure,
QCL,Crops and livestock products,143,Morocco,5419,Yield,267,Sunflower seed,1992,1992,100 g/ha,7440,A,Official figure,
QCL,Crops and livestock products,143,Morocco,5510,Production,267,Sunflower seed,1992,1992,t,146040,A,Official figure,
QCL,Crops and livestock products,143,Morocco,5312,Area harvested,267,Sunflower seed,1993,1993,ha,229800,A,Official figure,
QCL,Crops and livestock products,143,Morocco,5419,Yield,267,Sunflower seed,1993,1993,100 g/ha,1939,A,Official figure,
QCL,Crops and livestock products,143,Morocco,5510,Production,267,Sunflower seed,1993,1993,t,44560,A,Official figure,
QCL,Crops and livestock products,143,Morocco,5312,Area harvested,267,Sunflower seed,1994,1994,ha,67700,A,Official figure,
QCL,Crops and livestock products,143,Morocco,5419,Yield,267,Sunflower seed,1994,1994,100 g/ha,7090,A,Official figure,
QCL,Crops and livestock products,143,Morocco,5510,Production,267,Sunflower seed,1994,1994,t,48000,A,Official figure,
QCL,Crops and livestock products,143,Morocco,5312,Area harvested,267,Sunflower seed,1995,1995,ha,63200,A,Official figure,
QCL,Crops and livestock products,143,Morocco,5419,Yield,267,Sunflower seed,1995,1995,100 g/ha,728,A,Official figure,
QCL,Crops and livestock products,143,Morocco,5510,Production,267,Sunflower seed,1995,1995,t,4600,A,Official figure,
QCL,Crops and livestock products,143,Morocco,5312,Area harvested,267,Sunflower seed,1996,1996,ha,95700,A,Official figure,
QCL,Crops and livestock products,143,Morocco,5419,Yield,267,Sunflower seed,1996,1996,100 g/ha,5617,A,Official figure,
QCL,Crops and livestock products,143,Morocco,5510,Production,267,Sunflower seed,1996,1996,t,53750,A,Official figure,
QCL,Crops and livestock products,143,Morocco,5312,Area harvested,267,Sunflower seed,1997,1997,ha,99400,A,Official figure,
QCL,Crops and livestock products,143,Morocco,5419,Yield,267,Sunflower seed,1997,1997,100 g/ha,7100,A,Official figure,
QCL,Crops and livestock products,143,Morocco,5510,Production,267,Sunflower seed,1997,1997,t,70570,A,Official figure,
QCL,Crops and livestock products,143,Morocco,5312,Area harvested,267,Sunflower seed,1998,1998,ha,101500,A,Official figure,
QCL,Crops and livestock products,143,Morocco,5419,Yield,267,Sunflower seed,1998,1998,100 g/ha,6073,A,Official figure,
QCL,Crops and livestock products,143,Morocco,5510,Production,267,Sunflower seed,1998,1998,t,61640,A,Official figure,
QCL,Crops and livestock products,143,Morocco,5312,Area harvested,267,Sunflower seed,1999,1999,ha,78800,A,Official figure,
QCL,Crops and livestock products,143,Morocco,5419,Yield,267,Sunflower seed,1999,1999,100 g/ha,4315,A,Official figure,
QCL,Crops and livestock products,143,Morocco,5510,Production,267,Sunflower seed,1999,1999,t,34000,A,Official figure,
QCL,Crops and livestock products,143,Morocco,5312,Area harvested,267,Sunflower seed,2000,2000,ha,39900,A,Official figure,
QCL,Crops and livestock products,143,Morocco,5419,Yield,267,Sunflower seed,2000,2000,100 g/ha,4762,A,Official figure,
QCL,Crops and livestock products,143,Morocco,5510,Production,267,Sunflower seed,2000,2000,t,19000,A,Official figure,
QCL,Crops and livestock products,143,Morocco,5312,Area harvested,267,Sunflower seed,2001,2001,ha,56400,A,Official figure,
QCL,Crops and livestock products,143,Morocco,5419,Yield,267,Sunflower seed,2001,2001,100 g/ha,4787,A,Official figure,
QCL,Crops and livestock products,143,Morocco,5510,Production,267,Sunflower seed,2001,2001,t,27000,A,Official figure,
QCL,Crops and livestock products,143,Morocco,5312,Area harvested,267,Sunflower seed,2002,2002,ha,49800,A,Official figure,
QCL,Crops and livestock products,143,Morocco,5419,Yield,267,Sunflower seed,2002,2002,100 g/ha,6703,A,Official figure,
QCL,Crops and livestock products,143,Morocco,5510,Production,267,Sunflower seed,2002,2002,t,33380,A,Official figure,
QCL,Crops and livestock products,143,Morocco,5312,Area harvested,267,Sunflower seed,2003,2003,ha,103500,A,Official figure,
QCL,Crops and livestock products,143,Morocco,5419,Yield,267,Sunflower seed,2003,2003,100 g/ha,8757,A,Official figure,
QCL,Crops and livestock products,143,Morocco,5510,Production,267,Sunflower seed,2003,2003,t,90630,A,Official figure,
QCL,Crops and livestock products,143,Morocco,5312,Area harvested,267,Sunflower seed,2004,2004,ha,62600,A,Official figure,
QCL,Crops and livestock products,143,Morocco,5419,Yield,267,Sunflower seed,2004,2004,100 g/ha,7863,A,Official figure,
QCL,Crops and livestock products,143,Morocco,5510,Production,267,Sunflower seed,2004,2004,t,49220,A,Official figure,
QCL,Crops and livestock products,143,Morocco,5312,Area harvested,267,Sunflower seed,2005,2005,ha,52000,A,Official figure,
QCL,Crops and livestock products,143,Morocco,5419,Yield,267,Sunflower seed,2005,2005,100 g/ha,3496,A,Official figure,
QCL,Crops and livestock products,143,Morocco,5510,Production,267,Sunflower seed,2005,2005,t,18180,A,Official figure,
QCL,Crops and livestock products,143,Morocco,5312,Area harvested,267,Sunflower seed,2006,2006,ha,32600,A,Official figure,
QCL,Crops and livestock products,143,Morocco,5419,Yield,267,Sunflower seed,2006,2006,100 g/ha,8479,A,Official figure,
QCL,Crops and livestock products,143,Morocco,5510,Production,267,Sunflower seed,2006,2006,t,27640,A,Official figure,
QCL,Crops and livestock products,143,Morocco,5312,Area harvested,267,Sunflower seed,2007,2007,ha,36100,A,Official figure,
QCL,Crops and livestock products,143,Morocco,5419,Yield,267,Sunflower seed,2007,2007,100 g/ha,9208,A,Official figure,
QCL,Crops and livestock products,143,Morocco,5510,Production,267,Sunflower seed,2007,2007,t,33240,A,Official figure,
QCL,Crops and livestock products,143,Morocco,5312,Area harvested,267,Sunflower seed,2008,2008,ha,25500,A,Official figure,
QCL,Crops and livestock products,143,Morocco,5419,Yield,267,Sunflower seed,2008,2008,100 g/ha,12671,A,Official figure,
QCL,Crops and livestock products,143,Morocco,5510,Production,267,Sunflower seed,2008,2008,t,32310,A,Official figure,
QCL,Crops and livestock products,143,Morocco,5312,Area harvested,267,Sunflower seed,2009,2009,ha,43000,A,Official figure,
QCL,Crops and livestock products,143,Morocco,5419,Yield,267,Sunflower seed,2009,2009,100 g/ha,11686,A,Official figure,
QCL,Crops and livestock products,143,Morocco,5510,Production,267,Sunflower seed,2009,2009,t,50250,A,Official figure,
QCL,Crops and livestock products,143,Morocco,5312,Area harvested,267,Sunflower seed,2010,2010,ha,62000,A,Official figure,
QCL,Crops and livestock products,143,Morocco,5419,Yield,267,Sunflower seed,2010,2010,100 g/ha,9571,A,Official figure,
QCL,Crops and livestock products,143,Morocco,5510,Production,267,Sunflower seed,2010,2010,t,59340,A,Official figure,
QCL,Crops and livestock products,143,Morocco,5312,Area harvested,267,Sunflower seed,2011,2011,ha,36570,A,Official figure,
QCL,Crops and livestock products,143,Morocco,5419,Yield,267,Sunflower seed,2011,2011,100 g/ha,13161,A,Official figure,
QCL,Crops and livestock products,143,Morocco,5510,Production,267,Sunflower seed,2011,2011,t,48131,A,Official figure,
QCL,Crops and livestock products,143,Morocco,5312,Area harvested,267,Sunflower seed,2012,2012,ha,11670,A,Official figure,
QCL,Crops and livestock products,143,Morocco,5419,Yield,267,Sunflower seed,2012,2012,100 g/ha,15186,A,Official figure,
QCL,Crops and livestock products,143,Morocco,5510,Production,267,Sunflower seed,2012,2012,t,17722,A,Official figure,
QCL,Crops and livestock products,143,Morocco,5312,Area harvested,267,Sunflower seed,2013,2013,ha,17006,A,Official figure,
QCL,Crops and livestock products,143,Morocco,5419,Yield,267,Sunflower seed,2013,2013,100 g/ha,11166,A,Official figure,
QCL,Crops and livestock products,143,Morocco,5510,Production,267,Sunflower seed,2013,2013,t,18989,A,Official figure,
QCL,Crops and livestock products,143,Morocco,5312,Area harvested,267,Sunflower seed,2014,2014,ha,20898,A,Official figure,
QCL,Crops and livestock products,143,Morocco,5419,Yield,267,Sunflower seed,2014,2014,100 g/ha,13096,A,Official figure,
QCL,Crops and livestock products,143,Morocco,5510,Production,267,Sunflower seed,2014,2014,t,27368.2,A,Official figure,
QCL,Crops and livestock products,143,Morocco,5312,Area harvested,267,Sunflower seed,2015,2015,ha,36941,A,Official figure,
QCL,Crops and livestock products,143,Morocco,5419,Yield,267,Sunflower seed,2015,2015,100 g/ha,14179,A,Official figure,
QCL,Crops and livestock products,143,Morocco,5510,Production,267,Sunflower seed,2015,2015,t,52378.2,A,Official figure,
QCL,Crops and livestock products,143,Morocco,5312,Area harvested,267,Sunflower seed,2016,2016,ha,37943,A,Official figure,
QCL,Crops and livestock products,143,Morocco,5419,Yield,267,Sunflower seed,2016,2016,100 g/ha,7948,A,Official figure,
QCL,Crops and livestock products,143,Morocco,5510,Production,267,Sunflower seed,2016,2016,t,30156.68,A,Official figure,
QCL,Crops and livestock products,143,Morocco,5312,Area harvested,267,Sunflower seed,2017,2017,ha,18918,A,Official figure,
QCL,Crops and livestock products,143,Morocco,5419,Yield,267,Sunflower seed,2017,2017,100 g/ha,12577,A,Official figure,
QCL,Crops and livestock products,143,Morocco,5510,Production,267,Sunflower seed,2017,2017,t,23792.32,A,Official figure,
QCL,Crops and livestock products,143,Morocco,5312,Area harvested,267,Sunflower seed,2018,2018,ha,21708,A,Official figure,
QCL,Crops and livestock products,143,Morocco,5419,Yield,267,Sunflower seed,2018,2018,100 g/ha,17322,A,Official figure,
QCL,Crops and livestock products,143,Morocco,5510,Production,267,Sunflower seed,2018,2018,t,37602.15,A,Official figure,
QCL,Crops and livestock products,143,Morocco,5312,Area harvested,267,Sunflower seed,2019,2019,ha,22207,A,Official figure,
QCL,Crops and livestock products,143,Morocco,5419,Yield,267,Sunflower seed,2019,2019,100 g/ha,13264,A,Official figure,
QCL,Crops and livestock products,143,Morocco,5510,Production,267,Sunflower seed,2019,2019,t,29455.9,A,Official figure,
QCL,Crops and livestock products,143,Morocco,5312,Area harvested,267,Sunflower seed,2020,2020,ha,18513,A,Official figure,
QCL,Crops and livestock products,143,Morocco,5419,Yield,267,Sunflower seed,2020,2020,100 g/ha,12098,A,Official figure,
QCL,Crops and livestock products,143,Morocco,5510,Production,267,Sunflower seed,2020,2020,t,22397.26,A,Official figure,
QCL,Crops and livestock products,143,Morocco,5312,Area harvested,267,Sunflower seed,2021,2021,ha,16286,A,Official figure,
QCL,Crops and livestock products,143,Morocco,5419,Yield,267,Sunflower seed,2021,2021,100 g/ha,15106,A,Official figure,
QCL,Crops and livestock products,143,Morocco,5510,Production,267,Sunflower seed,2021,2021,t,24601,A,Official figure,
QCL,Crops and livestock products,143,Morocco,5312,Area harvested,267,Sunflower seed,2022,2022,ha,26551,A,Official figure,
QCL,Crops and livestock products,143,Morocco,5419,Yield,267,Sunflower seed,2022,2022,100 g/ha,11462,A,Official figure,
QCL,Crops and livestock products,143,Morocco,5510,Production,267,Sunflower seed,2022,2022,t,30432.5,A,Official figure,
QCL,Crops and livestock products,143,Morocco,5510,Production,268,"Sunflower-seed oil, crude",1961,1961,t,496.51,I,Imputed value,
QCL,Crops and livestock products,143,Morocco,5510,Production,268,"Sunflower-seed oil, crude",1962,1962,t,728.7,I,Imputed value,
QCL,Crops and livestock products,143,Morocco,5510,Production,268,"Sunflower-seed oil, crude",1963,1963,t,2885.68,I,Imputed value,
QCL,Crops and livestock products,143,Morocco,5510,Production,268,"Sunflower-seed oil, crude",1964,1964,t,3291.66,I,Imputed value,
QCL,Crops and livestock products,143,Morocco,5510,Production,268,"Sunflower-seed oil, crude",1965,1965,t,1299.83,I,Imputed value,
QCL,Crops and livestock products,143,Morocco,5510,Production,268,"Sunflower-seed oil, crude",1966,1966,t,811.3,I,Imputed value,
QCL,Crops and livestock products,143,Morocco,5510,Production,268,"Sunflower-seed oil, crude",1967,1967,t,2865.57,I,Imputed value,
QCL,Crops and livestock products,143,Morocco,5510,Production,268,"Sunflower-seed oil, crude",1968,1968,t,5947.78,I,Imputed value,
QCL,Crops and livestock products,143,Morocco,5510,Production,268,"Sunflower-seed oil, crude",1969,1969,t,880.25,I,Imputed value,
QCL,Crops and livestock products,143,Morocco,5510,Production,268,"Sunflower-seed oil, crude",1970,1970,t,7130.92,I,Imputed value,
QCL,Crops and livestock products,143,Morocco,5510,Production,268,"Sunflower-seed oil, crude",1971,1971,t,3827.95,I,Imputed value,
QCL,Crops and livestock products,143,Morocco,5510,Production,268,"Sunflower-seed oil, crude",1972,1972,t,8390.38,I,Imputed value,
QCL,Crops and livestock products,143,Morocco,5510,Production,268,"Sunflower-seed oil, crude",1973,1973,t,6040.3,I,Imputed value,
QCL,Crops and livestock products,143,Morocco,5510,Production,268,"Sunflower-seed oil, crude",1974,1974,t,4629.98,I,Imputed value,
QCL,Crops and livestock products,143,Morocco,5510,Production,268,"Sunflower-seed oil, crude",1975,1975,t,5090.57,I,Imputed value,
QCL,Crops and livestock products,143,Morocco,5510,Production,268,"Sunflower-seed oil, crude",1976,1976,t,4995.2,I,Imputed value,
QCL,Crops and livestock products,143,Morocco,5510,Production,268,"Sunflower-seed oil, crude",1977,1977,t,6286.18,I,Imputed value,
QCL,Crops and livestock products,143,Morocco,5510,Production,268,"Sunflower-seed oil, crude",1978,1978,t,5176.78,I,Imputed value,
QCL,Crops and livestock products,143,Morocco,5510,Production,268,"Sunflower-seed oil, crude",1979,1979,t,13379.75,I,Imputed value,
QCL,Crops and livestock products,143,Morocco,5510,Production,268,"Sunflower-seed oil, crude",1980,1980,t,1734.14,I,Imputed value,
QCL,Crops and livestock products,143,Morocco,5510,Production,268,"Sunflower-seed oil, crude",1981,1981,t,2850.07,I,Imputed value,
QCL,Crops and livestock products,143,Morocco,5510,Production,268,"Sunflower-seed oil, crude",1982,1982,t,1859.9,I,Imputed value,
QCL,Crops and livestock products,143,Morocco,5510,Production,268,"Sunflower-seed oil, crude",1983,1983,t,5137.65,I,Imputed value,
QCL,Crops and livestock products,143,Morocco,5510,Production,268,"Sunflower-seed oil, crude",1984,1984,t,6196.05,I,Imputed value,
QCL,Crops and livestock products,143,Morocco,5510,Production,268,"Sunflower-seed oil, crude",1985,1985,t,7826.88,I,Imputed value,
QCL,Crops and livestock products,143,Morocco,5510,Production,268,"Sunflower-seed oil, crude",1986,1986,t,14074.2,I,Imputed value,
QCL,Crops and livestock products,143,Morocco,5510,Production,268,"Sunflower-seed oil, crude",1987,1987,t,34143.44,I,Imputed value,
QCL,Crops and livestock products,143,Morocco,5510,Production,268,"Sunflower-seed oil, crude",1988,1988,t,50672.95,I,Imputed value,
QCL,Crops and livestock products,143,Morocco,5510,Production,268,"Sunflower-seed oil, crude",1989,1989,t,31546.06,I,Imputed value,
QCL,Crops and livestock products,143,Morocco,5510,Production,268,"Sunflower-seed oil, crude",1990,1990,t,52813.14,I,Imputed value,
QCL,Crops and livestock products,143,Morocco,5510,Production,268,"Sunflower-seed oil, crude",1991,1991,t,28377.77,I,Imputed value,
QCL,Crops and livestock products,143,Morocco,5510,Production,268,"Sunflower-seed oil, crude",1992,1992,t,62515,I,Imputed value,
QCL,Crops and livestock products,143,Morocco,5510,Production,268,"Sunflower-seed oil, crude",1993,1993,t,14888.13,I,Imputed value,
QCL,Crops and livestock products,143,Morocco,5510,Production,268,"Sunflower-seed oil, crude",1994,1994,t,63894.9,I,Imputed value,
QCL,Crops and livestock products,143,Morocco,5510,Production,268,"Sunflower-seed oil, crude",1995,1995,t,48724.46,I,Imputed value,
QCL,Crops and livestock products,143,Morocco,5510,Production,268,"Sunflower-seed oil, crude",1996,1996,t,42610.57,I,Imputed value,
QCL,Crops and livestock products,143,Morocco,5510,Production,268,"Sunflower-seed oil, crude",1997,1997,t,52557.77,I,Imputed value,
QCL,Crops and livestock products,143,Morocco,5510,Production,268,"Sunflower-seed oil, crude",1998,1998,t,47516.42,I,Imputed value,
QCL,Crops and livestock products,143,Morocco,5510,Production,268,"Sunflower-seed oil, crude",1999,1999,t,40365.75,I,Imputed value,
QCL,Crops and livestock products,143,Morocco,5510,Production,268,"Sunflower-seed oil, crude",2000,2000,t,37293.92,I,Imputed value,
QCL,Crops and livestock products,143,Morocco,5510,Production,268,"Sunflower-seed oil, crude",2001,2001,t,16200.33,I,Imputed value,
QCL,Crops and livestock products,143,Morocco,5510,Production,268,"Sunflower-seed oil, crude",2002,2002,t,10906.17,I,Imputed value,
QCL,Crops and livestock products,143,Morocco,5510,Production,268,"Sunflower-seed oil, crude",2003,2003,t,30050.11,I,Imputed value,
QCL,Crops and livestock products,143,Morocco,5510,Production,268,"Sunflower-seed oil, crude",2004,2004,t,35400,X,Figure from international organizations,Unofficial figure
QCL,Crops and livestock products,143,Morocco,5510,Production,268,"Sunflower-seed oil, crude",2005,2005,t,20000,E,Estimated value,
QCL,Crops and livestock products,143,Morocco,5510,Production,268,"Sunflower-seed oil, crude",2006,2006,t,23600,X,Figure from international organizations,Unofficial figure
QCL,Crops and livestock products,143,Morocco,5510,Production,268,"Sunflower-seed oil, crude",2007,2007,t,19800,X,Figure from international organizations,Unofficial figure
QCL,Crops and livestock products,143,Morocco,5510,Production,268,"Sunflower-seed oil, crude",2008,2008,t,19600,X,Figure from international organizations,Unofficial figure
QCL,Crops and livestock products,143,Morocco,5510,Production,268,"Sunflower-seed oil, crude",2009,2009,t,32700,X,Figure from international organizations,Unofficial figure
QCL,Crops and livestock products,143,Morocco,5510,Production,268,"Sunflower-seed oil, crude",2010,2010,t,34700,X,Figure from international organizations,Unofficial figure
QCL,Crops and livestock products,143,Morocco,5510,Production,268,"Sunflower-seed oil, crude",2011,2011,t,33100,X,Figure from international organizations,Unofficial figure
QCL,Crops and livestock products,143,Morocco,5510,Production,268,"Sunflower-seed oil, crude",2012,2012,t,21400,X,Figure from international organizations,Unofficial figure
QCL,Crops and livestock products,143,Morocco,5510,Production,268,"Sunflower-seed oil, crude",2013,2013,t,11500,X,Figure from international organizations,Unofficial figure
QCL,Crops and livestock products,143,Morocco,5510,Production,268,"Sunflower-seed oil, crude",2014,2014,t,17500,X,Figure from international organizations,Unofficial figure
QCL,Crops and livestock products,143,Morocco,5510,Production,268,"Sunflower-seed oil, crude",2015,2015,t,23000,X,Figure from international organizations,Unofficial figure
QCL,Crops and livestock products,143,Morocco,5510,Production,268,"Sunflower-seed oil, crude",2016,2016,t,18700,X,Figure from international organizations,Unofficial figure
QCL,Crops and livestock products,143,Morocco,5510,Production,268,"Sunflower-seed oil, crude",2017,2017,t,14600,X,Figure from international organizations,Unofficial figure
QCL,Crops and livestock products,143,Morocco,5510,Production,268,"Sunflower-seed oil, crude",2018,2018,t,14200,X,Figure from international organizations,Unofficial figure
QCL,Crops and livestock products,143,Morocco,5510,Production,268,"Sunflower-seed oil, crude",2019,2019,t,13500,X,Figure from international organizations,Unofficial figure
QCL,Crops and livestock products,143,Morocco,5510,Production,268,"Sunflower-seed oil, crude",2020,2020,t,16600,X,Figure from international organizations,Unofficial figure
QCL,Crops and livestock products,143,Morocco,5510,Production,268,"Sunflower-seed oil, crude",2021,2021,t,19100,X,Figure from international organizations,Unofficial figure
QCL,Crops and livestock products,143,Morocco,5312,Area harvested,122,Sweet potatoes,1961,1961,ha,35,E,Estimated value,
QCL,Crops and livestock products,143,Morocco,5419,Yield,122,Sweet potatoes,1961,1961,100 g/ha,142857,E,Estimated value,
QCL,Crops and livestock products,143,Morocco,5510,Production,122,Sweet potatoes,1961,1961,t,500,E,Estimated value,
QCL,Crops and livestock products,143,Morocco,5312,Area harvested,122,Sweet potatoes,1962,1962,ha,35,E,Estimated value,
QCL,Crops and livestock products,143,Morocco,5419,Yield,122,Sweet potatoes,1962,1962,100 g/ha,142857,E,Estimated value,
QCL,Crops and livestock products,143,Morocco,5510,Production,122,Sweet potatoes,1962,1962,t,500,E,Estimated value,
QCL,Crops and livestock products,143,Morocco,5312,Area harvested,122,Sweet potatoes,1963,1963,ha,35,E,Estimated value,
QCL,Crops and livestock products,143,Morocco,5419,Yield,122,Sweet potatoes,1963,1963,100 g/ha,142857,E,Estimated value,
QCL,Crops and livestock products,143,Morocco,5510,Production,122,Sweet potatoes,1963,1963,t,500,E,Estimated value,
QCL,Crops and livestock products,143,Morocco,5312,Area harvested,122,Sweet potatoes,1964,1964,ha,35,E,Estimated value,
QCL,Crops and livestock products,143,Morocco,5419,Yield,122,Sweet potatoes,1964,1964,100 g/ha,142857,E,Estimated value,
QCL,Crops and livestock products,143,Morocco,5510,Production,122,Sweet potatoes,1964,1964,t,500,E,Estimated value,
QCL,Crops and livestock products,143,Morocco,5312,Area harvested,122,Sweet potatoes,1965,1965,ha,35,E,Estimated value,
QCL,Crops and livestock products,143,Morocco,5419,Yield,122,Sweet potatoes,1965,1965,100 g/ha,142857,E,Estimated value,
QCL,Crops and livestock products,143,Morocco,5510,Production,122,Sweet potatoes,1965,1965,t,500,E,Estimated value,
QCL,Crops and livestock products,143,Morocco,5312,Area harvested,122,Sweet potatoes,1966,1966,ha,35,E,Estimated value,
QCL,Crops and livestock products,143,Morocco,5419,Yield,122,Sweet potatoes,1966,1966,100 g/ha,142857,E,Estimated value,
QCL,Crops and livestock products,143,Morocco,5510,Production,122,Sweet potatoes,1966,1966,t,500,E,Estimated value,
QCL,Crops and livestock products,143,Morocco,5312,Area harvested,122,Sweet potatoes,1967,1967,ha,35,E,Estimated value,
QCL,Crops and livestock products,143,Morocco,5419,Yield,122,Sweet potatoes,1967,1967,100 g/ha,142857,E,Estimated value,
QCL,Crops and livestock products,143,Morocco,5510,Production,122,Sweet potatoes,1967,1967,t,500,E,Estimated value,
QCL,Crops and livestock products,143,Morocco,5312,Area harvested,122,Sweet potatoes,1968,1968,ha,35,E,Estimated value,
QCL,Crops and livestock products,143,Morocco,5419,Yield,122,Sweet potatoes,1968,1968,100 g/ha,142857,E,Estimated value,
QCL,Crops and livestock products,143,Morocco,5510,Production,122,Sweet potatoes,1968,1968,t,500,E,Estimated value,
QCL,Crops and livestock products,143,Morocco,5312,Area harvested,122,Sweet potatoes,1969,1969,ha,35,E,Estimated value,
QCL,Crops and livestock products,143,Morocco,5419,Yield,122,Sweet potatoes,1969,1969,100 g/ha,142857,E,Estimated value,
QCL,Crops and livestock products,143,Morocco,5510,Production,122,Sweet potatoes,1969,1969,t,500,E,Estimated value,
QCL,Crops and livestock products,143,Morocco,5312,Area harvested,122,Sweet potatoes,1970,1970,ha,35,E,Estimated value,
QCL,Crops and livestock products,143,Morocco,5419,Yield,122,Sweet potatoes,1970,1970,100 g/ha,142857,E,Estimated value,
QCL,Crops and livestock products,143,Morocco,5510,Production,122,Sweet potatoes,1970,1970,t,500,E,Estimated value,
QCL,Crops and livestock products,143,Morocco,5312,Area harvested,122,Sweet potatoes,1971,1971,ha,65,E,Estimated value,
QCL,Crops and livestock products,143,Morocco,5419,Yield,122,Sweet potatoes,1971,1971,100 g/ha,153846,E,Estimated value,
QCL,Crops and livestock products,143,Morocco,5510,Production,122,Sweet potatoes,1971,1971,t,1000,E,Estimated value,
QCL,Crops and livestock products,143,Morocco,5312,Area harvested,122,Sweet potatoes,1972,1972,ha,65,E,Estimated value,
QCL,Crops and livestock products,143,Morocco,5419,Yield,122,Sweet potatoes,1972,1972,100 g/ha,153846,E,Estimated value,
QCL,Crops and livestock products,143,Morocco,5510,Production,122,Sweet potatoes,1972,1972,t,1000,E,Estimated value,
QCL,Crops and livestock products,143,Morocco,5312,Area harvested,122,Sweet potatoes,1973,1973,ha,65,E,Estimated value,
QCL,Crops and livestock products,143,Morocco,5419,Yield,122,Sweet potatoes,1973,1973,100 g/ha,153846,E,Estimated value,
QCL,Crops and livestock products,143,Morocco,5510,Production,122,Sweet potatoes,1973,1973,t,1000,E,Estimated value,
QCL,Crops and livestock products,143,Morocco,5312,Area harvested,122,Sweet potatoes,1974,1974,ha,65,E,Estimated value,
QCL,Crops and livestock products,143,Morocco,5419,Yield,122,Sweet potatoes,1974,1974,100 g/ha,153846,E,Estimated value,
QCL,Crops and livestock products,143,Morocco,5510,Production,122,Sweet potatoes,1974,1974,t,1000,E,Estimated value,
QCL,Crops and livestock products,143,Morocco,5312,Area harvested,122,Sweet potatoes,1975,1975,ha,65,E,Estimated value,
QCL,Crops and livestock products,143,Morocco,5419,Yield,122,Sweet potatoes,1975,1975,100 g/ha,153846,E,Estimated value,
QCL,Crops and livestock products,143,Morocco,5510,Production,122,Sweet potatoes,1975,1975,t,1000,E,Estimated value,
QCL,Crops and livestock products,143,Morocco,5312,Area harvested,122,Sweet potatoes,1976,1976,ha,65,E,Estimated value,
QCL,Crops and livestock products,143,Morocco,5419,Yield,122,Sweet potatoes,1976,1976,100 g/ha,153846,E,Estimated value,
QCL,Crops and livestock products,143,Morocco,5510,Production,122,Sweet potatoes,1976,1976,t,1000,E,Estimated value,
QCL,Crops and livestock products,143,Morocco,5312,Area harvested,122,Sweet potatoes,1977,1977,ha,65,E,Estimated value,
QCL,Crops and livestock products,143,Morocco,5419,Yield,122,Sweet potatoes,1977,1977,100 g/ha,153846,E,Estimated value,
QCL,Crops and livestock products,143,Morocco,5510,Production,122,Sweet potatoes,1977,1977,t,1000,E,Estimated value,
QCL,Crops and livestock products,143,Morocco,5312,Area harvested,122,Sweet potatoes,1978,1978,ha,65,E,Estimated value,
QCL,Crops and livestock products,143,Morocco,5419,Yield,122,Sweet potatoes,1978,1978,100 g/ha,153846,E,Estimated value,
QCL,Crops and livestock products,143,Morocco,5510,Production,122,Sweet potatoes,1978,1978,t,1000,E,Estimated value,
QCL,Crops and livestock products,143,Morocco,5312,Area harvested,122,Sweet potatoes,1979,1979,ha,65,E,Estimated value,
QCL,Crops and livestock products,143,Morocco,5419,Yield,122,Sweet potatoes,1979,1979,100 g/ha,153846,E,Estimated value,
QCL,Crops and livestock products,143,Morocco,5510,Production,122,Sweet potatoes,1979,1979,t,1000,E,Estimated value,
QCL,Crops and livestock products,143,Morocco,5312,Area harvested,122,Sweet potatoes,1980,1980,ha,65,E,Estimated value,
QCL,Crops and livestock products,143,Morocco,5419,Yield,122,Sweet potatoes,1980,1980,100 g/ha,153846,E,Estimated value,
QCL,Crops and livestock products,143,Morocco,5510,Production,122,Sweet potatoes,1980,1980,t,1000,E,Estimated value,
QCL,Crops and livestock products,143,Morocco,5312,Area harvested,122,Sweet potatoes,1981,1981,ha,200,E,Estimated value,
QCL,Crops and livestock products,143,Morocco,5419,Yield,122,Sweet potatoes,1981,1981,100 g/ha,150000,E,Estimated value,
QCL,Crops and livestock products,143,Morocco,5510,Production,122,Sweet potatoes,1981,1981,t,3000,E,Estimated value,
QCL,Crops and livestock products,143,Morocco,5312,Area harvested,122,Sweet potatoes,1982,1982,ha,200,E,Estimated value,
QCL,Crops and livestock products,143,Morocco,5419,Yield,122,Sweet potatoes,1982,1982,100 g/ha,150000,E,Estimated value,
QCL,Crops and livestock products,143,Morocco,5510,Production,122,Sweet potatoes,1982,1982,t,3000,E,Estimated value,
QCL,Crops and livestock products,143,Morocco,5312,Area harvested,122,Sweet potatoes,1983,1983,ha,200,E,Estimated value,
QCL,Crops and livestock products,143,Morocco,5419,Yield,122,Sweet potatoes,1983,1983,100 g/ha,150000,E,Estimated value,
QCL,Crops and livestock products,143,Morocco,5510,Production,122,Sweet potatoes,1983,1983,t,3000,E,Estimated value,
QCL,Crops and livestock products,143,Morocco,5312,Area harvested,122,Sweet potatoes,1984,1984,ha,200,E,Estimated value,
QCL,Crops and livestock products,143,Morocco,5419,Yield,122,Sweet potatoes,1984,1984,100 g/ha,150000,E,Estimated value,
QCL,Crops and livestock products,143,Morocco,5510,Production,122,Sweet potatoes,1984,1984,t,3000,E,Estimated value,
QCL,Crops and livestock products,143,Morocco,5312,Area harvested,122,Sweet potatoes,1985,1985,ha,200,E,Estimated value,
QCL,Crops and livestock products,143,Morocco,5419,Yield,122,Sweet potatoes,1985,1985,100 g/ha,150000,E,Estimated value,
QCL,Crops and livestock products,143,Morocco,5510,Production,122,Sweet potatoes,1985,1985,t,3000,E,Estimated value,
QCL,Crops and livestock products,143,Morocco,5312,Area harvested,122,Sweet potatoes,1986,1986,ha,330,E,Estimated value,
QCL,Crops and livestock products,143,Morocco,5419,Yield,122,Sweet potatoes,1986,1986,100 g/ha,151515,E,Estimated value,
QCL,Crops and livestock products,143,Morocco,5510,Production,122,Sweet potatoes,1986,1986,t,5000,E,Estimated value,
QCL,Crops and livestock products,143,Morocco,5312,Area harvested,122,Sweet potatoes,1987,1987,ha,650,E,Estimated value,
QCL,Crops and livestock products,143,Morocco,5419,Yield,122,Sweet potatoes,1987,1987,100 g/ha,153846,E,Estimated value,
QCL,Crops and livestock products,143,Morocco,5510,Production,122,Sweet potatoes,1987,1987,t,10000,E,Estimated value,
QCL,Crops and livestock products,143,Morocco,5312,Area harvested,122,Sweet potatoes,1988,1988,ha,1050,E,Estimated value,
QCL,Crops and livestock products,143,Morocco,5419,Yield,122,Sweet potatoes,1988,1988,100 g/ha,154286,E,Estimated value,
QCL,Crops and livestock products,143,Morocco,5510,Production,122,Sweet potatoes,1988,1988,t,16200,A,Official figure,
QCL,Crops and livestock products,143,Morocco,5312,Area harvested,122,Sweet potatoes,1989,1989,ha,700,E,Estimated value,
QCL,Crops and livestock products,143,Morocco,5419,Yield,122,Sweet potatoes,1989,1989,100 g/ha,157243,E,Estimated value,
QCL,Crops and livestock products,143,Morocco,5510,Production,122,Sweet potatoes,1989,1989,t,11007,A,Official figure,
QCL,Crops and livestock products,143,Morocco,5312,Area harvested,122,Sweet potatoes,1990,1990,ha,1400,E,Estimated value,
QCL,Crops and livestock products,143,Morocco,5419,Yield,122,Sweet potatoes,1990,1990,100 g/ha,155421,E,Estimated value,
QCL,Crops and livestock products,143,Morocco,5510,Production,122,Sweet potatoes,1990,1990,t,21759,A,Official figure,
QCL,Crops and livestock products,143,Morocco,5312,Area harvested,122,Sweet potatoes,1991,1991,ha,1300,E,Estimated value,
QCL,Crops and livestock products,143,Morocco,5419,Yield,122,Sweet potatoes,1991,1991,100 g/ha,156000,E,Estimated value,
QCL,Crops and livestock products,143,Morocco,5510,Production,122,Sweet potatoes,1991,1991,t,20280,A,Official figure,
QCL,Crops and livestock products,143,Morocco,5312,Area harvested,122,Sweet potatoes,1992,1992,ha,800,E,Estimated value,
QCL,Crops and livestock products,143,Morocco,5419,Yield,122,Sweet potatoes,1992,1992,100 g/ha,155000,E,Estimated value,
QCL,Crops and livestock products,143,Morocco,5510,Production,122,Sweet potatoes,1992,1992,t,12400,A,Official figure,
QCL,Crops and livestock products,143,Morocco,5312,Area harvested,122,Sweet potatoes,1993,1993,ha,1000,E,Estimated value,
QCL,Crops and livestock products,143,Morocco,5419,Yield,122,Sweet potatoes,1993,1993,100 g/ha,150000,E,Estimated value,
QCL,Crops and livestock products,143,Morocco,5510,Production,122,Sweet potatoes,1993,1993,t,15000,E,Estimated value,
QCL,Crops and livestock products,143,Morocco,5312,Area harvested,122,Sweet potatoes,1994,1994,ha,800,E,Estimated value,
QCL,Crops and livestock products,143,Morocco,5419,Yield,122,Sweet potatoes,1994,1994,100 g/ha,154663,E,Estimated value,
QCL,Crops and livestock products,143,Morocco,5510,Production,122,Sweet potatoes,1994,1994,t,12373,A,Official figure,
QCL,Crops and livestock products,143,Morocco,5312,Area harvested,122,Sweet potatoes,1995,1995,ha,550,E,Estimated value,
QCL,Crops and livestock products,143,Morocco,5419,Yield,122,Sweet potatoes,1995,1995,100 g/ha,156909,E,Estimated value,
QCL,Crops and livestock products,143,Morocco,5510,Production,122,Sweet potatoes,1995,1995,t,8630,A,Official figure,
QCL,Crops and livestock products,143,Morocco,5312,Area harvested,122,Sweet potatoes,1996,1996,ha,550,A,Official figure,
QCL,Crops and livestock products,143,Morocco,5419,Yield,122,Sweet potatoes,1996,1996,100 g/ha,163636,A,Official figure,
QCL,Crops and livestock products,143,Morocco,5510,Production,122,Sweet potatoes,1996,1996,t,9000,A,Official figure,
QCL,Crops and livestock products,143,Morocco,5312,Area harvested,122,Sweet potatoes,1997,1997,ha,850,A,Official figure,
QCL,Crops and livestock products,143,Morocco,5419,Yield,122,Sweet potatoes,1997,1997,100 g/ha,181882,A,Official figure,
QCL,Crops and livestock products,143,Morocco,5510,Production,122,Sweet potatoes,1997,1997,t,15460,A,Official figure,
QCL,Crops and livestock products,143,Morocco,5312,Area harvested,122,Sweet potatoes,1998,1998,ha,850,A,Official figure,
QCL,Crops and livestock products,143,Morocco,5419,Yield,122,Sweet potatoes,1998,1998,100 g/ha,184706,A,Official figure,
QCL,Crops and livestock products,143,Morocco,5510,Production,122,Sweet potatoes,1998,1998,t,15700,A,Official figure,
QCL,Crops and livestock products,143,Morocco,5312,Area harvested,122,Sweet potatoes,1999,1999,ha,545,A,Official figure,
QCL,Crops and livestock products,143,Morocco,5419,Yield,122,Sweet potatoes,1999,1999,100 g/ha,133761,A,Official figure,
QCL,Crops and livestock products,143,Morocco,5510,Production,122,Sweet potatoes,1999,1999,t,7290,A,Official figure,
QCL,Crops and livestock products,143,Morocco,5312,Area harvested,122,Sweet potatoes,2000,2000,ha,765,A,Official figure,
QCL,Crops and livestock products,143,Morocco,5419,Yield,122,Sweet potatoes,2000,2000,100 g/ha,166275,A,Official figure,
QCL,Crops and livestock products,143,Morocco,5510,Production,122,Sweet potatoes,2000,2000,t,12720,A,Official figure,
QCL,Crops and livestock products,143,Morocco,5312,Area harvested,122,Sweet potatoes,2001,2001,ha,490,A,Official figure,
QCL,Crops and livestock products,143,Morocco,5419,Yield,122,Sweet potatoes,2001,2001,100 g/ha,123061,A,Official figure,
QCL,Crops and livestock products,143,Morocco,5510,Production,122,Sweet potatoes,2001,2001,t,6030,A,Official figure,
QCL,Crops and livestock products,143,Morocco,5312,Area harvested,122,Sweet potatoes,2002,2002,ha,455,A,Official figure,
QCL,Crops and livestock products,143,Morocco,5419,Yield,122,Sweet potatoes,2002,2002,100 g/ha,136703,A,Official figure,
QCL,Crops and livestock products,143,Morocco,5510,Production,122,Sweet potatoes,2002,2002,t,6220,A,Official figure,
QCL,Crops and livestock products,143,Morocco,5312,Area harvested,122,Sweet potatoes,2003,2003,ha,645,A,Official figure,
QCL,Crops and livestock products,143,Morocco,5419,Yield,122,Sweet potatoes,2003,2003,100 g/ha,150388,A,Official figure,
QCL,Crops and livestock products,143,Morocco,5510,Production,122,Sweet potatoes,2003,2003,t,9700,A,Official figure,
QCL,Crops and livestock products,143,Morocco,5312,Area harvested,122,Sweet potatoes,2004,2004,ha,750,A,Official figure,
QCL,Crops and livestock products,143,Morocco,5419,Yield,122,Sweet potatoes,2004,2004,100 g/ha,157333,A,Official figure,
QCL,Crops and livestock products,143,Morocco,5510,Production,122,Sweet potatoes,2004,2004,t,11800,A,Official figure,
QCL,Crops and livestock products,143,Morocco,5312,Area harvested,122,Sweet potatoes,2005,2005,ha,580,A,Official figure,
QCL,Crops and livestock products,143,Morocco,5419,Yield,122,Sweet potatoes,2005,2005,100 g/ha,129483,A,Official figure,
QCL,Crops and livestock products,143,Morocco,5510,Production,122,Sweet potatoes,2005,2005,t,7510,A,Official figure,
QCL,Crops and livestock products,143,Morocco,5312,Area harvested,122,Sweet potatoes,2006,2006,ha,565,A,Official figure,
QCL,Crops and livestock products,143,Morocco,5419,Yield,122,Sweet potatoes,2006,2006,100 g/ha,179115,A,Official figure,
QCL,Crops and livestock products,143,Morocco,5510,Production,122,Sweet potatoes,2006,2006,t,10120,A,Official figure,
QCL,Crops and livestock products,143,Morocco,5312,Area harvested,122,Sweet potatoes,2007,2007,ha,485,A,Official figure,
QCL,Crops and livestock products,143,Morocco,5419,Yield,122,Sweet potatoes,2007,2007,100 g/ha,178351,A,Official figure,
QCL,Crops and livestock products,143,Morocco,5510,Production,122,Sweet potatoes,2007,2007,t,8650,A,Official figure,
QCL,Crops and livestock products,143,Morocco,5312,Area harvested,122,Sweet potatoes,2008,2008,ha,625,A,Official figure,
QCL,Crops and livestock products,143,Morocco,5419,Yield,122,Sweet potatoes,2008,2008,100 g/ha,174320,A,Official figure,
QCL,Crops and livestock products,143,Morocco,5510,Production,122,Sweet potatoes,2008,2008,t,10895,A,Official figure,
QCL,Crops and livestock products,143,Morocco,5312,Area harvested,122,Sweet potatoes,2009,2009,ha,695,A,Official figure,
QCL,Crops and livestock products,143,Morocco,5419,Yield,122,Sweet potatoes,2009,2009,100 g/ha,170964,A,Official figure,
QCL,Crops and livestock products,143,Morocco,5510,Production,122,Sweet potatoes,2009,2009,t,11882,A,Official figure,
QCL,Crops and livestock products,143,Morocco,5312,Area harvested,122,Sweet potatoes,2010,2010,ha,647,A,Official figure,
QCL,Crops and livestock products,143,Morocco,5419,Yield,122,Sweet potatoes,2010,2010,100 g/ha,166600,A,Official figure,
QCL,Crops and livestock products,143,Morocco,5510,Production,122,Sweet potatoes,2010,2010,t,10779,A,Official figure,
QCL,Crops and livestock products,143,Morocco,5312,Area harvested,122,Sweet potatoes,2011,2011,ha,825,A,Official figure,
QCL,Crops and livestock products,143,Morocco,5419,Yield,122,Sweet potatoes,2011,2011,100 g/ha,213115,A,Official figure,
QCL,Crops and livestock products,143,Morocco,5510,Production,122,Sweet potatoes,2011,2011,t,17582,A,Official figure,
QCL,Crops and livestock products,143,Morocco,5312,Area harvested,122,Sweet potatoes,2012,2012,ha,958,A,Official figure,
QCL,Crops and livestock products,143,Morocco,5419,Yield,122,Sweet potatoes,2012,2012,100 g/ha,270783,A,Official figure,
QCL,Crops and livestock products,143,Morocco,5510,Production,122,Sweet potatoes,2012,2012,t,25941,A,Official figure,
QCL,Crops and livestock products,143,Morocco,5312,Area harvested,122,Sweet potatoes,2013,2013,ha,1079,A,Official figure,
QCL,Crops and livestock products,143,Morocco,5419,Yield,122,Sweet potatoes,2013,2013,100 g/ha,245134,A,Official figure,
QCL,Crops and livestock products,143,Morocco,5510,Production,122,Sweet potatoes,2013,2013,t,26450,A,Official figure,
QCL,Crops and livestock products,143,Morocco,5312,Area harvested,122,Sweet potatoes,2014,2014,ha,841,A,Official figure,
QCL,Crops and livestock products,143,Morocco,5419,Yield,122,Sweet potatoes,2014,2014,100 g/ha,195244,A,Official figure,
QCL,Crops and livestock products,143,Morocco,5510,Production,122,Sweet potatoes,2014,2014,t,16420,A,Official figure,
QCL,Crops and livestock products,143,Morocco,5312,Area harvested,122,Sweet potatoes,2015,2015,ha,900,A,Official figure,
QCL,Crops and livestock products,143,Morocco,5419,Yield,122,Sweet potatoes,2015,2015,100 g/ha,198456,A,Official figure,
QCL,Crops and livestock products,143,Morocco,5510,Production,122,Sweet potatoes,2015,2015,t,17861,A,Official figure,
QCL,Crops and livestock products,143,Morocco,5312,Area harvested,122,Sweet potatoes,2016,2016,ha,872,A,Official figure,
QCL,Crops and livestock products,143,Morocco,5419,Yield,122,Sweet potatoes,2016,2016,100 g/ha,184291,A,Official figure,
QCL,Crops and livestock products,143,Morocco,5510,Production,122,Sweet potatoes,2016,2016,t,16061,A,Official figure,
QCL,Crops and livestock products,143,Morocco,5312,Area harvested,122,Sweet potatoes,2017,2017,ha,842,I,Imputed value,
QCL,Crops and livestock products,143,Morocco,5419,Yield,122,Sweet potatoes,2017,2017,100 g/ha,189530,E,Estimated value,
QCL,Crops and livestock products,143,Morocco,5510,Production,122,Sweet potatoes,2017,2017,t,15964.85,I,Imputed value,
QCL,Crops and livestock products,143,Morocco,5312,Area harvested,122,Sweet potatoes,2018,2018,ha,837,A,Official figure,
QCL,Crops and livestock products,143,Morocco,5419,Yield,122,Sweet potatoes,2018,2018,100 g/ha,216487,A,Official figure,
QCL,Crops and livestock products,143,Morocco,5510,Production,122,Sweet potatoes,2018,2018,t,18120,A,Official figure,
QCL,Crops and livestock products,143,Morocco,5312,Area harvested,122,Sweet potatoes,2019,2019,ha,457,A,Official figure,
QCL,Crops and livestock products,143,Morocco,5419,Yield,122,Sweet potatoes,2019,2019,100 g/ha,204945,A,Official figure,
QCL,Crops and livestock products,143,Morocco,5510,Production,122,Sweet potatoes,2019,2019,t,9366,A,Official figure,
QCL,Crops and livestock products,143,Morocco,5312,Area harvested,122,Sweet potatoes,2020,2020,ha,860,A,Official figure,
QCL,Crops and livestock products,143,Morocco,5419,Yield,122,Sweet potatoes,2020,2020,100 g/ha,86395,A,Official figure,
QCL,Crops and livestock products,143,Morocco,5510,Production,122,Sweet potatoes,2020,2020,t,7430,A,Official figure,
QCL,Crops and livestock products,143,Morocco,5312,Area harvested,122,Sweet potatoes,2021,2021,ha,600,A,Official figure,
QCL,Crops and livestock products,143,Morocco,5419,Yield,122,Sweet potatoes,2021,2021,100 g/ha,154333,A,Official figure,
QCL,Crops and livestock products,143,Morocco,5510,Production,122,Sweet potatoes,2021,2021,t,9260,A,Official figure,
QCL,Crops and livestock products,143,Morocco,5312,Area harvested,122,Sweet potatoes,2022,2022,ha,560,A,Official figure,
QCL,Crops and livestock products,143,Morocco,5419,Yield,122,Sweet potatoes,2022,2022,100 g/ha,209107,A,Official figure,
QCL,Crops and livestock products,143,Morocco,5510,Production,122,Sweet potatoes,2022,2022,t,11710,A,Official figure,
QCL,Crops and livestock products,143,Morocco,5111,Stocks,1034,Swine / pigs,1961,1961,An,55000,A,Official figure,
QCL,Crops and livestock products,143,Morocco,5111,Stocks,1034,Swine / pigs,1962,1962,An,36000,A,Official figure,
QCL,Crops and livestock products,143,Morocco,5111,Stocks,1034,Swine / pigs,1963,1963,An,20000,A,Official figure,
QCL,Crops and livestock products,143,Morocco,5111,Stocks,1034,Swine / pigs,1964,1964,An,20000,A,Official figure,
QCL,Crops and livestock products,143,Morocco,5111,Stocks,1034,Swine / pigs,1965,1965,An,16000,A,Official figure,
QCL,Crops and livestock products,143,Morocco,5111,Stocks,1034,Swine / pigs,1966,1966,An,11000,A,Official figure,
QCL,Crops and livestock products,143,Morocco,5111,Stocks,1034,Swine / pigs,1967,1967,An,12000,A,Official figure,
QCL,Crops and livestock products,143,Morocco,5111,Stocks,1034,Swine / pigs,1968,1968,An,18000,A,Official figure,
QCL,Crops and livestock products,143,Morocco,5111,Stocks,1034,Swine / pigs,1969,1969,An,23000,E,Estimated value,
QCL,Crops and livestock products,143,Morocco,5111,Stocks,1034,Swine / pigs,1970,1970,An,21500,E,Estimated value,
QCL,Crops and livestock products,143,Morocco,5111,Stocks,1034,Swine / pigs,1971,1971,An,28500,E,Estimated value,
QCL,Crops and livestock products,143,Morocco,5111,Stocks,1034,Swine / pigs,1972,1972,An,30800,E,Estimated value,
QCL,Crops and livestock products,143,Morocco,5111,Stocks,1034,Swine / pigs,1973,1973,An,24000,E,Estimated value,
QCL,Crops and livestock products,143,Morocco,5111,Stocks,1034,Swine / pigs,1974,1974,An,13800,E,Estimated value,
QCL,Crops and livestock products,143,Morocco,5111,Stocks,1034,Swine / pigs,1975,1975,An,7700,E,Estimated value,
QCL,Crops and livestock products,143,Morocco,5111,Stocks,1034,Swine / pigs,1976,1976,An,7000,E,Estimated value,
QCL,Crops and livestock products,143,Morocco,5111,Stocks,1034,Swine / pigs,1977,1977,An,9600,E,Estimated value,
QCL,Crops and livestock products,143,Morocco,5111,Stocks,1034,Swine / pigs,1978,1978,An,8100,E,Estimated value,
QCL,Crops and livestock products,143,Morocco,5111,Stocks,1034,Swine / pigs,1979,1979,An,7400,E,Estimated value,
QCL,Crops and livestock products,143,Morocco,5111,Stocks,1034,Swine / pigs,1980,1980,An,7400,E,Estimated value,
QCL,Crops and livestock products,143,Morocco,5111,Stocks,1034,Swine / pigs,1981,1981,An,6200,E,Estimated value,
QCL,Crops and livestock products,143,Morocco,5111,Stocks,1034,Swine / pigs,1982,1982,An,7300,E,Estimated value,
QCL,Crops and livestock products,143,Morocco,5111,Stocks,1034,Swine / pigs,1983,1983,An,7200,E,Estimated value,
QCL,Crops and livestock products,143,Morocco,5111,Stocks,1034,Swine / pigs,1984,1984,An,7600,E,Estimated value,
QCL,Crops and livestock products,143,Morocco,5111,Stocks,1034,Swine / pigs,1985,1985,An,8000,E,Estimated value,
QCL,Crops and livestock products,143,Morocco,5111,Stocks,1034,Swine / pigs,1986,1986,An,8100,E,Estimated value,
QCL,Crops and livestock products,143,Morocco,5111,Stocks,1034,Swine / pigs,1987,1987,An,8500,E,Estimated value,
QCL,Crops and livestock products,143,Morocco,5111,Stocks,1034,Swine / pigs,1988,1988,An,8600,E,Estimated value,
QCL,Crops and livestock products,143,Morocco,5111,Stocks,1034,Swine / pigs,1989,1989,An,8700,E,Estimated value,
QCL,Crops and livestock products,143,Morocco,5111,Stocks,1034,Swine / pigs,1990,1990,An,8900,E,Estimated value,
QCL,Crops and livestock products,143,Morocco,5111,Stocks,1034,Swine / pigs,1991,1991,An,9200,E,Estimated value,
QCL,Crops and livestock products,143,Morocco,5111,Stocks,1034,Swine / pigs,1992,1992,An,9300,E,Estimated value,
QCL,Crops and livestock products,143,Morocco,5111,Stocks,1034,Swine / pigs,1993,1993,An,9500,E,Estimated value,
QCL,Crops and livestock products,143,Morocco,5111,Stocks,1034,Swine / pigs,1994,1994,An,9500,E,Estimated value,
QCL,Crops and livestock products,143,Morocco,5111,Stocks,1034,Swine / pigs,1995,1995,An,9500,E,Estimated value,
QCL,Crops and livestock products,143,Morocco,5111,Stocks,1034,Swine / pigs,1996,1996,An,9500,E,Estimated value,
QCL,Crops and livestock products,143,Morocco,5111,Stocks,1034,Swine / pigs,1997,1997,An,9500,A,Official figure,
QCL,Crops and livestock products,143,Morocco,5111,Stocks,1034,Swine / pigs,1998,1998,An,8000,A,Official figure,
QCL,Crops and livestock products,143,Morocco,5111,Stocks,1034,Swine / pigs,1999,1999,An,8000,E,Estimated value,
QCL,Crops and livestock products,143,Morocco,5111,Stocks,1034,Swine / pigs,2000,2000,An,8000,E,Estimated value,
QCL,Crops and livestock products,143,Morocco,5111,Stocks,1034,Swine / pigs,2001,2001,An,8000,E,Estimated value,
QCL,Crops and livestock products,143,Morocco,5111,Stocks,1034,Swine / pigs,2002,2002,An,8000,E,Estimated value,
QCL,Crops and livestock products,143,Morocco,5111,Stocks,1034,Swine / pigs,2003,2003,An,8000,E,Estimated value,
QCL,Crops and livestock products,143,Morocco,5111,Stocks,1034,Swine / pigs,2004,2004,An,8000,E,Estimated value,
QCL,Crops and livestock products,143,Morocco,5111,Stocks,1034,Swine / pigs,2005,2005,An,8000,E,Estimated value,
QCL,Crops and livestock products,143,Morocco,5111,Stocks,1034,Swine / pigs,2006,2006,An,8000,E,Estimated value,
QCL,Crops and livestock products,143,Morocco,5111,Stocks,1034,Swine / pigs,2007,2007,An,8000,E,Estimated value,
QCL,Crops and livestock products,143,Morocco,5111,Stocks,1034,Swine / pigs,2008,2008,An,8000,E,Estimated value,
QCL,Crops and livestock products,143,Morocco,5111,Stocks,1034,Swine / pigs,2009,2009,An,8000,E,Estimated value,
QCL,Crops and livestock products,143,Morocco,5111,Stocks,1034,Swine / pigs,2010,2010,An,8500,E,Estimated value,
QCL,Crops and livestock products,143,Morocco,5111,Stocks,1034,Swine / pigs,2011,2011,An,8250,E,Estimated value,
QCL,Crops and livestock products,143,Morocco,5111,Stocks,1034,Swine / pigs,2012,2012,An,8000,E,Estimated value,
QCL,Crops and livestock products,143,Morocco,5111,Stocks,1034,Swine / pigs,2013,2013,An,8000,E,Estimated value,
QCL,Crops and livestock products,143,Morocco,5111,Stocks,1034,Swine / pigs,2014,2014,An,8000,E,Estimated value,
QCL,Crops and livestock products,143,Morocco,5111,Stocks,1034,Swine / pigs,2015,2015,An,7979,I,Imputed value,
QCL,Crops and livestock products,143,Morocco,5111,Stocks,1034,Swine / pigs,2016,2016,An,7948,I,Imputed value,
QCL,Crops and livestock products,143,Morocco,5111,Stocks,1034,Swine / pigs,2017,2017,An,7909,I,Imputed value,
QCL,Crops and livestock products,143,Morocco,5111,Stocks,1034,Swine / pigs,2018,2018,An,7866,I,Imputed value,
QCL,Crops and livestock products,143,Morocco,5111,Stocks,1034,Swine / pigs,2019,2019,An,7869,I,Imputed value,
QCL,Crops and livestock products,143,Morocco,5111,Stocks,1034,Swine / pigs,2020,2020,An,7909,I,Imputed value,
QCL,Crops and livestock products,143,Morocco,5111,Stocks,1034,Swine / pigs,2021,2021,An,7902,I,Imputed value,
QCL,Crops and livestock products,143,Morocco,5111,Stocks,1034,Swine / pigs,2022,2022,An,7895,I,Imputed value,
QCL,Crops and livestock products,143,Morocco,5312,Area harvested,495,"Tangerines, mandarins, clementines",1961,1961,ha,0,M,"Missing value (data cannot exist, not applicable)",
QCL,Crops and livestock products,143,Morocco,5510,Production,495,"Tangerines, mandarins, clementines",1961,1961,t,37000,A,Official figure,
QCL,Crops and livestock products,143,Morocco,5312,Area harvested,495,"Tangerines, mandarins, clementines",1962,1962,ha,0,M,"Missing value (data cannot exist, not applicable)",
QCL,Crops and livestock products,143,Morocco,5510,Production,495,"Tangerines, mandarins, clementines",1962,1962,t,48000,A,Official figure,
QCL,Crops and livestock products,143,Morocco,5312,Area harvested,495,"Tangerines, mandarins, clementines",1963,1963,ha,0,M,"Missing value (data cannot exist, not applicable)",
QCL,Crops and livestock products,143,Morocco,5510,Production,495,"Tangerines, mandarins, clementines",1963,1963,t,48000,A,Official figure,
QCL,Crops and livestock products,143,Morocco,5312,Area harvested,495,"Tangerines, mandarins, clementines",1964,1964,ha,0,M,"Missing value (data cannot exist, not applicable)",
QCL,Crops and livestock products,143,Morocco,5510,Production,495,"Tangerines, mandarins, clementines",1964,1964,t,61000,A,Official figure,
QCL,Crops and livestock products,143,Morocco,5312,Area harvested,495,"Tangerines, mandarins, clementines",1965,1965,ha,0,M,"Missing value (data cannot exist, not applicable)",
QCL,Crops and livestock products,143,Morocco,5510,Production,495,"Tangerines, mandarins, clementines",1965,1965,t,67000,A,Official figure,
QCL,Crops and livestock products,143,Morocco,5312,Area harvested,495,"Tangerines, mandarins, clementines",1966,1966,ha,0,M,"Missing value (data cannot exist, not applicable)",
QCL,Crops and livestock products,143,Morocco,5510,Production,495,"Tangerines, mandarins, clementines",1966,1966,t,80000,A,Official figure,
QCL,Crops and livestock products,143,Morocco,5312,Area harvested,495,"Tangerines, mandarins, clementines",1967,1967,ha,0,M,"Missing value (data cannot exist, not applicable)",
QCL,Crops and livestock products,143,Morocco,5510,Production,495,"Tangerines, mandarins, clementines",1967,1967,t,98000,A,Official figure,
QCL,Crops and livestock products,143,Morocco,5312,Area harvested,495,"Tangerines, mandarins, clementines",1968,1968,ha,0,M,"Missing value (data cannot exist, not applicable)",
QCL,Crops and livestock products,143,Morocco,5510,Production,495,"Tangerines, mandarins, clementines",1968,1968,t,120000,A,Official figure,
QCL,Crops and livestock products,143,Morocco,5312,Area harvested,495,"Tangerines, mandarins, clementines",1969,1969,ha,0,M,"Missing value (data cannot exist, not applicable)",
QCL,Crops and livestock products,143,Morocco,5510,Production,495,"Tangerines, mandarins, clementines",1969,1969,t,118000,A,Official figure,
QCL,Crops and livestock products,143,Morocco,5312,Area harvested,495,"Tangerines, mandarins, clementines",1970,1970,ha,0,M,"Missing value (data cannot exist, not applicable)",
QCL,Crops and livestock products,143,Morocco,5510,Production,495,"Tangerines, mandarins, clementines",1970,1970,t,149000,A,Official figure,
QCL,Crops and livestock products,143,Morocco,5312,Area harvested,495,"Tangerines, mandarins, clementines",1971,1971,ha,0,M,"Missing value (data cannot exist, not applicable)",
QCL,Crops and livestock products,143,Morocco,5510,Production,495,"Tangerines, mandarins, clementines",1971,1971,t,153700,A,Official figure,
QCL,Crops and livestock products,143,Morocco,5312,Area harvested,495,"Tangerines, mandarins, clementines",1972,1972,ha,0,M,"Missing value (data cannot exist, not applicable)",
QCL,Crops and livestock products,143,Morocco,5510,Production,495,"Tangerines, mandarins, clementines",1972,1972,t,150000,A,Official figure,
QCL,Crops and livestock products,143,Morocco,5312,Area harvested,495,"Tangerines, mandarins, clementines",1973,1973,ha,0,M,"Missing value (data cannot exist, not applicable)",
QCL,Crops and livestock products,143,Morocco,5510,Production,495,"Tangerines, mandarins, clementines",1973,1973,t,162000,A,Official figure,
QCL,Crops and livestock products,143,Morocco,5312,Area harvested,495,"Tangerines, mandarins, clementines",1974,1974,ha,0,M,"Missing value (data cannot exist, not applicable)",
QCL,Crops and livestock products,143,Morocco,5510,Production,495,"Tangerines, mandarins, clementines",1974,1974,t,188000,A,Official figure,
QCL,Crops and livestock products,143,Morocco,5312,Area harvested,495,"Tangerines, mandarins, clementines",1975,1975,ha,0,M,"Missing value (data cannot exist, not applicable)",
QCL,Crops and livestock products,143,Morocco,5510,Production,495,"Tangerines, mandarins, clementines",1975,1975,t,106000,A,Official figure,
QCL,Crops and livestock products,143,Morocco,5312,Area harvested,495,"Tangerines, mandarins, clementines",1976,1976,ha,0,M,"Missing value (data cannot exist, not applicable)",
QCL,Crops and livestock products,143,Morocco,5510,Production,495,"Tangerines, mandarins, clementines",1976,1976,t,118000,A,Official figure,
QCL,Crops and livestock products,143,Morocco,5312,Area harvested,495,"Tangerines, mandarins, clementines",1977,1977,ha,0,M,"Missing value (data cannot exist, not applicable)",
QCL,Crops and livestock products,143,Morocco,5510,Production,495,"Tangerines, mandarins, clementines",1977,1977,t,197000,A,Official figure,
QCL,Crops and livestock products,143,Morocco,5312,Area harvested,495,"Tangerines, mandarins, clementines",1978,1978,ha,0,M,"Missing value (data cannot exist, not applicable)",
QCL,Crops and livestock products,143,Morocco,5510,Production,495,"Tangerines, mandarins, clementines",1978,1978,t,272000,A,Official figure,
QCL,Crops and livestock products,143,Morocco,5312,Area harvested,495,"Tangerines, mandarins, clementines",1979,1979,ha,0,M,"Missing value (data cannot exist, not applicable)",
QCL,Crops and livestock products,143,Morocco,5510,Production,495,"Tangerines, mandarins, clementines",1979,1979,t,247000,A,Official figure,
QCL,Crops and livestock products,143,Morocco,5312,Area harvested,495,"Tangerines, mandarins, clementines",1980,1980,ha,0,M,"Missing value (data cannot exist, not applicable)",
QCL,Crops and livestock products,143,Morocco,5510,Production,495,"Tangerines, mandarins, clementines",1980,1980,t,270000,A,Official figure,
QCL,Crops and livestock products,143,Morocco,5312,Area harvested,495,"Tangerines, mandarins, clementines",1981,1981,ha,0,M,"Missing value (data cannot exist, not applicable)",
QCL,Crops and livestock products,143,Morocco,5510,Production,495,"Tangerines, mandarins, clementines",1981,1981,t,280000,A,Official figure,
QCL,Crops and livestock products,143,Morocco,5312,Area harvested,495,"Tangerines, mandarins, clementines",1982,1982,ha,0,M,"Missing value (data cannot exist, not applicable)",
QCL,Crops and livestock products,143,Morocco,5510,Production,495,"Tangerines, mandarins, clementines",1982,1982,t,293000,A,Official figure,
QCL,Crops and livestock products,143,Morocco,5312,Area harvested,495,"Tangerines, mandarins, clementines",1983,1983,ha,0,M,"Missing value (data cannot exist, not applicable)",
QCL,Crops and livestock products,143,Morocco,5510,Production,495,"Tangerines, mandarins, clementines",1983,1983,t,245000,A,Official figure,
QCL,Crops and livestock products,143,Morocco,5312,Area harvested,495,"Tangerines, mandarins, clementines",1984,1984,ha,0,M,"Missing value (data cannot exist, not applicable)",
QCL,Crops and livestock products,143,Morocco,5510,Production,495,"Tangerines, mandarins, clementines",1984,1984,t,243000,A,Official figure,
QCL,Crops and livestock products,143,Morocco,5312,Area harvested,495,"Tangerines, mandarins, clementines",1985,1985,ha,14000,A,Official figure,
QCL,Crops and livestock products,143,Morocco,5419,Yield,495,"Tangerines, mandarins, clementines",1985,1985,100 g/ha,175000,A,Official figure,
QCL,Crops and livestock products,143,Morocco,5510,Production,495,"Tangerines, mandarins, clementines",1985,1985,t,245000,A,Official figure,
QCL,Crops and livestock products,143,Morocco,5312,Area harvested,495,"Tangerines, mandarins, clementines",1986,1986,ha,16000,A,Official figure,
QCL,Crops and livestock products,143,Morocco,5419,Yield,495,"Tangerines, mandarins, clementines",1986,1986,100 g/ha,216250,A,Official figure,
QCL,Crops and livestock products,143,Morocco,5510,Production,495,"Tangerines, mandarins, clementines",1986,1986,t,346000,A,Official figure,
QCL,Crops and livestock products,143,Morocco,5312,Area harvested,495,"Tangerines, mandarins, clementines",1987,1987,ha,16000,A,Official figure,
QCL,Crops and livestock products,143,Morocco,5419,Yield,495,"Tangerines, mandarins, clementines",1987,1987,100 g/ha,181250,A,Official figure,
QCL,Crops and livestock products,143,Morocco,5510,Production,495,"Tangerines, mandarins, clementines",1987,1987,t,290000,A,Official figure,
QCL,Crops and livestock products,143,Morocco,5312,Area harvested,495,"Tangerines, mandarins, clementines",1988,1988,ha,16000,A,Official figure,
QCL,Crops and livestock products,143,Morocco,5419,Yield,495,"Tangerines, mandarins, clementines",1988,1988,100 g/ha,187500,A,Official figure,
QCL,Crops and livestock products,143,Morocco,5510,Production,495,"Tangerines, mandarins, clementines",1988,1988,t,300000,A,Official figure,
QCL,Crops and livestock products,143,Morocco,5312,Area harvested,495,"Tangerines, mandarins, clementines",1989,1989,ha,18000,A,Official figure,
QCL,Crops and livestock products,143,Morocco,5419,Yield,495,"Tangerines, mandarins, clementines",1989,1989,100 g/ha,233889,A,Official figure,
QCL,Crops and livestock products,143,Morocco,5510,Production,495,"Tangerines, mandarins, clementines",1989,1989,t,421000,A,Official figure,
QCL,Crops and livestock products,143,Morocco,5312,Area harvested,495,"Tangerines, mandarins, clementines",1990,1990,ha,18000,A,Official figure,
QCL,Crops and livestock products,143,Morocco,5419,Yield,495,"Tangerines, mandarins, clementines",1990,1990,100 g/ha,125000,A,Official figure,
QCL,Crops and livestock products,143,Morocco,5510,Production,495,"Tangerines, mandarins, clementines",1990,1990,t,225000,A,Official figure,
QCL,Crops and livestock products,143,Morocco,5312,Area harvested,495,"Tangerines, mandarins, clementines",1991,1991,ha,18000,A,Official figure,
QCL,Crops and livestock products,143,Morocco,5419,Yield,495,"Tangerines, mandarins, clementines",1991,1991,100 g/ha,172778,A,Official figure,
QCL,Crops and livestock products,143,Morocco,5510,Production,495,"Tangerines, mandarins, clementines",1991,1991,t,311000,A,Official figure,
QCL,Crops and livestock products,143,Morocco,5312,Area harvested,495,"Tangerines, mandarins, clementines",1992,1992,ha,17500,A,Official figure,
QCL,Crops and livestock products,143,Morocco,5419,Yield,495,"Tangerines, mandarins, clementines",1992,1992,100 g/ha,156000,A,Official figure,
QCL,Crops and livestock products,143,Morocco,5510,Production,495,"Tangerines, mandarins, clementines",1992,1992,t,273000,A,Official figure,
QCL,Crops and livestock products,143,Morocco,5312,Area harvested,495,"Tangerines, mandarins, clementines",1993,1993,ha,17590,A,Official figure,
QCL,Crops and livestock products,143,Morocco,5419,Yield,495,"Tangerines, mandarins, clementines",1993,1993,100 g/ha,170551,A,Official figure,
QCL,Crops and livestock products,143,Morocco,5510,Production,495,"Tangerines, mandarins, clementines",1993,1993,t,300000,A,Official figure,
QCL,Crops and livestock products,143,Morocco,5312,Area harvested,495,"Tangerines, mandarins, clementines",1994,1994,ha,17500,A,Official figure,
QCL,Crops and livestock products,143,Morocco,5419,Yield,495,"Tangerines, mandarins, clementines",1994,1994,100 g/ha,196000,A,Official figure,
QCL,Crops and livestock products,143,Morocco,5510,Production,495,"Tangerines, mandarins, clementines",1994,1994,t,343000,A,Official figure,
QCL,Crops and livestock products,143,Morocco,5312,Area harvested,495,"Tangerines, mandarins, clementines",1995,1995,ha,21700,A,Official figure,
QCL,Crops and livestock products,143,Morocco,5419,Yield,495,"Tangerines, mandarins, clementines",1995,1995,100 g/ha,127189,A,Official figure,
QCL,Crops and livestock products,143,Morocco,5510,Production,495,"Tangerines, mandarins, clementines",1995,1995,t,276000,A,Official figure,
QCL,Crops and livestock products,143,Morocco,5312,Area harvested,495,"Tangerines, mandarins, clementines",1996,1996,ha,17860,A,Official figure,
QCL,Crops and livestock products,143,Morocco,5419,Yield,495,"Tangerines, mandarins, clementines",1996,1996,100 g/ha,185890,A,Official figure,
QCL,Crops and livestock products,143,Morocco,5510,Production,495,"Tangerines, mandarins, clementines",1996,1996,t,332000,A,Official figure,
QCL,Crops and livestock products,143,Morocco,5312,Area harvested,495,"Tangerines, mandarins, clementines",1997,1997,ha,22300,A,Official figure,
QCL,Crops and livestock products,143,Morocco,5419,Yield,495,"Tangerines, mandarins, clementines",1997,1997,100 g/ha,179372,A,Official figure,
QCL,Crops and livestock products,143,Morocco,5510,Production,495,"Tangerines, mandarins, clementines",1997,1997,t,400000,A,Official figure,
QCL,Crops and livestock products,143,Morocco,5312,Area harvested,495,"Tangerines, mandarins, clementines",1998,1998,ha,22700,A,Official figure,
QCL,Crops and livestock products,143,Morocco,5419,Yield,495,"Tangerines, mandarins, clementines",1998,1998,100 g/ha,203700,A,Official figure,
QCL,Crops and livestock products,143,Morocco,5510,Production,495,"Tangerines, mandarins, clementines",1998,1998,t,462400,A,Official figure,
QCL,Crops and livestock products,143,Morocco,5312,Area harvested,495,"Tangerines, mandarins, clementines",1999,1999,ha,23500,A,Official figure,
QCL,Crops and livestock products,143,Morocco,5419,Yield,495,"Tangerines, mandarins, clementines",1999,1999,100 g/ha,180426,A,Official figure,
QCL,Crops and livestock products,143,Morocco,5510,Production,495,"Tangerines, mandarins, clementines",1999,1999,t,424000,A,Official figure,
QCL,Crops and livestock products,143,Morocco,5312,Area harvested,495,"Tangerines, mandarins, clementines",2000,2000,ha,24000,A,Official figure,
QCL,Crops and livestock products,143,Morocco,5419,Yield,495,"Tangerines, mandarins, clementines",2000,2000,100 g/ha,221250,A,Official figure,
QCL,Crops and livestock products,143,Morocco,5510,Production,495,"Tangerines, mandarins, clementines",2000,2000,t,531000,A,Official figure,
QCL,Crops and livestock products,143,Morocco,5312,Area harvested,495,"Tangerines, mandarins, clementines",2001,2001,ha,24000,A,Official figure,
QCL,Crops and livestock products,143,Morocco,5419,Yield,495,"Tangerines, mandarins, clementines",2001,2001,100 g/ha,109583,A,Official figure,
QCL,Crops and livestock products,143,Morocco,5510,Production,495,"Tangerines, mandarins, clementines",2001,2001,t,263000,A,Official figure,
QCL,Crops and livestock products,143,Morocco,5312,Area harvested,495,"Tangerines, mandarins, clementines",2002,2002,ha,24800,A,Official figure,
QCL,Crops and livestock products,143,Morocco,5419,Yield,495,"Tangerines, mandarins, clementines",2002,2002,100 g/ha,163589,A,Official figure,
QCL,Crops and livestock products,143,Morocco,5510,Production,495,"Tangerines, mandarins, clementines",2002,2002,t,405700,A,Official figure,
QCL,Crops and livestock products,143,Morocco,5312,Area harvested,495,"Tangerines, mandarins, clementines",2003,2003,ha,26200,A,Official figure,
QCL,Crops and livestock products,143,Morocco,5419,Yield,495,"Tangerines, mandarins, clementines",2003,2003,100 g/ha,182634,A,Official figure,
QCL,Crops and livestock products,143,Morocco,5510,Production,495,"Tangerines, mandarins, clementines",2003,2003,t,478500,A,Official figure,
QCL,Crops and livestock products,143,Morocco,5312,Area harvested,495,"Tangerines, mandarins, clementines",2004,2004,ha,27600,A,Official figure,
QCL,Crops and livestock products,143,Morocco,5419,Yield,495,"Tangerines, mandarins, clementines",2004,2004,100 g/ha,147826,A,Official figure,
QCL,Crops and livestock products,143,Morocco,5510,Production,495,"Tangerines, mandarins, clementines",2004,2004,t,408000,A,Official figure,
QCL,Crops and livestock products,143,Morocco,5312,Area harvested,495,"Tangerines, mandarins, clementines",2005,2005,ha,28000,A,Official figure,
QCL,Crops and livestock products,143,Morocco,5419,Yield,495,"Tangerines, mandarins, clementines",2005,2005,100 g/ha,165500,A,Official figure,
QCL,Crops and livestock products,143,Morocco,5510,Production,495,"Tangerines, mandarins, clementines",2005,2005,t,463400,A,Official figure,
QCL,Crops and livestock products,143,Morocco,5312,Area harvested,495,"Tangerines, mandarins, clementines",2006,2006,ha,29500,A,Official figure,
QCL,Crops and livestock products,143,Morocco,5419,Yield,495,"Tangerines, mandarins, clementines",2006,2006,100 g/ha,153898,A,Official figure,
QCL,Crops and livestock products,143,Morocco,5510,Production,495,"Tangerines, mandarins, clementines",2006,2006,t,454000,A,Official figure,
QCL,Crops and livestock products,143,Morocco,5312,Area harvested,495,"Tangerines, mandarins, clementines",2007,2007,ha,29000,A,Official figure,
QCL,Crops and livestock products,143,Morocco,5419,Yield,495,"Tangerines, mandarins, clementines",2007,2007,100 g/ha,122586,A,Official figure,
QCL,Crops and livestock products,143,Morocco,5510,Production,495,"Tangerines, mandarins, clementines",2007,2007,t,355500,A,Official figure,
QCL,Crops and livestock products,143,Morocco,5312,Area harvested,495,"Tangerines, mandarins, clementines",2008,2008,ha,27000,A,Official figure,
QCL,Crops and livestock products,143,Morocco,5419,Yield,495,"Tangerines, mandarins, clementines",2008,2008,100 g/ha,124815,A,Official figure,
QCL,Crops and livestock products,143,Morocco,5510,Production,495,"Tangerines, mandarins, clementines",2008,2008,t,337000,A,Official figure,
QCL,Crops and livestock products,143,Morocco,5312,Area harvested,495,"Tangerines, mandarins, clementines",2009,2009,ha,23287,A,Official figure,
QCL,Crops and livestock products,143,Morocco,5419,Yield,495,"Tangerines, mandarins, clementines",2009,2009,100 g/ha,151587,A,Official figure,
QCL,Crops and livestock products,143,Morocco,5510,Production,495,"Tangerines, mandarins, clementines",2009,2009,t,353000,A,Official figure,
QCL,Crops and livestock products,143,Morocco,5312,Area harvested,495,"Tangerines, mandarins, clementines",2010,2010,ha,47537,A,Official figure,
QCL,Crops and livestock products,143,Morocco,5419,Yield,495,"Tangerines, mandarins, clementines",2010,2010,100 g/ha,99467,A,Official figure,
QCL,Crops and livestock products,143,Morocco,5510,Production,495,"Tangerines, mandarins, clementines",2010,2010,t,472834,A,Official figure,
QCL,Crops and livestock products,143,Morocco,5312,Area harvested,495,"Tangerines, mandarins, clementines",2011,2011,ha,50017,A,Official figure,
QCL,Crops and livestock products,143,Morocco,5419,Yield,495,"Tangerines, mandarins, clementines",2011,2011,100 g/ha,150555,A,Official figure,
QCL,Crops and livestock products,143,Morocco,5510,Production,495,"Tangerines, mandarins, clementines",2011,2011,t,753030,A,Official figure,
QCL,Crops and livestock products,143,Morocco,5312,Area harvested,495,"Tangerines, mandarins, clementines",2012,2012,ha,53297,A,Official figure,
QCL,Crops and livestock products,143,Morocco,5419,Yield,495,"Tangerines, mandarins, clementines",2012,2012,100 g/ha,164570,A,Official figure,
QCL,Crops and livestock products,143,Morocco,5510,Production,495,"Tangerines, mandarins, clementines",2012,2012,t,877111,A,Official figure,
QCL,Crops and livestock products,143,Morocco,5312,Area harvested,495,"Tangerines, mandarins, clementines",2013,2013,ha,55206,A,Official figure,
QCL,Crops and livestock products,143,Morocco,5419,Yield,495,"Tangerines, mandarins, clementines",2013,2013,100 g/ha,120300,A,Official figure,
QCL,Crops and livestock products,143,Morocco,5510,Production,495,"Tangerines, mandarins, clementines",2013,2013,t,664127.02,A,Official figure,
QCL,Crops and livestock products,143,Morocco,5312,Area harvested,495,"Tangerines, mandarins, clementines",2014,2014,ha,57201,A,Official figure,
QCL,Crops and livestock products,143,Morocco,5419,Yield,495,"Tangerines, mandarins, clementines",2014,2014,100 g/ha,207230,A,Official figure,
QCL,Crops and livestock products,143,Morocco,5510,Production,495,"Tangerines, mandarins, clementines",2014,2014,t,1185387.68,A,Official figure,
QCL,Crops and livestock products,143,Morocco,5312,Area harvested,495,"Tangerines, mandarins, clementines",2015,2015,ha,59362,A,Official figure,
QCL,Crops and livestock products,143,Morocco,5419,Yield,495,"Tangerines, mandarins, clementines",2015,2015,100 g/ha,167309,A,Official figure,
QCL,Crops and livestock products,143,Morocco,5510,Production,495,"Tangerines, mandarins, clementines",2015,2015,t,993181.78,A,Official figure,
QCL,Crops and livestock products,143,Morocco,5312,Area harvested,495,"Tangerines, mandarins, clementines",2016,2016,ha,62193,A,Official figure,
QCL,Crops and livestock products,143,Morocco,5419,Yield,495,"Tangerines, mandarins, clementines",2016,2016,100 g/ha,173271,A,Official figure,
QCL,Crops and livestock products,143,Morocco,5510,Production,495,"Tangerines, mandarins, clementines",2016,2016,t,1077627.82,A,Official figure,
QCL,Crops and livestock products,143,Morocco,5312,Area harvested,495,"Tangerines, mandarins, clementines",2017,2017,ha,63761,A,Official figure,
QCL,Crops and livestock products,143,Morocco,5419,Yield,495,"Tangerines, mandarins, clementines",2017,2017,100 g/ha,200490,A,Official figure,
QCL,Crops and livestock products,143,Morocco,5510,Production,495,"Tangerines, mandarins, clementines",2017,2017,t,1278346,A,Official figure,
QCL,Crops and livestock products,143,Morocco,5312,Area harvested,495,"Tangerines, mandarins, clementines",2018,2018,ha,64102,A,Official figure,
QCL,Crops and livestock products,143,Morocco,5419,Yield,495,"Tangerines, mandarins, clementines",2018,2018,100 g/ha,188572,A,Official figure,
QCL,Crops and livestock products,143,Morocco,5510,Production,495,"Tangerines, mandarins, clementines",2018,2018,t,1208789,A,Official figure,
QCL,Crops and livestock products,143,Morocco,5312,Area harvested,495,"Tangerines, mandarins, clementines",2019,2019,ha,64996,A,Official figure,
QCL,Crops and livestock products,143,Morocco,5419,Yield,495,"Tangerines, mandarins, clementines",2019,2019,100 g/ha,211495,A,Official figure,
QCL,Crops and livestock products,143,Morocco,5510,Production,495,"Tangerines, mandarins, clementines",2019,2019,t,1374628.83,A,Official figure,
QCL,Crops and livestock products,143,Morocco,5312,Area harvested,495,"Tangerines, mandarins, clementines",2020,2020,ha,69205,A,Official figure,
QCL,Crops and livestock products,143,Morocco,5419,Yield,495,"Tangerines, mandarins, clementines",2020,2020,100 g/ha,133887,A,Official figure,
QCL,Crops and livestock products,143,Morocco,5510,Production,495,"Tangerines, mandarins, clementines",2020,2020,t,926566,A,Official figure,
QCL,Crops and livestock products,143,Morocco,5312,Area harvested,495,"Tangerines, mandarins, clementines",2021,2021,ha,64387,A,Official figure,
QCL,Crops and livestock products,143,Morocco,5419,Yield,495,"Tangerines, mandarins, clementines",2021,2021,100 g/ha,193893,A,Official figure,
QCL,Crops and livestock products,143,Morocco,5510,Production,495,"Tangerines, mandarins, clementines",2021,2021,t,1248418,A,Official figure,
QCL,Crops and livestock products,143,Morocco,5312,Area harvested,495,"Tangerines, mandarins, clementines",2022,2022,ha,63294,A,Official figure,
QCL,Crops and livestock products,143,Morocco,5419,Yield,495,"Tangerines, mandarins, clementines",2022,2022,100 g/ha,215024,A,Official figure,
QCL,Crops and livestock products,143,Morocco,5510,Production,495,"Tangerines, mandarins, clementines",2022,2022,t,1360965.26,A,Official figure,
QCL,Crops and livestock products,143,Morocco,5312,Area harvested,388,Tomatoes,1961,1961,ha,13800,A,Official figure,
QCL,Crops and livestock products,143,Morocco,5419,Yield,388,Tomatoes,1961,1961,100 g/ha,144928,A,Official figure,
QCL,Crops and livestock products,143,Morocco,5510,Production,388,Tomatoes,1961,1961,t,200000,A,Official figure,
QCL,Crops and livestock products,143,Morocco,5312,Area harvested,388,Tomatoes,1962,1962,ha,11300,A,Official figure,
QCL,Crops and livestock products,143,Morocco,5419,Yield,388,Tomatoes,1962,1962,100 g/ha,186549,A,Official figure,
QCL,Crops and livestock products,143,Morocco,5510,Production,388,Tomatoes,1962,1962,t,210800,A,Official figure,
QCL,Crops and livestock products,143,Morocco,5312,Area harvested,388,Tomatoes,1963,1963,ha,11223,A,Official figure,
QCL,Crops and livestock products,143,Morocco,5419,Yield,388,Tomatoes,1963,1963,100 g/ha,156335,A,Official figure,
QCL,Crops and livestock products,143,Morocco,5510,Production,388,Tomatoes,1963,1963,t,175455,A,Official figure,
QCL,Crops and livestock products,143,Morocco,5312,Area harvested,388,Tomatoes,1964,1964,ha,14400,A,Official figure,
QCL,Crops and livestock products,143,Morocco,5419,Yield,388,Tomatoes,1964,1964,100 g/ha,175694,A,Official figure,
QCL,Crops and livestock products,143,Morocco,5510,Production,388,Tomatoes,1964,1964,t,253000,A,Official figure,
QCL,Crops and livestock products,143,Morocco,5312,Area harvested,388,Tomatoes,1965,1965,ha,15972,A,Official figure,
QCL,Crops and livestock products,143,Morocco,5419,Yield,388,Tomatoes,1965,1965,100 g/ha,203481,A,Official figure,
QCL,Crops and livestock products,143,Morocco,5510,Production,388,Tomatoes,1965,1965,t,325000,A,Official figure,
QCL,Crops and livestock products,143,Morocco,5312,Area harvested,388,Tomatoes,1966,1966,ha,17198,A,Official figure,
QCL,Crops and livestock products,143,Morocco,5419,Yield,388,Tomatoes,1966,1966,100 g/ha,175602,A,Official figure,
QCL,Crops and livestock products,143,Morocco,5510,Production,388,Tomatoes,1966,1966,t,302000,A,Official figure,
QCL,Crops and livestock products,143,Morocco,5312,Area harvested,388,Tomatoes,1967,1967,ha,16000,A,Official figure,
QCL,Crops and livestock products,143,Morocco,5419,Yield,388,Tomatoes,1967,1967,100 g/ha,173125,A,Official figure,
QCL,Crops and livestock products,143,Morocco,5510,Production,388,Tomatoes,1967,1967,t,277000,A,Official figure,
QCL,Crops and livestock products,143,Morocco,5312,Area harvested,388,Tomatoes,1968,1968,ha,17000,A,Official figure,
QCL,Crops and livestock products,143,Morocco,5419,Yield,388,Tomatoes,1968,1968,100 g/ha,144118,A,Official figure,
QCL,Crops and livestock products,143,Morocco,5510,Production,388,Tomatoes,1968,1968,t,245000,A,Official figure,
QCL,Crops and livestock products,143,Morocco,5312,Area harvested,388,Tomatoes,1969,1969,ha,15000,E,Estimated value,
QCL,Crops and livestock products,143,Morocco,5419,Yield,388,Tomatoes,1969,1969,100 g/ha,176000,E,Estimated value,
QCL,Crops and livestock products,143,Morocco,5510,Production,388,Tomatoes,1969,1969,t,264000,A,Official figure,
QCL,Crops and livestock products,143,Morocco,5312,Area harvested,388,Tomatoes,1970,1970,ha,13000,E,Estimated value,
QCL,Crops and livestock products,143,Morocco,5419,Yield,388,Tomatoes,1970,1970,100 g/ha,192308,E,Estimated value,
QCL,Crops and livestock products,143,Morocco,5510,Production,388,Tomatoes,1970,1970,t,250000,E,Estimated value,
QCL,Crops and livestock products,143,Morocco,5312,Area harvested,388,Tomatoes,1971,1971,ha,9400,A,Official figure,
QCL,Crops and livestock products,143,Morocco,5419,Yield,388,Tomatoes,1971,1971,100 g/ha,239362,A,Official figure,
QCL,Crops and livestock products,143,Morocco,5510,Production,388,Tomatoes,1971,1971,t,225000,A,Official figure,
QCL,Crops and livestock products,143,Morocco,5312,Area harvested,388,Tomatoes,1972,1972,ha,11000,A,Official figure,
QCL,Crops and livestock products,143,Morocco,5419,Yield,388,Tomatoes,1972,1972,100 g/ha,172727,A,Official figure,
QCL,Crops and livestock products,143,Morocco,5510,Production,388,Tomatoes,1972,1972,t,190000,A,Official figure,
QCL,Crops and livestock products,143,Morocco,5312,Area harvested,388,Tomatoes,1973,1973,ha,12500,A,Official figure,
QCL,Crops and livestock products,143,Morocco,5419,Yield,388,Tomatoes,1973,1973,100 g/ha,216000,A,Official figure,
QCL,Crops and livestock products,143,Morocco,5510,Production,388,Tomatoes,1973,1973,t,270000,A,Official figure,
QCL,Crops and livestock products,143,Morocco,5312,Area harvested,388,Tomatoes,1974,1974,ha,11800,A,Official figure,
QCL,Crops and livestock products,143,Morocco,5419,Yield,388,Tomatoes,1974,1974,100 g/ha,313644,A,Official figure,
QCL,Crops and livestock products,143,Morocco,5510,Production,388,Tomatoes,1974,1974,t,370100,A,Official figure,
QCL,Crops and livestock products,143,Morocco,5312,Area harvested,388,Tomatoes,1975,1975,ha,10935,A,Official figure,
QCL,Crops and livestock products,143,Morocco,5419,Yield,388,Tomatoes,1975,1975,100 g/ha,495199,A,Official figure,
QCL,Crops and livestock products,143,Morocco,5510,Production,388,Tomatoes,1975,1975,t,541500,A,Official figure,
QCL,Crops and livestock products,143,Morocco,5312,Area harvested,388,Tomatoes,1976,1976,ha,14757,A,Official figure,
QCL,Crops and livestock products,143,Morocco,5419,Yield,388,Tomatoes,1976,1976,100 g/ha,304940,A,Official figure,
QCL,Crops and livestock products,143,Morocco,5510,Production,388,Tomatoes,1976,1976,t,450000,A,Official figure,
QCL,Crops and livestock products,143,Morocco,5312,Area harvested,388,Tomatoes,1977,1977,ha,15000,E,Estimated value,
QCL,Crops and livestock products,143,Morocco,5419,Yield,388,Tomatoes,1977,1977,100 g/ha,369333,E,Estimated value,
QCL,Crops and livestock products,143,Morocco,5510,Production,388,Tomatoes,1977,1977,t,554000,X,Figure from international organizations,Unofficial figure
QCL,Crops and livestock products,143,Morocco,5312,Area harvested,388,Tomatoes,1978,1978,ha,15000,E,Estimated value,
QCL,Crops and livestock products,143,Morocco,5419,Yield,388,Tomatoes,1978,1978,100 g/ha,310000,E,Estimated value,
QCL,Crops and livestock products,143,Morocco,5510,Production,388,Tomatoes,1978,1978,t,465000,X,Figure from international organizations,Unofficial figure
QCL,Crops and livestock products,143,Morocco,5312,Area harvested,388,Tomatoes,1979,1979,ha,12000,E,Estimated value,
QCL,Crops and livestock products,143,Morocco,5419,Yield,388,Tomatoes,1979,1979,100 g/ha,344167,E,Estimated value,
QCL,Crops and livestock products,143,Morocco,5510,Production,388,Tomatoes,1979,1979,t,413000,X,Figure from international organizations,Unofficial figure
QCL,Crops and livestock products,143,Morocco,5312,Area harvested,388,Tomatoes,1980,1980,ha,8300,A,Official figure,
QCL,Crops and livestock products,143,Morocco,5419,Yield,388,Tomatoes,1980,1980,100 g/ha,481928,A,Official figure,
QCL,Crops and livestock products,143,Morocco,5510,Production,388,Tomatoes,1980,1980,t,400000,A,Official figure,
QCL,Crops and livestock products,143,Morocco,5312,Area harvested,388,Tomatoes,1981,1981,ha,9400,A,Official figure,
QCL,Crops and livestock products,143,Morocco,5419,Yield,388,Tomatoes,1981,1981,100 g/ha,393617,E,Estimated value,
QCL,Crops and livestock products,143,Morocco,5510,Production,388,Tomatoes,1981,1981,t,370000,X,Figure from international organizations,Unofficial figure
QCL,Crops and livestock products,143,Morocco,5312,Area harvested,388,Tomatoes,1982,1982,ha,9700,A,Official figure,
QCL,Crops and livestock products,143,Morocco,5419,Yield,388,Tomatoes,1982,1982,100 g/ha,391753,E,Estimated value,
QCL,Crops and livestock products,143,Morocco,5510,Production,388,Tomatoes,1982,1982,t,380000,X,Figure from international organizations,Unofficial figure
QCL,Crops and livestock products,143,Morocco,5312,Area harvested,388,Tomatoes,1983,1983,ha,15300,A,Official figure,
QCL,Crops and livestock products,143,Morocco,5419,Yield,388,Tomatoes,1983,1983,100 g/ha,239399,A,Official figure,
QCL,Crops and livestock products,143,Morocco,5510,Production,388,Tomatoes,1983,1983,t,366280,A,Official figure,
QCL,Crops and livestock products,143,Morocco,5312,Area harvested,388,Tomatoes,1984,1984,ha,16500,A,Official figure,
QCL,Crops and livestock products,143,Morocco,5419,Yield,388,Tomatoes,1984,1984,100 g/ha,223418,A,Official figure,
QCL,Crops and livestock products,143,Morocco,5510,Production,388,Tomatoes,1984,1984,t,368640,A,Official figure,
QCL,Crops and livestock products,143,Morocco,5312,Area harvested,388,Tomatoes,1985,1985,ha,16500,A,Official figure,
QCL,Crops and livestock products,143,Morocco,5419,Yield,388,Tomatoes,1985,1985,100 g/ha,236364,A,Official figure,
QCL,Crops and livestock products,143,Morocco,5510,Production,388,Tomatoes,1985,1985,t,390000,A,Official figure,
QCL,Crops and livestock products,143,Morocco,5312,Area harvested,388,Tomatoes,1986,1986,ha,18300,A,Official figure,
QCL,Crops and livestock products,143,Morocco,5419,Yield,388,Tomatoes,1986,1986,100 g/ha,256831,E,Estimated value,
QCL,Crops and livestock products,143,Morocco,5510,Production,388,Tomatoes,1986,1986,t,470000,E,Estimated value,
QCL,Crops and livestock products,143,Morocco,5312,Area harvested,388,Tomatoes,1987,1987,ha,21000,A,Official figure,
QCL,Crops and livestock products,143,Morocco,5419,Yield,388,Tomatoes,1987,1987,100 g/ha,330476,A,Official figure,
QCL,Crops and livestock products,143,Morocco,5510,Production,388,Tomatoes,1987,1987,t,694000,A,Official figure,
QCL,Crops and livestock products,143,Morocco,5312,Area harvested,388,Tomatoes,1988,1988,ha,21500,A,Official figure,
QCL,Crops and livestock products,143,Morocco,5419,Yield,388,Tomatoes,1988,1988,100 g/ha,338140,A,Official figure,
QCL,Crops and livestock products,143,Morocco,5510,Production,388,Tomatoes,1988,1988,t,727000,A,Official figure,
QCL,Crops and livestock products,143,Morocco,5312,Area harvested,388,Tomatoes,1989,1989,ha,23140,A,Official figure,
QCL,Crops and livestock products,143,Morocco,5419,Yield,388,Tomatoes,1989,1989,100 g/ha,359118,A,Official figure,
QCL,Crops and livestock products,143,Morocco,5510,Production,388,Tomatoes,1989,1989,t,831000,A,Official figure,
QCL,Crops and livestock products,143,Morocco,5312,Area harvested,388,Tomatoes,1990,1990,ha,26014,A,Official figure,
QCL,Crops and livestock products,143,Morocco,5419,Yield,388,Tomatoes,1990,1990,100 g/ha,335141,A,Official figure,
QCL,Crops and livestock products,143,Morocco,5510,Production,388,Tomatoes,1990,1990,t,871836,A,Official figure,
QCL,Crops and livestock products,143,Morocco,5312,Area harvested,388,Tomatoes,1991,1991,ha,23566,A,Official figure,
QCL,Crops and livestock products,143,Morocco,5419,Yield,388,Tomatoes,1991,1991,100 g/ha,340823,A,Official figure,
QCL,Crops and livestock products,143,Morocco,5510,Production,388,Tomatoes,1991,1991,t,803184,A,Official figure,
QCL,Crops and livestock products,143,Morocco,5312,Area harvested,388,Tomatoes,1992,1992,ha,25226,A,Official figure,
QCL,Crops and livestock products,143,Morocco,5419,Yield,388,Tomatoes,1992,1992,100 g/ha,354307,A,Official figure,
QCL,Crops and livestock products,143,Morocco,5510,Production,388,Tomatoes,1992,1992,t,893775,A,Official figure,
QCL,Crops and livestock products,143,Morocco,5312,Area harvested,388,Tomatoes,1993,1993,ha,22700,A,Official figure,
QCL,Crops and livestock products,143,Morocco,5419,Yield,388,Tomatoes,1993,1993,100 g/ha,393850,A,Official figure,
QCL,Crops and livestock products,143,Morocco,5510,Production,388,Tomatoes,1993,1993,t,894040,A,Official figure,
QCL,Crops and livestock products,143,Morocco,5312,Area harvested,388,Tomatoes,1994,1994,ha,23600,A,Official figure,
QCL,Crops and livestock products,143,Morocco,5419,Yield,388,Tomatoes,1994,1994,100 g/ha,360335,A,Official figure,
QCL,Crops and livestock products,143,Morocco,5510,Production,388,Tomatoes,1994,1994,t,850390,A,Official figure,
QCL,Crops and livestock products,143,Morocco,5312,Area harvested,388,Tomatoes,1995,1995,ha,13763,A,Official figure,
QCL,Crops and livestock products,143,Morocco,5419,Yield,388,Tomatoes,1995,1995,100 g/ha,453084,A,Official figure,
QCL,Crops and livestock products,143,Morocco,5510,Production,388,Tomatoes,1995,1995,t,623580,A,Official figure,
QCL,Crops and livestock products,143,Morocco,5312,Area harvested,388,Tomatoes,1996,1996,ha,22000,A,Official figure,
QCL,Crops and livestock products,143,Morocco,5419,Yield,388,Tomatoes,1996,1996,100 g/ha,401195,A,Official figure,
QCL,Crops and livestock products,143,Morocco,5510,Production,388,Tomatoes,1996,1996,t,882630,A,Official figure,
QCL,Crops and livestock products,143,Morocco,5312,Area harvested,388,Tomatoes,1997,1997,ha,18400,A,Official figure,
QCL,Crops and livestock products,143,Morocco,5419,Yield,388,Tomatoes,1997,1997,100 g/ha,437380,A,Official figure,
QCL,Crops and livestock products,143,Morocco,5510,Production,388,Tomatoes,1997,1997,t,804780,A,Official figure,
QCL,Crops and livestock products,143,Morocco,5312,Area harvested,388,Tomatoes,1998,1998,ha,26200,A,Official figure,
QCL,Crops and livestock products,143,Morocco,5419,Yield,388,Tomatoes,1998,1998,100 g/ha,474198,A,Official figure,
QCL,Crops and livestock products,143,Morocco,5510,Production,388,Tomatoes,1998,1998,t,1242400,A,Official figure,
QCL,Crops and livestock products,143,Morocco,5312,Area harvested,388,Tomatoes,1999,1999,ha,24400,A,Official figure,
QCL,Crops and livestock products,143,Morocco,5419,Yield,388,Tomatoes,1999,1999,100 g/ha,457377,A,Official figure,
QCL,Crops and livestock products,143,Morocco,5510,Production,388,Tomatoes,1999,1999,t,1116000,A,Official figure,
QCL,Crops and livestock products,143,Morocco,5312,Area harvested,388,Tomatoes,2000,2000,ha,26000,A,Official figure,
QCL,Crops and livestock products,143,Morocco,5419,Yield,388,Tomatoes,2000,2000,100 g/ha,388038,A,Official figure,
QCL,Crops and livestock products,143,Morocco,5510,Production,388,Tomatoes,2000,2000,t,1008900,A,Official figure,
QCL,Crops and livestock products,143,Morocco,5312,Area harvested,388,Tomatoes,2001,2001,ha,18000,A,Official figure,
QCL,Crops and livestock products,143,Morocco,5419,Yield,388,Tomatoes,2001,2001,100 g/ha,489444,A,Official figure,
QCL,Crops and livestock products,143,Morocco,5510,Production,388,Tomatoes,2001,2001,t,881000,A,Official figure,
QCL,Crops and livestock products,143,Morocco,5312,Area harvested,388,Tomatoes,2002,2002,ha,19070,A,Official figure,
QCL,Crops and livestock products,143,Morocco,5419,Yield,388,Tomatoes,2002,2002,100 g/ha,519675,A,Official figure,
QCL,Crops and livestock products,143,Morocco,5510,Production,388,Tomatoes,2002,2002,t,991020,A,Official figure,
QCL,Crops and livestock products,143,Morocco,5312,Area harvested,388,Tomatoes,2003,2003,ha,19095,A,Official figure,
QCL,Crops and livestock products,143,Morocco,5419,Yield,388,Tomatoes,2003,2003,100 g/ha,542990,A,Official figure,
QCL,Crops and livestock products,143,Morocco,5510,Production,388,Tomatoes,2003,2003,t,1036840,A,Official figure,
QCL,Crops and livestock products,143,Morocco,5312,Area harvested,388,Tomatoes,2004,2004,ha,21690,A,Official figure,
QCL,Crops and livestock products,143,Morocco,5419,Yield,388,Tomatoes,2004,2004,100 g/ha,559488,A,Official figure,
QCL,Crops and livestock products,143,Morocco,5510,Production,388,Tomatoes,2004,2004,t,1213530,A,Official figure,
QCL,Crops and livestock products,143,Morocco,5312,Area harvested,388,Tomatoes,2005,2005,ha,22100,A,Official figure,
QCL,Crops and livestock products,143,Morocco,5419,Yield,388,Tomatoes,2005,2005,100 g/ha,545480,A,Official figure,
QCL,Crops and livestock products,143,Morocco,5510,Production,388,Tomatoes,2005,2005,t,1205510,A,Official figure,
QCL,Crops and livestock products,143,Morocco,5312,Area harvested,388,Tomatoes,2006,2006,ha,20833,A,Official figure,
QCL,Crops and livestock products,143,Morocco,5419,Yield,388,Tomatoes,2006,2006,100 g/ha,597610,A,Official figure,
QCL,Crops and livestock products,143,Morocco,5510,Production,388,Tomatoes,2006,2006,t,1245000,A,Official figure,
QCL,Crops and livestock products,143,Morocco,5312,Area harvested,388,Tomatoes,2007,2007,ha,23622,A,Official figure,
QCL,Crops and livestock products,143,Morocco,5419,Yield,388,Tomatoes,2007,2007,100 g/ha,523677,A,Official figure,
QCL,Crops and livestock products,143,Morocco,5510,Production,388,Tomatoes,2007,2007,t,1237030,A,Official figure,
QCL,Crops and livestock products,143,Morocco,5312,Area harvested,388,Tomatoes,2008,2008,ha,18600,A,Official figure,
QCL,Crops and livestock products,143,Morocco,5419,Yield,388,Tomatoes,2008,2008,100 g/ha,705543,A,Official figure,
QCL,Crops and livestock products,143,Morocco,5510,Production,388,Tomatoes,2008,2008,t,1312310,A,Official figure,
QCL,Crops and livestock products,143,Morocco,5312,Area harvested,388,Tomatoes,2009,2009,ha,20300,A,Official figure,
QCL,Crops and livestock products,143,Morocco,5419,Yield,388,Tomatoes,2009,2009,100 g/ha,606143,A,Official figure,
QCL,Crops and livestock products,143,Morocco,5510,Production,388,Tomatoes,2009,2009,t,1230470,A,Official figure,
QCL,Crops and livestock products,143,Morocco,5312,Area harvested,388,Tomatoes,2010,2010,ha,20534,A,Official figure,
QCL,Crops and livestock products,143,Morocco,5419,Yield,388,Tomatoes,2010,2010,100 g/ha,698323,A,Official figure,
QCL,Crops and livestock products,143,Morocco,5510,Production,388,Tomatoes,2010,2010,t,1433937,A,Official figure,
QCL,Crops and livestock products,143,Morocco,5312,Area harvested,388,Tomatoes,2011,2011,ha,17128,A,Official figure,
QCL,Crops and livestock products,143,Morocco,5419,Yield,388,Tomatoes,2011,2011,100 g/ha,711061,A,Official figure,
QCL,Crops and livestock products,143,Morocco,5510,Production,388,Tomatoes,2011,2011,t,1217905,A,Official figure,
QCL,Crops and livestock products,143,Morocco,5312,Area harvested,388,Tomatoes,2012,2012,ha,15639,A,Official figure,
QCL,Crops and livestock products,143,Morocco,5419,Yield,388,Tomatoes,2012,2012,100 g/ha,779507,A,Official figure,
QCL,Crops and livestock products,143,Morocco,5510,Production,388,Tomatoes,2012,2012,t,1219071,A,Official figure,
QCL,Crops and livestock products,143,Morocco,5312,Area harvested,388,Tomatoes,2013,2013,ha,14017,A,Official figure,
QCL,Crops and livestock products,143,Morocco,5419,Yield,388,Tomatoes,2013,2013,100 g/ha,922686,A,Official figure,
QCL,Crops and livestock products,143,Morocco,5510,Production,388,Tomatoes,2013,2013,t,1293319.5,A,Official figure,
QCL,Crops and livestock products,143,Morocco,5312,Area harvested,388,Tomatoes,2014,2014,ha,15717,A,Official figure,
QCL,Crops and livestock products,143,Morocco,5419,Yield,388,Tomatoes,2014,2014,100 g/ha,783198,A,Official figure,
QCL,Crops and livestock products,143,Morocco,5510,Production,388,Tomatoes,2014,2014,t,1230952.7,A,Official figure,
QCL,Crops and livestock products,143,Morocco,5312,Area harvested,388,Tomatoes,2015,2015,ha,17539,A,Official figure,
QCL,Crops and livestock products,143,Morocco,5419,Yield,388,Tomatoes,2015,2015,100 g/ha,805280,A,Official figure,
QCL,Crops and livestock products,143,Morocco,5510,Production,388,Tomatoes,2015,2015,t,1412380,A,Official figure,
QCL,Crops and livestock products,143,Morocco,5312,Area harvested,388,Tomatoes,2016,2016,ha,15239,A,Official figure,
QCL,Crops and livestock products,143,Morocco,5419,Yield,388,Tomatoes,2016,2016,100 g/ha,807943,A,Official figure,
QCL,Crops and livestock products,143,Morocco,5510,Production,388,Tomatoes,2016,2016,t,1231248,A,Official figure,
QCL,Crops and livestock products,143,Morocco,5312,Area harvested,388,Tomatoes,2017,2017,ha,15888,A,Official figure,
QCL,Crops and livestock products,143,Morocco,5419,Yield,388,Tomatoes,2017,2017,100 g/ha,814303,A,Official figure,
QCL,Crops and livestock products,143,Morocco,5510,Production,388,Tomatoes,2017,2017,t,1293761,A,Official figure,
QCL,Crops and livestock products,143,Morocco,5312,Area harvested,388,Tomatoes,2018,2018,ha,15955,A,Official figure,
QCL,Crops and livestock products,143,Morocco,5419,Yield,388,Tomatoes,2018,2018,100 g/ha,883383,A,Official figure,
QCL,Crops and livestock products,143,Morocco,5510,Production,388,Tomatoes,2018,2018,t,1409437.2,A,Official figure,
QCL,Crops and livestock products,143,Morocco,5312,Area harvested,388,Tomatoes,2019,2019,ha,14861,A,Official figure,
QCL,Crops and livestock products,143,Morocco,5419,Yield,388,Tomatoes,2019,2019,100 g/ha,906427,A,Official figure,
QCL,Crops and livestock products,143,Morocco,5510,Production,388,Tomatoes,2019,2019,t,1347085,A,Official figure,
QCL,Crops and livestock products,143,Morocco,5312,Area harvested,388,Tomatoes,2020,2020,ha,14781,A,Official figure,
QCL,Crops and livestock products,143,Morocco,5419,Yield,388,Tomatoes,2020,2020,100 g/ha,946365,A,Official figure,
QCL,Crops and livestock products,143,Morocco,5510,Production,388,Tomatoes,2020,2020,t,1398831.1,A,Official figure,
QCL,Crops and livestock products,143,Morocco,5312,Area harvested,388,Tomatoes,2021,2021,ha,14875,A,Official figure,
QCL,Crops and livestock products,143,Morocco,5419,Yield,388,Tomatoes,2021,2021,100 g/ha,881412,A,Official figure,
QCL,Crops and livestock products,143,Morocco,5510,Production,388,Tomatoes,2021,2021,t,1311101,A,Official figure,
QCL,Crops and livestock products,143,Morocco,5312,Area harvested,388,Tomatoes,2022,2022,ha,14956,A,Official figure,
QCL,Crops and livestock products,143,Morocco,5419,Yield,388,Tomatoes,2022,2022,100 g/ha,928449,A,Official figure,
QCL,Crops and livestock products,143,Morocco,5510,Production,388,Tomatoes,2022,2022,t,1388542,A,Official figure,
QCL,Crops and livestock products,143,Morocco,5112,Stocks,1079,Turkeys,1961,1961,1000 An,0,M,"Missing value (data cannot exist, not applicable)",
QCL,Crops and livestock products,143,Morocco,5112,Stocks,1079,Turkeys,1962,1962,1000 An,0,M,"Missing value (data cannot exist, not applicable)",
QCL,Crops and livestock products,143,Morocco,5112,Stocks,1079,Turkeys,1963,1963,1000 An,0,M,"Missing value (data cannot exist, not applicable)",
QCL,Crops and livestock products,143,Morocco,5112,Stocks,1079,Turkeys,1964,1964,1000 An,0,M,"Missing value (data cannot exist, not applicable)",
QCL,Crops and livestock products,143,Morocco,5112,Stocks,1079,Turkeys,1965,1965,1000 An,0,M,"Missing value (data cannot exist, not applicable)",
QCL,Crops and livestock products,143,Morocco,5112,Stocks,1079,Turkeys,1966,1966,1000 An,0,M,"Missing value (data cannot exist, not applicable)",
QCL,Crops and livestock products,143,Morocco,5112,Stocks,1079,Turkeys,1967,1967,1000 An,0,M,"Missing value (data cannot exist, not applicable)",
QCL,Crops and livestock products,143,Morocco,5112,Stocks,1079,Turkeys,1968,1968,1000 An,0,M,"Missing value (data cannot exist, not applicable)",
QCL,Crops and livestock products,143,Morocco,5112,Stocks,1079,Turkeys,1969,1969,1000 An,0,M,"Missing value (data cannot exist, not applicable)",
QCL,Crops and livestock products,143,Morocco,5112,Stocks,1079,Turkeys,1970,1970,1000 An,0,M,"Missing value (data cannot exist, not applicable)",
QCL,Crops and livestock products,143,Morocco,5112,Stocks,1079,Turkeys,1971,1971,1000 An,0,M,"Missing value (data cannot exist, not applicable)",
QCL,Crops and livestock products,143,Morocco,5112,Stocks,1079,Turkeys,1972,1972,1000 An,0,M,"Missing value (data cannot exist, not applicable)",
QCL,Crops and livestock products,143,Morocco,5112,Stocks,1079,Turkeys,1973,1973,1000 An,0,M,"Missing value (data cannot exist, not applicable)",
QCL,Crops and livestock products,143,Morocco,5112,Stocks,1079,Turkeys,1974,1974,1000 An,0,M,"Missing value (data cannot exist, not applicable)",
QCL,Crops and livestock products,143,Morocco,5112,Stocks,1079,Turkeys,1975,1975,1000 An,0,M,"Missing value (data cannot exist, not applicable)",
QCL,Crops and livestock products,143,Morocco,5112,Stocks,1079,Turkeys,1976,1976,1000 An,0,M,"Missing value (data cannot exist, not applicable)",
QCL,Crops and livestock products,143,Morocco,5112,Stocks,1079,Turkeys,1977,1977,1000 An,0,M,"Missing value (data cannot exist, not applicable)",
QCL,Crops and livestock products,143,Morocco,5112,Stocks,1079,Turkeys,1978,1978,1000 An,0,M,"Missing value (data cannot exist, not applicable)",
QCL,Crops and livestock products,143,Morocco,5112,Stocks,1079,Turkeys,1979,1979,1000 An,0,M,"Missing value (data cannot exist, not applicable)",
QCL,Crops and livestock products,143,Morocco,5112,Stocks,1079,Turkeys,1980,1980,1000 An,0,M,"Missing value (data cannot exist, not applicable)",
QCL,Crops and livestock products,143,Morocco,5112,Stocks,1079,Turkeys,1981,1981,1000 An,0,M,"Missing value (data cannot exist, not applicable)",
QCL,Crops and livestock products,143,Morocco,5112,Stocks,1079,Turkeys,1982,1982,1000 An,0,M,"Missing value (data cannot exist, not applicable)",
QCL,Crops and livestock products,143,Morocco,5112,Stocks,1079,Turkeys,1983,1983,1000 An,0,M,"Missing value (data cannot exist, not applicable)",
QCL,Crops and livestock products,143,Morocco,5112,Stocks,1079,Turkeys,1984,1984,1000 An,0,M,"Missing value (data cannot exist, not applicable)",
QCL,Crops and livestock products,143,Morocco,5112,Stocks,1079,Turkeys,1985,1985,1000 An,0,M,"Missing value (data cannot exist, not applicable)",
QCL,Crops and livestock products,143,Morocco,5112,Stocks,1079,Turkeys,1986,1986,1000 An,0,M,"Missing value (data cannot exist, not applicable)",
QCL,Crops and livestock products,143,Morocco,5112,Stocks,1079,Turkeys,1987,1987,1000 An,0,M,"Missing value (data cannot exist, not applicable)",
QCL,Crops and livestock products,143,Morocco,5112,Stocks,1079,Turkeys,1988,1988,1000 An,0,M,"Missing value (data cannot exist, not applicable)",
QCL,Crops and livestock products,143,Morocco,5112,Stocks,1079,Turkeys,1989,1989,1000 An,0,M,"Missing value (data cannot exist, not applicable)",
QCL,Crops and livestock products,143,Morocco,5112,Stocks,1079,Turkeys,1999,1999,1000 An,0,M,"Missing value (data cannot exist, not applicable)",
QCL,Crops and livestock products,143,Morocco,5112,Stocks,1079,Turkeys,2000,2000,1000 An,3100,E,Estimated value,
QCL,Crops and livestock products,143,Morocco,5112,Stocks,1079,Turkeys,2001,2001,1000 An,3100,E,Estimated value,
QCL,Crops and livestock products,143,Morocco,5112,Stocks,1079,Turkeys,2002,2002,1000 An,3100,E,Estimated value,
QCL,Crops and livestock products,143,Morocco,5112,Stocks,1079,Turkeys,2003,2003,1000 An,3100,E,Estimated value,
QCL,Crops and livestock products,143,Morocco,5112,Stocks,1079,Turkeys,2004,2004,1000 An,3200,E,Estimated value,
QCL,Crops and livestock products,143,Morocco,5112,Stocks,1079,Turkeys,2005,2005,1000 An,3250,E,Estimated value,
QCL,Crops and livestock products,143,Morocco,5112,Stocks,1079,Turkeys,2006,2006,1000 An,5024,A,Official figure,
QCL,Crops and livestock products,143,Morocco,5112,Stocks,1079,Turkeys,2007,2007,1000 An,6500,A,Official figure,
QCL,Crops and livestock products,143,Morocco,5112,Stocks,1079,Turkeys,2008,2008,1000 An,7500,E,Estimated value,
QCL,Crops and livestock products,143,Morocco,5112,Stocks,1079,Turkeys,2009,2009,1000 An,8000,E,Estimated value,
QCL,Crops and livestock products,143,Morocco,5112,Stocks,1079,Turkeys,2010,2010,1000 An,9000,E,Estimated value,
QCL,Crops and livestock products,143,Morocco,5112,Stocks,1079,Turkeys,2011,2011,1000 An,10000,E,Estimated value,
QCL,Crops and livestock products,143,Morocco,5112,Stocks,1079,Turkeys,2012,2012,1000 An,10000,E,Estimated value,
QCL,Crops and livestock products,143,Morocco,5112,Stocks,1079,Turkeys,2013,2013,1000 An,10000,E,Estimated value,
QCL,Crops and livestock products,143,Morocco,5112,Stocks,1079,Turkeys,2014,2014,1000 An,10000,E,Estimated value,
QCL,Crops and livestock products,143,Morocco,5112,Stocks,1079,Turkeys,2015,2015,1000 An,10003,I,Imputed value,
QCL,Crops and livestock products,143,Morocco,5112,Stocks,1079,Turkeys,2016,2016,1000 An,11380,I,Imputed value,
QCL,Crops and livestock products,143,Morocco,5112,Stocks,1079,Turkeys,2017,2017,1000 An,12171,I,Imputed value,
QCL,Crops and livestock products,143,Morocco,5112,Stocks,1079,Turkeys,2018,2018,1000 An,12875,I,Imputed value,
QCL,Crops and livestock products,143,Morocco,5112,Stocks,1079,Turkeys,2019,2019,1000 An,12866,I,Imputed value,
QCL,Crops and livestock products,143,Morocco,5112,Stocks,1079,Turkeys,2020,2020,1000 An,12867,I,Imputed value,
QCL,Crops and livestock products,143,Morocco,5112,Stocks,1079,Turkeys,2021,2021,1000 An,13116,I,Imputed value,
QCL,Crops and livestock products,143,Morocco,5112,Stocks,1079,Turkeys,2022,2022,1000 An,13365,I,Imputed value,
QCL,Crops and livestock products,143,Morocco,5312,Area harvested,826,Unmanufactured tobacco,1961,1961,ha,1200,A,Official figure,
QCL,Crops and livestock products,143,Morocco,5419,Yield,826,Unmanufactured tobacco,1961,1961,100 g/ha,15000,A,Official figure,
QCL,Crops and livestock products,143,Morocco,5510,Production,826,Unmanufactured tobacco,1961,1961,t,1800,A,Official figure,
QCL,Crops and livestock products,143,Morocco,5312,Area harvested,826,Unmanufactured tobacco,1962,1962,ha,1300,A,Official figure,
QCL,Crops and livestock products,143,Morocco,5419,Yield,826,Unmanufactured tobacco,1962,1962,100 g/ha,16231,A,Official figure,
QCL,Crops and livestock products,143,Morocco,5510,Production,826,Unmanufactured tobacco,1962,1962,t,2110,A,Official figure,
QCL,Crops and livestock products,143,Morocco,5312,Area harvested,826,Unmanufactured tobacco,1963,1963,ha,852,A,Official figure,
QCL,Crops and livestock products,143,Morocco,5419,Yield,826,Unmanufactured tobacco,1963,1963,100 g/ha,9871,A,Official figure,
QCL,Crops and livestock products,143,Morocco,5510,Production,826,Unmanufactured tobacco,1963,1963,t,841,A,Official figure,
QCL,Crops and livestock products,143,Morocco,5312,Area harvested,826,Unmanufactured tobacco,1964,1964,ha,1619,X,Figure from international organizations,Unofficial figure
QCL,Crops and livestock products,143,Morocco,5419,Yield,826,Unmanufactured tobacco,1964,1964,100 g/ha,13910,X,Figure from international organizations,
QCL,Crops and livestock products,143,Morocco,5510,Production,826,Unmanufactured tobacco,1964,1964,t,2252,X,Figure from international organizations,Unofficial figure
QCL,Crops and livestock products,143,Morocco,5312,Area harvested,826,Unmanufactured tobacco,1965,1965,ha,1607,A,Official figure,
QCL,Crops and livestock products,143,Morocco,5419,Yield,826,Unmanufactured tobacco,1965,1965,100 g/ha,14412,A,Official figure,
QCL,Crops and livestock products,143,Morocco,5510,Production,826,Unmanufactured tobacco,1965,1965,t,2316,A,Official figure,
QCL,Crops and livestock products,143,Morocco,5312,Area harvested,826,Unmanufactured tobacco,1966,1966,ha,1452,A,Official figure,
QCL,Crops and livestock products,143,Morocco,5419,Yield,826,Unmanufactured tobacco,1966,1966,100 g/ha,11687,A,Official figure,
QCL,Crops and livestock products,143,Morocco,5510,Production,826,Unmanufactured tobacco,1966,1966,t,1697,A,Official figure,
QCL,Crops and livestock products,143,Morocco,5312,Area harvested,826,Unmanufactured tobacco,1967,1967,ha,1647,A,Official figure,
QCL,Crops and livestock products,143,Morocco,5419,Yield,826,Unmanufactured tobacco,1967,1967,100 g/ha,10911,A,Official figure,
QCL,Crops and livestock products,143,Morocco,5510,Production,826,Unmanufactured tobacco,1967,1967,t,1797,A,Official figure,
QCL,Crops and livestock products,143,Morocco,5312,Area harvested,826,Unmanufactured tobacco,1968,1968,ha,1611,A,Official figure,
QCL,Crops and livestock products,143,Morocco,5419,Yield,826,Unmanufactured tobacco,1968,1968,100 g/ha,9299,A,Official figure,
QCL,Crops and livestock products,143,Morocco,5510,Production,826,Unmanufactured tobacco,1968,1968,t,1498,A,Official figure,
QCL,Crops and livestock products,143,Morocco,5312,Area harvested,826,Unmanufactured tobacco,1969,1969,ha,1355,A,Official figure,
QCL,Crops and livestock products,143,Morocco,5419,Yield,826,Unmanufactured tobacco,1969,1969,100 g/ha,9838,A,Official figure,
QCL,Crops and livestock products,143,Morocco,5510,Production,826,Unmanufactured tobacco,1969,1969,t,1333,A,Official figure,
QCL,Crops and livestock products,143,Morocco,5312,Area harvested,826,Unmanufactured tobacco,1970,1970,ha,3237,X,Figure from international organizations,Unofficial figure
QCL,Crops and livestock products,143,Morocco,5419,Yield,826,Unmanufactured tobacco,1970,1970,100 g/ha,11143,X,Figure from international organizations,
QCL,Crops and livestock products,143,Morocco,5510,Production,826,Unmanufactured tobacco,1970,1970,t,3607,X,Figure from international organizations,Unofficial figure
QCL,Crops and livestock products,143,Morocco,5312,Area harvested,826,Unmanufactured tobacco,1971,1971,ha,2833,X,Figure from international organizations,Unofficial figure
QCL,Crops and livestock products,143,Morocco,5419,Yield,826,Unmanufactured tobacco,1971,1971,100 g/ha,10942,X,Figure from international organizations,
QCL,Crops and livestock products,143,Morocco,5510,Production,826,Unmanufactured tobacco,1971,1971,t,3100,X,Figure from international organizations,Unofficial figure
QCL,Crops and livestock products,143,Morocco,5312,Area harvested,826,Unmanufactured tobacco,1972,1972,ha,2900,E,Estimated value,
QCL,Crops and livestock products,143,Morocco,5419,Yield,826,Unmanufactured tobacco,1972,1972,100 g/ha,11379,E,Estimated value,
QCL,Crops and livestock products,143,Morocco,5510,Production,826,Unmanufactured tobacco,1972,1972,t,3300,E,Estimated value,
QCL,Crops and livestock products,143,Morocco,5312,Area harvested,826,Unmanufactured tobacco,1973,1973,ha,2970,X,Figure from international organizations,Unofficial figure
QCL,Crops and livestock products,143,Morocco,5419,Yield,826,Unmanufactured tobacco,1973,1973,100 g/ha,11835,X,Figure from international organizations,
QCL,Crops and livestock products,143,Morocco,5510,Production,826,Unmanufactured tobacco,1973,1973,t,3515,X,Figure from international organizations,Unofficial figure
QCL,Crops and livestock products,143,Morocco,5312,Area harvested,826,Unmanufactured tobacco,1974,1974,ha,3920,X,Figure from international organizations,Unofficial figure
QCL,Crops and livestock products,143,Morocco,5419,Yield,826,Unmanufactured tobacco,1974,1974,100 g/ha,10918,X,Figure from international organizations,
QCL,Crops and livestock products,143,Morocco,5510,Production,826,Unmanufactured tobacco,1974,1974,t,4280,X,Figure from international organizations,Unofficial figure
QCL,Crops and livestock products,143,Morocco,5312,Area harvested,826,Unmanufactured tobacco,1975,1975,ha,4140,X,Figure from international organizations,Unofficial figure
QCL,Crops and livestock products,143,Morocco,5419,Yield,826,Unmanufactured tobacco,1975,1975,100 g/ha,12874,X,Figure from international organizations,
QCL,Crops and livestock products,143,Morocco,5510,Production,826,Unmanufactured tobacco,1975,1975,t,5330,X,Figure from international organizations,Unofficial figure
QCL,Crops and livestock products,143,Morocco,5312,Area harvested,826,Unmanufactured tobacco,1976,1976,ha,4140,A,Official figure,
QCL,Crops and livestock products,143,Morocco,5419,Yield,826,Unmanufactured tobacco,1976,1976,100 g/ha,13568,A,Official figure,
QCL,Crops and livestock products,143,Morocco,5510,Production,826,Unmanufactured tobacco,1976,1976,t,5617,A,Official figure,
QCL,Crops and livestock products,143,Morocco,5312,Area harvested,826,Unmanufactured tobacco,1977,1977,ha,3943,A,Official figure,
QCL,Crops and livestock products,143,Morocco,5419,Yield,826,Unmanufactured tobacco,1977,1977,100 g/ha,12275,A,Official figure,
QCL,Crops and livestock products,143,Morocco,5510,Production,826,Unmanufactured tobacco,1977,1977,t,4840,A,Official figure,
QCL,Crops and livestock products,143,Morocco,5312,Area harvested,826,Unmanufactured tobacco,1978,1978,ha,4542,A,Official figure,
QCL,Crops and livestock products,143,Morocco,5419,Yield,826,Unmanufactured tobacco,1978,1978,100 g/ha,12279,A,Official figure,
QCL,Crops and livestock products,143,Morocco,5510,Production,826,Unmanufactured tobacco,1978,1978,t,5577,A,Official figure,
QCL,Crops and livestock products,143,Morocco,5312,Area harvested,826,Unmanufactured tobacco,1979,1979,ha,5237,A,Official figure,
QCL,Crops and livestock products,143,Morocco,5419,Yield,826,Unmanufactured tobacco,1979,1979,100 g/ha,13590,A,Official figure,
QCL,Crops and livestock products,143,Morocco,5510,Production,826,Unmanufactured tobacco,1979,1979,t,7117,A,Official figure,
QCL,Crops and livestock products,143,Morocco,5312,Area harvested,826,Unmanufactured tobacco,1980,1980,ha,5751,A,Official figure,
QCL,Crops and livestock products,143,Morocco,5419,Yield,826,Unmanufactured tobacco,1980,1980,100 g/ha,13337,A,Official figure,
QCL,Crops and livestock products,143,Morocco,5510,Production,826,Unmanufactured tobacco,1980,1980,t,7670,A,Official figure,
QCL,Crops and livestock products,143,Morocco,5312,Area harvested,826,Unmanufactured tobacco,1981,1981,ha,6211,A,Official figure,
QCL,Crops and livestock products,143,Morocco,5419,Yield,826,Unmanufactured tobacco,1981,1981,100 g/ha,10224,A,Official figure,
QCL,Crops and livestock products,143,Morocco,5510,Production,826,Unmanufactured tobacco,1981,1981,t,6350,A,Official figure,
QCL,Crops and livestock products,143,Morocco,5312,Area harvested,826,Unmanufactured tobacco,1982,1982,ha,6681,X,Figure from international organizations,Unofficial figure
QCL,Crops and livestock products,143,Morocco,5419,Yield,826,Unmanufactured tobacco,1982,1982,100 g/ha,14369,X,Figure from international organizations,
QCL,Crops and livestock products,143,Morocco,5510,Production,826,Unmanufactured tobacco,1982,1982,t,9600,X,Figure from international organizations,Unofficial figure
QCL,Crops and livestock products,143,Morocco,5312,Area harvested,826,Unmanufactured tobacco,1983,1983,ha,6700,E,Estimated value,
QCL,Crops and livestock products,143,Morocco,5419,Yield,826,Unmanufactured tobacco,1983,1983,100 g/ha,14179,E,Estimated value,
QCL,Crops and livestock products,143,Morocco,5510,Production,826,Unmanufactured tobacco,1983,1983,t,9500,E,Estimated value,
QCL,Crops and livestock products,143,Morocco,5312,Area harvested,826,Unmanufactured tobacco,1984,1984,ha,6500,E,Estimated value,
QCL,Crops and livestock products,143,Morocco,5419,Yield,826,Unmanufactured tobacco,1984,1984,100 g/ha,14462,E,Estimated value,
QCL,Crops and livestock products,143,Morocco,5510,Production,826,Unmanufactured tobacco,1984,1984,t,9400,E,Estimated value,
QCL,Crops and livestock products,143,Morocco,5312,Area harvested,826,Unmanufactured tobacco,1985,1985,ha,6500,E,Estimated value,
QCL,Crops and livestock products,143,Morocco,5419,Yield,826,Unmanufactured tobacco,1985,1985,100 g/ha,14308,E,Estimated value,
QCL,Crops and livestock products,143,Morocco,5510,Production,826,Unmanufactured tobacco,1985,1985,t,9300,E,Estimated value,
QCL,Crops and livestock products,143,Morocco,5312,Area harvested,826,Unmanufactured tobacco,1986,1986,ha,4000,E,Estimated value,
QCL,Crops and livestock products,143,Morocco,5419,Yield,826,Unmanufactured tobacco,1986,1986,100 g/ha,10000,E,Estimated value,
QCL,Crops and livestock products,143,Morocco,5510,Production,826,Unmanufactured tobacco,1986,1986,t,4000,X,Figure from international organizations,Unofficial figure
QCL,Crops and livestock products,143,Morocco,5312,Area harvested,826,Unmanufactured tobacco,1987,1987,ha,5000,E,Estimated value,
QCL,Crops and livestock products,143,Morocco,5419,Yield,826,Unmanufactured tobacco,1987,1987,100 g/ha,10000,E,Estimated value,
QCL,Crops and livestock products,143,Morocco,5510,Production,826,Unmanufactured tobacco,1987,1987,t,5000,X,Figure from international organizations,Unofficial figure
QCL,Crops and livestock products,143,Morocco,5312,Area harvested,826,Unmanufactured tobacco,1988,1988,ha,5000,E,Estimated value,
QCL,Crops and livestock products,143,Morocco,5419,Yield,826,Unmanufactured tobacco,1988,1988,100 g/ha,12000,E,Estimated value,
QCL,Crops and livestock products,143,Morocco,5510,Production,826,Unmanufactured tobacco,1988,1988,t,6000,X,Figure from international organizations,Unofficial figure
QCL,Crops and livestock products,143,Morocco,5312,Area harvested,826,Unmanufactured tobacco,1989,1989,ha,5483,A,Official figure,
QCL,Crops and livestock products,143,Morocco,5419,Yield,826,Unmanufactured tobacco,1989,1989,100 g/ha,11948,A,Official figure,
QCL,Crops and livestock products,143,Morocco,5510,Production,826,Unmanufactured tobacco,1989,1989,t,6551,A,Official figure,
QCL,Crops and livestock products,143,Morocco,5312,Area harvested,826,Unmanufactured tobacco,1990,1990,ha,5835,A,Official figure,
QCL,Crops and livestock products,143,Morocco,5419,Yield,826,Unmanufactured tobacco,1990,1990,100 g/ha,12490,A,Official figure,
QCL,Crops and livestock products,143,Morocco,5510,Production,826,Unmanufactured tobacco,1990,1990,t,7288,A,Official figure,
QCL,Crops and livestock products,143,Morocco,5312,Area harvested,826,Unmanufactured tobacco,1991,1991,ha,6000,E,Estimated value,
QCL,Crops and livestock products,143,Morocco,5419,Yield,826,Unmanufactured tobacco,1991,1991,100 g/ha,11667,E,Estimated value,
QCL,Crops and livestock products,143,Morocco,5510,Production,826,Unmanufactured tobacco,1991,1991,t,7000,X,Figure from international organizations,Unofficial figure
QCL,Crops and livestock products,143,Morocco,5312,Area harvested,826,Unmanufactured tobacco,1992,1992,ha,3232,X,Figure from international organizations,Unofficial figure
QCL,Crops and livestock products,143,Morocco,5419,Yield,826,Unmanufactured tobacco,1992,1992,100 g/ha,11590,X,Figure from international organizations,
QCL,Crops and livestock products,143,Morocco,5510,Production,826,Unmanufactured tobacco,1992,1992,t,3746,X,Figure from international organizations,Unofficial figure
QCL,Crops and livestock products,143,Morocco,5312,Area harvested,826,Unmanufactured tobacco,1993,1993,ha,3829,X,Figure from international organizations,Unofficial figure
QCL,Crops and livestock products,143,Morocco,5419,Yield,826,Unmanufactured tobacco,1993,1993,100 g/ha,11068,X,Figure from international organizations,
QCL,Crops and livestock products,143,Morocco,5510,Production,826,Unmanufactured tobacco,1993,1993,t,4238,X,Figure from international organizations,Unofficial figure
QCL,Crops and livestock products,143,Morocco,5312,Area harvested,826,Unmanufactured tobacco,1994,1994,ha,3143,X,Figure from international organizations,Unofficial figure
QCL,Crops and livestock products,143,Morocco,5419,Yield,826,Unmanufactured tobacco,1994,1994,100 g/ha,11282,X,Figure from international organizations,
QCL,Crops and livestock products,143,Morocco,5510,Production,826,Unmanufactured tobacco,1994,1994,t,3546,X,Figure from international organizations,Unofficial figure
QCL,Crops and livestock products,143,Morocco,5312,Area harvested,826,Unmanufactured tobacco,1995,1995,ha,2500,A,Official figure,
QCL,Crops and livestock products,143,Morocco,5419,Yield,826,Unmanufactured tobacco,1995,1995,100 g/ha,15848,E,Estimated value,
QCL,Crops and livestock products,143,Morocco,5510,Production,826,Unmanufactured tobacco,1995,1995,t,3962,X,Figure from international organizations,Unofficial figure
QCL,Crops and livestock products,143,Morocco,5312,Area harvested,826,Unmanufactured tobacco,1996,1996,ha,4250,A,Official figure,
QCL,Crops and livestock products,143,Morocco,5419,Yield,826,Unmanufactured tobacco,1996,1996,100 g/ha,14306,A,Official figure,
QCL,Crops and livestock products,143,Morocco,5510,Production,826,Unmanufactured tobacco,1996,1996,t,6080,A,Official figure,
QCL,Crops and livestock products,143,Morocco,5312,Area harvested,826,Unmanufactured tobacco,1997,1997,ha,6613,A,Official figure,
QCL,Crops and livestock products,143,Morocco,5419,Yield,826,Unmanufactured tobacco,1997,1997,100 g/ha,13768,A,Official figure,
QCL,Crops and livestock products,143,Morocco,5510,Production,826,Unmanufactured tobacco,1997,1997,t,9105,A,Official figure,
QCL,Crops and livestock products,143,Morocco,5312,Area harvested,826,Unmanufactured tobacco,1998,1998,ha,8600,A,Official figure,
QCL,Crops and livestock products,143,Morocco,5419,Yield,826,Unmanufactured tobacco,1998,1998,100 g/ha,12872,A,Official figure,
QCL,Crops and livestock products,143,Morocco,5510,Production,826,Unmanufactured tobacco,1998,1998,t,11070,A,Official figure,
QCL,Crops and livestock products,143,Morocco,5312,Area harvested,826,Unmanufactured tobacco,1999,1999,ha,3270,A,Official figure,
QCL,Crops and livestock products,143,Morocco,5419,Yield,826,Unmanufactured tobacco,1999,1999,100 g/ha,10703,A,Official figure,
QCL,Crops and livestock products,143,Morocco,5510,Production,826,Unmanufactured tobacco,1999,1999,t,3500,A,Official figure,
QCL,Crops and livestock products,143,Morocco,5312,Area harvested,826,Unmanufactured tobacco,2000,2000,ha,4570,A,Official figure,
QCL,Crops and livestock products,143,Morocco,5419,Yield,826,Unmanufactured tobacco,2000,2000,100 g/ha,11670,A,Official figure,
QCL,Crops and livestock products,143,Morocco,5510,Production,826,Unmanufactured tobacco,2000,2000,t,5333,A,Official figure,
QCL,Crops and livestock products,143,Morocco,5312,Area harvested,826,Unmanufactured tobacco,2001,2001,ha,5948,A,Official figure,
QCL,Crops and livestock products,143,Morocco,5419,Yield,826,Unmanufactured tobacco,2001,2001,100 g/ha,10886,A,Official figure,
QCL,Crops and livestock products,143,Morocco,5510,Production,826,Unmanufactured tobacco,2001,2001,t,6475,A,Official figure,
QCL,Crops and livestock products,143,Morocco,5312,Area harvested,826,Unmanufactured tobacco,2002,2002,ha,4120,X,Figure from international organizations,Unofficial figure
QCL,Crops and livestock products,143,Morocco,5419,Yield,826,Unmanufactured tobacco,2002,2002,100 g/ha,15777,X,Figure from international organizations,
QCL,Crops and livestock products,143,Morocco,5510,Production,826,Unmanufactured tobacco,2002,2002,t,6500,X,Figure from international organizations,Unofficial figure
QCL,Crops and livestock products,143,Morocco,5312,Area harvested,826,Unmanufactured tobacco,2003,2003,ha,2435,A,Official figure,
QCL,Crops and livestock products,143,Morocco,5419,Yield,826,Unmanufactured tobacco,2003,2003,100 g/ha,16571,A,Official figure,
QCL,Crops and livestock products,143,Morocco,5510,Production,826,Unmanufactured tobacco,2003,2003,t,4035,A,Official figure,
QCL,Crops and livestock products,143,Morocco,5312,Area harvested,826,Unmanufactured tobacco,2004,2004,ha,1727,A,Official figure,
QCL,Crops and livestock products,143,Morocco,5419,Yield,826,Unmanufactured tobacco,2004,2004,100 g/ha,14285,A,Official figure,
QCL,Crops and livestock products,143,Morocco,5510,Production,826,Unmanufactured tobacco,2004,2004,t,2467,A,Official figure,
QCL,Crops and livestock products,143,Morocco,5312,Area harvested,826,Unmanufactured tobacco,2005,2005,ha,823,A,Official figure,
QCL,Crops and livestock products,143,Morocco,5419,Yield,826,Unmanufactured tobacco,2005,2005,100 g/ha,22940,A,Official figure,
QCL,Crops and livestock products,143,Morocco,5510,Production,826,Unmanufactured tobacco,2005,2005,t,1888,A,Official figure,
QCL,Crops and livestock products,143,Morocco,5312,Area harvested,826,Unmanufactured tobacco,2006,2006,ha,820,E,Estimated value,
QCL,Crops and livestock products,143,Morocco,5419,Yield,826,Unmanufactured tobacco,2006,2006,100 g/ha,24390,E,Estimated value,
QCL,Crops and livestock products,143,Morocco,5510,Production,826,Unmanufactured tobacco,2006,2006,t,2000,E,Estimated value,
QCL,Crops and livestock products,143,Morocco,5312,Area harvested,826,Unmanufactured tobacco,2007,2007,ha,820,A,Official figure,
QCL,Crops and livestock products,143,Morocco,5419,Yield,826,Unmanufactured tobacco,2007,2007,100 g/ha,23049,A,Official figure,
QCL,Crops and livestock products,143,Morocco,5510,Production,826,Unmanufactured tobacco,2007,2007,t,1890,A,Official figure,
QCL,Crops and livestock products,143,Morocco,5312,Area harvested,826,Unmanufactured tobacco,2008,2008,ha,820,A,Official figure,
QCL,Crops and livestock products,143,Morocco,5419,Yield,826,Unmanufactured tobacco,2008,2008,100 g/ha,23049,A,Official figure,
QCL,Crops and livestock products,143,Morocco,5510,Production,826,Unmanufactured tobacco,2008,2008,t,1890,A,Official figure,
QCL,Crops and livestock products,143,Morocco,5312,Area harvested,826,Unmanufactured tobacco,2009,2009,ha,873,I,Imputed value,
QCL,Crops and livestock products,143,Morocco,5419,Yield,826,Unmanufactured tobacco,2009,2009,100 g/ha,22920,E,Estimated value,
QCL,Crops and livestock products,143,Morocco,5510,Production,826,Unmanufactured tobacco,2009,2009,t,2000,A,Official figure,
QCL,Crops and livestock products,143,Morocco,5312,Area harvested,826,Unmanufactured tobacco,2010,2010,ha,846,I,Imputed value,
QCL,Crops and livestock products,143,Morocco,5419,Yield,826,Unmanufactured tobacco,2010,2010,100 g/ha,24381,E,Estimated value,
QCL,Crops and livestock products,143,Morocco,5510,Production,826,Unmanufactured tobacco,2010,2010,t,2062.74,I,Imputed value,
QCL,Crops and livestock products,143,Morocco,5312,Area harvested,826,Unmanufactured tobacco,2011,2011,ha,672,I,Imputed value,
QCL,Crops and livestock products,143,Morocco,5419,Yield,826,Unmanufactured tobacco,2011,2011,100 g/ha,25509,E,Estimated value,
QCL,Crops and livestock products,143,Morocco,5510,Production,826,Unmanufactured tobacco,2011,2011,t,1714.07,I,Imputed value,
QCL,Crops and livestock products,143,Morocco,5312,Area harvested,826,Unmanufactured tobacco,2012,2012,ha,554,I,Imputed value,
QCL,Crops and livestock products,143,Morocco,5419,Yield,826,Unmanufactured tobacco,2012,2012,100 g/ha,26348,E,Estimated value,
QCL,Crops and livestock products,143,Morocco,5510,Production,826,Unmanufactured tobacco,2012,2012,t,1459.88,I,Imputed value,
QCL,Crops and livestock products,143,Morocco,5312,Area harvested,826,Unmanufactured tobacco,2013,2013,ha,501,I,Imputed value,
QCL,Crops and livestock products,143,Morocco,5419,Yield,826,Unmanufactured tobacco,2013,2013,100 g/ha,27186,E,Estimated value,
QCL,Crops and livestock products,143,Morocco,5510,Production,826,Unmanufactured tobacco,2013,2013,t,1363.25,I,Imputed value,
QCL,Crops and livestock products,143,Morocco,5312,Area harvested,826,Unmanufactured tobacco,2014,2014,ha,482,I,Imputed value,
QCL,Crops and livestock products,143,Morocco,5419,Yield,826,Unmanufactured tobacco,2014,2014,100 g/ha,27973,E,Estimated value,
QCL,Crops and livestock products,143,Morocco,5510,Production,826,Unmanufactured tobacco,2014,2014,t,1349.28,I,Imputed value,
QCL,Crops and livestock products,143,Morocco,5312,Area harvested,826,Unmanufactured tobacco,2015,2015,ha,443,I,Imputed value,
QCL,Crops and livestock products,143,Morocco,5419,Yield,826,Unmanufactured tobacco,2015,2015,100 g/ha,27875,E,Estimated value,
QCL,Crops and livestock products,143,Morocco,5510,Production,826,Unmanufactured tobacco,2015,2015,t,1235.69,I,Imputed value,
QCL,Crops and livestock products,143,Morocco,5312,Area harvested,826,Unmanufactured tobacco,2016,2016,ha,476,E,Estimated value,
QCL,Crops and livestock products,143,Morocco,5419,Yield,826,Unmanufactured tobacco,2016,2016,100 g/ha,27666,E,Estimated value,
QCL,Crops and livestock products,143,Morocco,5510,Production,826,Unmanufactured tobacco,2016,2016,t,1316.07,E,Estimated value,
QCL,Crops and livestock products,143,Morocco,5312,Area harvested,826,Unmanufactured tobacco,2017,2017,ha,467,E,Estimated value,
QCL,Crops and livestock products,143,Morocco,5419,Yield,826,Unmanufactured tobacco,2017,2017,100 g/ha,27838,E,Estimated value,
QCL,Crops and livestock products,143,Morocco,5510,Production,826,Unmanufactured tobacco,2017,2017,t,1300.35,E,Estimated value,
QCL,Crops and livestock products,143,Morocco,5312,Area harvested,826,Unmanufactured tobacco,2018,2018,ha,462,E,Estimated value,
QCL,Crops and livestock products,143,Morocco,5419,Yield,826,Unmanufactured tobacco,2018,2018,100 g/ha,26754,E,Estimated value,
QCL,Crops and livestock products,143,Morocco,5510,Production,826,Unmanufactured tobacco,2018,2018,t,1236.14,I,Imputed value,
QCL,Crops and livestock products,143,Morocco,5312,Area harvested,826,Unmanufactured tobacco,2019,2019,ha,468,E,Estimated value,
QCL,Crops and livestock products,143,Morocco,5419,Yield,826,Unmanufactured tobacco,2019,2019,100 g/ha,27423,E,Estimated value,
QCL,Crops and livestock products,143,Morocco,5510,Production,826,Unmanufactured tobacco,2019,2019,t,1284.19,E,Estimated value,
QCL,Crops and livestock products,143,Morocco,5312,Area harvested,826,Unmanufactured tobacco,2020,2020,ha,466,E,Estimated value,
QCL,Crops and livestock products,143,Morocco,5419,Yield,826,Unmanufactured tobacco,2020,2020,100 g/ha,27341,E,Estimated value,
QCL,Crops and livestock products,143,Morocco,5510,Production,826,Unmanufactured tobacco,2020,2020,t,1273.56,E,Estimated value,
QCL,Crops and livestock products,143,Morocco,5312,Area harvested,826,Unmanufactured tobacco,2021,2021,ha,465,E,Estimated value,
QCL,Crops and livestock products,143,Morocco,5419,Yield,826,Unmanufactured tobacco,2021,2021,100 g/ha,27174,E,Estimated value,
QCL,Crops and livestock products,143,Morocco,5510,Production,826,Unmanufactured tobacco,2021,2021,t,1264.63,E,Estimated value,
QCL,Crops and livestock products,143,Morocco,5312,Area harvested,826,Unmanufactured tobacco,2022,2022,ha,466,E,Estimated value,
QCL,Crops and livestock products,143,Morocco,5419,Yield,826,Unmanufactured tobacco,2022,2022,100 g/ha,27313,E,Estimated value,
QCL,Crops and livestock products,143,Morocco,5510,Production,826,Unmanufactured tobacco,2022,2022,t,1274.12,E,Estimated value,
QCL,Crops and livestock products,143,Morocco,5312,Area harvested,205,Vetches,1961,1961,ha,11119,A,Official figure,
QCL,Crops and livestock products,143,Morocco,5419,Yield,205,Vetches,1961,1961,100 g/ha,2307,A,Official figure,
QCL,Crops and livestock products,143,Morocco,5510,Production,205,Vetches,1961,1961,t,2565,A,Official figure,
QCL,Crops and livestock products,143,Morocco,5312,Area harvested,205,Vetches,1962,1962,ha,18663,A,Official figure,
QCL,Crops and livestock products,143,Morocco,5419,Yield,205,Vetches,1962,1962,100 g/ha,7553,A,Official figure,
QCL,Crops and livestock products,143,Morocco,5510,Production,205,Vetches,1962,1962,t,14097,A,Official figure,
QCL,Crops and livestock products,143,Morocco,5312,Area harvested,205,Vetches,1963,1963,ha,20550,A,Official figure,
QCL,Crops and livestock products,143,Morocco,5419,Yield,205,Vetches,1963,1963,100 g/ha,4586,A,Official figure,
QCL,Crops and livestock products,143,Morocco,5510,Production,205,Vetches,1963,1963,t,9425,A,Official figure,
QCL,Crops and livestock products,143,Morocco,5312,Area harvested,205,Vetches,1964,1964,ha,20400,A,Official figure,
QCL,Crops and livestock products,143,Morocco,5419,Yield,205,Vetches,1964,1964,100 g/ha,4691,A,Official figure,
QCL,Crops and livestock products,143,Morocco,5510,Production,205,Vetches,1964,1964,t,9570,A,Official figure,
QCL,Crops and livestock products,143,Morocco,5312,Area harvested,205,Vetches,1965,1965,ha,20100,E,Estimated value,
QCL,Crops and livestock products,143,Morocco,5419,Yield,205,Vetches,1965,1965,100 g/ha,4975,E,Estimated value,
QCL,Crops and livestock products,143,Morocco,5510,Production,205,Vetches,1965,1965,t,10000,E,Estimated value,
QCL,Crops and livestock products,143,Morocco,5312,Area harvested,205,Vetches,1966,1966,ha,20000,E,Estimated value,
QCL,Crops and livestock products,143,Morocco,5419,Yield,205,Vetches,1966,1966,100 g/ha,5000,E,Estimated value,
QCL,Crops and livestock products,143,Morocco,5510,Production,205,Vetches,1966,1966,t,10000,E,Estimated value,
QCL,Crops and livestock products,143,Morocco,5312,Area harvested,205,Vetches,1967,1967,ha,19500,A,Official figure,
QCL,Crops and livestock products,143,Morocco,5419,Yield,205,Vetches,1967,1967,100 g/ha,6923,A,Official figure,
QCL,Crops and livestock products,143,Morocco,5510,Production,205,Vetches,1967,1967,t,13500,A,Official figure,
QCL,Crops and livestock products,143,Morocco,5312,Area harvested,205,Vetches,1968,1968,ha,25200,A,Official figure,
QCL,Crops and livestock products,143,Morocco,5419,Yield,205,Vetches,1968,1968,100 g/ha,9603,A,Official figure,
QCL,Crops and livestock products,143,Morocco,5510,Production,205,Vetches,1968,1968,t,24200,A,Official figure,
QCL,Crops and livestock products,143,Morocco,5312,Area harvested,205,Vetches,1969,1969,ha,17000,A,Official figure,
QCL,Crops and livestock products,143,Morocco,5419,Yield,205,Vetches,1969,1969,100 g/ha,4000,A,Official figure,
QCL,Crops and livestock products,143,Morocco,5510,Production,205,Vetches,1969,1969,t,6800,A,Official figure,
QCL,Crops and livestock products,143,Morocco,5312,Area harvested,205,Vetches,1970,1970,ha,20000,A,Official figure,
QCL,Crops and livestock products,143,Morocco,5419,Yield,205,Vetches,1970,1970,100 g/ha,5500,A,Official figure,
QCL,Crops and livestock products,143,Morocco,5510,Production,205,Vetches,1970,1970,t,11000,A,Official figure,
QCL,Crops and livestock products,143,Morocco,5312,Area harvested,205,Vetches,1971,1971,ha,22000,A,Official figure,
QCL,Crops and livestock products,143,Morocco,5419,Yield,205,Vetches,1971,1971,100 g/ha,9909,A,Official figure,
QCL,Crops and livestock products,143,Morocco,5510,Production,205,Vetches,1971,1971,t,21800,A,Official figure,
QCL,Crops and livestock products,143,Morocco,5312,Area harvested,205,Vetches,1972,1972,ha,28800,A,Official figure,
QCL,Crops and livestock products,143,Morocco,5419,Yield,205,Vetches,1972,1972,100 g/ha,8392,A,Official figure,
QCL,Crops and livestock products,143,Morocco,5510,Production,205,Vetches,1972,1972,t,24170,A,Official figure,
QCL,Crops and livestock products,143,Morocco,5312,Area harvested,205,Vetches,1973,1973,ha,41000,A,Official figure,
QCL,Crops and livestock products,143,Morocco,5419,Yield,205,Vetches,1973,1973,100 g/ha,6378,A,Official figure,
QCL,Crops and livestock products,143,Morocco,5510,Production,205,Vetches,1973,1973,t,26150,A,Official figure,
QCL,Crops and livestock products,143,Morocco,5312,Area harvested,205,Vetches,1974,1974,ha,38100,A,Official figure,
QCL,Crops and livestock products,143,Morocco,5419,Yield,205,Vetches,1974,1974,100 g/ha,8404,A,Official figure,
QCL,Crops and livestock products,143,Morocco,5510,Production,205,Vetches,1974,1974,t,32020,A,Official figure,
QCL,Crops and livestock products,143,Morocco,5312,Area harvested,205,Vetches,1975,1975,ha,46400,A,Official figure,
QCL,Crops and livestock products,143,Morocco,5419,Yield,205,Vetches,1975,1975,100 g/ha,7791,A,Official figure,
QCL,Crops and livestock products,143,Morocco,5510,Production,205,Vetches,1975,1975,t,36150,A,Official figure,
QCL,Crops and livestock products,143,Morocco,5312,Area harvested,205,Vetches,1976,1976,ha,56500,A,Official figure,
QCL,Crops and livestock products,143,Morocco,5419,Yield,205,Vetches,1976,1976,100 g/ha,4673,A,Official figure,
QCL,Crops and livestock products,143,Morocco,5510,Production,205,Vetches,1976,1976,t,26400,A,Official figure,
QCL,Crops and livestock products,143,Morocco,5312,Area harvested,205,Vetches,1977,1977,ha,26700,A,Official figure,
QCL,Crops and livestock products,143,Morocco,5419,Yield,205,Vetches,1977,1977,100 g/ha,944,A,Official figure,
QCL,Crops and livestock products,143,Morocco,5510,Production,205,Vetches,1977,1977,t,2520,A,Official figure,
QCL,Crops and livestock products,143,Morocco,5312,Area harvested,205,Vetches,1978,1978,ha,20000,E,Estimated value,
QCL,Crops and livestock products,143,Morocco,5419,Yield,205,Vetches,1978,1978,100 g/ha,1000,E,Estimated value,
QCL,Crops and livestock products,143,Morocco,5510,Production,205,Vetches,1978,1978,t,2000,E,Estimated value,
QCL,Crops and livestock products,143,Morocco,5312,Area harvested,205,Vetches,1979,1979,ha,17700,A,Official figure,
QCL,Crops and livestock products,143,Morocco,5419,Yield,205,Vetches,1979,1979,100 g/ha,3935,A,Official figure,
QCL,Crops and livestock products,143,Morocco,5510,Production,205,Vetches,1979,1979,t,6965,A,Official figure,
QCL,Crops and livestock products,143,Morocco,5312,Area harvested,205,Vetches,1980,1980,ha,25000,A,Official figure,
QCL,Crops and livestock products,143,Morocco,5419,Yield,205,Vetches,1980,1980,100 g/ha,5600,A,Official figure,
QCL,Crops and livestock products,143,Morocco,5510,Production,205,Vetches,1980,1980,t,14000,A,Official figure,
QCL,Crops and livestock products,143,Morocco,5312,Area harvested,205,Vetches,1981,1981,ha,22000,A,Official figure,
QCL,Crops and livestock products,143,Morocco,5419,Yield,205,Vetches,1981,1981,100 g/ha,5909,A,Official figure,
QCL,Crops and livestock products,143,Morocco,5510,Production,205,Vetches,1981,1981,t,13000,A,Official figure,
QCL,Crops and livestock products,143,Morocco,5312,Area harvested,205,Vetches,1982,1982,ha,30100,A,Official figure,
QCL,Crops and livestock products,143,Morocco,5419,Yield,205,Vetches,1982,1982,100 g/ha,5631,A,Official figure,
QCL,Crops and livestock products,143,Morocco,5510,Production,205,Vetches,1982,1982,t,16950,A,Official figure,
QCL,Crops and livestock products,143,Morocco,5312,Area harvested,205,Vetches,1983,1983,ha,20100,A,Official figure,
QCL,Crops and livestock products,143,Morocco,5419,Yield,205,Vetches,1983,1983,100 g/ha,6134,A,Official figure,
QCL,Crops and livestock products,143,Morocco,5510,Production,205,Vetches,1983,1983,t,12330,A,Official figure,
QCL,Crops and livestock products,143,Morocco,5312,Area harvested,205,Vetches,1984,1984,ha,22800,A,Official figure,
QCL,Crops and livestock products,143,Morocco,5419,Yield,205,Vetches,1984,1984,100 g/ha,3592,A,Official figure,
QCL,Crops and livestock products,143,Morocco,5510,Production,205,Vetches,1984,1984,t,8190,A,Official figure,
QCL,Crops and livestock products,143,Morocco,5312,Area harvested,205,Vetches,1985,1985,ha,25900,A,Official figure,
QCL,Crops and livestock products,143,Morocco,5419,Yield,205,Vetches,1985,1985,100 g/ha,5834,A,Official figure,
QCL,Crops and livestock products,143,Morocco,5510,Production,205,Vetches,1985,1985,t,15110,A,Official figure,
QCL,Crops and livestock products,143,Morocco,5312,Area harvested,205,Vetches,1986,1986,ha,19300,A,Official figure,
QCL,Crops and livestock products,143,Morocco,5419,Yield,205,Vetches,1986,1986,100 g/ha,7824,A,Official figure,
QCL,Crops and livestock products,143,Morocco,5510,Production,205,Vetches,1986,1986,t,15100,A,Official figure,
QCL,Crops and livestock products,143,Morocco,5312,Area harvested,205,Vetches,1987,1987,ha,27200,A,Official figure,
QCL,Crops and livestock products,143,Morocco,5419,Yield,205,Vetches,1987,1987,100 g/ha,4941,A,Official figure,
QCL,Crops and livestock products,143,Morocco,5510,Production,205,Vetches,1987,1987,t,13440,A,Official figure,
QCL,Crops and livestock products,143,Morocco,5312,Area harvested,205,Vetches,1988,1988,ha,25400,A,Official figure,
QCL,Crops and livestock products,143,Morocco,5419,Yield,205,Vetches,1988,1988,100 g/ha,6224,A,Official figure,
QCL,Crops and livestock products,143,Morocco,5510,Production,205,Vetches,1988,1988,t,15810,A,Official figure,
QCL,Crops and livestock products,143,Morocco,5312,Area harvested,205,Vetches,1989,1989,ha,24300,A,Official figure,
QCL,Crops and livestock products,143,Morocco,5419,Yield,205,Vetches,1989,1989,100 g/ha,5815,A,Official figure,
QCL,Crops and livestock products,143,Morocco,5510,Production,205,Vetches,1989,1989,t,14130,A,Official figure,
QCL,Crops and livestock products,143,Morocco,5312,Area harvested,205,Vetches,1990,1990,ha,20100,A,Official figure,
QCL,Crops and livestock products,143,Morocco,5419,Yield,205,Vetches,1990,1990,100 g/ha,5886,A,Official figure,
QCL,Crops and livestock products,143,Morocco,5510,Production,205,Vetches,1990,1990,t,11830,A,Official figure,
QCL,Crops and livestock products,143,Morocco,5312,Area harvested,205,Vetches,1991,1991,ha,20200,A,Official figure,
QCL,Crops and livestock products,143,Morocco,5419,Yield,205,Vetches,1991,1991,100 g/ha,7025,A,Official figure,
QCL,Crops and livestock products,143,Morocco,5510,Production,205,Vetches,1991,1991,t,14190,A,Official figure,
QCL,Crops and livestock products,143,Morocco,5312,Area harvested,205,Vetches,1992,1992,ha,20800,A,Official figure,
QCL,Crops and livestock products,143,Morocco,5419,Yield,205,Vetches,1992,1992,100 g/ha,2558,A,Official figure,
QCL,Crops and livestock products,143,Morocco,5510,Production,205,Vetches,1992,1992,t,5320,A,Official figure,
QCL,Crops and livestock products,143,Morocco,5312,Area harvested,205,Vetches,1993,1993,ha,17500,A,Official figure,
QCL,Crops and livestock products,143,Morocco,5419,Yield,205,Vetches,1993,1993,100 g/ha,1480,A,Official figure,
QCL,Crops and livestock products,143,Morocco,5510,Production,205,Vetches,1993,1993,t,2590,A,Official figure,
QCL,Crops and livestock products,143,Morocco,5312,Area harvested,205,Vetches,1994,1994,ha,23000,A,Official figure,
QCL,Crops and livestock products,143,Morocco,5419,Yield,205,Vetches,1994,1994,100 g/ha,6191,A,Official figure,
QCL,Crops and livestock products,143,Morocco,5510,Production,205,Vetches,1994,1994,t,14240,A,Official figure,
QCL,Crops and livestock products,143,Morocco,5312,Area harvested,205,Vetches,1995,1995,ha,17300,A,Official figure,
QCL,Crops and livestock products,143,Morocco,5419,Yield,205,Vetches,1995,1995,100 g/ha,4283,A,Official figure,
QCL,Crops and livestock products,143,Morocco,5510,Production,205,Vetches,1995,1995,t,7410,A,Official figure,
QCL,Crops and livestock products,143,Morocco,5312,Area harvested,205,Vetches,1996,1996,ha,18600,A,Official figure,
QCL,Crops and livestock products,143,Morocco,5419,Yield,205,Vetches,1996,1996,100 g/ha,6796,A,Official figure,
QCL,Crops and livestock products,143,Morocco,5510,Production,205,Vetches,1996,1996,t,12640,A,Official figure,
QCL,Crops and livestock products,143,Morocco,5312,Area harvested,205,Vetches,1997,1997,ha,21300,A,Official figure,
QCL,Crops and livestock products,143,Morocco,5419,Yield,205,Vetches,1997,1997,100 g/ha,5596,A,Official figure,
QCL,Crops and livestock products,143,Morocco,5510,Production,205,Vetches,1997,1997,t,11920,A,Official figure,
QCL,Crops and livestock products,143,Morocco,5312,Area harvested,205,Vetches,1998,1998,ha,21700,A,Official figure,
QCL,Crops and livestock products,143,Morocco,5419,Yield,205,Vetches,1998,1998,100 g/ha,4696,A,Official figure,
QCL,Crops and livestock products,143,Morocco,5510,Production,205,Vetches,1998,1998,t,10190,A,Official figure,
QCL,Crops and livestock products,143,Morocco,5312,Area harvested,205,Vetches,1999,1999,ha,21400,A,Official figure,
QCL,Crops and livestock products,143,Morocco,5419,Yield,205,Vetches,1999,1999,100 g/ha,2673,A,Official figure,
QCL,Crops and livestock products,143,Morocco,5510,Production,205,Vetches,1999,1999,t,5720,A,Official figure,
QCL,Crops and livestock products,143,Morocco,5312,Area harvested,205,Vetches,2000,2000,ha,19200,A,Official figure,
QCL,Crops and livestock products,143,Morocco,5419,Yield,205,Vetches,2000,2000,100 g/ha,1307,A,Official figure,
QCL,Crops and livestock products,143,Morocco,5510,Production,205,Vetches,2000,2000,t,2510,A,Official figure,
QCL,Crops and livestock products,143,Morocco,5312,Area harvested,205,Vetches,2001,2001,ha,16700,A,Official figure,
QCL,Crops and livestock products,143,Morocco,5419,Yield,205,Vetches,2001,2001,100 g/ha,3760,A,Official figure,
QCL,Crops and livestock products,143,Morocco,5510,Production,205,Vetches,2001,2001,t,6280,A,Official figure,
QCL,Crops and livestock products,143,Morocco,5312,Area harvested,205,Vetches,2002,2002,ha,19900,A,Official figure,
QCL,Crops and livestock products,143,Morocco,5419,Yield,205,Vetches,2002,2002,100 g/ha,6296,A,Official figure,
QCL,Crops and livestock products,143,Morocco,5510,Production,205,Vetches,2002,2002,t,12530,A,Official figure,
QCL,Crops and livestock products,143,Morocco,5312,Area harvested,205,Vetches,2003,2003,ha,18500,A,Official figure,
QCL,Crops and livestock products,143,Morocco,5419,Yield,205,Vetches,2003,2003,100 g/ha,3859,A,Official figure,
QCL,Crops and livestock products,143,Morocco,5510,Production,205,Vetches,2003,2003,t,7140,A,Official figure,
QCL,Crops and livestock products,143,Morocco,5312,Area harvested,205,Vetches,2004,2004,ha,17300,A,Official figure,
QCL,Crops and livestock products,143,Morocco,5419,Yield,205,Vetches,2004,2004,100 g/ha,4104,A,Official figure,
QCL,Crops and livestock products,143,Morocco,5510,Production,205,Vetches,2004,2004,t,7100,A,Official figure,
QCL,Crops and livestock products,143,Morocco,5312,Area harvested,205,Vetches,2005,2005,ha,16400,A,Official figure,
QCL,Crops and livestock products,143,Morocco,5419,Yield,205,Vetches,2005,2005,100 g/ha,3713,A,Official figure,
QCL,Crops and livestock products,143,Morocco,5510,Production,205,Vetches,2005,2005,t,6090,A,Official figure,
QCL,Crops and livestock products,143,Morocco,5312,Area harvested,205,Vetches,2006,2006,ha,13900,A,Official figure,
QCL,Crops and livestock products,143,Morocco,5419,Yield,205,Vetches,2006,2006,100 g/ha,5439,A,Official figure,
QCL,Crops and livestock products,143,Morocco,5510,Production,205,Vetches,2006,2006,t,7560,A,Official figure,
QCL,Crops and livestock products,143,Morocco,5312,Area harvested,205,Vetches,2007,2007,ha,11550,A,Official figure,
QCL,Crops and livestock products,143,Morocco,5419,Yield,205,Vetches,2007,2007,100 g/ha,2000,A,Official figure,
QCL,Crops and livestock products,143,Morocco,5510,Production,205,Vetches,2007,2007,t,2310,A,Official figure,
QCL,Crops and livestock products,143,Morocco,5312,Area harvested,205,Vetches,2008,2008,ha,14800,A,Official figure,
QCL,Crops and livestock products,143,Morocco,5419,Yield,205,Vetches,2008,2008,100 g/ha,3926,A,Official figure,
QCL,Crops and livestock products,143,Morocco,5510,Production,205,Vetches,2008,2008,t,5810,A,Official figure,
QCL,Crops and livestock products,143,Morocco,5312,Area harvested,205,Vetches,2009,2009,ha,14700,A,Official figure,
QCL,Crops and livestock products,143,Morocco,5419,Yield,205,Vetches,2009,2009,100 g/ha,5224,A,Official figure,
QCL,Crops and livestock products,143,Morocco,5510,Production,205,Vetches,2009,2009,t,7680,A,Official figure,
QCL,Crops and livestock products,143,Morocco,5312,Area harvested,205,Vetches,2010,2010,ha,10900,A,Official figure,
QCL,Crops and livestock products,143,Morocco,5419,Yield,205,Vetches,2010,2010,100 g/ha,5413,A,Official figure,
QCL,Crops and livestock products,143,Morocco,5510,Production,205,Vetches,2010,2010,t,5900,A,Official figure,
QCL,Crops and livestock products,143,Morocco,5312,Area harvested,205,Vetches,2011,2011,ha,10600,A,Official figure,
QCL,Crops and livestock products,143,Morocco,5419,Yield,205,Vetches,2011,2011,100 g/ha,6509,E,Estimated value,
QCL,Crops and livestock products,143,Morocco,5510,Production,205,Vetches,2011,2011,t,6900,X,Figure from international organizations,Unofficial figure
QCL,Crops and livestock products,143,Morocco,5312,Area harvested,205,Vetches,2012,2012,ha,9900,X,Figure from international organizations,Unofficial figure
QCL,Crops and livestock products,143,Morocco,5419,Yield,205,Vetches,2012,2012,100 g/ha,5859,X,Figure from international organizations,
QCL,Crops and livestock products,143,Morocco,5510,Production,205,Vetches,2012,2012,t,5800,X,Figure from international organizations,Unofficial figure
QCL,Crops and livestock products,143,Morocco,5312,Area harvested,205,Vetches,2013,2013,ha,2100,A,Official figure,
QCL,Crops and livestock products,143,Morocco,5419,Yield,205,Vetches,2013,2013,100 g/ha,40000,A,Official figure,
QCL,Crops and livestock products,143,Morocco,5510,Production,205,Vetches,2013,2013,t,8400,A,Official figure,
QCL,Crops and livestock products,143,Morocco,5312,Area harvested,205,Vetches,2014,2014,ha,4200,A,Official figure,
QCL,Crops and livestock products,143,Morocco,5419,Yield,205,Vetches,2014,2014,100 g/ha,37381,A,Official figure,
QCL,Crops and livestock products,143,Morocco,5510,Production,205,Vetches,2014,2014,t,15700,A,Official figure,
QCL,Crops and livestock products,143,Morocco,5312,Area harvested,205,Vetches,2015,2015,ha,3553,I,Imputed value,
QCL,Crops and livestock products,143,Morocco,5419,Yield,205,Vetches,2015,2015,100 g/ha,28807,E,Estimated value,
QCL,Crops and livestock products,143,Morocco,5510,Production,205,Vetches,2015,2015,t,10233.92,I,Imputed value,
QCL,Crops and livestock products,143,Morocco,5312,Area harvested,205,Vetches,2016,2016,ha,3284,E,Estimated value,
QCL,Crops and livestock products,143,Morocco,5419,Yield,205,Vetches,2016,2016,100 g/ha,34848,E,Estimated value,
QCL,Crops and livestock products,143,Morocco,5510,Production,205,Vetches,2016,2016,t,11444.64,E,Estimated value,
QCL,Crops and livestock products,143,Morocco,5312,Area harvested,205,Vetches,2017,2017,ha,3679,E,Estimated value,
QCL,Crops and livestock products,143,Morocco,5419,Yield,205,Vetches,2017,2017,100 g/ha,33868,E,Estimated value,
QCL,Crops and livestock products,143,Morocco,5510,Production,205,Vetches,2017,2017,t,12459.52,E,Estimated value,
QCL,Crops and livestock products,143,Morocco,5312,Area harvested,205,Vetches,2018,2018,ha,3505,E,Estimated value,
QCL,Crops and livestock products,143,Morocco,5419,Yield,205,Vetches,2018,2018,100 g/ha,32464,E,Estimated value,
QCL,Crops and livestock products,143,Morocco,5510,Production,205,Vetches,2018,2018,t,11379.36,E,Estimated value,
QCL,Crops and livestock products,143,Morocco,5312,Area harvested,205,Vetches,2019,2019,ha,3489,E,Estimated value,
QCL,Crops and livestock products,143,Morocco,5419,Yield,205,Vetches,2019,2019,100 g/ha,33705,E,Estimated value,
QCL,Crops and livestock products,143,Morocco,5510,Production,205,Vetches,2019,2019,t,11761.17,E,Estimated value,
QCL,Crops and livestock products,143,Morocco,5312,Area harvested,205,Vetches,2020,2020,ha,3558,E,Estimated value,
QCL,Crops and livestock products,143,Morocco,5419,Yield,205,Vetches,2020,2020,100 g/ha,33354,E,Estimated value,
QCL,Crops and livestock products,143,Morocco,5510,Production,205,Vetches,2020,2020,t,11866.68,E,Estimated value,
QCL,Crops and livestock products,143,Morocco,5312,Area harvested,205,Vetches,2021,2021,ha,3517,E,Estimated value,
QCL,Crops and livestock products,143,Morocco,5419,Yield,205,Vetches,2021,2021,100 g/ha,33174,E,Estimated value,
QCL,Crops and livestock products,143,Morocco,5510,Production,205,Vetches,2021,2021,t,11669.07,E,Estimated value,
QCL,Crops and livestock products,143,Morocco,5312,Area harvested,205,Vetches,2022,2022,ha,3522,E,Estimated value,
QCL,Crops and livestock products,143,Morocco,5419,Yield,205,Vetches,2022,2022,100 g/ha,33410,E,Estimated value,
QCL,Crops and livestock products,143,Morocco,5510,Production,205,Vetches,2022,2022,t,11765.64,E,Estimated value,
QCL,Crops and livestock products,143,Morocco,5312,Area harvested,222,"Walnuts, in shell",1961,1961,ha,0,M,"Missing value (data cannot exist, not applicable)",
QCL,Crops and livestock products,143,Morocco,5510,Production,222,"Walnuts, in shell",1961,1961,t,4479,A,Official figure,
QCL,Crops and livestock products,143,Morocco,5312,Area harvested,222,"Walnuts, in shell",1962,1962,ha,0,M,"Missing value (data cannot exist, not applicable)",
QCL,Crops and livestock products,143,Morocco,5510,Production,222,"Walnuts, in shell",1962,1962,t,5000,A,Official figure,
QCL,Crops and livestock products,143,Morocco,5312,Area harvested,222,"Walnuts, in shell",1963,1963,ha,0,M,"Missing value (data cannot exist, not applicable)",
QCL,Crops and livestock products,143,Morocco,5510,Production,222,"Walnuts, in shell",1963,1963,t,5625,A,Official figure,
QCL,Crops and livestock products,143,Morocco,5312,Area harvested,222,"Walnuts, in shell",1964,1964,ha,0,M,"Missing value (data cannot exist, not applicable)",
QCL,Crops and livestock products,143,Morocco,5510,Production,222,"Walnuts, in shell",1964,1964,t,7000,E,Estimated value,
QCL,Crops and livestock products,143,Morocco,5312,Area harvested,222,"Walnuts, in shell",1965,1965,ha,0,M,"Missing value (data cannot exist, not applicable)",
QCL,Crops and livestock products,143,Morocco,5510,Production,222,"Walnuts, in shell",1965,1965,t,7000,E,Estimated value,
QCL,Crops and livestock products,143,Morocco,5312,Area harvested,222,"Walnuts, in shell",1966,1966,ha,0,M,"Missing value (data cannot exist, not applicable)",
QCL,Crops and livestock products,143,Morocco,5510,Production,222,"Walnuts, in shell",1966,1966,t,5000,E,Estimated value,
QCL,Crops and livestock products,143,Morocco,5312,Area harvested,222,"Walnuts, in shell",1967,1967,ha,0,M,"Missing value (data cannot exist, not applicable)",
QCL,Crops and livestock products,143,Morocco,5510,Production,222,"Walnuts, in shell",1967,1967,t,4000,E,Estimated value,
QCL,Crops and livestock products,143,Morocco,5312,Area harvested,222,"Walnuts, in shell",1968,1968,ha,0,M,"Missing value (data cannot exist, not applicable)",
QCL,Crops and livestock products,143,Morocco,5510,Production,222,"Walnuts, in shell",1968,1968,t,6000,E,Estimated value,
QCL,Crops and livestock products,143,Morocco,5312,Area harvested,222,"Walnuts, in shell",1969,1969,ha,0,M,"Missing value (data cannot exist, not applicable)",
QCL,Crops and livestock products,143,Morocco,5510,Production,222,"Walnuts, in shell",1969,1969,t,6000,E,Estimated value,
QCL,Crops and livestock products,143,Morocco,5312,Area harvested,222,"Walnuts, in shell",1970,1970,ha,0,M,"Missing value (data cannot exist, not applicable)",
QCL,Crops and livestock products,143,Morocco,5510,Production,222,"Walnuts, in shell",1970,1970,t,4000,E,Estimated value,
QCL,Crops and livestock products,143,Morocco,5312,Area harvested,222,"Walnuts, in shell",1971,1971,ha,0,M,"Missing value (data cannot exist, not applicable)",
QCL,Crops and livestock products,143,Morocco,5510,Production,222,"Walnuts, in shell",1971,1971,t,3000,X,Figure from international organizations,Unofficial figure
QCL,Crops and livestock products,143,Morocco,5312,Area harvested,222,"Walnuts, in shell",1972,1972,ha,0,M,"Missing value (data cannot exist, not applicable)",
QCL,Crops and livestock products,143,Morocco,5510,Production,222,"Walnuts, in shell",1972,1972,t,4500,X,Figure from international organizations,Unofficial figure
QCL,Crops and livestock products,143,Morocco,5312,Area harvested,222,"Walnuts, in shell",1973,1973,ha,0,M,"Missing value (data cannot exist, not applicable)",
QCL,Crops and livestock products,143,Morocco,5510,Production,222,"Walnuts, in shell",1973,1973,t,4500,E,Estimated value,
QCL,Crops and livestock products,143,Morocco,5312,Area harvested,222,"Walnuts, in shell",1974,1974,ha,0,M,"Missing value (data cannot exist, not applicable)",
QCL,Crops and livestock products,143,Morocco,5510,Production,222,"Walnuts, in shell",1974,1974,t,4700,E,Estimated value,
QCL,Crops and livestock products,143,Morocco,5312,Area harvested,222,"Walnuts, in shell",1975,1975,ha,0,M,"Missing value (data cannot exist, not applicable)",
QCL,Crops and livestock products,143,Morocco,5510,Production,222,"Walnuts, in shell",1975,1975,t,4900,E,Estimated value,
QCL,Crops and livestock products,143,Morocco,5312,Area harvested,222,"Walnuts, in shell",1976,1976,ha,0,M,"Missing value (data cannot exist, not applicable)",
QCL,Crops and livestock products,143,Morocco,5510,Production,222,"Walnuts, in shell",1976,1976,t,5100,E,Estimated value,
QCL,Crops and livestock products,143,Morocco,5312,Area harvested,222,"Walnuts, in shell",1977,1977,ha,0,M,"Missing value (data cannot exist, not applicable)",
QCL,Crops and livestock products,143,Morocco,5510,Production,222,"Walnuts, in shell",1977,1977,t,5200,E,Estimated value,
QCL,Crops and livestock products,143,Morocco,5312,Area harvested,222,"Walnuts, in shell",1978,1978,ha,0,M,"Missing value (data cannot exist, not applicable)",
QCL,Crops and livestock products,143,Morocco,5510,Production,222,"Walnuts, in shell",1978,1978,t,5300,E,Estimated value,
QCL,Crops and livestock products,143,Morocco,5312,Area harvested,222,"Walnuts, in shell",1979,1979,ha,0,M,"Missing value (data cannot exist, not applicable)",
QCL,Crops and livestock products,143,Morocco,5510,Production,222,"Walnuts, in shell",1979,1979,t,5400,E,Estimated value,
QCL,Crops and livestock products,143,Morocco,5312,Area harvested,222,"Walnuts, in shell",1980,1980,ha,0,M,"Missing value (data cannot exist, not applicable)",
QCL,Crops and livestock products,143,Morocco,5510,Production,222,"Walnuts, in shell",1980,1980,t,5500,E,Estimated value,
QCL,Crops and livestock products,143,Morocco,5312,Area harvested,222,"Walnuts, in shell",1981,1981,ha,0,M,"Missing value (data cannot exist, not applicable)",
QCL,Crops and livestock products,143,Morocco,5510,Production,222,"Walnuts, in shell",1981,1981,t,5500,E,Estimated value,
QCL,Crops and livestock products,143,Morocco,5312,Area harvested,222,"Walnuts, in shell",1982,1982,ha,0,M,"Missing value (data cannot exist, not applicable)",
QCL,Crops and livestock products,143,Morocco,5510,Production,222,"Walnuts, in shell",1982,1982,t,5600,E,Estimated value,
QCL,Crops and livestock products,143,Morocco,5312,Area harvested,222,"Walnuts, in shell",1983,1983,ha,0,M,"Missing value (data cannot exist, not applicable)",
QCL,Crops and livestock products,143,Morocco,5510,Production,222,"Walnuts, in shell",1983,1983,t,5700,E,Estimated value,
QCL,Crops and livestock products,143,Morocco,5312,Area harvested,222,"Walnuts, in shell",1984,1984,ha,0,M,"Missing value (data cannot exist, not applicable)",
QCL,Crops and livestock products,143,Morocco,5510,Production,222,"Walnuts, in shell",1984,1984,t,2000,E,Estimated value,
QCL,Crops and livestock products,143,Morocco,5312,Area harvested,222,"Walnuts, in shell",1985,1985,ha,5000,E,Estimated value,
QCL,Crops and livestock products,143,Morocco,5419,Yield,222,"Walnuts, in shell",1985,1985,100 g/ha,4000,E,Estimated value,
QCL,Crops and livestock products,143,Morocco,5510,Production,222,"Walnuts, in shell",1985,1985,t,2000,E,Estimated value,
QCL,Crops and livestock products,143,Morocco,5312,Area harvested,222,"Walnuts, in shell",1986,1986,ha,5000,E,Estimated value,
QCL,Crops and livestock products,143,Morocco,5419,Yield,222,"Walnuts, in shell",1986,1986,100 g/ha,3600,E,Estimated value,
QCL,Crops and livestock products,143,Morocco,5510,Production,222,"Walnuts, in shell",1986,1986,t,1800,E,Estimated value,
QCL,Crops and livestock products,143,Morocco,5312,Area harvested,222,"Walnuts, in shell",1987,1987,ha,5000,E,Estimated value,
QCL,Crops and livestock products,143,Morocco,5419,Yield,222,"Walnuts, in shell",1987,1987,100 g/ha,3200,E,Estimated value,
QCL,Crops and livestock products,143,Morocco,5510,Production,222,"Walnuts, in shell",1987,1987,t,1600,A,Official figure,
QCL,Crops and livestock products,143,Morocco,5312,Area harvested,222,"Walnuts, in shell",1988,1988,ha,5000,E,Estimated value,
QCL,Crops and livestock products,143,Morocco,5419,Yield,222,"Walnuts, in shell",1988,1988,100 g/ha,3000,E,Estimated value,
QCL,Crops and livestock products,143,Morocco,5510,Production,222,"Walnuts, in shell",1988,1988,t,1500,A,Official figure,
QCL,Crops and livestock products,143,Morocco,5312,Area harvested,222,"Walnuts, in shell",1989,1989,ha,5000,E,Estimated value,
QCL,Crops and livestock products,143,Morocco,5419,Yield,222,"Walnuts, in shell",1989,1989,100 g/ha,2900,E,Estimated value,
QCL,Crops and livestock products,143,Morocco,5510,Production,222,"Walnuts, in shell",1989,1989,t,1450,A,Official figure,
QCL,Crops and livestock products,143,Morocco,5312,Area harvested,222,"Walnuts, in shell",1990,1990,ha,5149,E,Estimated value,
QCL,Crops and livestock products,143,Morocco,5419,Yield,222,"Walnuts, in shell",1990,1990,100 g/ha,2913,E,Estimated value,
QCL,Crops and livestock products,143,Morocco,5510,Production,222,"Walnuts, in shell",1990,1990,t,1500,A,Official figure,
QCL,Crops and livestock products,143,Morocco,5312,Area harvested,222,"Walnuts, in shell",1991,1991,ha,2995,I,Imputed value,
QCL,Crops and livestock products,143,Morocco,5419,Yield,222,"Walnuts, in shell",1991,1991,100 g/ha,5342,E,Estimated value,
QCL,Crops and livestock products,143,Morocco,5510,Production,222,"Walnuts, in shell",1991,1991,t,1600,A,Official figure,
QCL,Crops and livestock products,143,Morocco,5312,Area harvested,222,"Walnuts, in shell",1992,1992,ha,5700,A,Official figure,
QCL,Crops and livestock products,143,Morocco,5419,Yield,222,"Walnuts, in shell",1992,1992,100 g/ha,1579,A,Official figure,
QCL,Crops and livestock products,143,Morocco,5510,Production,222,"Walnuts, in shell",1992,1992,t,900,A,Official figure,
QCL,Crops and livestock products,143,Morocco,5312,Area harvested,222,"Walnuts, in shell",1993,1993,ha,6500,A,Official figure,
QCL,Crops and livestock products,143,Morocco,5419,Yield,222,"Walnuts, in shell",1993,1993,100 g/ha,2308,A,Official figure,
QCL,Crops and livestock products,143,Morocco,5510,Production,222,"Walnuts, in shell",1993,1993,t,1500,A,Official figure,
QCL,Crops and livestock products,143,Morocco,5312,Area harvested,222,"Walnuts, in shell",1994,1994,ha,5200,A,Official figure,
QCL,Crops and livestock products,143,Morocco,5419,Yield,222,"Walnuts, in shell",1994,1994,100 g/ha,5769,A,Official figure,
QCL,Crops and livestock products,143,Morocco,5510,Production,222,"Walnuts, in shell",1994,1994,t,3000,A,Official figure,
QCL,Crops and livestock products,143,Morocco,5312,Area harvested,222,"Walnuts, in shell",1995,1995,ha,7500,A,Official figure,
QCL,Crops and livestock products,143,Morocco,5419,Yield,222,"Walnuts, in shell",1995,1995,100 g/ha,4400,A,Official figure,
QCL,Crops and livestock products,143,Morocco,5510,Production,222,"Walnuts, in shell",1995,1995,t,3300,A,Official figure,
QCL,Crops and livestock products,143,Morocco,5312,Area harvested,222,"Walnuts, in shell",1996,1996,ha,8000,A,Official figure,
QCL,Crops and livestock products,143,Morocco,5419,Yield,222,"Walnuts, in shell",1996,1996,100 g/ha,8750,A,Official figure,
QCL,Crops and livestock products,143,Morocco,5510,Production,222,"Walnuts, in shell",1996,1996,t,7000,A,Official figure,
QCL,Crops and livestock products,143,Morocco,5312,Area harvested,222,"Walnuts, in shell",1997,1997,ha,7600,A,Official figure,
QCL,Crops and livestock products,143,Morocco,5419,Yield,222,"Walnuts, in shell",1997,1997,100 g/ha,8684,A,Official figure,
QCL,Crops and livestock products,143,Morocco,5510,Production,222,"Walnuts, in shell",1997,1997,t,6600,A,Official figure,
QCL,Crops and livestock products,143,Morocco,5312,Area harvested,222,"Walnuts, in shell",1998,1998,ha,7600,A,Official figure,
QCL,Crops and livestock products,143,Morocco,5419,Yield,222,"Walnuts, in shell",1998,1998,100 g/ha,6579,A,Official figure,
QCL,Crops and livestock products,143,Morocco,5510,Production,222,"Walnuts, in shell",1998,1998,t,5000,A,Official figure,
QCL,Crops and livestock products,143,Morocco,5312,Area harvested,222,"Walnuts, in shell",1999,1999,ha,5320,A,Official figure,
QCL,Crops and livestock products,143,Morocco,5419,Yield,222,"Walnuts, in shell",1999,1999,100 g/ha,15038,A,Official figure,
QCL,Crops and livestock products,143,Morocco,5510,Production,222,"Walnuts, in shell",1999,1999,t,8000,A,Official figure,
QCL,Crops and livestock products,143,Morocco,5312,Area harvested,222,"Walnuts, in shell",2000,2000,ha,4800,A,Official figure,
QCL,Crops and livestock products,143,Morocco,5419,Yield,222,"Walnuts, in shell",2000,2000,100 g/ha,13542,A,Official figure,
QCL,Crops and livestock products,143,Morocco,5510,Production,222,"Walnuts, in shell",2000,2000,t,6500,A,Official figure,
QCL,Crops and livestock products,143,Morocco,5312,Area harvested,222,"Walnuts, in shell",2001,2001,ha,4800,A,Official figure,
QCL,Crops and livestock products,143,Morocco,5419,Yield,222,"Walnuts, in shell",2001,2001,100 g/ha,37083,A,Official figure,
QCL,Crops and livestock products,143,Morocco,5510,Production,222,"Walnuts, in shell",2001,2001,t,17800,A,Official figure,
QCL,Crops and livestock products,143,Morocco,5312,Area harvested,222,"Walnuts, in shell",2002,2002,ha,5100,A,Official figure,
QCL,Crops and livestock products,143,Morocco,5419,Yield,222,"Walnuts, in shell",2002,2002,100 g/ha,16667,A,Official figure,
QCL,Crops and livestock products,143,Morocco,5510,Production,222,"Walnuts, in shell",2002,2002,t,8500,A,Official figure,
QCL,Crops and livestock products,143,Morocco,5312,Area harvested,222,"Walnuts, in shell",2003,2003,ha,4600,A,Official figure,
QCL,Crops and livestock products,143,Morocco,5419,Yield,222,"Walnuts, in shell",2003,2003,100 g/ha,2826,A,Official figure,
QCL,Crops and livestock products,143,Morocco,5510,Production,222,"Walnuts, in shell",2003,2003,t,1300,A,Official figure,
QCL,Crops and livestock products,143,Morocco,5312,Area harvested,222,"Walnuts, in shell",2004,2004,ha,4600,A,Official figure,
QCL,Crops and livestock products,143,Morocco,5419,Yield,222,"Walnuts, in shell",2004,2004,100 g/ha,15652,A,Official figure,
QCL,Crops and livestock products,143,Morocco,5510,Production,222,"Walnuts, in shell",2004,2004,t,7200,A,Official figure,
QCL,Crops and livestock products,143,Morocco,5312,Area harvested,222,"Walnuts, in shell",2005,2005,ha,4900,A,Official figure,
QCL,Crops and livestock products,143,Morocco,5419,Yield,222,"Walnuts, in shell",2005,2005,100 g/ha,20669,A,Official figure,
QCL,Crops and livestock products,143,Morocco,5510,Production,222,"Walnuts, in shell",2005,2005,t,10128,A,Official figure,
QCL,Crops and livestock products,143,Morocco,5312,Area harvested,222,"Walnuts, in shell",2006,2006,ha,5470,A,Official figure,
QCL,Crops and livestock products,143,Morocco,5419,Yield,222,"Walnuts, in shell",2006,2006,100 g/ha,18638,A,Official figure,
QCL,Crops and livestock products,143,Morocco,5510,Production,222,"Walnuts, in shell",2006,2006,t,10195,A,Official figure,
QCL,Crops and livestock products,143,Morocco,5312,Area harvested,222,"Walnuts, in shell",2007,2007,ha,4975,A,Official figure,
QCL,Crops and livestock products,143,Morocco,5419,Yield,222,"Walnuts, in shell",2007,2007,100 g/ha,27690,A,Official figure,
QCL,Crops and livestock products,143,Morocco,5510,Production,222,"Walnuts, in shell",2007,2007,t,13776,A,Official figure,
QCL,Crops and livestock products,143,Morocco,5312,Area harvested,222,"Walnuts, in shell",2008,2008,ha,4999,A,Official figure,
QCL,Crops and livestock products,143,Morocco,5419,Yield,222,"Walnuts, in shell",2008,2008,100 g/ha,25793,A,Official figure,
QCL,Crops and livestock products,143,Morocco,5510,Production,222,"Walnuts, in shell",2008,2008,t,12894,A,Official figure,
QCL,Crops and livestock products,143,Morocco,5312,Area harvested,222,"Walnuts, in shell",2009,2009,ha,5007,A,Official figure,
QCL,Crops and livestock products,143,Morocco,5419,Yield,222,"Walnuts, in shell",2009,2009,100 g/ha,24460,A,Official figure,
QCL,Crops and livestock products,143,Morocco,5510,Production,222,"Walnuts, in shell",2009,2009,t,12247,A,Official figure,
QCL,Crops and livestock products,143,Morocco,5312,Area harvested,222,"Walnuts, in shell",2010,2010,ha,5094,A,Official figure,
QCL,Crops and livestock products,143,Morocco,5419,Yield,222,"Walnuts, in shell",2010,2010,100 g/ha,19884,A,Official figure,
QCL,Crops and livestock products,143,Morocco,5510,Production,222,"Walnuts, in shell",2010,2010,t,10129,A,Official figure,
QCL,Crops and livestock products,143,Morocco,5312,Area harvested,222,"Walnuts, in shell",2011,2011,ha,5111,A,Official figure,
QCL,Crops and livestock products,143,Morocco,5419,Yield,222,"Walnuts, in shell",2011,2011,100 g/ha,18272,A,Official figure,
QCL,Crops and livestock products,143,Morocco,5510,Production,222,"Walnuts, in shell",2011,2011,t,9339,A,Official figure,
QCL,Crops and livestock products,143,Morocco,5312,Area harvested,222,"Walnuts, in shell",2012,2012,ha,4881,A,Official figure,
QCL,Crops and livestock products,143,Morocco,5419,Yield,222,"Walnuts, in shell",2012,2012,100 g/ha,17044,A,Official figure,
QCL,Crops and livestock products,143,Morocco,5510,Production,222,"Walnuts, in shell",2012,2012,t,8319,A,Official figure,
QCL,Crops and livestock products,143,Morocco,5312,Area harvested,222,"Walnuts, in shell",2013,2013,ha,6838,A,Official figure,
QCL,Crops and livestock products,143,Morocco,5419,Yield,222,"Walnuts, in shell",2013,2013,100 g/ha,20818,A,Official figure,
QCL,Crops and livestock products,143,Morocco,5510,Production,222,"Walnuts, in shell",2013,2013,t,14235.17,A,Official figure,
QCL,Crops and livestock products,143,Morocco,5312,Area harvested,222,"Walnuts, in shell",2014,2014,ha,6960,A,Official figure,
QCL,Crops and livestock products,143,Morocco,5419,Yield,222,"Walnuts, in shell",2014,2014,100 g/ha,17971,A,Official figure,
QCL,Crops and livestock products,143,Morocco,5510,Production,222,"Walnuts, in shell",2014,2014,t,12508.51,A,Official figure,
QCL,Crops and livestock products,143,Morocco,5312,Area harvested,222,"Walnuts, in shell",2015,2015,ha,6969,A,Official figure,
QCL,Crops and livestock products,143,Morocco,5419,Yield,222,"Walnuts, in shell",2015,2015,100 g/ha,24013,A,Official figure,
QCL,Crops and livestock products,143,Morocco,5510,Production,222,"Walnuts, in shell",2015,2015,t,16735.71,A,Official figure,
QCL,Crops and livestock products,143,Morocco,5312,Area harvested,222,"Walnuts, in shell",2016,2016,ha,7127,A,Official figure,
QCL,Crops and livestock products,143,Morocco,5419,Yield,222,"Walnuts, in shell",2016,2016,100 g/ha,14038,A,Official figure,
QCL,Crops and livestock products,143,Morocco,5510,Production,222,"Walnuts, in shell",2016,2016,t,10005.5,A,Official figure,
QCL,Crops and livestock products,143,Morocco,5312,Area harvested,222,"Walnuts, in shell",2017,2017,ha,7459,A,Official figure,
QCL,Crops and livestock products,143,Morocco,5419,Yield,222,"Walnuts, in shell",2017,2017,100 g/ha,16941,A,Official figure,
QCL,Crops and livestock products,143,Morocco,5510,Production,222,"Walnuts, in shell",2017,2017,t,12637.1,A,Official figure,
QCL,Crops and livestock products,143,Morocco,5312,Area harvested,222,"Walnuts, in shell",2018,2018,ha,7702,A,Official figure,
QCL,Crops and livestock products,143,Morocco,5419,Yield,222,"Walnuts, in shell",2018,2018,100 g/ha,16187,A,Official figure,
QCL,Crops and livestock products,143,Morocco,5510,Production,222,"Walnuts, in shell",2018,2018,t,12467.1,A,Official figure,
QCL,Crops and livestock products,143,Morocco,5312,Area harvested,222,"Walnuts, in shell",2019,2019,ha,7625,A,Official figure,
QCL,Crops and livestock products,143,Morocco,5419,Yield,222,"Walnuts, in shell",2019,2019,100 g/ha,12958,A,Official figure,
QCL,Crops and livestock products,143,Morocco,5510,Production,222,"Walnuts, in shell",2019,2019,t,9880.2,A,Official figure,
QCL,Crops and livestock products,143,Morocco,5312,Area harvested,222,"Walnuts, in shell",2020,2020,ha,6923,A,Official figure,
QCL,Crops and livestock products,143,Morocco,5419,Yield,222,"Walnuts, in shell",2020,2020,100 g/ha,17328,A,Official figure,
QCL,Crops and livestock products,143,Morocco,5510,Production,222,"Walnuts, in shell",2020,2020,t,11996.2,A,Official figure,
QCL,Crops and livestock products,143,Morocco,5312,Area harvested,222,"Walnuts, in shell",2021,2021,ha,6799,A,Official figure,
QCL,Crops and livestock products,143,Morocco,5419,Yield,222,"Walnuts, in shell",2021,2021,100 g/ha,36866,A,Official figure,
QCL,Crops and livestock products,143,Morocco,5510,Production,222,"Walnuts, in shell",2021,2021,t,25065,A,Official figure,
QCL,Crops and livestock products,143,Morocco,5312,Area harvested,222,"Walnuts, in shell",2022,2022,ha,7040,A,Official figure,
QCL,Crops and livestock products,143,Morocco,5419,Yield,222,"Walnuts, in shell",2022,2022,100 g/ha,18091,A,Official figure,
QCL,Crops and livestock products,143,Morocco,5510,Production,222,"Walnuts, in shell",2022,2022,t,12736,A,Official figure,
QCL,Crops and livestock products,143,Morocco,5312,Area harvested,567,Watermelons,1961,1961,ha,8000,A,Official figure,
QCL,Crops and livestock products,143,Morocco,5419,Yield,567,Watermelons,1961,1961,100 g/ha,102500,A,Official figure,
QCL,Crops and livestock products,143,Morocco,5510,Production,567,Watermelons,1961,1961,t,82000,A,Official figure,
QCL,Crops and livestock products,143,Morocco,5312,Area harvested,567,Watermelons,1962,1962,ha,7000,A,Official figure,
QCL,Crops and livestock products,143,Morocco,5419,Yield,567,Watermelons,1962,1962,100 g/ha,120000,A,Official figure,
QCL,Crops and livestock products,143,Morocco,5510,Production,567,Watermelons,1962,1962,t,84000,A,Official figure,
QCL,Crops and livestock products,143,Morocco,5312,Area harvested,567,Watermelons,1963,1963,ha,6000,A,Official figure,
QCL,Crops and livestock products,143,Morocco,5419,Yield,567,Watermelons,1963,1963,100 g/ha,143333,A,Official figure,
QCL,Crops and livestock products,143,Morocco,5510,Production,567,Watermelons,1963,1963,t,86000,A,Official figure,
QCL,Crops and livestock products,143,Morocco,5312,Area harvested,567,Watermelons,1964,1964,ha,7000,A,Official figure,
QCL,Crops and livestock products,143,Morocco,5419,Yield,567,Watermelons,1964,1964,100 g/ha,202857,A,Official figure,
QCL,Crops and livestock products,143,Morocco,5510,Production,567,Watermelons,1964,1964,t,142000,A,Official figure,
QCL,Crops and livestock products,143,Morocco,5312,Area harvested,567,Watermelons,1965,1965,ha,7467,A,Official figure,
QCL,Crops and livestock products,143,Morocco,5419,Yield,567,Watermelons,1965,1965,100 g/ha,147315,A,Official figure,
QCL,Crops and livestock products,143,Morocco,5510,Production,567,Watermelons,1965,1965,t,110000,A,Official figure,
QCL,Crops and livestock products,143,Morocco,5312,Area harvested,567,Watermelons,1966,1966,ha,6236,A,Official figure,
QCL,Crops and livestock products,143,Morocco,5419,Yield,567,Watermelons,1966,1966,100 g/ha,131495,A,Official figure,
QCL,Crops and livestock products,143,Morocco,5510,Production,567,Watermelons,1966,1966,t,82000,A,Official figure,
QCL,Crops and livestock products,143,Morocco,5312,Area harvested,567,Watermelons,1967,1967,ha,6000,A,Official figure,
QCL,Crops and livestock products,143,Morocco,5419,Yield,567,Watermelons,1967,1967,100 g/ha,175727,A,Official figure,
QCL,Crops and livestock products,143,Morocco,5510,Production,567,Watermelons,1967,1967,t,105436,A,Official figure,
QCL,Crops and livestock products,143,Morocco,5312,Area harvested,567,Watermelons,1968,1968,ha,8000,E,Estimated value,
QCL,Crops and livestock products,143,Morocco,5419,Yield,567,Watermelons,1968,1968,100 g/ha,187500,E,Estimated value,
QCL,Crops and livestock products,143,Morocco,5510,Production,567,Watermelons,1968,1968,t,150000,X,Figure from international organizations,Unofficial figure
QCL,Crops and livestock products,143,Morocco,5312,Area harvested,567,Watermelons,1969,1969,ha,7000,E,Estimated value,
QCL,Crops and livestock products,143,Morocco,5419,Yield,567,Watermelons,1969,1969,100 g/ha,157143,E,Estimated value,
QCL,Crops and livestock products,143,Morocco,5510,Production,567,Watermelons,1969,1969,t,110000,X,Figure from international organizations,Unofficial figure
QCL,Crops and livestock products,143,Morocco,5312,Area harvested,567,Watermelons,1970,1970,ha,12000,E,Estimated value,
QCL,Crops and livestock products,143,Morocco,5419,Yield,567,Watermelons,1970,1970,100 g/ha,158333,E,Estimated value,
QCL,Crops and livestock products,143,Morocco,5510,Production,567,Watermelons,1970,1970,t,190000,A,Official figure,
QCL,Crops and livestock products,143,Morocco,5312,Area harvested,567,Watermelons,1971,1971,ha,7200,E,Estimated value,
QCL,Crops and livestock products,143,Morocco,5419,Yield,567,Watermelons,1971,1971,100 g/ha,166667,E,Estimated value,
QCL,Crops and livestock products,143,Morocco,5510,Production,567,Watermelons,1971,1971,t,120000,X,Figure from international organizations,Unofficial figure
QCL,Crops and livestock products,143,Morocco,5312,Area harvested,567,Watermelons,1972,1972,ha,7200,E,Estimated value,
QCL,Crops and livestock products,143,Morocco,5419,Yield,567,Watermelons,1972,1972,100 g/ha,166667,E,Estimated value,
QCL,Crops and livestock products,143,Morocco,5510,Production,567,Watermelons,1972,1972,t,120000,X,Figure from international organizations,Unofficial figure
QCL,Crops and livestock products,143,Morocco,5312,Area harvested,567,Watermelons,1973,1973,ha,7200,E,Estimated value,
QCL,Crops and livestock products,143,Morocco,5419,Yield,567,Watermelons,1973,1973,100 g/ha,166667,E,Estimated value,
QCL,Crops and livestock products,143,Morocco,5510,Production,567,Watermelons,1973,1973,t,120000,X,Figure from international organizations,Unofficial figure
QCL,Crops and livestock products,143,Morocco,5312,Area harvested,567,Watermelons,1974,1974,ha,7200,E,Estimated value,
QCL,Crops and livestock products,143,Morocco,5419,Yield,567,Watermelons,1974,1974,100 g/ha,169444,E,Estimated value,
QCL,Crops and livestock products,143,Morocco,5510,Production,567,Watermelons,1974,1974,t,122000,E,Estimated value,
QCL,Crops and livestock products,143,Morocco,5312,Area harvested,567,Watermelons,1975,1975,ha,7300,E,Estimated value,
QCL,Crops and livestock products,143,Morocco,5419,Yield,567,Watermelons,1975,1975,100 g/ha,171233,E,Estimated value,
QCL,Crops and livestock products,143,Morocco,5510,Production,567,Watermelons,1975,1975,t,125000,E,Estimated value,
QCL,Crops and livestock products,143,Morocco,5312,Area harvested,567,Watermelons,1976,1976,ha,7300,E,Estimated value,
QCL,Crops and livestock products,143,Morocco,5419,Yield,567,Watermelons,1976,1976,100 g/ha,173973,E,Estimated value,
QCL,Crops and livestock products,143,Morocco,5510,Production,567,Watermelons,1976,1976,t,127000,E,Estimated value,
QCL,Crops and livestock products,143,Morocco,5312,Area harvested,567,Watermelons,1977,1977,ha,7400,E,Estimated value,
QCL,Crops and livestock products,143,Morocco,5419,Yield,567,Watermelons,1977,1977,100 g/ha,174324,E,Estimated value,
QCL,Crops and livestock products,143,Morocco,5510,Production,567,Watermelons,1977,1977,t,129000,E,Estimated value,
QCL,Crops and livestock products,143,Morocco,5312,Area harvested,567,Watermelons,1978,1978,ha,7500,E,Estimated value,
QCL,Crops and livestock products,143,Morocco,5419,Yield,567,Watermelons,1978,1978,100 g/ha,173333,E,Estimated value,
QCL,Crops and livestock products,143,Morocco,5510,Production,567,Watermelons,1978,1978,t,130000,E,Estimated value,
QCL,Crops and livestock products,143,Morocco,5312,Area harvested,567,Watermelons,1979,1979,ha,7600,E,Estimated value,
QCL,Crops and livestock products,143,Morocco,5419,Yield,567,Watermelons,1979,1979,100 g/ha,173684,E,Estimated value,
QCL,Crops and livestock products,143,Morocco,5510,Production,567,Watermelons,1979,1979,t,132000,E,Estimated value,
QCL,Crops and livestock products,143,Morocco,5312,Area harvested,567,Watermelons,1980,1980,ha,7700,E,Estimated value,
QCL,Crops and livestock products,143,Morocco,5419,Yield,567,Watermelons,1980,1980,100 g/ha,174026,E,Estimated value,
QCL,Crops and livestock products,143,Morocco,5510,Production,567,Watermelons,1980,1980,t,134000,E,Estimated value,
QCL,Crops and livestock products,143,Morocco,5312,Area harvested,567,Watermelons,1981,1981,ha,8000,E,Estimated value,
QCL,Crops and livestock products,143,Morocco,5419,Yield,567,Watermelons,1981,1981,100 g/ha,170000,E,Estimated value,
QCL,Crops and livestock products,143,Morocco,5510,Production,567,Watermelons,1981,1981,t,136000,E,Estimated value,
QCL,Crops and livestock products,143,Morocco,5312,Area harvested,567,Watermelons,1982,1982,ha,8000,E,Estimated value,
QCL,Crops and livestock products,143,Morocco,5419,Yield,567,Watermelons,1982,1982,100 g/ha,171250,E,Estimated value,
QCL,Crops and livestock products,143,Morocco,5510,Production,567,Watermelons,1982,1982,t,137000,E,Estimated value,
QCL,Crops and livestock products,143,Morocco,5312,Area harvested,567,Watermelons,1983,1983,ha,9000,E,Estimated value,
QCL,Crops and livestock products,143,Morocco,5419,Yield,567,Watermelons,1983,1983,100 g/ha,222222,E,Estimated value,
QCL,Crops and livestock products,143,Morocco,5510,Production,567,Watermelons,1983,1983,t,200000,E,Estimated value,
QCL,Crops and livestock products,143,Morocco,5312,Area harvested,567,Watermelons,1984,1984,ha,10000,E,Estimated value,
QCL,Crops and livestock products,143,Morocco,5419,Yield,567,Watermelons,1984,1984,100 g/ha,250000,E,Estimated value,
QCL,Crops and livestock products,143,Morocco,5510,Production,567,Watermelons,1984,1984,t,250000,E,Estimated value,
QCL,Crops and livestock products,143,Morocco,5312,Area harvested,567,Watermelons,1985,1985,ha,12000,E,Estimated value,
QCL,Crops and livestock products,143,Morocco,5419,Yield,567,Watermelons,1985,1985,100 g/ha,233333,E,Estimated value,
QCL,Crops and livestock products,143,Morocco,5510,Production,567,Watermelons,1985,1985,t,280000,E,Estimated value,
QCL,Crops and livestock products,143,Morocco,5312,Area harvested,567,Watermelons,1986,1986,ha,13000,E,Estimated value,
QCL,Crops and livestock products,143,Morocco,5419,Yield,567,Watermelons,1986,1986,100 g/ha,230769,E,Estimated value,
QCL,Crops and livestock products,143,Morocco,5510,Production,567,Watermelons,1986,1986,t,300000,E,Estimated value,
QCL,Crops and livestock products,143,Morocco,5312,Area harvested,567,Watermelons,1987,1987,ha,14700,A,Official figure,
QCL,Crops and livestock products,143,Morocco,5419,Yield,567,Watermelons,1987,1987,100 g/ha,218571,A,Official figure,
QCL,Crops and livestock products,143,Morocco,5510,Production,567,Watermelons,1987,1987,t,321300,A,Official figure,
QCL,Crops and livestock products,143,Morocco,5312,Area harvested,567,Watermelons,1988,1988,ha,15200,A,Official figure,
QCL,Crops and livestock products,143,Morocco,5419,Yield,567,Watermelons,1988,1988,100 g/ha,210526,A,Official figure,
QCL,Crops and livestock products,143,Morocco,5510,Production,567,Watermelons,1988,1988,t,320000,A,Official figure,
QCL,Crops and livestock products,143,Morocco,5312,Area harvested,567,Watermelons,1989,1989,ha,15741,A,Official figure,
QCL,Crops and livestock products,143,Morocco,5419,Yield,567,Watermelons,1989,1989,100 g/ha,241452,A,Official figure,
QCL,Crops and livestock products,143,Morocco,5510,Production,567,Watermelons,1989,1989,t,380070,A,Official figure,
QCL,Crops and livestock products,143,Morocco,5312,Area harvested,567,Watermelons,1990,1990,ha,17046,A,Official figure,
QCL,Crops and livestock products,143,Morocco,5419,Yield,567,Watermelons,1990,1990,100 g/ha,231301,A,Official figure,
QCL,Crops and livestock products,143,Morocco,5510,Production,567,Watermelons,1990,1990,t,394276,A,Official figure,
QCL,Crops and livestock products,143,Morocco,5312,Area harvested,567,Watermelons,1991,1991,ha,16248,A,Official figure,
QCL,Crops and livestock products,143,Morocco,5419,Yield,567,Watermelons,1991,1991,100 g/ha,226840,A,Official figure,
QCL,Crops and livestock products,143,Morocco,5510,Production,567,Watermelons,1991,1991,t,368569,A,Official figure,
QCL,Crops and livestock products,143,Morocco,5312,Area harvested,567,Watermelons,1992,1992,ha,12580,A,Official figure,
QCL,Crops and livestock products,143,Morocco,5419,Yield,567,Watermelons,1992,1992,100 g/ha,188882,A,Official figure,
QCL,Crops and livestock products,143,Morocco,5510,Production,567,Watermelons,1992,1992,t,237613,A,Official figure,
QCL,Crops and livestock products,143,Morocco,5312,Area harvested,567,Watermelons,1993,1993,ha,12600,A,Official figure,
QCL,Crops and livestock products,143,Morocco,5419,Yield,567,Watermelons,1993,1993,100 g/ha,196825,A,Official figure,
QCL,Crops and livestock products,143,Morocco,5510,Production,567,Watermelons,1993,1993,t,248000,A,Official figure,
QCL,Crops and livestock products,143,Morocco,5312,Area harvested,567,Watermelons,1994,1994,ha,14480,A,Official figure,
QCL,Crops and livestock products,143,Morocco,5419,Yield,567,Watermelons,1994,1994,100 g/ha,155870,A,Official figure,
QCL,Crops and livestock products,143,Morocco,5510,Production,567,Watermelons,1994,1994,t,225700,A,Official figure,
QCL,Crops and livestock products,143,Morocco,5312,Area harvested,567,Watermelons,1995,1995,ha,10350,A,Official figure,
QCL,Crops and livestock products,143,Morocco,5419,Yield,567,Watermelons,1995,1995,100 g/ha,179971,A,Official figure,
QCL,Crops and livestock products,143,Morocco,5510,Production,567,Watermelons,1995,1995,t,186270,A,Official figure,
QCL,Crops and livestock products,143,Morocco,5312,Area harvested,567,Watermelons,1996,1996,ha,12700,A,Official figure,
QCL,Crops and livestock products,143,Morocco,5419,Yield,567,Watermelons,1996,1996,100 g/ha,227008,A,Official figure,
QCL,Crops and livestock products,143,Morocco,5510,Production,567,Watermelons,1996,1996,t,288300,A,Official figure,
QCL,Crops and livestock products,143,Morocco,5312,Area harvested,567,Watermelons,1997,1997,ha,13350,A,Official figure,
QCL,Crops and livestock products,143,Morocco,5419,Yield,567,Watermelons,1997,1997,100 g/ha,184644,A,Official figure,
QCL,Crops and livestock products,143,Morocco,5510,Production,567,Watermelons,1997,1997,t,246500,A,Official figure,
QCL,Crops and livestock products,143,Morocco,5312,Area harvested,567,Watermelons,1998,1998,ha,12470,A,Official figure,
QCL,Crops and livestock products,143,Morocco,5419,Yield,567,Watermelons,1998,1998,100 g/ha,207298,A,Official figure,
QCL,Crops and livestock products,143,Morocco,5510,Production,567,Watermelons,1998,1998,t,258500,A,Official figure,
QCL,Crops and livestock products,143,Morocco,5312,Area harvested,567,Watermelons,1999,1999,ha,10875,A,Official figure,
QCL,Crops and livestock products,143,Morocco,5419,Yield,567,Watermelons,1999,1999,100 g/ha,211407,A,Official figure,
QCL,Crops and livestock products,143,Morocco,5510,Production,567,Watermelons,1999,1999,t,229905,A,Official figure,
QCL,Crops and livestock products,143,Morocco,5312,Area harvested,567,Watermelons,2000,2000,ha,9640,A,Official figure,
QCL,Crops and livestock products,143,Morocco,5419,Yield,567,Watermelons,2000,2000,100 g/ha,226878,A,Official figure,
QCL,Crops and livestock products,143,Morocco,5510,Production,567,Watermelons,2000,2000,t,218710,A,Official figure,
QCL,Crops and livestock products,143,Morocco,5312,Area harvested,567,Watermelons,2001,2001,ha,10965,A,Official figure,
QCL,Crops and livestock products,143,Morocco,5419,Yield,567,Watermelons,2001,2001,100 g/ha,273479,A,Official figure,
QCL,Crops and livestock products,143,Morocco,5510,Production,567,Watermelons,2001,2001,t,299870,A,Official figure,
QCL,Crops and livestock products,143,Morocco,5312,Area harvested,567,Watermelons,2002,2002,ha,12450,A,Official figure,
QCL,Crops and livestock products,143,Morocco,5419,Yield,567,Watermelons,2002,2002,100 g/ha,297149,A,Official figure,
QCL,Crops and livestock products,143,Morocco,5510,Production,567,Watermelons,2002,2002,t,369950,A,Official figure,
QCL,Crops and livestock products,143,Morocco,5312,Area harvested,567,Watermelons,2003,2003,ha,14500,A,Official figure,
QCL,Crops and livestock products,143,Morocco,5419,Yield,567,Watermelons,2003,2003,100 g/ha,339310,A,Official figure,
QCL,Crops and livestock products,143,Morocco,5510,Production,567,Watermelons,2003,2003,t,492000,A,Official figure,
QCL,Crops and livestock products,143,Morocco,5312,Area harvested,567,Watermelons,2004,2004,ha,19600,A,Official figure,
QCL,Crops and livestock products,143,Morocco,5419,Yield,567,Watermelons,2004,2004,100 g/ha,348827,A,Official figure,
QCL,Crops and livestock products,143,Morocco,5510,Production,567,Watermelons,2004,2004,t,683700,A,Official figure,
QCL,Crops and livestock products,143,Morocco,5312,Area harvested,567,Watermelons,2005,2005,ha,12963,A,Official figure,
QCL,Crops and livestock products,143,Morocco,5419,Yield,567,Watermelons,2005,2005,100 g/ha,310464,A,Official figure,
QCL,Crops and livestock products,143,Morocco,5510,Production,567,Watermelons,2005,2005,t,402455,A,Official figure,
QCL,Crops and livestock products,143,Morocco,5312,Area harvested,567,Watermelons,2006,2006,ha,18835,A,Official figure,
QCL,Crops and livestock products,143,Morocco,5419,Yield,567,Watermelons,2006,2006,100 g/ha,378118,A,Official figure,
QCL,Crops and livestock products,143,Morocco,5510,Production,567,Watermelons,2006,2006,t,712185,A,Official figure,
QCL,Crops and livestock products,143,Morocco,5312,Area harvested,567,Watermelons,2007,2007,ha,15732,A,Official figure,
QCL,Crops and livestock products,143,Morocco,5419,Yield,567,Watermelons,2007,2007,100 g/ha,447810,A,Official figure,
QCL,Crops and livestock products,143,Morocco,5510,Production,567,Watermelons,2007,2007,t,704495,A,Official figure,
QCL,Crops and livestock products,143,Morocco,5312,Area harvested,567,Watermelons,2008,2008,ha,16900,A,Official figure,
QCL,Crops and livestock products,143,Morocco,5419,Yield,567,Watermelons,2008,2008,100 g/ha,385030,A,Official figure,
QCL,Crops and livestock products,143,Morocco,5510,Production,567,Watermelons,2008,2008,t,650700,A,Official figure,
QCL,Crops and livestock products,143,Morocco,5312,Area harvested,567,Watermelons,2009,2009,ha,17852,A,Official figure,
QCL,Crops and livestock products,143,Morocco,5419,Yield,567,Watermelons,2009,2009,100 g/ha,418253,A,Official figure,
QCL,Crops and livestock products,143,Morocco,5510,Production,567,Watermelons,2009,2009,t,746665,A,Official figure,
QCL,Crops and livestock products,143,Morocco,5312,Area harvested,567,Watermelons,2010,2010,ha,13539,A,Official figure,
QCL,Crops and livestock products,143,Morocco,5419,Yield,567,Watermelons,2010,2010,100 g/ha,334541,A,Official figure,
QCL,Crops and livestock products,143,Morocco,5510,Production,567,Watermelons,2010,2010,t,452935,A,Official figure,
QCL,Crops and livestock products,143,Morocco,5312,Area harvested,567,Watermelons,2011,2011,ha,15407,A,Official figure,
QCL,Crops and livestock products,143,Morocco,5419,Yield,567,Watermelons,2011,2011,100 g/ha,376441,A,Official figure,
QCL,Crops and livestock products,143,Morocco,5510,Production,567,Watermelons,2011,2011,t,579982,A,Official figure,
QCL,Crops and livestock products,143,Morocco,5312,Area harvested,567,Watermelons,2012,2012,ha,14159,A,Official figure,
QCL,Crops and livestock products,143,Morocco,5419,Yield,567,Watermelons,2012,2012,100 g/ha,406003,A,Official figure,
QCL,Crops and livestock products,143,Morocco,5510,Production,567,Watermelons,2012,2012,t,574859,A,Official figure,
QCL,Crops and livestock products,143,Morocco,5312,Area harvested,567,Watermelons,2013,2013,ha,14104,A,Official figure,
QCL,Crops and livestock products,143,Morocco,5419,Yield,567,Watermelons,2013,2013,100 g/ha,433547,A,Official figure,
QCL,Crops and livestock products,143,Morocco,5510,Production,567,Watermelons,2013,2013,t,611474,A,Official figure,
QCL,Crops and livestock products,143,Morocco,5312,Area harvested,567,Watermelons,2014,2014,ha,15969,A,Official figure,
QCL,Crops and livestock products,143,Morocco,5419,Yield,567,Watermelons,2014,2014,100 g/ha,453960,A,Official figure,
QCL,Crops and livestock products,143,Morocco,5510,Production,567,Watermelons,2014,2014,t,724915,A,Official figure,
QCL,Crops and livestock products,143,Morocco,5312,Area harvested,567,Watermelons,2015,2015,ha,18120,A,Official figure,
QCL,Crops and livestock products,143,Morocco,5419,Yield,567,Watermelons,2015,2015,100 g/ha,389980,A,Official figure,
QCL,Crops and livestock products,143,Morocco,5510,Production,567,Watermelons,2015,2015,t,706643,A,Official figure,
QCL,Crops and livestock products,143,Morocco,5312,Area harvested,567,Watermelons,2016,2016,ha,12231,A,Official figure,
QCL,Crops and livestock products,143,Morocco,5419,Yield,567,Watermelons,2016,2016,100 g/ha,357339,A,Official figure,
QCL,Crops and livestock products,143,Morocco,5510,Production,567,Watermelons,2016,2016,t,437061,A,Official figure,
QCL,Crops and livestock products,143,Morocco,5312,Area harvested,567,Watermelons,2017,2017,ha,16680,A,Official figure,
QCL,Crops and livestock products,143,Morocco,5419,Yield,567,Watermelons,2017,2017,100 g/ha,371302,A,Official figure,
QCL,Crops and livestock products,143,Morocco,5510,Production,567,Watermelons,2017,2017,t,619332,A,Official figure,
QCL,Crops and livestock products,143,Morocco,5312,Area harvested,567,Watermelons,2018,2018,ha,18941,A,Official figure,
QCL,Crops and livestock products,143,Morocco,5419,Yield,567,Watermelons,2018,2018,100 g/ha,391941,A,Official figure,
QCL,Crops and livestock products,143,Morocco,5510,Production,567,Watermelons,2018,2018,t,742375.1,A,Official figure,
QCL,Crops and livestock products,143,Morocco,5312,Area harvested,567,Watermelons,2019,2019,ha,17430,A,Official figure,
QCL,Crops and livestock products,143,Morocco,5419,Yield,567,Watermelons,2019,2019,100 g/ha,387168,A,Official figure,
QCL,Crops and livestock products,143,Morocco,5510,Production,567,Watermelons,2019,2019,t,674833,A,Official figure,
QCL,Crops and livestock products,143,Morocco,5312,Area harvested,567,Watermelons,2020,2020,ha,16812,A,Official figure,
QCL,Crops and livestock products,143,Morocco,5419,Yield,567,Watermelons,2020,2020,100 g/ha,402886,A,Official figure,
QCL,Crops and livestock products,143,Morocco,5510,Production,567,Watermelons,2020,2020,t,677345.25,A,Official figure,
QCL,Crops and livestock products,143,Morocco,5312,Area harvested,567,Watermelons,2021,2021,ha,19206,A,Official figure,
QCL,Crops and livestock products,143,Morocco,5419,Yield,567,Watermelons,2021,2021,100 g/ha,429086,A,Official figure,
QCL,Crops and livestock products,143,Morocco,5510,Production,567,Watermelons,2021,2021,t,824103,A,Official figure,
QCL,Crops and livestock products,143,Morocco,5312,Area harvested,567,Watermelons,2022,2022,ha,14258,A,Official figure,
QCL,Crops and livestock products,143,Morocco,5419,Yield,567,Watermelons,2022,2022,100 g/ha,422886,A,Official figure,
QCL,Crops and livestock products,143,Morocco,5510,Production,567,Watermelons,2022,2022,t,602950.5,A,Official figure,
QCL,Crops and livestock products,143,Morocco,5312,Area harvested,15,Wheat,1961,1961,ha,1590000,A,Official figure,
QCL,Crops and livestock products,143,Morocco,5419,Yield,15,Wheat,1961,1961,100 g/ha,4528,A,Official figure,
QCL,Crops and livestock products,143,Morocco,5510,Production,15,Wheat,1961,1961,t,720000,A,Official figure,
QCL,Crops and livestock products,143,Morocco,5312,Area harvested,15,Wheat,1962,1962,ha,1460000,A,Official figure,
QCL,Crops and livestock products,143,Morocco,5419,Yield,15,Wheat,1962,1962,100 g/ha,10274,A,Official figure,
QCL,Crops and livestock products,143,Morocco,5510,Production,15,Wheat,1962,1962,t,1500000,A,Official figure,
QCL,Crops and livestock products,143,Morocco,5312,Area harvested,15,Wheat,1963,1963,ha,1650000,A,Official figure,
QCL,Crops and livestock products,143,Morocco,5419,Yield,15,Wheat,1963,1963,100 g/ha,8727,A,Official figure,
QCL,Crops and livestock products,143,Morocco,5510,Production,15,Wheat,1963,1963,t,1440000,A,Official figure,
QCL,Crops and livestock products,143,Morocco,5312,Area harvested,15,Wheat,1964,1964,ha,1530000,A,Official figure,
QCL,Crops and livestock products,143,Morocco,5419,Yield,15,Wheat,1964,1964,100 g/ha,9412,A,Official figure,
QCL,Crops and livestock products,143,Morocco,5510,Production,15,Wheat,1964,1964,t,1440000,A,Official figure,
QCL,Crops and livestock products,143,Morocco,5312,Area harvested,15,Wheat,1965,1965,ha,1660000,A,Official figure,
QCL,Crops and livestock products,143,Morocco,5419,Yield,15,Wheat,1965,1965,100 g/ha,9518,A,Official figure,
QCL,Crops and livestock products,143,Morocco,5510,Production,15,Wheat,1965,1965,t,1580000,A,Official figure,
QCL,Crops and livestock products,143,Morocco,5312,Area harvested,15,Wheat,1966,1966,ha,1885000,A,Official figure,
QCL,Crops and livestock products,143,Morocco,5419,Yield,15,Wheat,1966,1966,100 g/ha,6101,A,Official figure,
QCL,Crops and livestock products,143,Morocco,5510,Production,15,Wheat,1966,1966,t,1150000,A,Official figure,
QCL,Crops and livestock products,143,Morocco,5312,Area harvested,15,Wheat,1967,1967,ha,2036000,A,Official figure,
QCL,Crops and livestock products,143,Morocco,5419,Yield,15,Wheat,1967,1967,100 g/ha,7399,A,Official figure,
QCL,Crops and livestock products,143,Morocco,5510,Production,15,Wheat,1967,1967,t,1506500,A,Official figure,
QCL,Crops and livestock products,143,Morocco,5312,Area harvested,15,Wheat,1968,1968,ha,1929800,A,Official figure,
QCL,Crops and livestock products,143,Morocco,5419,Yield,15,Wheat,1968,1968,100 g/ha,13214,A,Official figure,
QCL,Crops and livestock products,143,Morocco,5510,Production,15,Wheat,1968,1968,t,2550000,A,Official figure,
QCL,Crops and livestock products,143,Morocco,5312,Area harvested,15,Wheat,1969,1969,ha,1959000,A,Official figure,
QCL,Crops and livestock products,143,Morocco,5419,Yield,15,Wheat,1969,1969,100 g/ha,7499,A,Official figure,
QCL,Crops and livestock products,143,Morocco,5510,Production,15,Wheat,1969,1969,t,1469000,A,Official figure,
QCL,Crops and livestock products,143,Morocco,5312,Area harvested,15,Wheat,1970,1970,ha,1892000,A,Official figure,
QCL,Crops and livestock products,143,Morocco,5419,Yield,15,Wheat,1970,1970,100 g/ha,9516,A,Official figure,
QCL,Crops and livestock products,143,Morocco,5510,Production,15,Wheat,1970,1970,t,1800500,A,Official figure,
QCL,Crops and livestock products,143,Morocco,5312,Area harvested,15,Wheat,1971,1971,ha,2006000,A,Official figure,
QCL,Crops and livestock products,143,Morocco,5419,Yield,15,Wheat,1971,1971,100 g/ha,10908,A,Official figure,
QCL,Crops and livestock products,143,Morocco,5510,Production,15,Wheat,1971,1971,t,2188100,A,Official figure,
QCL,Crops and livestock products,143,Morocco,5312,Area harvested,15,Wheat,1972,1972,ha,1998400,A,Official figure,
QCL,Crops and livestock products,143,Morocco,5419,Yield,15,Wheat,1972,1972,100 g/ha,10813,A,Official figure,
QCL,Crops and livestock products,143,Morocco,5510,Production,15,Wheat,1972,1972,t,2160770,A,Official figure,
QCL,Crops and livestock products,143,Morocco,5312,Area harvested,15,Wheat,1973,1973,ha,2039300,A,Official figure,
QCL,Crops and livestock products,143,Morocco,5419,Yield,15,Wheat,1973,1973,100 g/ha,7718,A,Official figure,
QCL,Crops and livestock products,143,Morocco,5510,Production,15,Wheat,1973,1973,t,1574000,A,Official figure,
QCL,Crops and livestock products,143,Morocco,5312,Area harvested,15,Wheat,1974,1974,ha,1917000,A,Official figure,
QCL,Crops and livestock products,143,Morocco,5419,Yield,15,Wheat,1974,1974,100 g/ha,9666,A,Official figure,
QCL,Crops and livestock products,143,Morocco,5510,Production,15,Wheat,1974,1974,t,1853000,A,Official figure,
QCL,Crops and livestock products,143,Morocco,5312,Area harvested,15,Wheat,1975,1975,ha,1691100,A,Official figure,
QCL,Crops and livestock products,143,Morocco,5419,Yield,15,Wheat,1975,1975,100 g/ha,9312,A,Official figure,
QCL,Crops and livestock products,143,Morocco,5510,Production,15,Wheat,1975,1975,t,1574820,A,Official figure,
QCL,Crops and livestock products,143,Morocco,5312,Area harvested,15,Wheat,1976,1976,ha,1921600,A,Official figure,
QCL,Crops and livestock products,143,Morocco,5419,Yield,15,Wheat,1976,1976,100 g/ha,11391,A,Official figure,
QCL,Crops and livestock products,143,Morocco,5510,Production,15,Wheat,1976,1976,t,2188940,A,Official figure,
QCL,Crops and livestock products,143,Morocco,5312,Area harvested,15,Wheat,1977,1977,ha,2029400,A,Official figure,
QCL,Crops and livestock products,143,Morocco,5419,Yield,15,Wheat,1977,1977,100 g/ha,6345,A,Official figure,
QCL,Crops and livestock products,143,Morocco,5510,Production,15,Wheat,1977,1977,t,1287600,A,Official figure,
QCL,Crops and livestock products,143,Morocco,5312,Area harvested,15,Wheat,1978,1978,ha,1753600,A,Official figure,
QCL,Crops and livestock products,143,Morocco,5419,Yield,15,Wheat,1978,1978,100 g/ha,10701,A,Official figure,
QCL,Crops and livestock products,143,Morocco,5510,Production,15,Wheat,1978,1978,t,1876450,A,Official figure,
QCL,Crops and livestock products,143,Morocco,5312,Area harvested,15,Wheat,1979,1979,ha,1656400,A,Official figure,
QCL,Crops and livestock products,143,Morocco,5419,Yield,15,Wheat,1979,1979,100 g/ha,10843,A,Official figure,
QCL,Crops and livestock products,143,Morocco,5510,Production,15,Wheat,1979,1979,t,1796000,A,Official figure,
QCL,Crops and livestock products,143,Morocco,5312,Area harvested,15,Wheat,1980,1980,ha,1714700,A,Official figure,
QCL,Crops and livestock products,143,Morocco,5419,Yield,15,Wheat,1980,1980,100 g/ha,10562,A,Official figure,
QCL,Crops and livestock products,143,Morocco,5510,Production,15,Wheat,1980,1980,t,1811000,A,Official figure,
QCL,Crops and livestock products,143,Morocco,5312,Area harvested,15,Wheat,1981,1981,ha,1647000,A,Official figure,
QCL,Crops and livestock products,143,Morocco,5419,Yield,15,Wheat,1981,1981,100 g/ha,5416,A,Official figure,
QCL,Crops and livestock products,143,Morocco,5510,Production,15,Wheat,1981,1981,t,892000,A,Official figure,
QCL,Crops and livestock products,143,Morocco,5312,Area harvested,15,Wheat,1982,1982,ha,1685800,A,Official figure,
QCL,Crops and livestock products,143,Morocco,5419,Yield,15,Wheat,1982,1982,100 g/ha,12952,A,Official figure,
QCL,Crops and livestock products,143,Morocco,5510,Production,15,Wheat,1982,1982,t,2183400,A,Official figure,
QCL,Crops and livestock products,143,Morocco,5312,Area harvested,15,Wheat,1983,1983,ha,1976000,A,Official figure,
QCL,Crops and livestock products,143,Morocco,5419,Yield,15,Wheat,1983,1983,100 g/ha,9971,A,Official figure,
QCL,Crops and livestock products,143,Morocco,5510,Production,15,Wheat,1983,1983,t,1970200,A,Official figure,
QCL,Crops and livestock products,143,Morocco,5312,Area harvested,15,Wheat,1984,1984,ha,1855800,A,Official figure,
QCL,Crops and livestock products,143,Morocco,5419,Yield,15,Wheat,1984,1984,100 g/ha,10720,A,Official figure,
QCL,Crops and livestock products,143,Morocco,5510,Production,15,Wheat,1984,1984,t,1989480,A,Official figure,
QCL,Crops and livestock products,143,Morocco,5312,Area harvested,15,Wheat,1985,1985,ha,1894000,A,Official figure,
QCL,Crops and livestock products,143,Morocco,5419,Yield,15,Wheat,1985,1985,100 g/ha,12450,A,Official figure,
QCL,Crops and livestock products,143,Morocco,5510,Production,15,Wheat,1985,1985,t,2358000,A,Official figure,
QCL,Crops and livestock products,143,Morocco,5312,Area harvested,15,Wheat,1986,1986,ha,2222620,A,Official figure,
QCL,Crops and livestock products,143,Morocco,5419,Yield,15,Wheat,1986,1986,100 g/ha,17138,A,Official figure,
QCL,Crops and livestock products,143,Morocco,5510,Production,15,Wheat,1986,1986,t,3809100,A,Official figure,
QCL,Crops and livestock products,143,Morocco,5312,Area harvested,15,Wheat,1987,1987,ha,2288200,A,Official figure,
QCL,Crops and livestock products,143,Morocco,5419,Yield,15,Wheat,1987,1987,100 g/ha,10608,A,Official figure,
QCL,Crops and livestock products,143,Morocco,5510,Production,15,Wheat,1987,1987,t,2427360,A,Official figure,
QCL,Crops and livestock products,143,Morocco,5312,Area harvested,15,Wheat,1988,1988,ha,2316400,A,Official figure,
QCL,Crops and livestock products,143,Morocco,5419,Yield,15,Wheat,1988,1988,100 g/ha,17352,A,Official figure,
QCL,Crops and livestock products,143,Morocco,5510,Production,15,Wheat,1988,1988,t,4019340,A,Official figure,
QCL,Crops and livestock products,143,Morocco,5312,Area harvested,15,Wheat,1989,1989,ha,2629500,A,Official figure,
QCL,Crops and livestock products,143,Morocco,5419,Yield,15,Wheat,1989,1989,100 g/ha,14934,A,Official figure,
QCL,Crops and livestock products,143,Morocco,5510,Production,15,Wheat,1989,1989,t,3926960,A,Official figure,
QCL,Crops and livestock products,143,Morocco,5312,Area harvested,15,Wheat,1990,1990,ha,2719200,A,Official figure,
QCL,Crops and livestock products,143,Morocco,5419,Yield,15,Wheat,1990,1990,100 g/ha,13290,A,Official figure,
QCL,Crops and livestock products,143,Morocco,5510,Production,15,Wheat,1990,1990,t,3613890,A,Official figure,
QCL,Crops and livestock products,143,Morocco,5312,Area harvested,15,Wheat,1991,1991,ha,2641300,A,Official figure,
QCL,Crops and livestock products,143,Morocco,5419,Yield,15,Wheat,1991,1991,100 g/ha,18699,A,Official figure,
QCL,Crops and livestock products,143,Morocco,5510,Production,15,Wheat,1991,1991,t,4938920,A,Official figure,
QCL,Crops and livestock products,143,Morocco,5312,Area harvested,15,Wheat,1992,1992,ha,2228300,A,Official figure,
QCL,Crops and livestock products,143,Morocco,5419,Yield,15,Wheat,1992,1992,100 g/ha,7011,A,Official figure,
QCL,Crops and livestock products,143,Morocco,5510,Production,15,Wheat,1992,1992,t,1562160,A,Official figure,
QCL,Crops and livestock products,143,Morocco,5312,Area harvested,15,Wheat,1993,1993,ha,2310400,A,Official figure,
QCL,Crops and livestock products,143,Morocco,5419,Yield,15,Wheat,1993,1993,100 g/ha,6808,A,Official figure,
QCL,Crops and livestock products,143,Morocco,5510,Production,15,Wheat,1993,1993,t,1573020,A,Official figure,
QCL,Crops and livestock products,143,Morocco,5312,Area harvested,15,Wheat,1994,1994,ha,3049700,A,Official figure,
QCL,Crops and livestock products,143,Morocco,5419,Yield,15,Wheat,1994,1994,100 g/ha,18111,A,Official figure,
QCL,Crops and livestock products,143,Morocco,5510,Production,15,Wheat,1994,1994,t,5523210,A,Official figure,
QCL,Crops and livestock products,143,Morocco,5312,Area harvested,15,Wheat,1995,1995,ha,1967900,A,Official figure,
QCL,Crops and livestock products,143,Morocco,5419,Yield,15,Wheat,1995,1995,100 g/ha,5543,A,Official figure,
QCL,Crops and livestock products,143,Morocco,5510,Production,15,Wheat,1995,1995,t,1090710,A,Official figure,
QCL,Crops and livestock products,143,Morocco,5312,Area harvested,15,Wheat,1996,1996,ha,3212400,A,Official figure,
QCL,Crops and livestock products,143,Morocco,5419,Yield,15,Wheat,1996,1996,100 g/ha,18415,A,Official figure,
QCL,Crops and livestock products,143,Morocco,5510,Production,15,Wheat,1996,1996,t,5915790,A,Official figure,
QCL,Crops and livestock products,143,Morocco,5312,Area harvested,15,Wheat,1997,1997,ha,2492900,A,Official figure,
QCL,Crops and livestock products,143,Morocco,5419,Yield,15,Wheat,1997,1997,100 g/ha,9292,A,Official figure,
QCL,Crops and livestock products,143,Morocco,5510,Production,15,Wheat,1997,1997,t,2316490,A,Official figure,
QCL,Crops and livestock products,143,Morocco,5312,Area harvested,15,Wheat,1998,1998,ha,3087000,A,Official figure,
QCL,Crops and livestock products,143,Morocco,5419,Yield,15,Wheat,1998,1998,100 g/ha,14184,A,Official figure,
QCL,Crops and livestock products,143,Morocco,5510,Production,15,Wheat,1998,1998,t,4378480,A,Official figure,
QCL,Crops and livestock products,143,Morocco,5312,Area harvested,15,Wheat,1999,1999,ha,2690600,A,Official figure,
QCL,Crops and livestock products,143,Morocco,5419,Yield,15,Wheat,1999,1999,100 g/ha,8004,A,Official figure,
QCL,Crops and livestock products,143,Morocco,5510,Production,15,Wheat,1999,1999,t,2153540,A,Official figure,
QCL,Crops and livestock products,143,Morocco,5312,Area harvested,15,Wheat,2000,2000,ha,2901600,A,Official figure,
QCL,Crops and livestock products,143,Morocco,5419,Yield,15,Wheat,2000,2000,100 g/ha,4758,A,Official figure,
QCL,Crops and livestock products,143,Morocco,5510,Production,15,Wheat,2000,2000,t,1380700,A,Official figure,
QCL,Crops and livestock products,143,Morocco,5312,Area harvested,15,Wheat,2001,2001,ha,2700600,A,Official figure,
QCL,Crops and livestock products,143,Morocco,5419,Yield,15,Wheat,2001,2001,100 g/ha,12280,A,Official figure,
QCL,Crops and livestock products,143,Morocco,5510,Production,15,Wheat,2001,2001,t,3316380,A,Official figure,
QCL,Crops and livestock products,143,Morocco,5312,Area harvested,15,Wheat,2002,2002,ha,2625400,A,Official figure,
QCL,Crops and livestock products,143,Morocco,5419,Yield,15,Wheat,2002,2002,100 g/ha,12793,A,Official figure,
QCL,Crops and livestock products,143,Morocco,5510,Production,15,Wheat,2002,2002,t,3358680,A,Official figure,
QCL,Crops and livestock products,143,Morocco,5312,Area harvested,15,Wheat,2003,2003,ha,2988900,A,Official figure,
QCL,Crops and livestock products,143,Morocco,5419,Yield,15,Wheat,2003,2003,100 g/ha,17220,A,Official figure,
QCL,Crops and livestock products,143,Morocco,5510,Production,15,Wheat,2003,2003,t,5146840,A,Official figure,
QCL,Crops and livestock products,143,Morocco,5312,Area harvested,15,Wheat,2004,2004,ha,3063700,A,Official figure,
QCL,Crops and livestock products,143,Morocco,5419,Yield,15,Wheat,2004,2004,100 g/ha,18082,A,Official figure,
QCL,Crops and livestock products,143,Morocco,5510,Production,15,Wheat,2004,2004,t,5539840,A,Official figure,
QCL,Crops and livestock products,143,Morocco,5312,Area harvested,15,Wheat,2005,2005,ha,2965800,A,Official figure,
QCL,Crops and livestock products,143,Morocco,5419,Yield,15,Wheat,2005,2005,100 g/ha,10261,A,Official figure,
QCL,Crops and livestock products,143,Morocco,5510,Production,15,Wheat,2005,2005,t,3043080,A,Official figure,
QCL,Crops and livestock products,143,Morocco,5312,Area harvested,15,Wheat,2006,2006,ha,3106700,A,Official figure,
QCL,Crops and livestock products,143,Morocco,5419,Yield,15,Wheat,2006,2006,100 g/ha,20365,A,Official figure,
QCL,Crops and livestock products,143,Morocco,5510,Production,15,Wheat,2006,2006,t,6326760,A,Official figure,
QCL,Crops and livestock products,143,Morocco,5312,Area harvested,15,Wheat,2007,2007,ha,2571900,A,Official figure,
QCL,Crops and livestock products,143,Morocco,5419,Yield,15,Wheat,2007,2007,100 g/ha,6154,A,Official figure,
QCL,Crops and livestock products,143,Morocco,5510,Production,15,Wheat,2007,2007,t,1582630,A,Official figure,
QCL,Crops and livestock products,143,Morocco,5312,Area harvested,15,Wheat,2008,2008,ha,2858100,A,Official figure,
QCL,Crops and livestock products,143,Morocco,5419,Yield,15,Wheat,2008,2008,100 g/ha,13189,A,Official figure,
QCL,Crops and livestock products,143,Morocco,5510,Production,15,Wheat,2008,2008,t,3769450,A,Official figure,
QCL,Crops and livestock products,143,Morocco,5312,Area harvested,15,Wheat,2009,2009,ha,2977600,A,Official figure,
QCL,Crops and livestock products,143,Morocco,5419,Yield,15,Wheat,2009,2009,100 g/ha,21398,A,Official figure,
QCL,Crops and livestock products,143,Morocco,5510,Production,15,Wheat,2009,2009,t,6371430,A,Official figure,
QCL,Crops and livestock products,143,Morocco,5312,Area harvested,15,Wheat,2010,2010,ha,2852400,A,Official figure,
QCL,Crops and livestock products,143,Morocco,5419,Yield,15,Wheat,2010,2010,100 g/ha,17095,A,Official figure,
QCL,Crops and livestock products,143,Morocco,5510,Production,15,Wheat,2010,2010,t,4876140,A,Official figure,
QCL,Crops and livestock products,143,Morocco,5312,Area harvested,15,Wheat,2011,2011,ha,3088000,A,Official figure,
QCL,Crops and livestock products,143,Morocco,5419,Yield,15,Wheat,2011,2011,100 g/ha,19488,A,Official figure,
QCL,Crops and livestock products,143,Morocco,5510,Production,15,Wheat,2011,2011,t,6017821,A,Official figure,
QCL,Crops and livestock products,143,Morocco,5312,Area harvested,15,Wheat,2012,2012,ha,3142000,A,Official figure,
QCL,Crops and livestock products,143,Morocco,5419,Yield,15,Wheat,2012,2012,100 g/ha,12342,A,Official figure,
QCL,Crops and livestock products,143,Morocco,5510,Production,15,Wheat,2012,2012,t,3878000,A,Official figure,
QCL,Crops and livestock products,143,Morocco,5312,Area harvested,15,Wheat,2013,2013,ha,3204231,A,Official figure,
QCL,Crops and livestock products,143,Morocco,5419,Yield,15,Wheat,2013,2013,100 g/ha,21640,A,Official figure,
QCL,Crops and livestock products,143,Morocco,5510,Production,15,Wheat,2013,2013,t,6933982.62,A,Official figure,
QCL,Crops and livestock products,143,Morocco,5312,Area harvested,15,Wheat,2014,2014,ha,2986158,A,Official figure,
QCL,Crops and livestock products,143,Morocco,5419,Yield,15,Wheat,2014,2014,100 g/ha,17132,A,Official figure,
QCL,Crops and livestock products,143,Morocco,5510,Production,15,Wheat,2014,2014,t,5115884.22,A,Official figure,
QCL,Crops and livestock products,143,Morocco,5312,Area harvested,15,Wheat,2015,2015,ha,3273869,A,Official figure,
QCL,Crops and livestock products,143,Morocco,5419,Yield,15,Wheat,2015,2015,100 g/ha,24664,A,Official figure,
QCL,Crops and livestock products,143,Morocco,5510,Production,15,Wheat,2015,2015,t,8074658.89,A,Official figure,
QCL,Crops and livestock products,143,Morocco,5312,Area harvested,15,Wheat,2016,2016,ha,2413638,A,Official figure,
QCL,Crops and livestock products,143,Morocco,5419,Yield,15,Wheat,2016,2016,100 g/ha,11315,A,Official figure,
QCL,Crops and livestock products,143,Morocco,5510,Production,15,Wheat,2016,2016,t,2731123,A,Official figure,
QCL,Crops and livestock products,143,Morocco,5312,Area harvested,15,Wheat,2017,2017,ha,3384225,A,Official figure,
QCL,Crops and livestock products,143,Morocco,5419,Yield,15,Wheat,2017,2017,100 g/ha,20953,A,Official figure,
QCL,Crops and livestock products,143,Morocco,5510,Production,15,Wheat,2017,2017,t,7090817,A,Official figure,
QCL,Crops and livestock products,143,Morocco,5312,Area harvested,15,Wheat,2018,2018,ha,2842748,A,Official figure,
QCL,Crops and livestock products,143,Morocco,5419,Yield,15,Wheat,2018,2018,100 g/ha,25752,A,Official figure,
QCL,Crops and livestock products,143,Morocco,5510,Production,15,Wheat,2018,2018,t,7320620.11,A,Official figure,
QCL,Crops and livestock products,143,Morocco,5312,Area harvested,15,Wheat,2019,2019,ha,2505987,A,Official figure,
QCL,Crops and livestock products,143,Morocco,5419,Yield,15,Wheat,2019,2019,100 g/ha,16063,A,Official figure,
QCL,Crops and livestock products,143,Morocco,5510,Production,15,Wheat,2019,2019,t,4025302.52,A,Official figure,
QCL,Crops and livestock products,143,Morocco,5312,Area harvested,15,Wheat,2020,2020,ha,2845290,A,Official figure,
QCL,Crops and livestock products,143,Morocco,5419,Yield,15,Wheat,2020,2020,100 g/ha,9004,A,Official figure,
QCL,Crops and livestock products,143,Morocco,5510,Production,15,Wheat,2020,2020,t,2561897.5,A,Official figure,
QCL,Crops and livestock products,143,Morocco,5312,Area harvested,15,Wheat,2021,2021,ha,2864567,A,Official figure,
QCL,Crops and livestock products,143,Morocco,5419,Yield,15,Wheat,2021,2021,100 g/ha,26335,A,Official figure,
QCL,Crops and livestock products,143,Morocco,5510,Production,15,Wheat,2021,2021,t,7543847.9,A,Official figure,
QCL,Crops and livestock products,143,Morocco,5312,Area harvested,15,Wheat,2022,2022,ha,2436350,A,Official figure,
QCL,Crops and livestock products,143,Morocco,5419,Yield,15,Wheat,2022,2022,100 g/ha,11114,A,Official figure,
QCL,Crops and livestock products,143,Morocco,5510,Production,15,Wheat,2022,2022,t,2707652.17,A,Official figure,
QCL,Crops and livestock products,143,Morocco,5510,Production,564,Wine,1961,1961,t,223200,A,Official figure,
QCL,Crops and livestock products,143,Morocco,5510,Production,564,Wine,1962,1962,t,189600,A,Official figure,
QCL,Crops and livestock products,143,Morocco,5510,Production,564,Wine,1963,1963,t,257900,A,Official figure,
QCL,Crops and livestock products,143,Morocco,5510,Production,564,Wine,1964,1964,t,245862,A,Official figure,
QCL,Crops and livestock products,143,Morocco,5510,Production,564,Wine,1965,1965,t,344878,A,Official figure,
QCL,Crops and livestock products,143,Morocco,5510,Production,564,Wine,1966,1966,t,211000,A,Official figure,
QCL,Crops and livestock products,143,Morocco,5510,Production,564,Wine,1967,1967,t,136880,A,Official figure,
QCL,Crops and livestock products,143,Morocco,5510,Production,564,Wine,1968,1968,t,175000,A,Official figure,
QCL,Crops and livestock products,143,Morocco,5510,Production,564,Wine,1969,1969,t,70000,A,Official figure,
QCL,Crops and livestock products,143,Morocco,5510,Production,564,Wine,1970,1970,t,125260,A,Official figure,
QCL,Crops and livestock products,143,Morocco,5510,Production,564,Wine,1971,1971,t,115000,A,Official figure,
QCL,Crops and livestock products,143,Morocco,5510,Production,564,Wine,1972,1972,t,114618,A,Official figure,
QCL,Crops and livestock products,143,Morocco,5510,Production,564,Wine,1973,1973,t,126000,A,Official figure,
QCL,Crops and livestock products,143,Morocco,5510,Production,564,Wine,1974,1974,t,127000,A,Official figure,
QCL,Crops and livestock products,143,Morocco,5510,Production,564,Wine,1975,1975,t,100000,A,Official figure,
QCL,Crops and livestock products,143,Morocco,5510,Production,564,Wine,1976,1976,t,77000,A,Official figure,
QCL,Crops and livestock products,143,Morocco,5510,Production,564,Wine,1977,1977,t,81000,A,Official figure,
QCL,Crops and livestock products,143,Morocco,5510,Production,564,Wine,1978,1978,t,55000,A,Official figure,
QCL,Crops and livestock products,143,Morocco,5510,Production,564,Wine,1979,1979,t,110000,A,Official figure,
QCL,Crops and livestock products,143,Morocco,5510,Production,564,Wine,1980,1980,t,91000,A,Official figure,
QCL,Crops and livestock products,143,Morocco,5510,Production,564,Wine,1981,1981,t,84000,A,Official figure,
QCL,Crops and livestock products,143,Morocco,5510,Production,564,Wine,1982,1982,t,35000,A,Official figure,
QCL,Crops and livestock products,143,Morocco,5510,Production,564,Wine,1983,1983,t,42000,A,Official figure,
QCL,Crops and livestock products,143,Morocco,5510,Production,564,Wine,1984,1984,t,35000,A,Official figure,
QCL,Crops and livestock products,143,Morocco,5510,Production,564,Wine,1985,1985,t,37000,A,Official figure,
QCL,Crops and livestock products,143,Morocco,5510,Production,564,Wine,1986,1986,t,45400,A,Official figure,
QCL,Crops and livestock products,143,Morocco,5510,Production,564,Wine,1987,1987,t,45400,A,Official figure,
QCL,Crops and livestock products,143,Morocco,5510,Production,564,Wine,1988,1988,t,35400,A,Official figure,
QCL,Crops and livestock products,143,Morocco,5510,Production,564,Wine,1989,1989,t,50210,A,Official figure,
QCL,Crops and livestock products,143,Morocco,5510,Production,564,Wine,1990,1990,t,30070,A,Official figure,
QCL,Crops and livestock products,143,Morocco,5510,Production,564,Wine,1991,1991,t,38950,A,Official figure,
QCL,Crops and livestock products,143,Morocco,5510,Production,564,Wine,1992,1992,t,43480,A,Official figure,
QCL,Crops and livestock products,143,Morocco,5510,Production,564,Wine,1993,1993,t,33200,A,Official figure,
QCL,Crops and livestock products,143,Morocco,5510,Production,564,Wine,1994,1994,t,27860,A,Official figure,
QCL,Crops and livestock products,143,Morocco,5510,Production,564,Wine,1995,1995,t,17250,A,Official figure,
QCL,Crops and livestock products,143,Morocco,5510,Production,564,Wine,1996,1996,t,28450,A,Official figure,
QCL,Crops and livestock products,143,Morocco,5510,Production,564,Wine,1997,1997,t,37610,A,Official figure,
QCL,Crops and livestock products,143,Morocco,5510,Production,564,Wine,1998,1998,t,29740,A,Official figure,
QCL,Crops and livestock products,143,Morocco,5510,Production,564,Wine,1999,1999,t,49337,A,Official figure,
QCL,Crops and livestock products,143,Morocco,5510,Production,564,Wine,2000,2000,t,29900,A,Official figure,
QCL,Crops and livestock products,143,Morocco,5510,Production,564,Wine,2001,2001,t,27627,X,Figure from international organizations,Unofficial figure
QCL,Crops and livestock products,143,Morocco,5510,Production,564,Wine,2002,2002,t,33066,A,Official figure,
QCL,Crops and livestock products,143,Morocco,5510,Production,564,Wine,2003,2003,t,34293,A,Official figure,
QCL,Crops and livestock products,143,Morocco,5510,Production,564,Wine,2004,2004,t,35000,A,Official figure,
QCL,Crops and livestock products,143,Morocco,5510,Production,564,Wine,2005,2005,t,37560,A,Official figure,
QCL,Crops and livestock products,143,Morocco,5510,Production,564,Wine,2006,2006,t,36159,A,Official figure,
QCL,Crops and livestock products,143,Morocco,5510,Production,564,Wine,2007,2007,t,37000,E,Estimated value,
QCL,Crops and livestock products,143,Morocco,5510,Production,564,Wine,2008,2008,t,35000,E,Estimated value,
QCL,Crops and livestock products,143,Morocco,5510,Production,564,Wine,2009,2009,t,29498,E,Estimated value,
QCL,Crops and livestock products,143,Morocco,5510,Production,564,Wine,2010,2010,t,33695.41,I,Imputed value,
QCL,Crops and livestock products,143,Morocco,5510,Production,564,Wine,2011,2011,t,34000,E,Estimated value,
QCL,Crops and livestock products,143,Morocco,5510,Production,564,Wine,2012,2012,t,34500,E,Estimated value,
QCL,Crops and livestock products,143,Morocco,5510,Production,564,Wine,2013,2013,t,37000,E,Estimated value,
QCL,Crops and livestock products,143,Morocco,5510,Production,564,Wine,2014,2014,t,32707.87,I,Imputed value,
QCL,Crops and livestock products,143,Morocco,5510,Production,564,Wine,2015,2015,t,38619.36,I,Imputed value,
QCL,Crops and livestock products,143,Morocco,5510,Production,564,Wine,2016,2016,t,32530.42,I,Imputed value,
QCL,Crops and livestock products,143,Morocco,5510,Production,564,Wine,2017,2017,t,34411.05,I,Imputed value,
QCL,Crops and livestock products,143,Morocco,5510,Production,564,Wine,2018,2018,t,40808.03,I,Imputed value,
QCL,Crops and livestock products,143,Morocco,5510,Production,564,Wine,2019,2019,t,47376.9,I,Imputed value,
QCL,Crops and livestock products,143,Morocco,5510,Production,564,Wine,2020,2020,t,40919.89,I,Imputed value,
QCL,Crops and livestock products,143,Morocco,5510,Production,564,Wine,2021,2021,t,43083.1,I,Imputed value,
QCL,Crops and livestock products,143,Morocco,5417,Yield/Carcass Weight,1806,"Beef and Buffalo Meat, primary",1961,1961,100 g/An,1140,E,Estimated value,
QCL,Crops and livestock products,143,Morocco,5510,Production,1806,"Beef and Buffalo Meat, primary",1961,1961,t,67080,E,Estimated value,
QCL,Crops and livestock products,143,Morocco,5320,Producing Animals/Slaughtered,1806,"Beef and Buffalo Meat, primary",1961,1961,An,588400,E,Estimated value,
QCL,Crops and livestock products,143,Morocco,5417,Yield/Carcass Weight,1806,"Beef and Buffalo Meat, primary",1962,1962,100 g/An,1100,E,Estimated value,
QCL,Crops and livestock products,143,Morocco,5510,Production,1806,"Beef and Buffalo Meat, primary",1962,1962,t,67730,E,Estimated value,
QCL,Crops and livestock products,143,Morocco,5320,Producing Animals/Slaughtered,1806,"Beef and Buffalo Meat, primary",1962,1962,An,615800,E,Estimated value,
QCL,Crops and livestock products,143,Morocco,5417,Yield/Carcass Weight,1806,"Beef and Buffalo Meat, primary",1963,1963,100 g/An,1200,E,Estimated value,
QCL,Crops and livestock products,143,Morocco,5510,Production,1806,"Beef and Buffalo Meat, primary",1963,1963,t,67800,E,Estimated value,
QCL,Crops and livestock products,143,Morocco,5320,Producing Animals/Slaughtered,1806,"Beef and Buffalo Meat, primary",1963,1963,An,564900,E,Estimated value,
QCL,Crops and livestock products,143,Morocco,5417,Yield/Carcass Weight,1806,"Beef and Buffalo Meat, primary",1964,1964,100 g/An,1230,E,Estimated value,
QCL,Crops and livestock products,143,Morocco,5510,Production,1806,"Beef and Buffalo Meat, primary",1964,1964,t,63660,E,Estimated value,
QCL,Crops and livestock products,143,Morocco,5320,Producing Animals/Slaughtered,1806,"Beef and Buffalo Meat, primary",1964,1964,An,517580,E,Estimated value,
QCL,Crops and livestock products,143,Morocco,5417,Yield/Carcass Weight,1806,"Beef and Buffalo Meat, primary",1965,1965,100 g/An,1250,E,Estimated value,
QCL,Crops and livestock products,143,Morocco,5510,Production,1806,"Beef and Buffalo Meat, primary",1965,1965,t,72300,E,Estimated value,
QCL,Crops and livestock products,143,Morocco,5320,Producing Animals/Slaughtered,1806,"Beef and Buffalo Meat, primary",1965,1965,An,578490,E,Estimated value,
QCL,Crops and livestock products,143,Morocco,5417,Yield/Carcass Weight,1806,"Beef and Buffalo Meat, primary",1966,1966,100 g/An,1270,A,Official figure,
QCL,Crops and livestock products,143,Morocco,5510,Production,1806,"Beef and Buffalo Meat, primary",1966,1966,t,79100,A,Official figure,
QCL,Crops and livestock products,143,Morocco,5320,Producing Animals/Slaughtered,1806,"Beef and Buffalo Meat, primary",1966,1966,An,623000,A,Official figure,
QCL,Crops and livestock products,143,Morocco,5417,Yield/Carcass Weight,1806,"Beef and Buffalo Meat, primary",1967,1967,100 g/An,1200,A,Official figure,
QCL,Crops and livestock products,143,Morocco,5510,Production,1806,"Beef and Buffalo Meat, primary",1967,1967,t,81100,A,Official figure,
QCL,Crops and livestock products,143,Morocco,5320,Producing Animals/Slaughtered,1806,"Beef and Buffalo Meat, primary",1967,1967,An,676000,A,Official figure,
QCL,Crops and livestock products,143,Morocco,5417,Yield/Carcass Weight,1806,"Beef and Buffalo Meat, primary",1968,1968,100 g/An,1193,A,Official figure,
QCL,Crops and livestock products,143,Morocco,5510,Production,1806,"Beef and Buffalo Meat, primary",1968,1968,t,87000,A,Official figure,
QCL,Crops and livestock products,143,Morocco,5320,Producing Animals/Slaughtered,1806,"Beef and Buffalo Meat, primary",1968,1968,An,729000,A,Official figure,
QCL,Crops and livestock products,143,Morocco,5417,Yield/Carcass Weight,1806,"Beef and Buffalo Meat, primary",1969,1969,100 g/An,1179,A,Official figure,
QCL,Crops and livestock products,143,Morocco,5510,Production,1806,"Beef and Buffalo Meat, primary",1969,1969,t,92000,A,Official figure,
QCL,Crops and livestock products,143,Morocco,5320,Producing Animals/Slaughtered,1806,"Beef and Buffalo Meat, primary",1969,1969,An,780000,A,Official figure,
QCL,Crops and livestock products,143,Morocco,5417,Yield/Carcass Weight,1806,"Beef and Buffalo Meat, primary",1970,1970,100 g/An,1165,E,Estimated value,
QCL,Crops and livestock products,143,Morocco,5510,Production,1806,"Beef and Buffalo Meat, primary",1970,1970,t,92000,E,Estimated value,
QCL,Crops and livestock products,143,Morocco,5320,Producing Animals/Slaughtered,1806,"Beef and Buffalo Meat, primary",1970,1970,An,790000,E,Estimated value,
QCL,Crops and livestock products,143,Morocco,5417,Yield/Carcass Weight,1806,"Beef and Buffalo Meat, primary",1971,1971,100 g/An,1124,E,Estimated value,
QCL,Crops and livestock products,143,Morocco,5510,Production,1806,"Beef and Buffalo Meat, primary",1971,1971,t,90000,A,Official figure,
QCL,Crops and livestock products,143,Morocco,5320,Producing Animals/Slaughtered,1806,"Beef and Buffalo Meat, primary",1971,1971,An,801000,E,Estimated value,
QCL,Crops and livestock products,143,Morocco,5417,Yield/Carcass Weight,1806,"Beef and Buffalo Meat, primary",1972,1972,100 g/An,1110,A,Official figure,
QCL,Crops and livestock products,143,Morocco,5510,Production,1806,"Beef and Buffalo Meat, primary",1972,1972,t,93000,A,Official figure,
QCL,Crops and livestock products,143,Morocco,5320,Producing Animals/Slaughtered,1806,"Beef and Buffalo Meat, primary",1972,1972,An,837827,A,Official figure,
QCL,Crops and livestock products,143,Morocco,5417,Yield/Carcass Weight,1806,"Beef and Buffalo Meat, primary",1973,1973,100 g/An,1050,A,Official figure,
QCL,Crops and livestock products,143,Morocco,5510,Production,1806,"Beef and Buffalo Meat, primary",1973,1973,t,92000,A,Official figure,
QCL,Crops and livestock products,143,Morocco,5320,Producing Animals/Slaughtered,1806,"Beef and Buffalo Meat, primary",1973,1973,An,876190,A,Official figure,
QCL,Crops and livestock products,143,Morocco,5417,Yield/Carcass Weight,1806,"Beef and Buffalo Meat, primary",1974,1974,100 g/An,1100,A,Official figure,
QCL,Crops and livestock products,143,Morocco,5510,Production,1806,"Beef and Buffalo Meat, primary",1974,1974,t,90000,A,Official figure,
QCL,Crops and livestock products,143,Morocco,5320,Producing Animals/Slaughtered,1806,"Beef and Buffalo Meat, primary",1974,1974,An,818181,A,Official figure,
QCL,Crops and livestock products,143,Morocco,5417,Yield/Carcass Weight,1806,"Beef and Buffalo Meat, primary",1975,1975,100 g/An,1050,E,Estimated value,
QCL,Crops and livestock products,143,Morocco,5510,Production,1806,"Beef and Buffalo Meat, primary",1975,1975,t,81400,X,Figure from international organizations,
QCL,Crops and livestock products,143,Morocco,5320,Producing Animals/Slaughtered,1806,"Beef and Buffalo Meat, primary",1975,1975,An,775000,E,Estimated value,
QCL,Crops and livestock products,143,Morocco,5417,Yield/Carcass Weight,1806,"Beef and Buffalo Meat, primary",1976,1976,100 g/An,1163,X,Figure from international organizations,
QCL,Crops and livestock products,143,Morocco,5510,Production,1806,"Beef and Buffalo Meat, primary",1976,1976,t,79400,X,Figure from international organizations,
QCL,Crops and livestock products,143,Morocco,5320,Producing Animals/Slaughtered,1806,"Beef and Buffalo Meat, primary",1976,1976,An,683000,X,Figure from international organizations,
QCL,Crops and livestock products,143,Morocco,5417,Yield/Carcass Weight,1806,"Beef and Buffalo Meat, primary",1977,1977,100 g/An,1364,E,Estimated value,
QCL,Crops and livestock products,143,Morocco,5510,Production,1806,"Beef and Buffalo Meat, primary",1977,1977,t,90000,A,Official figure,
QCL,Crops and livestock products,143,Morocco,5320,Producing Animals/Slaughtered,1806,"Beef and Buffalo Meat, primary",1977,1977,An,660000,X,Figure from international organizations,
QCL,Crops and livestock products,143,Morocco,5417,Yield/Carcass Weight,1806,"Beef and Buffalo Meat, primary",1978,1978,100 g/An,1462,E,Estimated value,
QCL,Crops and livestock products,143,Morocco,5510,Production,1806,"Beef and Buffalo Meat, primary",1978,1978,t,95000,A,Official figure,
QCL,Crops and livestock products,143,Morocco,5320,Producing Animals/Slaughtered,1806,"Beef and Buffalo Meat, primary",1978,1978,An,650000,X,Figure from international organizations,
QCL,Crops and livestock products,143,Morocco,5417,Yield/Carcass Weight,1806,"Beef and Buffalo Meat, primary",1979,1979,100 g/An,1493,E,Estimated value,
QCL,Crops and livestock products,143,Morocco,5510,Production,1806,"Beef and Buffalo Meat, primary",1979,1979,t,100000,A,Official figure,
QCL,Crops and livestock products,143,Morocco,5320,Producing Animals/Slaughtered,1806,"Beef and Buffalo Meat, primary",1979,1979,An,670000,X,Figure from international organizations,
QCL,Crops and livestock products,143,Morocco,5417,Yield/Carcass Weight,1806,"Beef and Buffalo Meat, primary",1980,1980,100 g/An,1365,A,Official figure,
QCL,Crops and livestock products,143,Morocco,5510,Production,1806,"Beef and Buffalo Meat, primary",1980,1980,t,107000,A,Official figure,
QCL,Crops and livestock products,143,Morocco,5320,Producing Animals/Slaughtered,1806,"Beef and Buffalo Meat, primary",1980,1980,An,784100,A,Official figure,
QCL,Crops and livestock products,143,Morocco,5417,Yield/Carcass Weight,1806,"Beef and Buffalo Meat, primary",1981,1981,100 g/An,1471,A,Official figure,
QCL,Crops and livestock products,143,Morocco,5510,Production,1806,"Beef and Buffalo Meat, primary",1981,1981,t,131000,A,Official figure,
QCL,Crops and livestock products,143,Morocco,5320,Producing Animals/Slaughtered,1806,"Beef and Buffalo Meat, primary",1981,1981,An,890800,A,Official figure,
QCL,Crops and livestock products,143,Morocco,5417,Yield/Carcass Weight,1806,"Beef and Buffalo Meat, primary",1982,1982,100 g/An,1578,E,Estimated value,
QCL,Crops and livestock products,143,Morocco,5510,Production,1806,"Beef and Buffalo Meat, primary",1982,1982,t,150000,E,Estimated value,
QCL,Crops and livestock products,143,Morocco,5320,Producing Animals/Slaughtered,1806,"Beef and Buffalo Meat, primary",1982,1982,An,950665,A,Official figure,
QCL,Crops and livestock products,143,Morocco,5417,Yield/Carcass Weight,1806,"Beef and Buffalo Meat, primary",1983,1983,100 g/An,1770,E,Estimated value,
QCL,Crops and livestock products,143,Morocco,5510,Production,1806,"Beef and Buffalo Meat, primary",1983,1983,t,124000,X,Figure from international organizations,
QCL,Crops and livestock products,143,Morocco,5320,Producing Animals/Slaughtered,1806,"Beef and Buffalo Meat, primary",1983,1983,An,700400,A,Official figure,
QCL,Crops and livestock products,143,Morocco,5417,Yield/Carcass Weight,1806,"Beef and Buffalo Meat, primary",1984,1984,100 g/An,1702,E,Estimated value,
QCL,Crops and livestock products,143,Morocco,5510,Production,1806,"Beef and Buffalo Meat, primary",1984,1984,t,114900,X,Figure from international organizations,
QCL,Crops and livestock products,143,Morocco,5320,Producing Animals/Slaughtered,1806,"Beef and Buffalo Meat, primary",1984,1984,An,675000,E,Estimated value,
QCL,Crops and livestock products,143,Morocco,5417,Yield/Carcass Weight,1806,"Beef and Buffalo Meat, primary",1985,1985,100 g/An,1700,E,Estimated value,
QCL,Crops and livestock products,143,Morocco,5510,Production,1806,"Beef and Buffalo Meat, primary",1985,1985,t,85000,E,Estimated value,
QCL,Crops and livestock products,143,Morocco,5320,Producing Animals/Slaughtered,1806,"Beef and Buffalo Meat, primary",1985,1985,An,500000,E,Estimated value,
QCL,Crops and livestock products,143,Morocco,5417,Yield/Carcass Weight,1806,"Beef and Buffalo Meat, primary",1986,1986,100 g/An,1675,E,Estimated value,
QCL,Crops and livestock products,143,Morocco,5510,Production,1806,"Beef and Buffalo Meat, primary",1986,1986,t,103000,E,Estimated value,
QCL,Crops and livestock products,143,Morocco,5320,Producing Animals/Slaughtered,1806,"Beef and Buffalo Meat, primary",1986,1986,An,615000,E,Estimated value,
QCL,Crops and livestock products,143,Morocco,5417,Yield/Carcass Weight,1806,"Beef and Buffalo Meat, primary",1987,1987,100 g/An,1674,E,Estimated value,
QCL,Crops and livestock products,143,Morocco,5510,Production,1806,"Beef and Buffalo Meat, primary",1987,1987,t,118000,E,Estimated value,
QCL,Crops and livestock products,143,Morocco,5320,Producing Animals/Slaughtered,1806,"Beef and Buffalo Meat, primary",1987,1987,An,705000,E,Estimated value,
QCL,Crops and livestock products,143,Morocco,5417,Yield/Carcass Weight,1806,"Beef and Buffalo Meat, primary",1988,1988,100 g/An,1680,E,Estimated value,
QCL,Crops and livestock products,143,Morocco,5510,Production,1806,"Beef and Buffalo Meat, primary",1988,1988,t,122100,E,Estimated value,
QCL,Crops and livestock products,143,Morocco,5320,Producing Animals/Slaughtered,1806,"Beef and Buffalo Meat, primary",1988,1988,An,726845,A,Official figure,
QCL,Crops and livestock products,143,Morocco,5417,Yield/Carcass Weight,1806,"Beef and Buffalo Meat, primary",1989,1989,100 g/An,1866,A,Official figure,
QCL,Crops and livestock products,143,Morocco,5510,Production,1806,"Beef and Buffalo Meat, primary",1989,1989,t,150045,A,Official figure,
QCL,Crops and livestock products,143,Morocco,5320,Producing Animals/Slaughtered,1806,"Beef and Buffalo Meat, primary",1989,1989,An,804195,A,Official figure,
QCL,Crops and livestock products,143,Morocco,5417,Yield/Carcass Weight,1806,"Beef and Buffalo Meat, primary",1990,1990,100 g/An,1625,A,Official figure,
QCL,Crops and livestock products,143,Morocco,5510,Production,1806,"Beef and Buffalo Meat, primary",1990,1990,t,144890,A,Official figure,
QCL,Crops and livestock products,143,Morocco,5320,Producing Animals/Slaughtered,1806,"Beef and Buffalo Meat, primary",1990,1990,An,891851,A,Official figure,
QCL,Crops and livestock products,143,Morocco,5417,Yield/Carcass Weight,1806,"Beef and Buffalo Meat, primary",1991,1991,100 g/An,1638,A,Official figure,
QCL,Crops and livestock products,143,Morocco,5510,Production,1806,"Beef and Buffalo Meat, primary",1991,1991,t,149000,A,Official figure,
QCL,Crops and livestock products,143,Morocco,5320,Producing Animals/Slaughtered,1806,"Beef and Buffalo Meat, primary",1991,1991,An,909688,A,Official figure,
QCL,Crops and livestock products,143,Morocco,5417,Yield/Carcass Weight,1806,"Beef and Buffalo Meat, primary",1992,1992,100 g/An,1343,A,Official figure,
QCL,Crops and livestock products,143,Morocco,5510,Production,1806,"Beef and Buffalo Meat, primary",1992,1992,t,145000,A,Official figure,
QCL,Crops and livestock products,143,Morocco,5320,Producing Animals/Slaughtered,1806,"Beef and Buffalo Meat, primary",1992,1992,An,1080000,A,Official figure,
QCL,Crops and livestock products,143,Morocco,5417,Yield/Carcass Weight,1806,"Beef and Buffalo Meat, primary",1993,1993,100 g/An,1315,A,Official figure,
QCL,Crops and livestock products,143,Morocco,5510,Production,1806,"Beef and Buffalo Meat, primary",1993,1993,t,150000,A,Official figure,
QCL,Crops and livestock products,143,Morocco,5320,Producing Animals/Slaughtered,1806,"Beef and Buffalo Meat, primary",1993,1993,An,1141000,A,Official figure,
QCL,Crops and livestock products,143,Morocco,5417,Yield/Carcass Weight,1806,"Beef and Buffalo Meat, primary",1994,1994,100 g/An,1524,E,Estimated value,
QCL,Crops and livestock products,143,Morocco,5510,Production,1806,"Beef and Buffalo Meat, primary",1994,1994,t,125000,A,Official figure,
QCL,Crops and livestock products,143,Morocco,5320,Producing Animals/Slaughtered,1806,"Beef and Buffalo Meat, primary",1994,1994,An,820000,X,Figure from international organizations,
QCL,Crops and livestock products,143,Morocco,5417,Yield/Carcass Weight,1806,"Beef and Buffalo Meat, primary",1995,1995,100 g/An,1546,A,Official figure,
QCL,Crops and livestock products,143,Morocco,5510,Production,1806,"Beef and Buffalo Meat, primary",1995,1995,t,122100,A,Official figure,
QCL,Crops and livestock products,143,Morocco,5320,Producing Animals/Slaughtered,1806,"Beef and Buffalo Meat, primary",1995,1995,An,790000,A,Official figure,
QCL,Crops and livestock products,143,Morocco,5417,Yield/Carcass Weight,1806,"Beef and Buffalo Meat, primary",1996,1996,100 g/An,1602,A,Official figure,
QCL,Crops and livestock products,143,Morocco,5510,Production,1806,"Beef and Buffalo Meat, primary",1996,1996,t,103000,A,Official figure,
QCL,Crops and livestock products,143,Morocco,5320,Producing Animals/Slaughtered,1806,"Beef and Buffalo Meat, primary",1996,1996,An,643000,A,Official figure,
QCL,Crops and livestock products,143,Morocco,5417,Yield/Carcass Weight,1806,"Beef and Buffalo Meat, primary",1997,1997,100 g/An,1761,A,Official figure,
QCL,Crops and livestock products,143,Morocco,5510,Production,1806,"Beef and Buffalo Meat, primary",1997,1997,t,125000,A,Official figure,
QCL,Crops and livestock products,143,Morocco,5320,Producing Animals/Slaughtered,1806,"Beef and Buffalo Meat, primary",1997,1997,An,710000,A,Official figure,
QCL,Crops and livestock products,143,Morocco,5417,Yield/Carcass Weight,1806,"Beef and Buffalo Meat, primary",1998,1998,100 g/An,1788,A,Official figure,
QCL,Crops and livestock products,143,Morocco,5510,Production,1806,"Beef and Buffalo Meat, primary",1998,1998,t,120000,A,Official figure,
QCL,Crops and livestock products,143,Morocco,5320,Producing Animals/Slaughtered,1806,"Beef and Buffalo Meat, primary",1998,1998,An,671000,A,Official figure,
QCL,Crops and livestock products,143,Morocco,5417,Yield/Carcass Weight,1806,"Beef and Buffalo Meat, primary",1999,1999,100 g/An,1929,A,Official figure,
QCL,Crops and livestock products,143,Morocco,5510,Production,1806,"Beef and Buffalo Meat, primary",1999,1999,t,135000,A,Official figure,
QCL,Crops and livestock products,143,Morocco,5320,Producing Animals/Slaughtered,1806,"Beef and Buffalo Meat, primary",1999,1999,An,700000,A,Official figure,
QCL,Crops and livestock products,143,Morocco,5417,Yield/Carcass Weight,1806,"Beef and Buffalo Meat, primary",2000,2000,100 g/An,1750,A,Official figure,
QCL,Crops and livestock products,143,Morocco,5510,Production,1806,"Beef and Buffalo Meat, primary",2000,2000,t,140000,A,Official figure,
QCL,Crops and livestock products,143,Morocco,5320,Producing Animals/Slaughtered,1806,"Beef and Buffalo Meat, primary",2000,2000,An,800000,A,Official figure,
QCL,Crops and livestock products,143,Morocco,5417,Yield/Carcass Weight,1806,"Beef and Buffalo Meat, primary",2001,2001,100 g/An,1801,A,Official figure,
QCL,Crops and livestock products,143,Morocco,5510,Production,1806,"Beef and Buffalo Meat, primary",2001,2001,t,145000,A,Official figure,
QCL,Crops and livestock products,143,Morocco,5320,Producing Animals/Slaughtered,1806,"Beef and Buffalo Meat, primary",2001,2001,An,805000,A,Official figure,
QCL,Crops and livestock products,143,Morocco,5417,Yield/Carcass Weight,1806,"Beef and Buffalo Meat, primary",2002,2002,100 g/An,2000,E,Estimated value,
QCL,Crops and livestock products,143,Morocco,5510,Production,1806,"Beef and Buffalo Meat, primary",2002,2002,t,170000,A,Official figure,
QCL,Crops and livestock products,143,Morocco,5320,Producing Animals/Slaughtered,1806,"Beef and Buffalo Meat, primary",2002,2002,An,850000,E,Estimated value,
QCL,Crops and livestock products,143,Morocco,5417,Yield/Carcass Weight,1806,"Beef and Buffalo Meat, primary",2003,2003,100 g/An,1807,E,Estimated value,
QCL,Crops and livestock products,143,Morocco,5510,Production,1806,"Beef and Buffalo Meat, primary",2003,2003,t,150000,A,Official figure,
QCL,Crops and livestock products,143,Morocco,5320,Producing Animals/Slaughtered,1806,"Beef and Buffalo Meat, primary",2003,2003,An,830000,E,Estimated value,
QCL,Crops and livestock products,143,Morocco,5417,Yield/Carcass Weight,1806,"Beef and Buffalo Meat, primary",2004,2004,100 g/An,1728,E,Estimated value,
QCL,Crops and livestock products,143,Morocco,5510,Production,1806,"Beef and Buffalo Meat, primary",2004,2004,t,140000,A,Official figure,
QCL,Crops and livestock products,143,Morocco,5320,Producing Animals/Slaughtered,1806,"Beef and Buffalo Meat, primary",2004,2004,An,810000,E,Estimated value,
QCL,Crops and livestock products,143,Morocco,5417,Yield/Carcass Weight,1806,"Beef and Buffalo Meat, primary",2005,2005,100 g/An,1869,E,Estimated value,
QCL,Crops and livestock products,143,Morocco,5510,Production,1806,"Beef and Buffalo Meat, primary",2005,2005,t,157000,A,Official figure,
QCL,Crops and livestock products,143,Morocco,5320,Producing Animals/Slaughtered,1806,"Beef and Buffalo Meat, primary",2005,2005,An,840000,E,Estimated value,
QCL,Crops and livestock products,143,Morocco,5417,Yield/Carcass Weight,1806,"Beef and Buffalo Meat, primary",2006,2006,100 g/An,2078,A,Official figure,
QCL,Crops and livestock products,143,Morocco,5510,Production,1806,"Beef and Buffalo Meat, primary",2006,2006,t,160000,A,Official figure,
QCL,Crops and livestock products,143,Morocco,5320,Producing Animals/Slaughtered,1806,"Beef and Buffalo Meat, primary",2006,2006,An,770000,A,Official figure,
QCL,Crops and livestock products,143,Morocco,5417,Yield/Carcass Weight,1806,"Beef and Buffalo Meat, primary",2007,2007,100 g/An,1893,A,Official figure,
QCL,Crops and livestock products,143,Morocco,5510,Production,1806,"Beef and Buffalo Meat, primary",2007,2007,t,160000,A,Official figure,
QCL,Crops and livestock products,143,Morocco,5320,Producing Animals/Slaughtered,1806,"Beef and Buffalo Meat, primary",2007,2007,An,845000,A,Official figure,
QCL,Crops and livestock products,143,Morocco,5417,Yield/Carcass Weight,1806,"Beef and Buffalo Meat, primary",2008,2008,100 g/An,1885,A,Official figure,
QCL,Crops and livestock products,143,Morocco,5510,Production,1806,"Beef and Buffalo Meat, primary",2008,2008,t,180000,A,Official figure,
QCL,Crops and livestock products,143,Morocco,5320,Producing Animals/Slaughtered,1806,"Beef and Buffalo Meat, primary",2008,2008,An,955000,A,Official figure,
QCL,Crops and livestock products,143,Morocco,5417,Yield/Carcass Weight,1806,"Beef and Buffalo Meat, primary",2009,2009,100 g/An,1937,A,Official figure,
QCL,Crops and livestock products,143,Morocco,5510,Production,1806,"Beef and Buffalo Meat, primary",2009,2009,t,190000,A,Official figure,
QCL,Crops and livestock products,143,Morocco,5320,Producing Animals/Slaughtered,1806,"Beef and Buffalo Meat, primary",2009,2009,An,981000,A,Official figure,
QCL,Crops and livestock products,143,Morocco,5417,Yield/Carcass Weight,1806,"Beef and Buffalo Meat, primary",2010,2010,100 g/An,2021,E,Estimated value,
QCL,Crops and livestock products,143,Morocco,5510,Production,1806,"Beef and Buffalo Meat, primary",2010,2010,t,192000,A,Official figure,
QCL,Crops and livestock products,143,Morocco,5320,Producing Animals/Slaughtered,1806,"Beef and Buffalo Meat, primary",2010,2010,An,950000,X,Figure from international organizations,
QCL,Crops and livestock products,143,Morocco,5417,Yield/Carcass Weight,1806,"Beef and Buffalo Meat, primary",2011,2011,100 g/An,1938,E,Estimated value,
QCL,Crops and livestock products,143,Morocco,5510,Production,1806,"Beef and Buffalo Meat, primary",2011,2011,t,198657,A,Official figure,
QCL,Crops and livestock products,143,Morocco,5320,Producing Animals/Slaughtered,1806,"Beef and Buffalo Meat, primary",2011,2011,An,1025000,E,Estimated value,
QCL,Crops and livestock products,143,Morocco,5417,Yield/Carcass Weight,1806,"Beef and Buffalo Meat, primary",2012,2012,100 g/An,1951,E,Estimated value,
QCL,Crops and livestock products,143,Morocco,5510,Production,1806,"Beef and Buffalo Meat, primary",2012,2012,t,204422,A,Official figure,
QCL,Crops and livestock products,143,Morocco,5320,Producing Animals/Slaughtered,1806,"Beef and Buffalo Meat, primary",2012,2012,An,1048000,E,Estimated value,
QCL,Crops and livestock products,143,Morocco,5417,Yield/Carcass Weight,1806,"Beef and Buffalo Meat, primary",2013,2013,100 g/An,1960,E,Estimated value,
QCL,Crops and livestock products,143,Morocco,5510,Production,1806,"Beef and Buffalo Meat, primary",2013,2013,t,254000,A,Official figure,
QCL,Crops and livestock products,143,Morocco,5320,Producing Animals/Slaughtered,1806,"Beef and Buffalo Meat, primary",2013,2013,An,1296000,E,Estimated value,
QCL,Crops and livestock products,143,Morocco,5417,Yield/Carcass Weight,1806,"Beef and Buffalo Meat, primary",2014,2014,100 g/An,2142,E,Estimated value,
QCL,Crops and livestock products,143,Morocco,5510,Production,1806,"Beef and Buffalo Meat, primary",2014,2014,t,259078,A,Official figure,
QCL,Crops and livestock products,143,Morocco,5320,Producing Animals/Slaughtered,1806,"Beef and Buffalo Meat, primary",2014,2014,An,1209627,E,Estimated value,
QCL,Crops and livestock products,143,Morocco,5417,Yield/Carcass Weight,1806,"Beef and Buffalo Meat, primary",2015,2015,100 g/An,2046,E,Estimated value,
QCL,Crops and livestock products,143,Morocco,5510,Production,1806,"Beef and Buffalo Meat, primary",2015,2015,t,245514,A,Official figure,
QCL,Crops and livestock products,143,Morocco,5320,Producing Animals/Slaughtered,1806,"Beef and Buffalo Meat, primary",2015,2015,An,1200000,E,Estimated value,
QCL,Crops and livestock products,143,Morocco,5417,Yield/Carcass Weight,1806,"Beef and Buffalo Meat, primary",2016,2016,100 g/An,2148,E,Estimated value,
QCL,Crops and livestock products,143,Morocco,5510,Production,1806,"Beef and Buffalo Meat, primary",2016,2016,t,257799,A,Official figure,
QCL,Crops and livestock products,143,Morocco,5320,Producing Animals/Slaughtered,1806,"Beef and Buffalo Meat, primary",2016,2016,An,1200000,E,Estimated value,
QCL,Crops and livestock products,143,Morocco,5417,Yield/Carcass Weight,1806,"Beef and Buffalo Meat, primary",2017,2017,100 g/An,2305,E,Estimated value,
QCL,Crops and livestock products,143,Morocco,5510,Production,1806,"Beef and Buffalo Meat, primary",2017,2017,t,276548,A,Official figure,
QCL,Crops and livestock products,143,Morocco,5320,Producing Animals/Slaughtered,1806,"Beef and Buffalo Meat, primary",2017,2017,An,1200000,E,Estimated value,
QCL,Crops and livestock products,143,Morocco,5417,Yield/Carcass Weight,1806,"Beef and Buffalo Meat, primary",2018,2018,100 g/An,2734,E,Estimated value,
QCL,Crops and livestock products,143,Morocco,5510,Production,1806,"Beef and Buffalo Meat, primary",2018,2018,t,281600,A,Official figure,
QCL,Crops and livestock products,143,Morocco,5320,Producing Animals/Slaughtered,1806,"Beef and Buffalo Meat, primary",2018,2018,An,1029805,E,Estimated value,
QCL,Crops and livestock products,143,Morocco,5417,Yield/Carcass Weight,1806,"Beef and Buffalo Meat, primary",2019,2019,100 g/An,2166,E,Estimated value,
QCL,Crops and livestock products,143,Morocco,5510,Production,1806,"Beef and Buffalo Meat, primary",2019,2019,t,283002,A,Official figure,
QCL,Crops and livestock products,143,Morocco,5320,Producing Animals/Slaughtered,1806,"Beef and Buffalo Meat, primary",2019,2019,An,1306396,E,Estimated value,
QCL,Crops and livestock products,143,Morocco,5417,Yield/Carcass Weight,1806,"Beef and Buffalo Meat, primary",2020,2020,100 g/An,2166,E,Estimated value,
QCL,Crops and livestock products,143,Morocco,5510,Production,1806,"Beef and Buffalo Meat, primary",2020,2020,t,282000,A,Official figure,
QCL,Crops and livestock products,143,Morocco,5320,Producing Animals/Slaughtered,1806,"Beef and Buffalo Meat, primary",2020,2020,An,1301770,E,Estimated value,
QCL,Crops and livestock products,143,Morocco,5417,Yield/Carcass Weight,1806,"Beef and Buffalo Meat, primary",2021,2021,100 g/An,2166,E,Estimated value,
QCL,Crops and livestock products,143,Morocco,5510,Production,1806,"Beef and Buffalo Meat, primary",2021,2021,t,282000,A,Official figure,
QCL,Crops and livestock products,143,Morocco,5320,Producing Animals/Slaughtered,1806,"Beef and Buffalo Meat, primary",2021,2021,An,1301770,E,Estimated value,
QCL,Crops and livestock products,143,Morocco,5417,Yield/Carcass Weight,1806,"Beef and Buffalo Meat, primary",2022,2022,100 g/An,2781,E,Estimated value,
QCL,Crops and livestock products,143,Morocco,5510,Production,1806,"Beef and Buffalo Meat, primary",2022,2022,t,256769,A,Official figure,
QCL,Crops and livestock products,143,Morocco,5320,Producing Animals/Slaughtered,1806,"Beef and Buffalo Meat, primary",2022,2022,An,923358,E,Estimated value,
QCL,Crops and livestock products,143,Morocco,5510,Production,1811,Butter and Ghee,1961,1961,t,5733,E,Estimated value,
QCL,Crops and livestock products,143,Morocco,5510,Production,1811,Butter and Ghee,1962,1962,t,5223,E,Estimated value,
QCL,Crops and livestock products,143,Morocco,5510,Production,1811,Butter and Ghee,1963,1963,t,5395,E,Estimated value,
QCL,Crops and livestock products,143,Morocco,5510,Production,1811,Butter and Ghee,1964,1964,t,5751,E,Estimated value,
QCL,Crops and livestock products,143,Morocco,5510,Production,1811,Butter and Ghee,1965,1965,t,6136,E,Estimated value,
QCL,Crops and livestock products,143,Morocco,5510,Production,1811,Butter and Ghee,1966,1966,t,6580,E,Estimated value,
QCL,Crops and livestock products,143,Morocco,5510,Production,1811,Butter and Ghee,1967,1967,t,6697,E,Estimated value,
QCL,Crops and livestock products,143,Morocco,5510,Production,1811,Butter and Ghee,1968,1968,t,6697,E,Estimated value,
QCL,Crops and livestock products,143,Morocco,5510,Production,1811,Butter and Ghee,1969,1969,t,7133,E,Estimated value,
QCL,Crops and livestock products,143,Morocco,5510,Production,1811,Butter and Ghee,1970,1970,t,7297,E,Estimated value,
QCL,Crops and livestock products,143,Morocco,5510,Production,1811,Butter and Ghee,1971,1971,t,7557,E,Estimated value,
QCL,Crops and livestock products,143,Morocco,5510,Production,1811,Butter and Ghee,1972,1972,t,7906,E,Estimated value,
QCL,Crops and livestock products,143,Morocco,5510,Production,1811,Butter and Ghee,1973,1973,t,8199,E,Estimated value,
QCL,Crops and livestock products,143,Morocco,5510,Production,1811,Butter and Ghee,1974,1974,t,7821,E,Estimated value,
QCL,Crops and livestock products,143,Morocco,5510,Production,1811,Butter and Ghee,1975,1975,t,8038,E,Estimated value,
QCL,Crops and livestock products,143,Morocco,5510,Production,1811,Butter and Ghee,1976,1976,t,8202,E,Estimated value,
QCL,Crops and livestock products,143,Morocco,5510,Production,1811,Butter and Ghee,1977,1977,t,9080,E,Estimated value,
QCL,Crops and livestock products,143,Morocco,5510,Production,1811,Butter and Ghee,1978,1978,t,10061,E,Estimated value,
QCL,Crops and livestock products,143,Morocco,5510,Production,1811,Butter and Ghee,1979,1979,t,11803,E,Estimated value,
QCL,Crops and livestock products,143,Morocco,5510,Production,1811,Butter and Ghee,1980,1980,t,11517,E,Estimated value,
QCL,Crops and livestock products,143,Morocco,5510,Production,1811,Butter and Ghee,1981,1981,t,12291,E,Estimated value,
QCL,Crops and livestock products,143,Morocco,5510,Production,1811,Butter and Ghee,1982,1982,t,12428,E,Estimated value,
QCL,Crops and livestock products,143,Morocco,5510,Production,1811,Butter and Ghee,1983,1983,t,12542,E,Estimated value,
QCL,Crops and livestock products,143,Morocco,5510,Production,1811,Butter and Ghee,1984,1984,t,11150,E,Estimated value,
QCL,Crops and livestock products,143,Morocco,5510,Production,1811,Butter and Ghee,1985,1985,t,11699,E,Estimated value,
QCL,Crops and livestock products,143,Morocco,5510,Production,1811,Butter and Ghee,1986,1986,t,11873,E,Estimated value,
QCL,Crops and livestock products,143,Morocco,5510,Production,1811,Butter and Ghee,1987,1987,t,12773,E,Estimated value,
QCL,Crops and livestock products,143,Morocco,5510,Production,1811,Butter and Ghee,1988,1988,t,14013,E,Estimated value,
QCL,Crops and livestock products,143,Morocco,5510,Production,1811,Butter and Ghee,1989,1989,t,15128,E,Estimated value,
QCL,Crops and livestock products,143,Morocco,5510,Production,1811,Butter and Ghee,1990,1990,t,14177,E,Estimated value,
QCL,Crops and livestock products,143,Morocco,5510,Production,1811,Butter and Ghee,1991,1991,t,14691,E,Estimated value,
QCL,Crops and livestock products,143,Morocco,5510,Production,1811,Butter and Ghee,1992,1992,t,14994,E,Estimated value,
QCL,Crops and livestock products,143,Morocco,5510,Production,1811,Butter and Ghee,1993,1993,t,13406,E,Estimated value,
QCL,Crops and livestock products,143,Morocco,5510,Production,1811,Butter and Ghee,1994,1994,t,13490,E,Estimated value,
QCL,Crops and livestock products,143,Morocco,5510,Production,1811,Butter and Ghee,1995,1995,t,13655,E,Estimated value,
QCL,Crops and livestock products,143,Morocco,5510,Production,1811,Butter and Ghee,1996,1996,t,13984,E,Estimated value,
QCL,Crops and livestock products,143,Morocco,5510,Production,1811,Butter and Ghee,1997,1997,t,19153,E,Estimated value,
QCL,Crops and livestock products,143,Morocco,5510,Production,1811,Butter and Ghee,1998,1998,t,16458,E,Estimated value,
QCL,Crops and livestock products,143,Morocco,5510,Production,1811,Butter and Ghee,1999,1999,t,18090,E,Estimated value,
QCL,Crops and livestock products,143,Morocco,5510,Production,1811,Butter and Ghee,2000,2000,t,18410,E,Estimated value,
QCL,Crops and livestock products,143,Morocco,5510,Production,1811,Butter and Ghee,2001,2001,t,17667,E,Estimated value,
QCL,Crops and livestock products,143,Morocco,5510,Production,1811,Butter and Ghee,2002,2002,t,19136,E,Estimated value,
QCL,Crops and livestock products,143,Morocco,5510,Production,1811,Butter and Ghee,2003,2003,t,19337,E,Estimated value,
QCL,Crops and livestock products,143,Morocco,5510,Production,1811,Butter and Ghee,2004,2004,t,19824,E,Estimated value,
QCL,Crops and livestock products,143,Morocco,5510,Production,1811,Butter and Ghee,2005,2005,t,21517,E,Estimated value,
QCL,Crops and livestock products,143,Morocco,5510,Production,1811,Butter and Ghee,2006,2006,t,23054,E,Estimated value,
QCL,Crops and livestock products,143,Morocco,5510,Production,1811,Butter and Ghee,2007,2007,t,24604,E,Estimated value,
QCL,Crops and livestock products,143,Morocco,5510,Production,1811,Butter and Ghee,2008,2008,t,26127,E,Estimated value,
QCL,Crops and livestock products,143,Morocco,5510,Production,1811,Butter and Ghee,2009,2009,t,27523,E,Estimated value,
QCL,Crops and livestock products,143,Morocco,5510,Production,1811,Butter and Ghee,2010,2010,t,28947,E,Estimated value,
QCL,Crops and livestock products,143,Morocco,5510,Production,1811,Butter and Ghee,2011,2011,t,33356,E,Estimated value,
QCL,Crops and livestock products,143,Morocco,5510,Production,1811,Butter and Ghee,2012,2012,t,37956,E,Estimated value,
QCL,Crops and livestock products,143,Morocco,5510,Production,1811,Butter and Ghee,2013,2013,t,34402,E,Estimated value,
QCL,Crops and livestock products,143,Morocco,5510,Production,1811,Butter and Ghee,2014,2014,t,35833,E,Estimated value,
QCL,Crops and livestock products,143,Morocco,5510,Production,1811,Butter and Ghee,2015,2015,t,36504,E,Estimated value,
QCL,Crops and livestock products,143,Morocco,5510,Production,1811,Butter and Ghee,2016,2016,t,37266,E,Estimated value,
QCL,Crops and livestock products,143,Morocco,5510,Production,1811,Butter and Ghee,2017,2017,t,37996,E,Estimated value,
QCL,Crops and livestock products,143,Morocco,5510,Production,1811,Butter and Ghee,2018,2018,t,37998,E,Estimated value,
QCL,Crops and livestock products,143,Morocco,5510,Production,1811,Butter and Ghee,2019,2019,t,38127,E,Estimated value,
QCL,Crops and livestock products,143,Morocco,5510,Production,1811,Butter and Ghee,2020,2020,t,38498,E,Estimated value,
QCL,Crops and livestock products,143,Morocco,5510,Production,1811,Butter and Ghee,2021,2021,t,38535,E,Estimated value,
QCL,Crops and livestock products,143,Morocco,5111,Stocks,1746,Cattle and Buffaloes,1961,1961,An,2801000,A,Official figure,
QCL,Crops and livestock products,143,Morocco,5111,Stocks,1746,Cattle and Buffaloes,1962,1962,An,2564000,A,Official figure,
QCL,Crops and livestock products,143,Morocco,5111,Stocks,1746,Cattle and Buffaloes,1963,1963,An,2686000,A,Official figure,
QCL,Crops and livestock products,143,Morocco,5111,Stocks,1746,Cattle and Buffaloes,1964,1964,An,2871000,A,Official figure,
QCL,Crops and livestock products,143,Morocco,5111,Stocks,1746,Cattle and Buffaloes,1965,1965,An,3044000,A,Official figure,
QCL,Crops and livestock products,143,Morocco,5111,Stocks,1746,Cattle and Buffaloes,1966,1966,An,3277000,A,Official figure,
QCL,Crops and livestock products,143,Morocco,5111,Stocks,1746,Cattle and Buffaloes,1967,1967,An,3377000,A,Official figure,
QCL,Crops and livestock products,143,Morocco,5111,Stocks,1746,Cattle and Buffaloes,1968,1968,An,3315000,A,Official figure,
QCL,Crops and livestock products,143,Morocco,5111,Stocks,1746,Cattle and Buffaloes,1969,1969,An,3580000,A,Official figure,
QCL,Crops and livestock products,143,Morocco,5111,Stocks,1746,Cattle and Buffaloes,1970,1970,An,3600000,E,Estimated value,
QCL,Crops and livestock products,143,Morocco,5111,Stocks,1746,Cattle and Buffaloes,1971,1971,An,3670000,A,Official figure,
QCL,Crops and livestock products,143,Morocco,5111,Stocks,1746,Cattle and Buffaloes,1972,1972,An,3500000,A,Official figure,
QCL,Crops and livestock products,143,Morocco,5111,Stocks,1746,Cattle and Buffaloes,1973,1973,An,3600000,A,Official figure,
QCL,Crops and livestock products,143,Morocco,5111,Stocks,1746,Cattle and Buffaloes,1974,1974,An,3400000,A,Official figure,
QCL,Crops and livestock products,143,Morocco,5111,Stocks,1746,Cattle and Buffaloes,1975,1975,An,3620000,A,Official figure,
QCL,Crops and livestock products,143,Morocco,5111,Stocks,1746,Cattle and Buffaloes,1976,1976,An,3620000,X,Figure from international organizations,
QCL,Crops and livestock products,143,Morocco,5111,Stocks,1746,Cattle and Buffaloes,1977,1977,An,3400000,X,Figure from international organizations,
QCL,Crops and livestock products,143,Morocco,5111,Stocks,1746,Cattle and Buffaloes,1978,1978,An,3600000,X,Figure from international organizations,
QCL,Crops and livestock products,143,Morocco,5111,Stocks,1746,Cattle and Buffaloes,1979,1979,An,3460900,A,Official figure,
QCL,Crops and livestock products,143,Morocco,5111,Stocks,1746,Cattle and Buffaloes,1980,1980,An,3376200,A,Official figure,
QCL,Crops and livestock products,143,Morocco,5111,Stocks,1746,Cattle and Buffaloes,1981,1981,An,3247870,A,Official figure,
QCL,Crops and livestock products,143,Morocco,5111,Stocks,1746,Cattle and Buffaloes,1982,1982,An,2536530,A,Official figure,
QCL,Crops and livestock products,143,Morocco,5111,Stocks,1746,Cattle and Buffaloes,1983,1983,An,2430900,A,Official figure,
QCL,Crops and livestock products,143,Morocco,5111,Stocks,1746,Cattle and Buffaloes,1984,1984,An,2362880,A,Official figure,
QCL,Crops and livestock products,143,Morocco,5111,Stocks,1746,Cattle and Buffaloes,1985,1985,An,2501000,A,Official figure,
QCL,Crops and livestock products,143,Morocco,5111,Stocks,1746,Cattle and Buffaloes,1986,1986,An,2851339,A,Official figure,
QCL,Crops and livestock products,143,Morocco,5111,Stocks,1746,Cattle and Buffaloes,1987,1987,An,3177540,A,Official figure,
QCL,Crops and livestock products,143,Morocco,5111,Stocks,1746,Cattle and Buffaloes,1988,1988,An,3136926,A,Official figure,
QCL,Crops and livestock products,143,Morocco,5111,Stocks,1746,Cattle and Buffaloes,1989,1989,An,3324240,A,Official figure,
QCL,Crops and livestock products,143,Morocco,5111,Stocks,1746,Cattle and Buffaloes,1990,1990,An,3346258,A,Official figure,
QCL,Crops and livestock products,143,Morocco,5111,Stocks,1746,Cattle and Buffaloes,1991,1991,An,3182920,A,Official figure,
QCL,Crops and livestock products,143,Morocco,5111,Stocks,1746,Cattle and Buffaloes,1992,1992,An,3004830,A,Official figure,
QCL,Crops and livestock products,143,Morocco,5111,Stocks,1746,Cattle and Buffaloes,1993,1993,An,2348258,A,Official figure,
QCL,Crops and livestock products,143,Morocco,5111,Stocks,1746,Cattle and Buffaloes,1994,1994,An,2343200,A,Official figure,
QCL,Crops and livestock products,143,Morocco,5111,Stocks,1746,Cattle and Buffaloes,1995,1995,An,2370800,A,Official figure,
QCL,Crops and livestock products,143,Morocco,5111,Stocks,1746,Cattle and Buffaloes,1996,1996,An,2408400,A,Official figure,
QCL,Crops and livestock products,143,Morocco,5111,Stocks,1746,Cattle and Buffaloes,1997,1997,An,2547200,A,Official figure,
QCL,Crops and livestock products,143,Morocco,5111,Stocks,1746,Cattle and Buffaloes,1998,1998,An,2568600,A,Official figure,
QCL,Crops and livestock products,143,Morocco,5111,Stocks,1746,Cattle and Buffaloes,1999,1999,An,2565500,A,Official figure,
QCL,Crops and livestock products,143,Morocco,5111,Stocks,1746,Cattle and Buffaloes,2000,2000,An,2674600,A,Official figure,
QCL,Crops and livestock products,143,Morocco,5111,Stocks,1746,Cattle and Buffaloes,2001,2001,An,2647100,A,Official figure,
QCL,Crops and livestock products,143,Morocco,5111,Stocks,1746,Cattle and Buffaloes,2002,2002,An,2669600,A,Official figure,
QCL,Crops and livestock products,143,Morocco,5111,Stocks,1746,Cattle and Buffaloes,2003,2003,An,2688600,A,Official figure,
QCL,Crops and livestock products,143,Morocco,5111,Stocks,1746,Cattle and Buffaloes,2004,2004,An,2728800,A,Official figure,
QCL,Crops and livestock products,143,Morocco,5111,Stocks,1746,Cattle and Buffaloes,2005,2005,An,2721700,A,Official figure,
QCL,Crops and livestock products,143,Morocco,5111,Stocks,1746,Cattle and Buffaloes,2006,2006,An,2755100,A,Official figure,
QCL,Crops and livestock products,143,Morocco,5111,Stocks,1746,Cattle and Buffaloes,2007,2007,An,2781100,A,Official figure,
QCL,Crops and livestock products,143,Morocco,5111,Stocks,1746,Cattle and Buffaloes,2008,2008,An,2814000,A,Official figure,
QCL,Crops and livestock products,143,Morocco,5111,Stocks,1746,Cattle and Buffaloes,2009,2009,An,2788100,A,Official figure,
QCL,Crops and livestock products,143,Morocco,5111,Stocks,1746,Cattle and Buffaloes,2010,2010,An,2895800,A,Official figure,
QCL,Crops and livestock products,143,Morocco,5111,Stocks,1746,Cattle and Buffaloes,2011,2011,An,3037930,A,Official figure,
QCL,Crops and livestock products,143,Morocco,5111,Stocks,1746,Cattle and Buffaloes,2012,2012,An,3029180,A,Official figure,
QCL,Crops and livestock products,143,Morocco,5111,Stocks,1746,Cattle and Buffaloes,2013,2013,An,3172984,A,Official figure,
QCL,Crops and livestock products,143,Morocco,5111,Stocks,1746,Cattle and Buffaloes,2014,2014,An,3238688,A,Official figure,
QCL,Crops and livestock products,143,Morocco,5111,Stocks,1746,Cattle and Buffaloes,2015,2015,An,3291050,A,Official figure,
QCL,Crops and livestock products,143,Morocco,5111,Stocks,1746,Cattle and Buffaloes,2016,2016,An,3300000,A,Official figure,
QCL,Crops and livestock products,143,Morocco,5111,Stocks,1746,Cattle and Buffaloes,2017,2017,An,3364000,A,Official figure,
QCL,Crops and livestock products,143,Morocco,5111,Stocks,1746,Cattle and Buffaloes,2018,2018,An,3441000,A,Official figure,
QCL,Crops and livestock products,143,Morocco,5111,Stocks,1746,Cattle and Buffaloes,2019,2019,An,3328000,A,Official figure,
QCL,Crops and livestock products,143,Morocco,5111,Stocks,1746,Cattle and Buffaloes,2020,2020,An,3166900,A,Official figure,
QCL,Crops and livestock products,143,Morocco,5111,Stocks,1746,Cattle and Buffaloes,2021,2021,An,3178876,A,Official figure,
QCL,Crops and livestock products,143,Morocco,5111,Stocks,1746,Cattle and Buffaloes,2022,2022,An,3100909,A,Official figure,
QCL,Crops and livestock products,143,Morocco,5312,Area harvested,1717,"Cereals, primary",1961,1961,ha,3772884,A,Official figure,
QCL,Crops and livestock products,143,Morocco,5419,Yield,1717,"Cereals, primary",1961,1961,100 g/ha,4076,A,Official figure,
QCL,Crops and livestock products,143,Morocco,5510,Production,1717,"Cereals, primary",1961,1961,t,1537830,A,Official figure,
QCL,Crops and livestock products,143,Morocco,5312,Area harvested,1717,"Cereals, primary",1962,1962,ha,3285652,A,Official figure,
QCL,Crops and livestock products,143,Morocco,5419,Yield,1717,"Cereals, primary",1962,1962,100 g/ha,10689,A,Official figure,
QCL,Crops and livestock products,143,Morocco,5510,Production,1717,"Cereals, primary",1962,1962,t,3511979,A,Official figure,
QCL,Crops and livestock products,143,Morocco,5312,Area harvested,1717,"Cereals, primary",1963,1963,ha,4326300,A,Official figure,
QCL,Crops and livestock products,143,Morocco,5419,Yield,1717,"Cereals, primary",1963,1963,100 g/ha,8913,A,Official figure,
QCL,Crops and livestock products,143,Morocco,5510,Production,1717,"Cereals, primary",1963,1963,t,3856071,A,Official figure,
QCL,Crops and livestock products,143,Morocco,5312,Area harvested,1717,"Cereals, primary",1964,1964,ha,3938680,A,Official figure,
QCL,Crops and livestock products,143,Morocco,5419,Yield,1717,"Cereals, primary",1964,1964,100 g/ha,8641,A,Official figure,
QCL,Crops and livestock products,143,Morocco,5510,Production,1717,"Cereals, primary",1964,1964,t,3403305,A,Official figure,
QCL,Crops and livestock products,143,Morocco,5312,Area harvested,1717,"Cereals, primary",1965,1965,ha,3956110,A,Official figure,
QCL,Crops and livestock products,143,Morocco,5419,Yield,1717,"Cereals, primary",1965,1965,100 g/ha,8813,A,Official figure,
QCL,Crops and livestock products,143,Morocco,5510,Production,1717,"Cereals, primary",1965,1965,t,3486365,A,Official figure,
QCL,Crops and livestock products,143,Morocco,5312,Area harvested,1717,"Cereals, primary",1966,1966,ha,4653000,A,Official figure,
QCL,Crops and livestock products,143,Morocco,5419,Yield,1717,"Cereals, primary",1966,1966,100 g/ha,4685,A,Official figure,
QCL,Crops and livestock products,143,Morocco,5510,Production,1717,"Cereals, primary",1966,1966,t,2179840,A,Official figure,
QCL,Crops and livestock products,143,Morocco,5312,Area harvested,1717,"Cereals, primary",1967,1967,ha,4839060,A,Official figure,
QCL,Crops and livestock products,143,Morocco,5419,Yield,1717,"Cereals, primary",1967,1967,100 g/ha,7281,A,Official figure,
QCL,Crops and livestock products,143,Morocco,5510,Production,1717,"Cereals, primary",1967,1967,t,3523200,A,Official figure,
QCL,Crops and livestock products,143,Morocco,5312,Area harvested,1717,"Cereals, primary",1968,1968,ha,4712400,A,Official figure,
QCL,Crops and livestock products,143,Morocco,5419,Yield,1717,"Cereals, primary",1968,1968,100 g/ha,13481,A,Official figure,
QCL,Crops and livestock products,143,Morocco,5510,Production,1717,"Cereals, primary",1968,1968,t,6352730,A,Official figure,
QCL,Crops and livestock products,143,Morocco,5312,Area harvested,1717,"Cereals, primary",1969,1969,ha,4642400,A,Official figure,
QCL,Crops and livestock products,143,Morocco,5419,Yield,1717,"Cereals, primary",1969,1969,100 g/ha,8809,A,Official figure,
QCL,Crops and livestock products,143,Morocco,5510,Production,1717,"Cereals, primary",1969,1969,t,4089600,A,Official figure,
QCL,Crops and livestock products,143,Morocco,5312,Area harvested,1717,"Cereals, primary",1970,1970,ha,4513200,A,Official figure,
QCL,Crops and livestock products,143,Morocco,5419,Yield,1717,"Cereals, primary",1970,1970,100 g/ha,9420,A,Official figure,
QCL,Crops and livestock products,143,Morocco,5510,Production,1717,"Cereals, primary",1970,1970,t,4251560,A,Official figure,
QCL,Crops and livestock products,143,Morocco,5312,Area harvested,1717,"Cereals, primary",1971,1971,ha,4684325,A,Official figure,
QCL,Crops and livestock products,143,Morocco,5419,Yield,1717,"Cereals, primary",1971,1971,100 g/ha,11426,A,Official figure,
QCL,Crops and livestock products,143,Morocco,5510,Production,1717,"Cereals, primary",1971,1971,t,5352461,A,Official figure,
QCL,Crops and livestock products,143,Morocco,5312,Area harvested,1717,"Cereals, primary",1972,1972,ha,4610100,A,Official figure,
QCL,Crops and livestock products,143,Morocco,5419,Yield,1717,"Cereals, primary",1972,1972,100 g/ha,11208,A,Official figure,
QCL,Crops and livestock products,143,Morocco,5510,Production,1717,"Cereals, primary",1972,1972,t,5167140,A,Official figure,
QCL,Crops and livestock products,143,Morocco,5312,Area harvested,1717,"Cereals, primary",1973,1973,ha,4704200,A,Official figure,
QCL,Crops and livestock products,143,Morocco,5419,Yield,1717,"Cereals, primary",1973,1973,100 g/ha,6864,A,Official figure,
QCL,Crops and livestock products,143,Morocco,5510,Production,1717,"Cereals, primary",1973,1973,t,3228970,A,Official figure,
QCL,Crops and livestock products,143,Morocco,5312,Area harvested,1717,"Cereals, primary",1974,1974,ha,4572000,A,Official figure,
QCL,Crops and livestock products,143,Morocco,5419,Yield,1717,"Cereals, primary",1974,1974,100 g/ha,10519,A,Official figure,
QCL,Crops and livestock products,143,Morocco,5510,Production,1717,"Cereals, primary",1974,1974,t,4809380,A,Official figure,
QCL,Crops and livestock products,143,Morocco,5312,Area harvested,1717,"Cereals, primary",1975,1975,ha,4199900,A,Official figure,
QCL,Crops and livestock products,143,Morocco,5419,Yield,1717,"Cereals, primary",1975,1975,100 g/ha,8878,A,Official figure,
QCL,Crops and livestock products,143,Morocco,5510,Production,1717,"Cereals, primary",1975,1975,t,3728620,A,Official figure,
QCL,Crops and livestock products,143,Morocco,5312,Area harvested,1717,"Cereals, primary",1976,1976,ha,4811900,A,Official figure,
QCL,Crops and livestock products,143,Morocco,5419,Yield,1717,"Cereals, primary",1976,1976,100 g/ha,11873,A,Official figure,
QCL,Crops and livestock products,143,Morocco,5510,Production,1717,"Cereals, primary",1976,1976,t,5713380,A,Official figure,
QCL,Crops and livestock products,143,Morocco,5312,Area harvested,1717,"Cereals, primary",1977,1977,ha,4963300,A,Official figure,
QCL,Crops and livestock products,143,Morocco,5419,Yield,1717,"Cereals, primary",1977,1977,100 g/ha,5819,A,Official figure,
QCL,Crops and livestock products,143,Morocco,5510,Production,1717,"Cereals, primary",1977,1977,t,2888140,A,Official figure,
QCL,Crops and livestock products,143,Morocco,5312,Area harvested,1717,"Cereals, primary",1978,1978,ha,4747800,A,Official figure,
QCL,Crops and livestock products,143,Morocco,5419,Yield,1717,"Cereals, primary",1978,1978,100 g/ha,9993,A,Official figure,
QCL,Crops and livestock products,143,Morocco,5510,Production,1717,"Cereals, primary",1978,1978,t,4744560,A,Official figure,
QCL,Crops and livestock products,143,Morocco,5312,Area harvested,1717,"Cereals, primary",1979,1979,ha,4421500,A,Official figure,
QCL,Crops and livestock products,143,Morocco,5419,Yield,1717,"Cereals, primary",1979,1979,100 g/ha,9280,A,Official figure,
QCL,Crops and livestock products,143,Morocco,5510,Production,1717,"Cereals, primary",1979,1979,t,4103160,A,Official figure,
QCL,Crops and livestock products,143,Morocco,5312,Area harvested,1717,"Cereals, primary",1980,1980,ha,4428550,A,Official figure,
QCL,Crops and livestock products,143,Morocco,5419,Yield,1717,"Cereals, primary",1980,1980,100 g/ha,10195,A,Official figure,
QCL,Crops and livestock products,143,Morocco,5510,Production,1717,"Cereals, primary",1980,1980,t,4514720,A,Official figure,
QCL,Crops and livestock products,143,Morocco,5312,Area harvested,1717,"Cereals, primary",1981,1981,ha,4391000,A,Official figure,
QCL,Crops and livestock products,143,Morocco,5419,Yield,1717,"Cereals, primary",1981,1981,100 g/ha,4852,A,Official figure,
QCL,Crops and livestock products,143,Morocco,5510,Production,1717,"Cereals, primary",1981,1981,t,2130300,A,Official figure,
QCL,Crops and livestock products,143,Morocco,5312,Area harvested,1717,"Cereals, primary",1982,1982,ha,4287300,A,Official figure,
QCL,Crops and livestock products,143,Morocco,5419,Yield,1717,"Cereals, primary",1982,1982,100 g/ha,11468,A,Official figure,
QCL,Crops and livestock products,143,Morocco,5510,Production,1717,"Cereals, primary",1982,1982,t,4916509,A,Official figure,
QCL,Crops and livestock products,143,Morocco,5312,Area harvested,1717,"Cereals, primary",1983,1983,ha,4712100,A,Official figure,
QCL,Crops and livestock products,143,Morocco,5419,Yield,1717,"Cereals, primary",1983,1983,100 g/ha,7600,A,Official figure,
QCL,Crops and livestock products,143,Morocco,5510,Production,1717,"Cereals, primary",1983,1983,t,3581070,A,Official figure,
QCL,Crops and livestock products,143,Morocco,5312,Area harvested,1717,"Cereals, primary",1984,1984,ha,4488300,A,Official figure,
QCL,Crops and livestock products,143,Morocco,5419,Yield,1717,"Cereals, primary",1984,1984,100 g/ha,8375,A,Official figure,
QCL,Crops and livestock products,143,Morocco,5510,Production,1717,"Cereals, primary",1984,1984,t,3759130,A,Official figure,
QCL,Crops and livestock products,143,Morocco,5312,Area harvested,1717,"Cereals, primary",1985,1985,ha,4792400,A,Official figure,
QCL,Crops and livestock products,143,Morocco,5419,Yield,1717,"Cereals, primary",1985,1985,100 g/ha,11085,A,Official figure,
QCL,Crops and livestock products,143,Morocco,5510,Production,1717,"Cereals, primary",1985,1985,t,5312160,A,Official figure,
QCL,Crops and livestock products,143,Morocco,5312,Area harvested,1717,"Cereals, primary",1986,1986,ha,5182870,A,Official figure,
QCL,Crops and livestock products,143,Morocco,5419,Yield,1717,"Cereals, primary",1986,1986,100 g/ha,15097,A,Official figure,
QCL,Crops and livestock products,143,Morocco,5510,Production,1717,"Cereals, primary",1986,1986,t,7824550,A,Official figure,
QCL,Crops and livestock products,143,Morocco,5312,Area harvested,1717,"Cereals, primary",1987,1987,ha,5080200,A,Official figure,
QCL,Crops and livestock products,143,Morocco,5419,Yield,1717,"Cereals, primary",1987,1987,100 g/ha,8537,A,Official figure,
QCL,Crops and livestock products,143,Morocco,5510,Production,1717,"Cereals, primary",1987,1987,t,4336810,A,Official figure,
QCL,Crops and livestock products,143,Morocco,5312,Area harvested,1717,"Cereals, primary",1988,1988,ha,5322300,A,Official figure,
QCL,Crops and livestock products,143,Morocco,5419,Yield,1717,"Cereals, primary",1988,1988,100 g/ha,14954,A,Official figure,
QCL,Crops and livestock products,143,Morocco,5510,Production,1717,"Cereals, primary",1988,1988,t,7958960,A,Official figure,
QCL,Crops and livestock products,143,Morocco,5312,Area harvested,1717,"Cereals, primary",1989,1989,ha,5531900,A,Official figure,
QCL,Crops and livestock products,143,Morocco,5419,Yield,1717,"Cereals, primary",1989,1989,100 g/ha,13429,A,Official figure,
QCL,Crops and livestock products,143,Morocco,5510,Production,1717,"Cereals, primary",1989,1989,t,7428590,A,Official figure,
QCL,Crops and livestock products,143,Morocco,5312,Area harvested,1717,"Cereals, primary",1990,1990,ha,5603328,A,Official figure,
QCL,Crops and livestock products,143,Morocco,5419,Yield,1717,"Cereals, primary",1990,1990,100 g/ha,11200,A,Official figure,
QCL,Crops and livestock products,143,Morocco,5510,Production,1717,"Cereals, primary",1990,1990,t,6275864,A,Official figure,
QCL,Crops and livestock products,143,Morocco,5312,Area harvested,1717,"Cereals, primary",1991,1991,ha,5498300,A,Official figure,
QCL,Crops and livestock products,143,Morocco,5419,Yield,1717,"Cereals, primary",1991,1991,100 g/ha,15759,A,Official figure,
QCL,Crops and livestock products,143,Morocco,5510,Production,1717,"Cereals, primary",1991,1991,t,8664685,A,Official figure,
QCL,Crops and livestock products,143,Morocco,5312,Area harvested,1717,"Cereals, primary",1992,1992,ha,5020280,A,Official figure,
QCL,Crops and livestock products,143,Morocco,5419,Yield,1717,"Cereals, primary",1992,1992,100 g/ha,5877,A,Official figure,
QCL,Crops and livestock products,143,Morocco,5510,Production,1717,"Cereals, primary",1992,1992,t,2950232.19,A,Official figure,
QCL,Crops and livestock products,143,Morocco,5312,Area harvested,1717,"Cereals, primary",1993,1993,ha,5027863,A,Official figure,
QCL,Crops and livestock products,143,Morocco,5419,Yield,1717,"Cereals, primary",1993,1993,100 g/ha,5604,A,Official figure,
QCL,Crops and livestock products,143,Morocco,5510,Production,1717,"Cereals, primary",1993,1993,t,2817864.04,A,Official figure,
QCL,Crops and livestock products,143,Morocco,5312,Area harvested,1717,"Cereals, primary",1994,1994,ha,6081400,A,Official figure,
QCL,Crops and livestock products,143,Morocco,5419,Yield,1717,"Cereals, primary",1994,1994,100 g/ha,15849,A,Official figure,
QCL,Crops and livestock products,143,Morocco,5510,Production,1717,"Cereals, primary",1994,1994,t,9638630,A,Official figure,
QCL,Crops and livestock products,143,Morocco,5312,Area harvested,1717,"Cereals, primary",1995,1995,ha,3993575,A,Official figure,
QCL,Crops and livestock products,143,Morocco,5419,Yield,1717,"Cereals, primary",1995,1995,100 g/ha,4465,A,Official figure,
QCL,Crops and livestock products,143,Morocco,5510,Production,1717,"Cereals, primary",1995,1995,t,1783230,A,Official figure,
QCL,Crops and livestock products,143,Morocco,5312,Area harvested,1717,"Cereals, primary",1996,1996,ha,5988285,A,Official figure,
QCL,Crops and livestock products,143,Morocco,5419,Yield,1717,"Cereals, primary",1996,1996,100 g/ha,16872,A,Official figure,
QCL,Crops and livestock products,143,Morocco,5510,Production,1717,"Cereals, primary",1996,1996,t,10103303.7,A,Official figure,
QCL,Crops and livestock products,143,Morocco,5312,Area harvested,1717,"Cereals, primary",1997,1997,ha,4913693,A,Official figure,
QCL,Crops and livestock products,143,Morocco,5419,Yield,1717,"Cereals, primary",1997,1997,100 g/ha,8339,A,Official figure,
QCL,Crops and livestock products,143,Morocco,5510,Production,1717,"Cereals, primary",1997,1997,t,4097670.63,A,Official figure,
QCL,Crops and livestock products,143,Morocco,5312,Area harvested,1717,"Cereals, primary",1998,1998,ha,5904955,A,Official figure,
QCL,Crops and livestock products,143,Morocco,5419,Yield,1717,"Cereals, primary",1998,1998,100 g/ha,11227,A,Official figure,
QCL,Crops and livestock products,143,Morocco,5510,Production,1717,"Cereals, primary",1998,1998,t,6629516.41,A,Official figure,
QCL,Crops and livestock products,143,Morocco,5312,Area harvested,1717,"Cereals, primary",1999,1999,ha,5169296,A,Official figure,
QCL,Crops and livestock products,143,Morocco,5419,Yield,1717,"Cereals, primary",1999,1999,100 g/ha,7435,A,Official figure,
QCL,Crops and livestock products,143,Morocco,5510,Production,1717,"Cereals, primary",1999,1999,t,3843292.32,A,Official figure,
QCL,Crops and livestock products,143,Morocco,5312,Area harvested,1717,"Cereals, primary",2000,2000,ha,5443172,A,Official figure,
QCL,Crops and livestock products,143,Morocco,5419,Yield,1717,"Cereals, primary",2000,2000,100 g/ha,3668,A,Official figure,
QCL,Crops and livestock products,143,Morocco,5510,Production,1717,"Cereals, primary",2000,2000,t,1996648.9,A,Official figure,
QCL,Crops and livestock products,143,Morocco,5312,Area harvested,1717,"Cereals, primary",2001,2001,ha,5145781,A,Official figure,
QCL,Crops and livestock products,143,Morocco,5419,Yield,1717,"Cereals, primary",2001,2001,100 g/ha,8946,A,Official figure,
QCL,Crops and livestock products,143,Morocco,5510,Production,1717,"Cereals, primary",2001,2001,t,4603349.74,A,Official figure,
QCL,Crops and livestock products,143,Morocco,5312,Area harvested,1717,"Cereals, primary",2002,2002,ha,4947863,A,Official figure,
QCL,Crops and livestock products,143,Morocco,5419,Yield,1717,"Cereals, primary",2002,2002,100 g/ha,10687,A,Official figure,
QCL,Crops and livestock products,143,Morocco,5510,Production,1717,"Cereals, primary",2002,2002,t,5287814.6,A,Official figure,
QCL,Crops and livestock products,143,Morocco,5312,Area harvested,1717,"Cereals, primary",2003,2003,ha,5561338,A,Official figure,
QCL,Crops and livestock products,143,Morocco,5419,Yield,1717,"Cereals, primary",2003,2003,100 g/ha,14329,A,Official figure,
QCL,Crops and livestock products,143,Morocco,5510,Production,1717,"Cereals, primary",2003,2003,t,7969118.32,A,Official figure,
QCL,Crops and livestock products,143,Morocco,5312,Area harvested,1717,"Cereals, primary",2004,2004,ha,5686494,E,Estimated value,
QCL,Crops and livestock products,143,Morocco,5419,Yield,1717,"Cereals, primary",2004,2004,100 g/ha,15121,E,Estimated value,
QCL,Crops and livestock products,143,Morocco,5510,Production,1717,"Cereals, primary",2004,2004,t,8598634.63,E,Estimated value,
QCL,Crops and livestock products,143,Morocco,5312,Area harvested,1717,"Cereals, primary",2005,2005,ha,5458735,A,Official figure,
QCL,Crops and livestock products,143,Morocco,5419,Yield,1717,"Cereals, primary",2005,2005,100 g/ha,7839,A,Official figure,
QCL,Crops and livestock products,143,Morocco,5510,Production,1717,"Cereals, primary",2005,2005,t,4279354.31,A,Official figure,
QCL,Crops and livestock products,143,Morocco,5312,Area harvested,1717,"Cereals, primary",2006,2006,ha,5590632,A,Official figure,
QCL,Crops and livestock products,143,Morocco,5419,Yield,1717,"Cereals, primary",2006,2006,100 g/ha,16521,A,Official figure,
QCL,Crops and livestock products,143,Morocco,5510,Production,1717,"Cereals, primary",2006,2006,t,9236077.13,A,Official figure,
QCL,Crops and livestock products,143,Morocco,5312,Area harvested,1717,"Cereals, primary",2007,2007,ha,4851300,A,Official figure,
QCL,Crops and livestock products,143,Morocco,5419,Yield,1717,"Cereals, primary",2007,2007,100 g/ha,5164,A,Official figure,
QCL,Crops and livestock products,143,Morocco,5510,Production,1717,"Cereals, primary",2007,2007,t,2505021.89,A,Official figure,
QCL,Crops and livestock products,143,Morocco,5312,Area harvested,1717,"Cereals, primary",2008,2008,ha,5315125,A,Official figure,
QCL,Crops and livestock products,143,Morocco,5419,Yield,1717,"Cereals, primary",2008,2008,100 g/ha,10029,A,Official figure,
QCL,Crops and livestock products,143,Morocco,5510,Production,1717,"Cereals, primary",2008,2008,t,5330290.42,A,Official figure,
QCL,Crops and livestock products,143,Morocco,5312,Area harvested,1717,"Cereals, primary",2009,2009,ha,5441176,A,Official figure,
QCL,Crops and livestock products,143,Morocco,5419,Yield,1717,"Cereals, primary",2009,2009,100 g/ha,19194,A,Official figure,
QCL,Crops and livestock products,143,Morocco,5510,Production,1717,"Cereals, primary",2009,2009,t,10443719.48,A,Official figure,
QCL,Crops and livestock products,143,Morocco,5312,Area harvested,1717,"Cereals, primary",2010,2010,ha,5062727,A,Official figure,
QCL,Crops and livestock products,143,Morocco,5419,Yield,1717,"Cereals, primary",2010,2010,100 g/ha,15475,A,Official figure,
QCL,Crops and livestock products,143,Morocco,5510,Production,1717,"Cereals, primary",2010,2010,t,7834479.24,A,Official figure,
QCL,Crops and livestock products,143,Morocco,5312,Area harvested,1717,"Cereals, primary",2011,2011,ha,5382258,A,Official figure,
QCL,Crops and livestock products,143,Morocco,5419,Yield,1717,"Cereals, primary",2011,2011,100 g/ha,16144,A,Official figure,
QCL,Crops and livestock products,143,Morocco,5510,Production,1717,"Cereals, primary",2011,2011,t,8689334,A,Official figure,
QCL,Crops and livestock products,143,Morocco,5312,Area harvested,1717,"Cereals, primary",2012,2012,ha,5224668,E,Estimated value,
QCL,Crops and livestock products,143,Morocco,5419,Yield,1717,"Cereals, primary",2012,2012,100 g/ha,10166,E,Estimated value,
QCL,Crops and livestock products,143,Morocco,5510,Production,1717,"Cereals, primary",2012,2012,t,5311218.76,E,Estimated value,
QCL,Crops and livestock products,143,Morocco,5312,Area harvested,1717,"Cereals, primary",2013,2013,ha,5401005,E,Estimated value,
QCL,Crops and livestock products,143,Morocco,5419,Yield,1717,"Cereals, primary",2013,2013,100 g/ha,18283,E,Estimated value,
QCL,Crops and livestock products,143,Morocco,5510,Production,1717,"Cereals, primary",2013,2013,t,9874542.88,E,Estimated value,
QCL,Crops and livestock products,143,Morocco,5312,Area harvested,1717,"Cereals, primary",2014,2014,ha,4769853,E,Estimated value,
QCL,Crops and livestock products,143,Morocco,5419,Yield,1717,"Cereals, primary",2014,2014,100 g/ha,14543,E,Estimated value,
QCL,Crops and livestock products,143,Morocco,5510,Production,1717,"Cereals, primary",2014,2014,t,6936819.24,E,Estimated value,
QCL,Crops and livestock products,143,Morocco,5312,Area harvested,1717,"Cereals, primary",2015,2015,ha,5459896,E,Estimated value,
QCL,Crops and livestock products,143,Morocco,5419,Yield,1717,"Cereals, primary",2015,2015,100 g/ha,21407,E,Estimated value,
QCL,Crops and livestock products,143,Morocco,5510,Production,1717,"Cereals, primary",2015,2015,t,11687921.96,E,Estimated value,
QCL,Crops and livestock products,143,Morocco,5312,Area harvested,1717,"Cereals, primary",2016,2016,ha,3804119,E,Estimated value,
QCL,Crops and livestock products,143,Morocco,5419,Yield,1717,"Cereals, primary",2016,2016,100 g/ha,9360,E,Estimated value,
QCL,Crops and livestock products,143,Morocco,5510,Production,1717,"Cereals, primary",2016,2016,t,3560828.31,E,Estimated value,
QCL,Crops and livestock products,143,Morocco,5312,Area harvested,1717,"Cereals, primary",2017,2017,ha,5569212,E,Estimated value,
QCL,Crops and livestock products,143,Morocco,5419,Yield,1717,"Cereals, primary",2017,2017,100 g/ha,17574,E,Estimated value,
QCL,Crops and livestock products,143,Morocco,5510,Production,1717,"Cereals, primary",2017,2017,t,9787464.69,E,Estimated value,
QCL,Crops and livestock products,143,Morocco,5312,Area harvested,1717,"Cereals, primary",2018,2018,ha,4590740,E,Estimated value,
QCL,Crops and livestock products,143,Morocco,5419,Yield,1717,"Cereals, primary",2018,2018,100 g/ha,22632,E,Estimated value,
QCL,Crops and livestock products,143,Morocco,5510,Production,1717,"Cereals, primary",2018,2018,t,10389766.77,E,Estimated value,
QCL,Crops and livestock products,143,Morocco,5312,Area harvested,1717,"Cereals, primary",2019,2019,ha,3657072,E,Estimated value,
QCL,Crops and livestock products,143,Morocco,5419,Yield,1717,"Cereals, primary",2019,2019,100 g/ha,14537,E,Estimated value,
QCL,Crops and livestock products,143,Morocco,5510,Production,1717,"Cereals, primary",2019,2019,t,5316232.56,E,Estimated value,
QCL,Crops and livestock products,143,Morocco,5312,Area harvested,1717,"Cereals, primary",2020,2020,ha,4449871,E,Estimated value,
QCL,Crops and livestock products,143,Morocco,5419,Yield,1717,"Cereals, primary",2020,2020,100 g/ha,7473,E,Estimated value,
QCL,Crops and livestock products,143,Morocco,5510,Production,1717,"Cereals, primary",2020,2020,t,3325551.12,E,Estimated value,
QCL,Crops and livestock products,143,Morocco,5312,Area harvested,1717,"Cereals, primary",2021,2021,ha,4487822,E,Estimated value,
QCL,Crops and livestock products,143,Morocco,5419,Yield,1717,"Cereals, primary",2021,2021,100 g/ha,23290,E,Estimated value,
QCL,Crops and livestock products,143,Morocco,5510,Production,1717,"Cereals, primary",2021,2021,t,10452190.15,E,Estimated value,
QCL,Crops and livestock products,143,Morocco,5312,Area harvested,1717,"Cereals, primary",2022,2022,ha,3720619,E,Estimated value,
QCL,Crops and livestock products,143,Morocco,5419,Yield,1717,"Cereals, primary",2022,2022,100 g/ha,9433,E,Estimated value,
QCL,Crops and livestock products,143,Morocco,5510,Production,1717,"Cereals, primary",2022,2022,t,3509673.38,E,Estimated value,
QCL,Crops and livestock products,143,Morocco,5510,Production,1745,Cheese (All Kinds),1961,1961,t,3819,E,Estimated value,
QCL,Crops and livestock products,143,Morocco,5510,Production,1745,Cheese (All Kinds),1962,1962,t,3513,E,Estimated value,
QCL,Crops and livestock products,143,Morocco,5510,Production,1745,Cheese (All Kinds),1963,1963,t,3500,E,Estimated value,
QCL,Crops and livestock products,143,Morocco,5510,Production,1745,Cheese (All Kinds),1964,1964,t,3556,E,Estimated value,
QCL,Crops and livestock products,143,Morocco,5510,Production,1745,Cheese (All Kinds),1965,1965,t,3729,E,Estimated value,
QCL,Crops and livestock products,143,Morocco,5510,Production,1745,Cheese (All Kinds),1966,1966,t,3891,E,Estimated value,
QCL,Crops and livestock products,143,Morocco,5510,Production,1745,Cheese (All Kinds),1967,1967,t,4153,E,Estimated value,
QCL,Crops and livestock products,143,Morocco,5510,Production,1745,Cheese (All Kinds),1968,1968,t,4313,E,Estimated value,
QCL,Crops and livestock products,143,Morocco,5510,Production,1745,Cheese (All Kinds),1969,1969,t,4654,E,Estimated value,
QCL,Crops and livestock products,143,Morocco,5510,Production,1745,Cheese (All Kinds),1970,1970,t,4622,E,Estimated value,
QCL,Crops and livestock products,143,Morocco,5510,Production,1745,Cheese (All Kinds),1971,1971,t,4404,E,Estimated value,
QCL,Crops and livestock products,143,Morocco,5510,Production,1745,Cheese (All Kinds),1972,1972,t,4757,E,Estimated value,
QCL,Crops and livestock products,143,Morocco,5510,Production,1745,Cheese (All Kinds),1973,1973,t,4699,E,Estimated value,
QCL,Crops and livestock products,143,Morocco,5510,Production,1745,Cheese (All Kinds),1974,1974,t,4521,E,Estimated value,
QCL,Crops and livestock products,143,Morocco,5510,Production,1745,Cheese (All Kinds),1975,1975,t,5280,E,Estimated value,
QCL,Crops and livestock products,143,Morocco,5510,Production,1745,Cheese (All Kinds),1976,1976,t,4799,E,Estimated value,
QCL,Crops and livestock products,143,Morocco,5510,Production,1745,Cheese (All Kinds),1977,1977,t,5022,E,Estimated value,
QCL,Crops and livestock products,143,Morocco,5510,Production,1745,Cheese (All Kinds),1978,1978,t,5407,E,Estimated value,
QCL,Crops and livestock products,143,Morocco,5510,Production,1745,Cheese (All Kinds),1979,1979,t,5555,E,Estimated value,
QCL,Crops and livestock products,143,Morocco,5510,Production,1745,Cheese (All Kinds),1980,1980,t,5415,E,Estimated value,
QCL,Crops and livestock products,143,Morocco,5510,Production,1745,Cheese (All Kinds),1981,1981,t,5836,E,Estimated value,
QCL,Crops and livestock products,143,Morocco,5510,Production,1745,Cheese (All Kinds),1982,1982,t,5955,E,Estimated value,
QCL,Crops and livestock products,143,Morocco,5510,Production,1745,Cheese (All Kinds),1983,1983,t,6071,E,Estimated value,
QCL,Crops and livestock products,143,Morocco,5510,Production,1745,Cheese (All Kinds),1984,1984,t,4938,E,Estimated value,
QCL,Crops and livestock products,143,Morocco,5510,Production,1745,Cheese (All Kinds),1985,1985,t,5552,E,Estimated value,
QCL,Crops and livestock products,143,Morocco,5510,Production,1745,Cheese (All Kinds),1986,1986,t,6413,E,Estimated value,
QCL,Crops and livestock products,143,Morocco,5510,Production,1745,Cheese (All Kinds),1987,1987,t,7014,E,Estimated value,
QCL,Crops and livestock products,143,Morocco,5510,Production,1745,Cheese (All Kinds),1988,1988,t,7040,E,Estimated value,
QCL,Crops and livestock products,143,Morocco,5510,Production,1745,Cheese (All Kinds),1989,1989,t,7340,E,Estimated value,
QCL,Crops and livestock products,143,Morocco,5510,Production,1745,Cheese (All Kinds),1990,1990,t,7294,E,Estimated value,
QCL,Crops and livestock products,143,Morocco,5510,Production,1745,Cheese (All Kinds),1991,1991,t,7247,E,Estimated value,
QCL,Crops and livestock products,143,Morocco,5510,Production,1745,Cheese (All Kinds),1992,1992,t,7433,E,Estimated value,
QCL,Crops and livestock products,143,Morocco,5510,Production,1745,Cheese (All Kinds),1993,1993,t,7292,E,Estimated value,
QCL,Crops and livestock products,143,Morocco,5510,Production,1745,Cheese (All Kinds),1994,1994,t,6997,E,Estimated value,
QCL,Crops and livestock products,143,Morocco,5510,Production,1745,Cheese (All Kinds),1995,1995,t,7083,E,Estimated value,
QCL,Crops and livestock products,143,Morocco,5510,Production,1745,Cheese (All Kinds),1996,1996,t,21778,E,Estimated value,
QCL,Crops and livestock products,143,Morocco,5510,Production,1745,Cheese (All Kinds),1997,1997,t,28325,E,Estimated value,
QCL,Crops and livestock products,143,Morocco,5510,Production,1745,Cheese (All Kinds),1998,1998,t,24943,E,Estimated value,
QCL,Crops and livestock products,143,Morocco,5510,Production,1745,Cheese (All Kinds),1999,1999,t,27051,E,Estimated value,
QCL,Crops and livestock products,143,Morocco,5510,Production,1745,Cheese (All Kinds),2000,2000,t,27617,E,Estimated value,
QCL,Crops and livestock products,143,Morocco,5510,Production,1745,Cheese (All Kinds),2001,2001,t,26493,E,Estimated value,
QCL,Crops and livestock products,143,Morocco,5510,Production,1745,Cheese (All Kinds),2002,2002,t,28722,E,Estimated value,
QCL,Crops and livestock products,143,Morocco,5510,Production,1745,Cheese (All Kinds),2003,2003,t,28950,E,Estimated value,
QCL,Crops and livestock products,143,Morocco,5510,Production,1745,Cheese (All Kinds),2004,2004,t,31667,E,Estimated value,
QCL,Crops and livestock products,143,Morocco,5510,Production,1745,Cheese (All Kinds),2005,2005,t,32226,E,Estimated value,
QCL,Crops and livestock products,143,Morocco,5510,Production,1745,Cheese (All Kinds),2006,2006,t,34530,E,Estimated value,
QCL,Crops and livestock products,143,Morocco,5510,Production,1745,Cheese (All Kinds),2007,2007,t,36852,E,Estimated value,
QCL,Crops and livestock products,143,Morocco,5510,Production,1745,Cheese (All Kinds),2008,2008,t,39132,E,Estimated value,
QCL,Crops and livestock products,143,Morocco,5510,Production,1745,Cheese (All Kinds),2009,2009,t,39776,E,Estimated value,
QCL,Crops and livestock products,143,Morocco,5510,Production,1745,Cheese (All Kinds),2010,2010,t,26523,E,Estimated value,
QCL,Crops and livestock products,143,Morocco,5510,Production,1745,Cheese (All Kinds),2011,2011,t,31200,E,Estimated value,
QCL,Crops and livestock products,143,Morocco,5510,Production,1745,Cheese (All Kinds),2012,2012,t,34721,E,Estimated value,
QCL,Crops and livestock products,143,Morocco,5510,Production,1745,Cheese (All Kinds),2013,2013,t,32132,E,Estimated value,
QCL,Crops and livestock products,143,Morocco,5510,Production,1745,Cheese (All Kinds),2014,2014,t,31523,E,Estimated value,
QCL,Crops and livestock products,143,Morocco,5510,Production,1745,Cheese (All Kinds),2015,2015,t,32022,E,Estimated value,
QCL,Crops and livestock products,143,Morocco,5510,Production,1745,Cheese (All Kinds),2016,2016,t,32306,E,Estimated value,
QCL,Crops and livestock products,143,Morocco,5510,Production,1745,Cheese (All Kinds),2017,2017,t,32631,E,Estimated value,
QCL,Crops and livestock products,143,Morocco,5510,Production,1745,Cheese (All Kinds),2018,2018,t,32902,E,Estimated value,
QCL,Crops and livestock products,143,Morocco,5510,Production,1745,Cheese (All Kinds),2019,2019,t,33214,E,Estimated value,
QCL,Crops and livestock products,143,Morocco,5510,Production,1745,Cheese (All Kinds),2020,2020,t,33480,E,Estimated value,
QCL,Crops and livestock products,143,Morocco,5510,Production,1745,Cheese (All Kinds),2021,2021,t,33645,E,Estimated value,
QCL,Crops and livestock products,143,Morocco,5510,Production,1804,"Citrus Fruit, Total",1961,1961,t,501500,A,Official figure,
QCL,Crops and livestock products,143,Morocco,5510,Production,1804,"Citrus Fruit, Total",1962,1962,t,507000,E,Estimated value,
QCL,Crops and livestock products,143,Morocco,5510,Production,1804,"Citrus Fruit, Total",1963,1963,t,508000,E,Estimated value,
QCL,Crops and livestock products,143,Morocco,5510,Production,1804,"Citrus Fruit, Total",1964,1964,t,645000,A,Official figure,
QCL,Crops and livestock products,143,Morocco,5510,Production,1804,"Citrus Fruit, Total",1965,1965,t,546000,A,Official figure,
QCL,Crops and livestock products,143,Morocco,5510,Production,1804,"Citrus Fruit, Total",1966,1966,t,657800,E,Estimated value,
QCL,Crops and livestock products,143,Morocco,5510,Production,1804,"Citrus Fruit, Total",1967,1967,t,767800,E,Estimated value,
QCL,Crops and livestock products,143,Morocco,5510,Production,1804,"Citrus Fruit, Total",1968,1968,t,875700,E,Estimated value,
QCL,Crops and livestock products,143,Morocco,5510,Production,1804,"Citrus Fruit, Total",1969,1969,t,808000,E,Estimated value,
QCL,Crops and livestock products,143,Morocco,5510,Production,1804,"Citrus Fruit, Total",1970,1970,t,961400,E,Estimated value,
QCL,Crops and livestock products,143,Morocco,5510,Production,1804,"Citrus Fruit, Total",1971,1971,t,811500,A,Official figure,
QCL,Crops and livestock products,143,Morocco,5510,Production,1804,"Citrus Fruit, Total",1972,1972,t,816800,A,Official figure,
QCL,Crops and livestock products,143,Morocco,5510,Production,1804,"Citrus Fruit, Total",1973,1973,t,1005100,A,Official figure,
QCL,Crops and livestock products,143,Morocco,5510,Production,1804,"Citrus Fruit, Total",1974,1974,t,913900,A,Official figure,
QCL,Crops and livestock products,143,Morocco,5510,Production,1804,"Citrus Fruit, Total",1975,1975,t,688700,A,Official figure,
QCL,Crops and livestock products,143,Morocco,5510,Production,1804,"Citrus Fruit, Total",1976,1976,t,723900,E,Estimated value,
QCL,Crops and livestock products,143,Morocco,5510,Production,1804,"Citrus Fruit, Total",1977,1977,t,861100,E,Estimated value,
QCL,Crops and livestock products,143,Morocco,5510,Production,1804,"Citrus Fruit, Total",1978,1978,t,1081700,A,Official figure,
QCL,Crops and livestock products,143,Morocco,5510,Production,1804,"Citrus Fruit, Total",1979,1979,t,927100,A,Official figure,
QCL,Crops and livestock products,143,Morocco,5510,Production,1804,"Citrus Fruit, Total",1980,1980,t,1084100,A,Official figure,
QCL,Crops and livestock products,143,Morocco,5510,Production,1804,"Citrus Fruit, Total",1981,1981,t,995400,E,Estimated value,
QCL,Crops and livestock products,143,Morocco,5510,Production,1804,"Citrus Fruit, Total",1982,1982,t,1029400,E,Estimated value,
QCL,Crops and livestock products,143,Morocco,5510,Production,1804,"Citrus Fruit, Total",1983,1983,t,979400,E,Estimated value,
QCL,Crops and livestock products,143,Morocco,5510,Production,1804,"Citrus Fruit, Total",1984,1984,t,1040500,E,Estimated value,
QCL,Crops and livestock products,143,Morocco,5312,Area harvested,1804,"Citrus Fruit, Total",1985,1985,ha,58950,E,Estimated value,
QCL,Crops and livestock products,143,Morocco,5419,Yield,1804,"Citrus Fruit, Total",1985,1985,100 g/ha,166836,E,Estimated value,
QCL,Crops and livestock products,143,Morocco,5510,Production,1804,"Citrus Fruit, Total",1985,1985,t,983500,E,Estimated value,
QCL,Crops and livestock products,143,Morocco,5312,Area harvested,1804,"Citrus Fruit, Total",1986,1986,ha,69950,E,Estimated value,
QCL,Crops and livestock products,143,Morocco,5419,Yield,1804,"Citrus Fruit, Total",1986,1986,100 g/ha,172380,E,Estimated value,
QCL,Crops and livestock products,143,Morocco,5510,Production,1804,"Citrus Fruit, Total",1986,1986,t,1205800,E,Estimated value,
QCL,Crops and livestock products,143,Morocco,5312,Area harvested,1804,"Citrus Fruit, Total",1987,1987,ha,69950,E,Estimated value,
QCL,Crops and livestock products,143,Morocco,5419,Yield,1804,"Citrus Fruit, Total",1987,1987,100 g/ha,142588,E,Estimated value,
QCL,Crops and livestock products,143,Morocco,5510,Production,1804,"Citrus Fruit, Total",1987,1987,t,997400,A,Official figure,
QCL,Crops and livestock products,143,Morocco,5312,Area harvested,1804,"Citrus Fruit, Total",1988,1988,ha,69950,E,Estimated value,
QCL,Crops and livestock products,143,Morocco,5419,Yield,1804,"Citrus Fruit, Total",1988,1988,100 g/ha,175983,E,Estimated value,
QCL,Crops and livestock products,143,Morocco,5510,Production,1804,"Citrus Fruit, Total",1988,1988,t,1231000,E,Estimated value,
QCL,Crops and livestock products,143,Morocco,5312,Area harvested,1804,"Citrus Fruit, Total",1989,1989,ha,72250,E,Estimated value,
QCL,Crops and livestock products,143,Morocco,5419,Yield,1804,"Citrus Fruit, Total",1989,1989,100 g/ha,199446,E,Estimated value,
QCL,Crops and livestock products,143,Morocco,5510,Production,1804,"Citrus Fruit, Total",1989,1989,t,1441000,A,Official figure,
QCL,Crops and livestock products,143,Morocco,5312,Area harvested,1804,"Citrus Fruit, Total",1990,1990,ha,73244,E,Estimated value,
QCL,Crops and livestock products,143,Morocco,5419,Yield,1804,"Citrus Fruit, Total",1990,1990,100 g/ha,141855,E,Estimated value,
QCL,Crops and livestock products,143,Morocco,5510,Production,1804,"Citrus Fruit, Total",1990,1990,t,1039000,A,Official figure,
QCL,Crops and livestock products,143,Morocco,5312,Area harvested,1804,"Citrus Fruit, Total",1991,1991,ha,73719,E,Estimated value,
QCL,Crops and livestock products,143,Morocco,5419,Yield,1804,"Citrus Fruit, Total",1991,1991,100 g/ha,198322,E,Estimated value,
QCL,Crops and livestock products,143,Morocco,5510,Production,1804,"Citrus Fruit, Total",1991,1991,t,1462000,A,Official figure,
QCL,Crops and livestock products,143,Morocco,5312,Area harvested,1804,"Citrus Fruit, Total",1992,1992,ha,73747,E,Estimated value,
QCL,Crops and livestock products,143,Morocco,5419,Yield,1804,"Citrus Fruit, Total",1992,1992,100 g/ha,150650,E,Estimated value,
QCL,Crops and livestock products,143,Morocco,5510,Production,1804,"Citrus Fruit, Total",1992,1992,t,1111000,A,Official figure,
QCL,Crops and livestock products,143,Morocco,5312,Area harvested,1804,"Citrus Fruit, Total",1993,1993,ha,74550,E,Estimated value,
QCL,Crops and livestock products,143,Morocco,5419,Yield,1804,"Citrus Fruit, Total",1993,1993,100 g/ha,164606,E,Estimated value,
QCL,Crops and livestock products,143,Morocco,5510,Production,1804,"Citrus Fruit, Total",1993,1993,t,1227144.09,E,Estimated value,
QCL,Crops and livestock products,143,Morocco,5312,Area harvested,1804,"Citrus Fruit, Total",1994,1994,ha,74792,E,Estimated value,
QCL,Crops and livestock products,143,Morocco,5419,Yield,1804,"Citrus Fruit, Total",1994,1994,100 g/ha,176548,E,Estimated value,
QCL,Crops and livestock products,143,Morocco,5510,Production,1804,"Citrus Fruit, Total",1994,1994,t,1320433.93,E,Estimated value,
QCL,Crops and livestock products,143,Morocco,5312,Area harvested,1804,"Citrus Fruit, Total",1995,1995,ha,75600,E,Estimated value,
QCL,Crops and livestock products,143,Morocco,5419,Yield,1804,"Citrus Fruit, Total",1995,1995,100 g/ha,132077,E,Estimated value,
QCL,Crops and livestock products,143,Morocco,5510,Production,1804,"Citrus Fruit, Total",1995,1995,t,998500,A,Official figure,
QCL,Crops and livestock products,143,Morocco,5312,Area harvested,1804,"Citrus Fruit, Total",1996,1996,ha,75504,E,Estimated value,
QCL,Crops and livestock products,143,Morocco,5419,Yield,1804,"Citrus Fruit, Total",1996,1996,100 g/ha,184667,E,Estimated value,
QCL,Crops and livestock products,143,Morocco,5510,Production,1804,"Citrus Fruit, Total",1996,1996,t,1394306,A,Official figure,
QCL,Crops and livestock products,143,Morocco,5312,Area harvested,1804,"Citrus Fruit, Total",1997,1997,ha,75510,E,Estimated value,
QCL,Crops and livestock products,143,Morocco,5419,Yield,1804,"Citrus Fruit, Total",1997,1997,100 g/ha,162959,E,Estimated value,
QCL,Crops and livestock products,143,Morocco,5510,Production,1804,"Citrus Fruit, Total",1997,1997,t,1230500,E,Estimated value,
QCL,Crops and livestock products,143,Morocco,5312,Area harvested,1804,"Citrus Fruit, Total",1998,1998,ha,75970,A,Official figure,
QCL,Crops and livestock products,143,Morocco,5419,Yield,1804,"Citrus Fruit, Total",1998,1998,100 g/ha,210504,A,Official figure,
QCL,Crops and livestock products,143,Morocco,5510,Production,1804,"Citrus Fruit, Total",1998,1998,t,1599200,A,Official figure,
QCL,Crops and livestock products,143,Morocco,5312,Area harvested,1804,"Citrus Fruit, Total",1999,1999,ha,76630,A,Official figure,
QCL,Crops and livestock products,143,Morocco,5419,Yield,1804,"Citrus Fruit, Total",1999,1999,100 g/ha,171734,A,Official figure,
QCL,Crops and livestock products,143,Morocco,5510,Production,1804,"Citrus Fruit, Total",1999,1999,t,1316000,A,Official figure,
QCL,Crops and livestock products,143,Morocco,5312,Area harvested,1804,"Citrus Fruit, Total",2000,2000,ha,77280,A,Official figure,
QCL,Crops and livestock products,143,Morocco,5419,Yield,1804,"Citrus Fruit, Total",2000,2000,100 g/ha,184524,A,Official figure,
QCL,Crops and livestock products,143,Morocco,5510,Production,1804,"Citrus Fruit, Total",2000,2000,t,1426000,A,Official figure,
QCL,Crops and livestock products,143,Morocco,5312,Area harvested,1804,"Citrus Fruit, Total",2001,2001,ha,76330,E,Estimated value,
QCL,Crops and livestock products,143,Morocco,5419,Yield,1804,"Citrus Fruit, Total",2001,2001,100 g/ha,129372,E,Estimated value,
QCL,Crops and livestock products,143,Morocco,5510,Production,1804,"Citrus Fruit, Total",2001,2001,t,987500,A,Official figure,
QCL,Crops and livestock products,143,Morocco,5312,Area harvested,1804,"Citrus Fruit, Total",2002,2002,ha,77100,A,Official figure,
QCL,Crops and livestock products,143,Morocco,5419,Yield,1804,"Citrus Fruit, Total",2002,2002,100 g/ha,149442,A,Official figure,
QCL,Crops and livestock products,143,Morocco,5510,Production,1804,"Citrus Fruit, Total",2002,2002,t,1152200,A,Official figure,
QCL,Crops and livestock products,143,Morocco,5312,Area harvested,1804,"Citrus Fruit, Total",2003,2003,ha,77608,A,Official figure,
QCL,Crops and livestock products,143,Morocco,5419,Yield,1804,"Citrus Fruit, Total",2003,2003,100 g/ha,170665,A,Official figure,
QCL,Crops and livestock products,143,Morocco,5510,Production,1804,"Citrus Fruit, Total",2003,2003,t,1324500,A,Official figure,
QCL,Crops and livestock products,143,Morocco,5312,Area harvested,1804,"Citrus Fruit, Total",2004,2004,ha,78516,A,Official figure,
QCL,Crops and livestock products,143,Morocco,5419,Yield,1804,"Citrus Fruit, Total",2004,2004,100 g/ha,146161,A,Official figure,
QCL,Crops and livestock products,143,Morocco,5510,Production,1804,"Citrus Fruit, Total",2004,2004,t,1147600,A,Official figure,
QCL,Crops and livestock products,143,Morocco,5312,Area harvested,1804,"Citrus Fruit, Total",2005,2005,ha,80100,A,Official figure,
QCL,Crops and livestock products,143,Morocco,5419,Yield,1804,"Citrus Fruit, Total",2005,2005,100 g/ha,166941,A,Official figure,
QCL,Crops and livestock products,143,Morocco,5510,Production,1804,"Citrus Fruit, Total",2005,2005,t,1337200,A,Official figure,
QCL,Crops and livestock products,143,Morocco,5312,Area harvested,1804,"Citrus Fruit, Total",2006,2006,ha,81800,A,Official figure,
QCL,Crops and livestock products,143,Morocco,5419,Yield,1804,"Citrus Fruit, Total",2006,2006,100 g/ha,156626,A,Official figure,
QCL,Crops and livestock products,143,Morocco,5510,Production,1804,"Citrus Fruit, Total",2006,2006,t,1281200,A,Official figure,
QCL,Crops and livestock products,143,Morocco,5312,Area harvested,1804,"Citrus Fruit, Total",2007,2007,ha,87891,E,Estimated value,
QCL,Crops and livestock products,143,Morocco,5419,Yield,1804,"Citrus Fruit, Total",2007,2007,100 g/ha,126503,E,Estimated value,
QCL,Crops and livestock products,143,Morocco,5510,Production,1804,"Citrus Fruit, Total",2007,2007,t,1111850,A,Official figure,
QCL,Crops and livestock products,143,Morocco,5312,Area harvested,1804,"Citrus Fruit, Total",2008,2008,ha,93300,A,Official figure,
QCL,Crops and livestock products,143,Morocco,5419,Yield,1804,"Citrus Fruit, Total",2008,2008,100 g/ha,118956,A,Official figure,
QCL,Crops and livestock products,143,Morocco,5510,Production,1804,"Citrus Fruit, Total",2008,2008,t,1109860,A,Official figure,
QCL,Crops and livestock products,143,Morocco,5312,Area harvested,1804,"Citrus Fruit, Total",2009,2009,ha,78588,E,Estimated value,
QCL,Crops and livestock products,143,Morocco,5419,Yield,1804,"Citrus Fruit, Total",2009,2009,100 g/ha,141408,E,Estimated value,
QCL,Crops and livestock products,143,Morocco,5510,Production,1804,"Citrus Fruit, Total",2009,2009,t,1111300,E,Estimated value,
QCL,Crops and livestock products,143,Morocco,5312,Area harvested,1804,"Citrus Fruit, Total",2010,2010,ha,97700,E,Estimated value,
QCL,Crops and livestock products,143,Morocco,5419,Yield,1804,"Citrus Fruit, Total",2010,2010,100 g/ha,139096,E,Estimated value,
QCL,Crops and livestock products,143,Morocco,5510,Production,1804,"Citrus Fruit, Total",2010,2010,t,1358970.53,E,Estimated value,
QCL,Crops and livestock products,143,Morocco,5312,Area harvested,1804,"Citrus Fruit, Total",2011,2011,ha,101025,A,Official figure,
QCL,Crops and livestock products,143,Morocco,5419,Yield,1804,"Citrus Fruit, Total",2011,2011,100 g/ha,163496,A,Official figure,
QCL,Crops and livestock products,143,Morocco,5510,Production,1804,"Citrus Fruit, Total",2011,2011,t,1651724.07,A,Official figure,
QCL,Crops and livestock products,143,Morocco,5312,Area harvested,1804,"Citrus Fruit, Total",2012,2012,ha,108014,A,Official figure,
QCL,Crops and livestock products,143,Morocco,5419,Yield,1804,"Citrus Fruit, Total",2012,2012,100 g/ha,174200,A,Official figure,
QCL,Crops and livestock products,143,Morocco,5510,Production,1804,"Citrus Fruit, Total",2012,2012,t,1881601.55,A,Official figure,
QCL,Crops and livestock products,143,Morocco,5312,Area harvested,1804,"Citrus Fruit, Total",2013,2013,ha,111682,A,Official figure,
QCL,Crops and livestock products,143,Morocco,5419,Yield,1804,"Citrus Fruit, Total",2013,2013,100 g/ha,131526,A,Official figure,
QCL,Crops and livestock products,143,Morocco,5510,Production,1804,"Citrus Fruit, Total",2013,2013,t,1468909.61,A,Official figure,
QCL,Crops and livestock products,143,Morocco,5312,Area harvested,1804,"Citrus Fruit, Total",2014,2014,ha,115203,A,Official figure,
QCL,Crops and livestock products,143,Morocco,5419,Yield,1804,"Citrus Fruit, Total",2014,2014,100 g/ha,193683,A,Official figure,
QCL,Crops and livestock products,143,Morocco,5510,Production,1804,"Citrus Fruit, Total",2014,2014,t,2231292.04,A,Official figure,
QCL,Crops and livestock products,143,Morocco,5312,Area harvested,1804,"Citrus Fruit, Total",2015,2015,ha,118683,A,Official figure,
QCL,Crops and livestock products,143,Morocco,5419,Yield,1804,"Citrus Fruit, Total",2015,2015,100 g/ha,160964,A,Official figure,
QCL,Crops and livestock products,143,Morocco,5510,Production,1804,"Citrus Fruit, Total",2015,2015,t,1910377.65,A,Official figure,
QCL,Crops and livestock products,143,Morocco,5312,Area harvested,1804,"Citrus Fruit, Total",2016,2016,ha,123059,A,Official figure,
QCL,Crops and livestock products,143,Morocco,5419,Yield,1804,"Citrus Fruit, Total",2016,2016,100 g/ha,165928,A,Official figure,
QCL,Crops and livestock products,143,Morocco,5510,Production,1804,"Citrus Fruit, Total",2016,2016,t,2041881.4,A,Official figure,
QCL,Crops and livestock products,143,Morocco,5312,Area harvested,1804,"Citrus Fruit, Total",2017,2017,ha,125641,A,Official figure,
QCL,Crops and livestock products,143,Morocco,5419,Yield,1804,"Citrus Fruit, Total",2017,2017,100 g/ha,189022,A,Official figure,
QCL,Crops and livestock products,143,Morocco,5510,Production,1804,"Citrus Fruit, Total",2017,2017,t,2374893.81,A,Official figure,
QCL,Crops and livestock products,143,Morocco,5312,Area harvested,1804,"Citrus Fruit, Total",2018,2018,ha,127334,A,Official figure,
QCL,Crops and livestock products,143,Morocco,5419,Yield,1804,"Citrus Fruit, Total",2018,2018,100 g/ha,179641,A,Official figure,
QCL,Crops and livestock products,143,Morocco,5510,Production,1804,"Citrus Fruit, Total",2018,2018,t,2287432.28,A,Official figure,
QCL,Crops and livestock products,143,Morocco,5312,Area harvested,1804,"Citrus Fruit, Total",2019,2019,ha,128839,A,Official figure,
QCL,Crops and livestock products,143,Morocco,5419,Yield,1804,"Citrus Fruit, Total",2019,2019,100 g/ha,203559,A,Official figure,
QCL,Crops and livestock products,143,Morocco,5510,Production,1804,"Citrus Fruit, Total",2019,2019,t,2622640.69,A,Official figure,
QCL,Crops and livestock products,143,Morocco,5312,Area harvested,1804,"Citrus Fruit, Total",2020,2020,ha,134203,A,Official figure,
QCL,Crops and livestock products,143,Morocco,5419,Yield,1804,"Citrus Fruit, Total",2020,2020,100 g/ha,133204,A,Official figure,
QCL,Crops and livestock products,143,Morocco,5510,Production,1804,"Citrus Fruit, Total",2020,2020,t,1787641.22,A,Official figure,
QCL,Crops and livestock products,143,Morocco,5312,Area harvested,1804,"Citrus Fruit, Total",2021,2021,ha,130690,A,Official figure,
QCL,Crops and livestock products,143,Morocco,5419,Yield,1804,"Citrus Fruit, Total",2021,2021,100 g/ha,179794,A,Official figure,
QCL,Crops and livestock products,143,Morocco,5510,Production,1804,"Citrus Fruit, Total",2021,2021,t,2349732.88,A,Official figure,
QCL,Crops and livestock products,143,Morocco,5312,Area harvested,1804,"Citrus Fruit, Total",2022,2022,ha,129817,A,Official figure,
QCL,Crops and livestock products,143,Morocco,5419,Yield,1804,"Citrus Fruit, Total",2022,2022,100 g/ha,206347,A,Official figure,
QCL,Crops and livestock products,143,Morocco,5510,Production,1804,"Citrus Fruit, Total",2022,2022,t,2678732.7,A,Official figure,
QCL,Crops and livestock products,143,Morocco,5410,Yield,1783,Eggs Primary,1961,1961,100 mg/An,40000,A,Official figure,
QCL,Crops and livestock products,143,Morocco,5510,Production,1783,Eggs Primary,1961,1961,t,37542,A,Official figure,
QCL,Crops and livestock products,143,Morocco,5313,Laying,1783,Eggs Primary,1961,1961,1000 An,9386,A,Official figure,
QCL,Crops and livestock products,143,Morocco,5410,Yield,1783,Eggs Primary,1962,1962,100 mg/An,40000,A,Official figure,
QCL,Crops and livestock products,143,Morocco,5510,Production,1783,Eggs Primary,1962,1962,t,36876,A,Official figure,
QCL,Crops and livestock products,143,Morocco,5313,Laying,1783,Eggs Primary,1962,1962,1000 An,9219,A,Official figure,
QCL,Crops and livestock products,143,Morocco,5410,Yield,1783,Eggs Primary,1963,1963,100 mg/An,40000,A,Official figure,
QCL,Crops and livestock products,143,Morocco,5510,Production,1783,Eggs Primary,1963,1963,t,37178,A,Official figure,
QCL,Crops and livestock products,143,Morocco,5313,Laying,1783,Eggs Primary,1963,1963,1000 An,9295,A,Official figure,
QCL,Crops and livestock products,143,Morocco,5410,Yield,1783,Eggs Primary,1964,1964,100 mg/An,40000,A,Official figure,
QCL,Crops and livestock products,143,Morocco,5510,Production,1783,Eggs Primary,1964,1964,t,38878,A,Official figure,
QCL,Crops and livestock products,143,Morocco,5313,Laying,1783,Eggs Primary,1964,1964,1000 An,9720,A,Official figure,
QCL,Crops and livestock products,143,Morocco,5410,Yield,1783,Eggs Primary,1965,1965,100 mg/An,40000,A,Official figure,
QCL,Crops and livestock products,143,Morocco,5510,Production,1783,Eggs Primary,1965,1965,t,38156,A,Official figure,
QCL,Crops and livestock products,143,Morocco,5313,Laying,1783,Eggs Primary,1965,1965,1000 An,9539,A,Official figure,
QCL,Crops and livestock products,143,Morocco,5410,Yield,1783,Eggs Primary,1966,1966,100 mg/An,40000,A,Official figure,
QCL,Crops and livestock products,143,Morocco,5510,Production,1783,Eggs Primary,1966,1966,t,39575,A,Official figure,
QCL,Crops and livestock products,143,Morocco,5313,Laying,1783,Eggs Primary,1966,1966,1000 An,9894,A,Official figure,
QCL,Crops and livestock products,143,Morocco,5410,Yield,1783,Eggs Primary,1967,1967,100 mg/An,40000,A,Official figure,
QCL,Crops and livestock products,143,Morocco,5510,Production,1783,Eggs Primary,1967,1967,t,40684,A,Official figure,
QCL,Crops and livestock products,143,Morocco,5313,Laying,1783,Eggs Primary,1967,1967,1000 An,10171,A,Official figure,
QCL,Crops and livestock products,143,Morocco,5410,Yield,1783,Eggs Primary,1968,1968,100 mg/An,40000,E,Estimated value,
QCL,Crops and livestock products,143,Morocco,5510,Production,1783,Eggs Primary,1968,1968,t,42560,X,Figure from international organizations,
QCL,Crops and livestock products,143,Morocco,5313,Laying,1783,Eggs Primary,1968,1968,1000 An,10640,A,Official figure,
QCL,Crops and livestock products,143,Morocco,5410,Yield,1783,Eggs Primary,1969,1969,100 mg/An,40000,E,Estimated value,
QCL,Crops and livestock products,143,Morocco,5510,Production,1783,Eggs Primary,1969,1969,t,43120,X,Figure from international organizations,
QCL,Crops and livestock products,143,Morocco,5313,Laying,1783,Eggs Primary,1969,1969,1000 An,10780,A,Official figure,
QCL,Crops and livestock products,143,Morocco,5410,Yield,1783,Eggs Primary,1970,1970,100 mg/An,40000,E,Estimated value,
QCL,Crops and livestock products,143,Morocco,5510,Production,1783,Eggs Primary,1970,1970,t,43680,E,Estimated value,
QCL,Crops and livestock products,143,Morocco,5313,Laying,1783,Eggs Primary,1970,1970,1000 An,10920,A,Official figure,
QCL,Crops and livestock products,143,Morocco,5410,Yield,1783,Eggs Primary,1971,1971,100 mg/An,40000,E,Estimated value,
QCL,Crops and livestock products,143,Morocco,5510,Production,1783,Eggs Primary,1971,1971,t,44000,E,Estimated value,
QCL,Crops and livestock products,143,Morocco,5313,Laying,1783,Eggs Primary,1971,1971,1000 An,11000,E,Estimated value,
QCL,Crops and livestock products,143,Morocco,5410,Yield,1783,Eggs Primary,1972,1972,100 mg/An,40000,E,Estimated value,
QCL,Crops and livestock products,143,Morocco,5510,Production,1783,Eggs Primary,1972,1972,t,48000,E,Estimated value,
QCL,Crops and livestock products,143,Morocco,5313,Laying,1783,Eggs Primary,1972,1972,1000 An,12000,E,Estimated value,
QCL,Crops and livestock products,143,Morocco,5410,Yield,1783,Eggs Primary,1973,1973,100 mg/An,40833,E,Estimated value,
QCL,Crops and livestock products,143,Morocco,5510,Production,1783,Eggs Primary,1973,1973,t,49000,E,Estimated value,
QCL,Crops and livestock products,143,Morocco,5313,Laying,1783,Eggs Primary,1973,1973,1000 An,12000,E,Estimated value,
QCL,Crops and livestock products,143,Morocco,5410,Yield,1783,Eggs Primary,1974,1974,100 mg/An,40800,E,Estimated value,
QCL,Crops and livestock products,143,Morocco,5510,Production,1783,Eggs Primary,1974,1974,t,51000,E,Estimated value,
QCL,Crops and livestock products,143,Morocco,5313,Laying,1783,Eggs Primary,1974,1974,1000 An,12500,E,Estimated value,
QCL,Crops and livestock products,143,Morocco,5410,Yield,1783,Eggs Primary,1975,1975,100 mg/An,43333,E,Estimated value,
QCL,Crops and livestock products,143,Morocco,5510,Production,1783,Eggs Primary,1975,1975,t,52000,E,Estimated value,
QCL,Crops and livestock products,143,Morocco,5313,Laying,1783,Eggs Primary,1975,1975,1000 An,12000,E,Estimated value,
QCL,Crops and livestock products,143,Morocco,5410,Yield,1783,Eggs Primary,1976,1976,100 mg/An,47154,E,Estimated value,
QCL,Crops and livestock products,143,Morocco,5510,Production,1783,Eggs Primary,1976,1976,t,58000,E,Estimated value,
QCL,Crops and livestock products,143,Morocco,5313,Laying,1783,Eggs Primary,1976,1976,1000 An,12300,E,Estimated value,
QCL,Crops and livestock products,143,Morocco,5410,Yield,1783,Eggs Primary,1977,1977,100 mg/An,58000,E,Estimated value,
QCL,Crops and livestock products,143,Morocco,5510,Production,1783,Eggs Primary,1977,1977,t,66700,E,Estimated value,
QCL,Crops and livestock products,143,Morocco,5313,Laying,1783,Eggs Primary,1977,1977,1000 An,11500,E,Estimated value,
QCL,Crops and livestock products,143,Morocco,5410,Yield,1783,Eggs Primary,1978,1978,100 mg/An,63982,E,Estimated value,
QCL,Crops and livestock products,143,Morocco,5510,Production,1783,Eggs Primary,1978,1978,t,72300,E,Estimated value,
QCL,Crops and livestock products,143,Morocco,5313,Laying,1783,Eggs Primary,1978,1978,1000 An,11300,E,Estimated value,
QCL,Crops and livestock products,143,Morocco,5410,Yield,1783,Eggs Primary,1979,1979,100 mg/An,66372,E,Estimated value,
QCL,Crops and livestock products,143,Morocco,5510,Production,1783,Eggs Primary,1979,1979,t,75000,E,Estimated value,
QCL,Crops and livestock products,143,Morocco,5313,Laying,1783,Eggs Primary,1979,1979,1000 An,11300,E,Estimated value,
QCL,Crops and livestock products,143,Morocco,5410,Yield,1783,Eggs Primary,1980,1980,100 mg/An,67000,E,Estimated value,
QCL,Crops and livestock products,143,Morocco,5510,Production,1783,Eggs Primary,1980,1980,t,73700,E,Estimated value,
QCL,Crops and livestock products,143,Morocco,5313,Laying,1783,Eggs Primary,1980,1980,1000 An,11000,E,Estimated value,
QCL,Crops and livestock products,143,Morocco,5410,Yield,1783,Eggs Primary,1981,1981,100 mg/An,70000,E,Estimated value,
QCL,Crops and livestock products,143,Morocco,5510,Production,1783,Eggs Primary,1981,1981,t,70000,E,Estimated value,
QCL,Crops and livestock products,143,Morocco,5313,Laying,1783,Eggs Primary,1981,1981,1000 An,10000,E,Estimated value,
QCL,Crops and livestock products,143,Morocco,5410,Yield,1783,Eggs Primary,1982,1982,100 mg/An,67273,E,Estimated value,
QCL,Crops and livestock products,143,Morocco,5510,Production,1783,Eggs Primary,1982,1982,t,74000,E,Estimated value,
QCL,Crops and livestock products,143,Morocco,5313,Laying,1783,Eggs Primary,1982,1982,1000 An,11000,E,Estimated value,
QCL,Crops and livestock products,143,Morocco,5410,Yield,1783,Eggs Primary,1983,1983,100 mg/An,66087,E,Estimated value,
QCL,Crops and livestock products,143,Morocco,5510,Production,1783,Eggs Primary,1983,1983,t,76000,E,Estimated value,
QCL,Crops and livestock products,143,Morocco,5313,Laying,1783,Eggs Primary,1983,1983,1000 An,11500,E,Estimated value,
QCL,Crops and livestock products,143,Morocco,5410,Yield,1783,Eggs Primary,1984,1984,100 mg/An,65833,E,Estimated value,
QCL,Crops and livestock products,143,Morocco,5510,Production,1783,Eggs Primary,1984,1984,t,79000,E,Estimated value,
QCL,Crops and livestock products,143,Morocco,5313,Laying,1783,Eggs Primary,1984,1984,1000 An,12000,E,Estimated value,
QCL,Crops and livestock products,143,Morocco,5410,Yield,1783,Eggs Primary,1985,1985,100 mg/An,59375,E,Estimated value,
QCL,Crops and livestock products,143,Morocco,5510,Production,1783,Eggs Primary,1985,1985,t,95000,E,Estimated value,
QCL,Crops and livestock products,143,Morocco,5313,Laying,1783,Eggs Primary,1985,1985,1000 An,16000,E,Estimated value,
QCL,Crops and livestock products,143,Morocco,5410,Yield,1783,Eggs Primary,1986,1986,100 mg/An,60000,E,Estimated value,
QCL,Crops and livestock products,143,Morocco,5510,Production,1783,Eggs Primary,1986,1986,t,120000,E,Estimated value,
QCL,Crops and livestock products,143,Morocco,5313,Laying,1783,Eggs Primary,1986,1986,1000 An,20000,E,Estimated value,
QCL,Crops and livestock products,143,Morocco,5410,Yield,1783,Eggs Primary,1987,1987,100 mg/An,60000,E,Estimated value,
QCL,Crops and livestock products,143,Morocco,5510,Production,1783,Eggs Primary,1987,1987,t,153600,E,Estimated value,
QCL,Crops and livestock products,143,Morocco,5313,Laying,1783,Eggs Primary,1987,1987,1000 An,25600,E,Estimated value,
QCL,Crops and livestock products,143,Morocco,5410,Yield,1783,Eggs Primary,1988,1988,100 mg/An,60000,E,Estimated value,
QCL,Crops and livestock products,143,Morocco,5510,Production,1783,Eggs Primary,1988,1988,t,158400,E,Estimated value,
QCL,Crops and livestock products,143,Morocco,5313,Laying,1783,Eggs Primary,1988,1988,1000 An,26400,E,Estimated value,
QCL,Crops and livestock products,143,Morocco,5410,Yield,1783,Eggs Primary,1989,1989,100 mg/An,60000,E,Estimated value,
QCL,Crops and livestock products,143,Morocco,5510,Production,1783,Eggs Primary,1989,1989,t,165600,E,Estimated value,
QCL,Crops and livestock products,143,Morocco,5313,Laying,1783,Eggs Primary,1989,1989,1000 An,27600,E,Estimated value,
QCL,Crops and livestock products,143,Morocco,5410,Yield,1783,Eggs Primary,1990,1990,100 mg/An,60000,E,Estimated value,
QCL,Crops and livestock products,143,Morocco,5510,Production,1783,Eggs Primary,1990,1990,t,175200,E,Estimated value,
QCL,Crops and livestock products,143,Morocco,5313,Laying,1783,Eggs Primary,1990,1990,1000 An,29200,E,Estimated value,
QCL,Crops and livestock products,143,Morocco,5410,Yield,1783,Eggs Primary,1991,1991,100 mg/An,60000,E,Estimated value,
QCL,Crops and livestock products,143,Morocco,5510,Production,1783,Eggs Primary,1991,1991,t,171600,E,Estimated value,
QCL,Crops and livestock products,143,Morocco,5313,Laying,1783,Eggs Primary,1991,1991,1000 An,28600,E,Estimated value,
QCL,Crops and livestock products,143,Morocco,5410,Yield,1783,Eggs Primary,1992,1992,100 mg/An,60000,E,Estimated value,
QCL,Crops and livestock products,143,Morocco,5510,Production,1783,Eggs Primary,1992,1992,t,182400,E,Estimated value,
QCL,Crops and livestock products,143,Morocco,5313,Laying,1783,Eggs Primary,1992,1992,1000 An,30400,E,Estimated value,
QCL,Crops and livestock products,143,Morocco,5410,Yield,1783,Eggs Primary,1993,1993,100 mg/An,60000,E,Estimated value,
QCL,Crops and livestock products,143,Morocco,5510,Production,1783,Eggs Primary,1993,1993,t,187200,E,Estimated value,
QCL,Crops and livestock products,143,Morocco,5313,Laying,1783,Eggs Primary,1993,1993,1000 An,31200,E,Estimated value,
QCL,Crops and livestock products,143,Morocco,5410,Yield,1783,Eggs Primary,1994,1994,100 mg/An,60032,E,Estimated value,
QCL,Crops and livestock products,143,Morocco,5510,Production,1783,Eggs Primary,1994,1994,t,190000,E,Estimated value,
QCL,Crops and livestock products,143,Morocco,5313,Laying,1783,Eggs Primary,1994,1994,1000 An,31650,E,Estimated value,
QCL,Crops and livestock products,143,Morocco,5410,Yield,1783,Eggs Primary,1995,1995,100 mg/An,60000,E,Estimated value,
QCL,Crops and livestock products,143,Morocco,5510,Production,1783,Eggs Primary,1995,1995,t,195000,E,Estimated value,
QCL,Crops and livestock products,143,Morocco,5313,Laying,1783,Eggs Primary,1995,1995,1000 An,32500,E,Estimated value,
QCL,Crops and livestock products,143,Morocco,5410,Yield,1783,Eggs Primary,1996,1996,100 mg/An,60000,E,Estimated value,
QCL,Crops and livestock products,143,Morocco,5510,Production,1783,Eggs Primary,1996,1996,t,195000,E,Estimated value,
QCL,Crops and livestock products,143,Morocco,5313,Laying,1783,Eggs Primary,1996,1996,1000 An,32500,E,Estimated value,
QCL,Crops and livestock products,143,Morocco,5410,Yield,1783,Eggs Primary,1997,1997,100 mg/An,60606,E,Estimated value,
QCL,Crops and livestock products,143,Morocco,5510,Production,1783,Eggs Primary,1997,1997,t,200000,A,Official figure,
QCL,Crops and livestock products,143,Morocco,5313,Laying,1783,Eggs Primary,1997,1997,1000 An,33000,E,Estimated value,
QCL,Crops and livestock products,143,Morocco,5410,Yield,1783,Eggs Primary,1998,1998,100 mg/An,54545,A,Official figure,
QCL,Crops and livestock products,143,Morocco,5510,Production,1783,Eggs Primary,1998,1998,t,180000,A,Official figure,
QCL,Crops and livestock products,143,Morocco,5313,Laying,1783,Eggs Primary,1998,1998,1000 An,33000,A,Official figure,
QCL,Crops and livestock products,143,Morocco,5410,Yield,1783,Eggs Primary,1999,1999,100 mg/An,54444,E,Estimated value,
QCL,Crops and livestock products,143,Morocco,5510,Production,1783,Eggs Primary,1999,1999,t,245000,E,Estimated value,
QCL,Crops and livestock products,143,Morocco,5313,Laying,1783,Eggs Primary,1999,1999,1000 An,45000,E,Estimated value,
QCL,Crops and livestock products,143,Morocco,5410,Yield,1783,Eggs Primary,2000,2000,100 mg/An,54651,E,Estimated value,
QCL,Crops and livestock products,143,Morocco,5510,Production,1783,Eggs Primary,2000,2000,t,235000,E,Estimated value,
QCL,Crops and livestock products,143,Morocco,5313,Laying,1783,Eggs Primary,2000,2000,1000 An,43000,E,Estimated value,
QCL,Crops and livestock products,143,Morocco,5410,Yield,1783,Eggs Primary,2001,2001,100 mg/An,57317,E,Estimated value,
QCL,Crops and livestock products,143,Morocco,5510,Production,1783,Eggs Primary,2001,2001,t,235000,E,Estimated value,
QCL,Crops and livestock products,143,Morocco,5313,Laying,1783,Eggs Primary,2001,2001,1000 An,41000,E,Estimated value,
QCL,Crops and livestock products,143,Morocco,5410,Yield,1783,Eggs Primary,2002,2002,100 mg/An,58750,E,Estimated value,
QCL,Crops and livestock products,143,Morocco,5510,Production,1783,Eggs Primary,2002,2002,t,235000,A,Official figure,
QCL,Crops and livestock products,143,Morocco,5313,Laying,1783,Eggs Primary,2002,2002,1000 An,40000,E,Estimated value,
QCL,Crops and livestock products,143,Morocco,5410,Yield,1783,Eggs Primary,2003,2003,100 mg/An,57500,E,Estimated value,
QCL,Crops and livestock products,143,Morocco,5510,Production,1783,Eggs Primary,2003,2003,t,230000,A,Official figure,
QCL,Crops and livestock products,143,Morocco,5313,Laying,1783,Eggs Primary,2003,2003,1000 An,40000,E,Estimated value,
QCL,Crops and livestock products,143,Morocco,5410,Yield,1783,Eggs Primary,2004,2004,100 mg/An,58000,E,Estimated value,
QCL,Crops and livestock products,143,Morocco,5510,Production,1783,Eggs Primary,2004,2004,t,232000,E,Estimated value,
QCL,Crops and livestock products,143,Morocco,5313,Laying,1783,Eggs Primary,2004,2004,1000 An,40000,E,Estimated value,
QCL,Crops and livestock products,143,Morocco,5410,Yield,1783,Eggs Primary,2005,2005,100 mg/An,58000,E,Estimated value,
QCL,Crops and livestock products,143,Morocco,5510,Production,1783,Eggs Primary,2005,2005,t,232000,E,Estimated value,
QCL,Crops and livestock products,143,Morocco,5313,Laying,1783,Eggs Primary,2005,2005,1000 An,40000,E,Estimated value,
QCL,Crops and livestock products,143,Morocco,5410,Yield,1783,Eggs Primary,2006,2006,100 mg/An,57619,E,Estimated value,
QCL,Crops and livestock products,143,Morocco,5510,Production,1783,Eggs Primary,2006,2006,t,242000,E,Estimated value,
QCL,Crops and livestock products,143,Morocco,5313,Laying,1783,Eggs Primary,2006,2006,1000 An,42000,E,Estimated value,
QCL,Crops and livestock products,143,Morocco,5410,Yield,1783,Eggs Primary,2007,2007,100 mg/An,57778,E,Estimated value,
QCL,Crops and livestock products,143,Morocco,5510,Production,1783,Eggs Primary,2007,2007,t,260000,E,Estimated value,
QCL,Crops and livestock products,143,Morocco,5313,Laying,1783,Eggs Primary,2007,2007,1000 An,45000,E,Estimated value,
QCL,Crops and livestock products,143,Morocco,5410,Yield,1783,Eggs Primary,2008,2008,100 mg/An,57433,E,Estimated value,
QCL,Crops and livestock products,143,Morocco,5510,Production,1783,Eggs Primary,2008,2008,t,192400,E,Estimated value,
QCL,Crops and livestock products,143,Morocco,5313,Laying,1783,Eggs Primary,2008,2008,1000 An,33500,E,Estimated value,
QCL,Crops and livestock products,143,Morocco,5410,Yield,1783,Eggs Primary,2009,2009,100 mg/An,56338,E,Estimated value,
QCL,Crops and livestock products,143,Morocco,5510,Production,1783,Eggs Primary,2009,2009,t,200000,E,Estimated value,
QCL,Crops and livestock products,143,Morocco,5313,Laying,1783,Eggs Primary,2009,2009,1000 An,35500,E,Estimated value,
QCL,Crops and livestock products,143,Morocco,5410,Yield,1783,Eggs Primary,2010,2010,100 mg/An,60247,E,Estimated value,
QCL,Crops and livestock products,143,Morocco,5510,Production,1783,Eggs Primary,2010,2010,t,244000,E,Estimated value,
QCL,Crops and livestock products,143,Morocco,5313,Laying,1783,Eggs Primary,2010,2010,1000 An,40500,E,Estimated value,
QCL,Crops and livestock products,143,Morocco,5410,Yield,1783,Eggs Primary,2011,2011,100 mg/An,60227,E,Estimated value,
QCL,Crops and livestock products,143,Morocco,5510,Production,1783,Eggs Primary,2011,2011,t,265000,E,Estimated value,
QCL,Crops and livestock products,143,Morocco,5313,Laying,1783,Eggs Primary,2011,2011,1000 An,44000,E,Estimated value,
QCL,Crops and livestock products,143,Morocco,5410,Yield,1783,Eggs Primary,2012,2012,100 mg/An,60444,E,Estimated value,
QCL,Crops and livestock products,143,Morocco,5510,Production,1783,Eggs Primary,2012,2012,t,272000,E,Estimated value,
QCL,Crops and livestock products,143,Morocco,5313,Laying,1783,Eggs Primary,2012,2012,1000 An,45000,E,Estimated value,
QCL,Crops and livestock products,143,Morocco,5410,Yield,1783,Eggs Primary,2013,2013,100 mg/An,60000,E,Estimated value,
QCL,Crops and livestock products,143,Morocco,5510,Production,1783,Eggs Primary,2013,2013,t,270000,E,Estimated value,
QCL,Crops and livestock products,143,Morocco,5313,Laying,1783,Eggs Primary,2013,2013,1000 An,45000,E,Estimated value,
QCL,Crops and livestock products,143,Morocco,5410,Yield,1783,Eggs Primary,2014,2014,100 mg/An,62358,E,Estimated value,
QCL,Crops and livestock products,143,Morocco,5510,Production,1783,Eggs Primary,2014,2014,t,319000,A,Official figure,
QCL,Crops and livestock products,143,Morocco,5313,Laying,1783,Eggs Primary,2014,2014,1000 An,51156,E,Estimated value,
QCL,Crops and livestock products,143,Morocco,5410,Yield,1783,Eggs Primary,2015,2015,100 mg/An,59926,E,Estimated value,
QCL,Crops and livestock products,143,Morocco,5510,Production,1783,Eggs Primary,2015,2015,t,324500,A,Official figure,
QCL,Crops and livestock products,143,Morocco,5313,Laying,1783,Eggs Primary,2015,2015,1000 An,54150,E,Estimated value,
QCL,Crops and livestock products,143,Morocco,5410,Yield,1783,Eggs Primary,2016,2016,100 mg/An,59889,E,Estimated value,
QCL,Crops and livestock products,143,Morocco,5510,Production,1783,Eggs Primary,2016,2016,t,269500,A,Official figure,
QCL,Crops and livestock products,143,Morocco,5313,Laying,1783,Eggs Primary,2016,2016,1000 An,45000,E,Estimated value,
QCL,Crops and livestock products,143,Morocco,5410,Yield,1783,Eggs Primary,2017,2017,100 mg/An,59954,E,Estimated value,
QCL,Crops and livestock products,143,Morocco,5510,Production,1783,Eggs Primary,2017,2017,t,390600,A,Official figure,
QCL,Crops and livestock products,143,Morocco,5313,Laying,1783,Eggs Primary,2017,2017,1000 An,65150,E,Estimated value,
QCL,Crops and livestock products,143,Morocco,5410,Yield,1783,Eggs Primary,2018,2018,100 mg/An,60274,E,Estimated value,
QCL,Crops and livestock products,143,Morocco,5510,Production,1783,Eggs Primary,2018,2018,t,396000,A,Official figure,
QCL,Crops and livestock products,143,Morocco,5313,Laying,1783,Eggs Primary,2018,2018,1000 An,65700,E,Estimated value,
QCL,Crops and livestock products,143,Morocco,5410,Yield,1783,Eggs Primary,2019,2019,100 mg/An,60039,E,Estimated value,
QCL,Crops and livestock products,143,Morocco,5510,Production,1783,Eggs Primary,2019,2019,t,414000,A,Official figure,
QCL,Crops and livestock products,143,Morocco,5313,Laying,1783,Eggs Primary,2019,2019,1000 An,68955,E,Estimated value,
QCL,Crops and livestock products,143,Morocco,5410,Yield,1783,Eggs Primary,2020,2020,100 mg/An,276667,A,Official figure,
QCL,Crops and livestock products,143,Morocco,5510,Production,1783,Eggs Primary,2020,2020,t,415000,A,Official figure,
QCL,Crops and livestock products,143,Morocco,5313,Laying,1783,Eggs Primary,2020,2020,1000 An,15000,A,Official figure,
QCL,Crops and livestock products,143,Morocco,5410,Yield,1783,Eggs Primary,2021,2021,100 mg/An,276667,A,Official figure,
QCL,Crops and livestock products,143,Morocco,5510,Production,1783,Eggs Primary,2021,2021,t,415000,A,Official figure,
QCL,Crops and livestock products,143,Morocco,5313,Laying,1783,Eggs Primary,2021,2021,1000 An,15000,A,Official figure,
QCL,Crops and livestock products,143,Morocco,5410,Yield,1783,Eggs Primary,2022,2022,100 mg/An,325187,A,Official figure,
QCL,Crops and livestock products,143,Morocco,5510,Production,1783,Eggs Primary,2022,2022,t,390224,A,Official figure,
QCL,Crops and livestock products,143,Morocco,5313,Laying,1783,Eggs Primary,2022,2022,1000 An,12000,A,Official figure,
QCL,Crops and livestock products,143,Morocco,5312,Area harvested,17530,"Fibre Crops, Fibre Equivalent",1961,1961,ha,7000,E,Estimated value,
QCL,Crops and livestock products,143,Morocco,5419,Yield,17530,"Fibre Crops, Fibre Equivalent",1961,1961,100 g/ha,2779,E,Estimated value,
QCL,Crops and livestock products,143,Morocco,5510,Production,17530,"Fibre Crops, Fibre Equivalent",1961,1961,t,1945,E,Estimated value,
QCL,Crops and livestock products,143,Morocco,5312,Area harvested,17530,"Fibre Crops, Fibre Equivalent",1962,1962,ha,9900,E,Estimated value,
QCL,Crops and livestock products,143,Morocco,5419,Yield,17530,"Fibre Crops, Fibre Equivalent",1962,1962,100 g/ha,3644,E,Estimated value,
QCL,Crops and livestock products,143,Morocco,5510,Production,17530,"Fibre Crops, Fibre Equivalent",1962,1962,t,3607.5,E,Estimated value,
QCL,Crops and livestock products,143,Morocco,5312,Area harvested,17530,"Fibre Crops, Fibre Equivalent",1963,1963,ha,13852,E,Estimated value,
QCL,Crops and livestock products,143,Morocco,5419,Yield,17530,"Fibre Crops, Fibre Equivalent",1963,1963,100 g/ha,3921,E,Estimated value,
QCL,Crops and livestock products,143,Morocco,5510,Production,17530,"Fibre Crops, Fibre Equivalent",1963,1963,t,5431,E,Estimated value,
QCL,Crops and livestock products,143,Morocco,5312,Area harvested,17530,"Fibre Crops, Fibre Equivalent",1964,1964,ha,14700,E,Estimated value,
QCL,Crops and livestock products,143,Morocco,5419,Yield,17530,"Fibre Crops, Fibre Equivalent",1964,1964,100 g/ha,4272,E,Estimated value,
QCL,Crops and livestock products,143,Morocco,5510,Production,17530,"Fibre Crops, Fibre Equivalent",1964,1964,t,6280,E,Estimated value,
QCL,Crops and livestock products,143,Morocco,5312,Area harvested,17530,"Fibre Crops, Fibre Equivalent",1965,1965,ha,18500,E,Estimated value,
QCL,Crops and livestock products,143,Morocco,5419,Yield,17530,"Fibre Crops, Fibre Equivalent",1965,1965,100 g/ha,4532,E,Estimated value,
QCL,Crops and livestock products,143,Morocco,5510,Production,17530,"Fibre Crops, Fibre Equivalent",1965,1965,t,8385,E,Estimated value,
QCL,Crops and livestock products,143,Morocco,5312,Area harvested,17530,"Fibre Crops, Fibre Equivalent",1966,1966,ha,22000,E,Estimated value,
QCL,Crops and livestock products,143,Morocco,5419,Yield,17530,"Fibre Crops, Fibre Equivalent",1966,1966,100 g/ha,4909,E,Estimated value,
QCL,Crops and livestock products,143,Morocco,5510,Production,17530,"Fibre Crops, Fibre Equivalent",1966,1966,t,10800,E,Estimated value,
QCL,Crops and livestock products,143,Morocco,5312,Area harvested,17530,"Fibre Crops, Fibre Equivalent",1967,1967,ha,17800,E,Estimated value,
QCL,Crops and livestock products,143,Morocco,5419,Yield,17530,"Fibre Crops, Fibre Equivalent",1967,1967,100 g/ha,3511,E,Estimated value,
QCL,Crops and livestock products,143,Morocco,5510,Production,17530,"Fibre Crops, Fibre Equivalent",1967,1967,t,6250,E,Estimated value,
QCL,Crops and livestock products,143,Morocco,5312,Area harvested,17530,"Fibre Crops, Fibre Equivalent",1968,1968,ha,15800,E,Estimated value,
QCL,Crops and livestock products,143,Morocco,5419,Yield,17530,"Fibre Crops, Fibre Equivalent",1968,1968,100 g/ha,4303,E,Estimated value,
QCL,Crops and livestock products,143,Morocco,5510,Production,17530,"Fibre Crops, Fibre Equivalent",1968,1968,t,6799.5,E,Estimated value,
QCL,Crops and livestock products,143,Morocco,5312,Area harvested,17530,"Fibre Crops, Fibre Equivalent",1969,1969,ha,18300,E,Estimated value,
QCL,Crops and livestock products,143,Morocco,5419,Yield,17530,"Fibre Crops, Fibre Equivalent",1969,1969,100 g/ha,4205,E,Estimated value,
QCL,Crops and livestock products,143,Morocco,5510,Production,17530,"Fibre Crops, Fibre Equivalent",1969,1969,t,7695.5,E,Estimated value,
QCL,Crops and livestock products,143,Morocco,5312,Area harvested,17530,"Fibre Crops, Fibre Equivalent",1970,1970,ha,18300,E,Estimated value,
QCL,Crops and livestock products,143,Morocco,5419,Yield,17530,"Fibre Crops, Fibre Equivalent",1970,1970,100 g/ha,3804,E,Estimated value,
QCL,Crops and livestock products,143,Morocco,5510,Production,17530,"Fibre Crops, Fibre Equivalent",1970,1970,t,6960.5,E,Estimated value,
QCL,Crops and livestock products,143,Morocco,5312,Area harvested,17530,"Fibre Crops, Fibre Equivalent",1971,1971,ha,18100,E,Estimated value,
QCL,Crops and livestock products,143,Morocco,5419,Yield,17530,"Fibre Crops, Fibre Equivalent",1971,1971,100 g/ha,5193,E,Estimated value,
QCL,Crops and livestock products,143,Morocco,5510,Production,17530,"Fibre Crops, Fibre Equivalent",1971,1971,t,9400,E,Estimated value,
QCL,Crops and livestock products,143,Morocco,5312,Area harvested,17530,"Fibre Crops, Fibre Equivalent",1972,1972,ha,16900,E,Estimated value,
QCL,Crops and livestock products,143,Morocco,5419,Yield,17530,"Fibre Crops, Fibre Equivalent",1972,1972,100 g/ha,5756,E,Estimated value,
QCL,Crops and livestock products,143,Morocco,5510,Production,17530,"Fibre Crops, Fibre Equivalent",1972,1972,t,9727.5,E,Estimated value,
QCL,Crops and livestock products,143,Morocco,5312,Area harvested,17530,"Fibre Crops, Fibre Equivalent",1973,1973,ha,17700,E,Estimated value,
QCL,Crops and livestock products,143,Morocco,5419,Yield,17530,"Fibre Crops, Fibre Equivalent",1973,1973,100 g/ha,3750,E,Estimated value,
QCL,Crops and livestock products,143,Morocco,5510,Production,17530,"Fibre Crops, Fibre Equivalent",1973,1973,t,6637,E,Estimated value,
QCL,Crops and livestock products,143,Morocco,5312,Area harvested,17530,"Fibre Crops, Fibre Equivalent",1974,1974,ha,18800,E,Estimated value,
QCL,Crops and livestock products,143,Morocco,5419,Yield,17530,"Fibre Crops, Fibre Equivalent",1974,1974,100 g/ha,3487,E,Estimated value,
QCL,Crops and livestock products,143,Morocco,5510,Production,17530,"Fibre Crops, Fibre Equivalent",1974,1974,t,6555,E,Estimated value,
QCL,Crops and livestock products,143,Morocco,5312,Area harvested,17530,"Fibre Crops, Fibre Equivalent",1975,1975,ha,13000,E,Estimated value,
QCL,Crops and livestock products,143,Morocco,5419,Yield,17530,"Fibre Crops, Fibre Equivalent",1975,1975,100 g/ha,4532,E,Estimated value,
QCL,Crops and livestock products,143,Morocco,5510,Production,17530,"Fibre Crops, Fibre Equivalent",1975,1975,t,5892,E,Estimated value,
QCL,Crops and livestock products,143,Morocco,5312,Area harvested,17530,"Fibre Crops, Fibre Equivalent",1976,1976,ha,19600,E,Estimated value,
QCL,Crops and livestock products,143,Morocco,5419,Yield,17530,"Fibre Crops, Fibre Equivalent",1976,1976,100 g/ha,4253,E,Estimated value,
QCL,Crops and livestock products,143,Morocco,5510,Production,17530,"Fibre Crops, Fibre Equivalent",1976,1976,t,8335,E,Estimated value,
QCL,Crops and livestock products,143,Morocco,5312,Area harvested,17530,"Fibre Crops, Fibre Equivalent",1977,1977,ha,19300,E,Estimated value,
QCL,Crops and livestock products,143,Morocco,5419,Yield,17530,"Fibre Crops, Fibre Equivalent",1977,1977,100 g/ha,3427,E,Estimated value,
QCL,Crops and livestock products,143,Morocco,5510,Production,17530,"Fibre Crops, Fibre Equivalent",1977,1977,t,6615,E,Estimated value,
QCL,Crops and livestock products,143,Morocco,5312,Area harvested,17530,"Fibre Crops, Fibre Equivalent",1978,1978,ha,10000,E,Estimated value,
QCL,Crops and livestock products,143,Morocco,5419,Yield,17530,"Fibre Crops, Fibre Equivalent",1978,1978,100 g/ha,4735,E,Estimated value,
QCL,Crops and livestock products,143,Morocco,5510,Production,17530,"Fibre Crops, Fibre Equivalent",1978,1978,t,4734.5,E,Estimated value,
QCL,Crops and livestock products,143,Morocco,5312,Area harvested,17530,"Fibre Crops, Fibre Equivalent",1979,1979,ha,9814,E,Estimated value,
QCL,Crops and livestock products,143,Morocco,5419,Yield,17530,"Fibre Crops, Fibre Equivalent",1979,1979,100 g/ha,6086,E,Estimated value,
QCL,Crops and livestock products,143,Morocco,5510,Production,17530,"Fibre Crops, Fibre Equivalent",1979,1979,t,5973,E,Estimated value,
QCL,Crops and livestock products,143,Morocco,5312,Area harvested,17530,"Fibre Crops, Fibre Equivalent",1980,1980,ha,14819,E,Estimated value,
QCL,Crops and livestock products,143,Morocco,5419,Yield,17530,"Fibre Crops, Fibre Equivalent",1980,1980,100 g/ha,4508,E,Estimated value,
QCL,Crops and livestock products,143,Morocco,5510,Production,17530,"Fibre Crops, Fibre Equivalent",1980,1980,t,6680,E,Estimated value,
QCL,Crops and livestock products,143,Morocco,5312,Area harvested,17530,"Fibre Crops, Fibre Equivalent",1981,1981,ha,12900,E,Estimated value,
QCL,Crops and livestock products,143,Morocco,5419,Yield,17530,"Fibre Crops, Fibre Equivalent",1981,1981,100 g/ha,6066,E,Estimated value,
QCL,Crops and livestock products,143,Morocco,5510,Production,17530,"Fibre Crops, Fibre Equivalent",1981,1981,t,7825,E,Estimated value,
QCL,Crops and livestock products,143,Morocco,5312,Area harvested,17530,"Fibre Crops, Fibre Equivalent",1982,1982,ha,12150,E,Estimated value,
QCL,Crops and livestock products,143,Morocco,5419,Yield,17530,"Fibre Crops, Fibre Equivalent",1982,1982,100 g/ha,6724,E,Estimated value,
QCL,Crops and livestock products,143,Morocco,5510,Production,17530,"Fibre Crops, Fibre Equivalent",1982,1982,t,8170,E,Estimated value,
QCL,Crops and livestock products,143,Morocco,5312,Area harvested,17530,"Fibre Crops, Fibre Equivalent",1983,1983,ha,12385,E,Estimated value,
QCL,Crops and livestock products,143,Morocco,5419,Yield,17530,"Fibre Crops, Fibre Equivalent",1983,1983,100 g/ha,7727,E,Estimated value,
QCL,Crops and livestock products,143,Morocco,5510,Production,17530,"Fibre Crops, Fibre Equivalent",1983,1983,t,9570,E,Estimated value,
QCL,Crops and livestock products,143,Morocco,5312,Area harvested,17530,"Fibre Crops, Fibre Equivalent",1984,1984,ha,11300,E,Estimated value,
QCL,Crops and livestock products,143,Morocco,5419,Yield,17530,"Fibre Crops, Fibre Equivalent",1984,1984,100 g/ha,5274,E,Estimated value,
QCL,Crops and livestock products,143,Morocco,5510,Production,17530,"Fibre Crops, Fibre Equivalent",1984,1984,t,5960,E,Estimated value,
QCL,Crops and livestock products,143,Morocco,5312,Area harvested,17530,"Fibre Crops, Fibre Equivalent",1985,1985,ha,14470,E,Estimated value,
QCL,Crops and livestock products,143,Morocco,5419,Yield,17530,"Fibre Crops, Fibre Equivalent",1985,1985,100 g/ha,6365,E,Estimated value,
QCL,Crops and livestock products,143,Morocco,5510,Production,17530,"Fibre Crops, Fibre Equivalent",1985,1985,t,9210,E,Estimated value,
QCL,Crops and livestock products,143,Morocco,5312,Area harvested,17530,"Fibre Crops, Fibre Equivalent",1986,1986,ha,15850,E,Estimated value,
QCL,Crops and livestock products,143,Morocco,5419,Yield,17530,"Fibre Crops, Fibre Equivalent",1986,1986,100 g/ha,6735,E,Estimated value,
QCL,Crops and livestock products,143,Morocco,5510,Production,17530,"Fibre Crops, Fibre Equivalent",1986,1986,t,10675,E,Estimated value,
QCL,Crops and livestock products,143,Morocco,5312,Area harvested,17530,"Fibre Crops, Fibre Equivalent",1987,1987,ha,17240,E,Estimated value,
QCL,Crops and livestock products,143,Morocco,5419,Yield,17530,"Fibre Crops, Fibre Equivalent",1987,1987,100 g/ha,7712,E,Estimated value,
QCL,Crops and livestock products,143,Morocco,5510,Production,17530,"Fibre Crops, Fibre Equivalent",1987,1987,t,13295,E,Estimated value,
QCL,Crops and livestock products,143,Morocco,5312,Area harvested,17530,"Fibre Crops, Fibre Equivalent",1988,1988,ha,19700,E,Estimated value,
QCL,Crops and livestock products,143,Morocco,5419,Yield,17530,"Fibre Crops, Fibre Equivalent",1988,1988,100 g/ha,5993,E,Estimated value,
QCL,Crops and livestock products,143,Morocco,5510,Production,17530,"Fibre Crops, Fibre Equivalent",1988,1988,t,11806,E,Estimated value,
QCL,Crops and livestock products,143,Morocco,5312,Area harvested,17530,"Fibre Crops, Fibre Equivalent",1989,1989,ha,16970,E,Estimated value,
QCL,Crops and livestock products,143,Morocco,5419,Yield,17530,"Fibre Crops, Fibre Equivalent",1989,1989,100 g/ha,7076,E,Estimated value,
QCL,Crops and livestock products,143,Morocco,5510,Production,17530,"Fibre Crops, Fibre Equivalent",1989,1989,t,12007.5,E,Estimated value,
QCL,Crops and livestock products,143,Morocco,5312,Area harvested,17530,"Fibre Crops, Fibre Equivalent",1990,1990,ha,20000,E,Estimated value,
QCL,Crops and livestock products,143,Morocco,5419,Yield,17530,"Fibre Crops, Fibre Equivalent",1990,1990,100 g/ha,5945,E,Estimated value,
QCL,Crops and livestock products,143,Morocco,5510,Production,17530,"Fibre Crops, Fibre Equivalent",1990,1990,t,11890.5,E,Estimated value,
QCL,Crops and livestock products,143,Morocco,5312,Area harvested,17530,"Fibre Crops, Fibre Equivalent",1991,1991,ha,14400,E,Estimated value,
QCL,Crops and livestock products,143,Morocco,5419,Yield,17530,"Fibre Crops, Fibre Equivalent",1991,1991,100 g/ha,6467,E,Estimated value,
QCL,Crops and livestock products,143,Morocco,5510,Production,17530,"Fibre Crops, Fibre Equivalent",1991,1991,t,9313,E,Estimated value,
QCL,Crops and livestock products,143,Morocco,5312,Area harvested,17530,"Fibre Crops, Fibre Equivalent",1992,1992,ha,6800,E,Estimated value,
QCL,Crops and livestock products,143,Morocco,5419,Yield,17530,"Fibre Crops, Fibre Equivalent",1992,1992,100 g/ha,7471,E,Estimated value,
QCL,Crops and livestock products,143,Morocco,5510,Production,17530,"Fibre Crops, Fibre Equivalent",1992,1992,t,5080,E,Estimated value,
QCL,Crops and livestock products,143,Morocco,5312,Area harvested,17530,"Fibre Crops, Fibre Equivalent",1993,1993,ha,3100,E,Estimated value,
QCL,Crops and livestock products,143,Morocco,5419,Yield,17530,"Fibre Crops, Fibre Equivalent",1993,1993,100 g/ha,7575,E,Estimated value,
QCL,Crops and livestock products,143,Morocco,5510,Production,17530,"Fibre Crops, Fibre Equivalent",1993,1993,t,2348.5,E,Estimated value,
QCL,Crops and livestock products,143,Morocco,5312,Area harvested,17530,"Fibre Crops, Fibre Equivalent",1994,1994,ha,4300,E,Estimated value,
QCL,Crops and livestock products,143,Morocco,5419,Yield,17530,"Fibre Crops, Fibre Equivalent",1994,1994,100 g/ha,7656,E,Estimated value,
QCL,Crops and livestock products,143,Morocco,5510,Production,17530,"Fibre Crops, Fibre Equivalent",1994,1994,t,3292,E,Estimated value,
QCL,Crops and livestock products,143,Morocco,5312,Area harvested,17530,"Fibre Crops, Fibre Equivalent",1995,1995,ha,3243,E,Estimated value,
QCL,Crops and livestock products,143,Morocco,5419,Yield,17530,"Fibre Crops, Fibre Equivalent",1995,1995,100 g/ha,7670,E,Estimated value,
QCL,Crops and livestock products,143,Morocco,5510,Production,17530,"Fibre Crops, Fibre Equivalent",1995,1995,t,2487.02,E,Estimated value,
QCL,Crops and livestock products,143,Morocco,5312,Area harvested,17530,"Fibre Crops, Fibre Equivalent",1996,1996,ha,4100,E,Estimated value,
QCL,Crops and livestock products,143,Morocco,5419,Yield,17530,"Fibre Crops, Fibre Equivalent",1996,1996,100 g/ha,7961,E,Estimated value,
QCL,Crops and livestock products,143,Morocco,5510,Production,17530,"Fibre Crops, Fibre Equivalent",1996,1996,t,3264,E,Estimated value,
QCL,Crops and livestock products,143,Morocco,5312,Area harvested,17530,"Fibre Crops, Fibre Equivalent",1997,1997,ha,4950,E,Estimated value,
QCL,Crops and livestock products,143,Morocco,5419,Yield,17530,"Fibre Crops, Fibre Equivalent",1997,1997,100 g/ha,7613,E,Estimated value,
QCL,Crops and livestock products,143,Morocco,5510,Production,17530,"Fibre Crops, Fibre Equivalent",1997,1997,t,3768.93,E,Estimated value,
QCL,Crops and livestock products,143,Morocco,5312,Area harvested,17530,"Fibre Crops, Fibre Equivalent",1998,1998,ha,3859,E,Estimated value,
QCL,Crops and livestock products,143,Morocco,5419,Yield,17530,"Fibre Crops, Fibre Equivalent",1998,1998,100 g/ha,7293,E,Estimated value,
QCL,Crops and livestock products,143,Morocco,5510,Production,17530,"Fibre Crops, Fibre Equivalent",1998,1998,t,2814.2,E,Estimated value,
QCL,Crops and livestock products,143,Morocco,5312,Area harvested,17530,"Fibre Crops, Fibre Equivalent",1999,1999,ha,2969,E,Estimated value,
QCL,Crops and livestock products,143,Morocco,5419,Yield,17530,"Fibre Crops, Fibre Equivalent",1999,1999,100 g/ha,7667,E,Estimated value,
QCL,Crops and livestock products,143,Morocco,5510,Production,17530,"Fibre Crops, Fibre Equivalent",1999,1999,t,2275.97,E,Estimated value,
QCL,Crops and livestock products,143,Morocco,5312,Area harvested,17530,"Fibre Crops, Fibre Equivalent",2000,2000,ha,2880,E,Estimated value,
QCL,Crops and livestock products,143,Morocco,5419,Yield,17530,"Fibre Crops, Fibre Equivalent",2000,2000,100 g/ha,7556,E,Estimated value,
QCL,Crops and livestock products,143,Morocco,5510,Production,17530,"Fibre Crops, Fibre Equivalent",2000,2000,t,2176.4,E,Estimated value,
QCL,Crops and livestock products,143,Morocco,5312,Area harvested,17530,"Fibre Crops, Fibre Equivalent",2001,2001,ha,2895,E,Estimated value,
QCL,Crops and livestock products,143,Morocco,5419,Yield,17530,"Fibre Crops, Fibre Equivalent",2001,2001,100 g/ha,7267,E,Estimated value,
QCL,Crops and livestock products,143,Morocco,5510,Production,17530,"Fibre Crops, Fibre Equivalent",2001,2001,t,2103.63,E,Estimated value,
QCL,Crops and livestock products,143,Morocco,5312,Area harvested,17530,"Fibre Crops, Fibre Equivalent",2002,2002,ha,3247,E,Estimated value,
QCL,Crops and livestock products,143,Morocco,5419,Yield,17530,"Fibre Crops, Fibre Equivalent",2002,2002,100 g/ha,6603,E,Estimated value,
QCL,Crops and livestock products,143,Morocco,5510,Production,17530,"Fibre Crops, Fibre Equivalent",2002,2002,t,2143.87,E,Estimated value,
QCL,Crops and livestock products,143,Morocco,5312,Area harvested,17530,"Fibre Crops, Fibre Equivalent",2003,2003,ha,3059,E,Estimated value,
QCL,Crops and livestock products,143,Morocco,5419,Yield,17530,"Fibre Crops, Fibre Equivalent",2003,2003,100 g/ha,6199,E,Estimated value,
QCL,Crops and livestock products,143,Morocco,5510,Production,17530,"Fibre Crops, Fibre Equivalent",2003,2003,t,1896.2,E,Estimated value,
QCL,Crops and livestock products,143,Morocco,5312,Area harvested,17530,"Fibre Crops, Fibre Equivalent",2004,2004,ha,3074,E,Estimated value,
QCL,Crops and livestock products,143,Morocco,5419,Yield,17530,"Fibre Crops, Fibre Equivalent",2004,2004,100 g/ha,6074,E,Estimated value,
QCL,Crops and livestock products,143,Morocco,5510,Production,17530,"Fibre Crops, Fibre Equivalent",2004,2004,t,1866.9,E,Estimated value,
QCL,Crops and livestock products,143,Morocco,5312,Area harvested,17530,"Fibre Crops, Fibre Equivalent",2005,2005,ha,3330,E,Estimated value,
QCL,Crops and livestock products,143,Morocco,5419,Yield,17530,"Fibre Crops, Fibre Equivalent",2005,2005,100 g/ha,5481,E,Estimated value,
QCL,Crops and livestock products,143,Morocco,5510,Production,17530,"Fibre Crops, Fibre Equivalent",2005,2005,t,1825.14,E,Estimated value,
QCL,Crops and livestock products,143,Morocco,5312,Area harvested,17530,"Fibre Crops, Fibre Equivalent",2006,2006,ha,3346,E,Estimated value,
QCL,Crops and livestock products,143,Morocco,5419,Yield,17530,"Fibre Crops, Fibre Equivalent",2006,2006,100 g/ha,5292,E,Estimated value,
QCL,Crops and livestock products,143,Morocco,5510,Production,17530,"Fibre Crops, Fibre Equivalent",2006,2006,t,1770.46,E,Estimated value,
QCL,Crops and livestock products,143,Morocco,5312,Area harvested,17530,"Fibre Crops, Fibre Equivalent",2007,2007,ha,3415,E,Estimated value,
QCL,Crops and livestock products,143,Morocco,5419,Yield,17530,"Fibre Crops, Fibre Equivalent",2007,2007,100 g/ha,5084,E,Estimated value,
QCL,Crops and livestock products,143,Morocco,5510,Production,17530,"Fibre Crops, Fibre Equivalent",2007,2007,t,1736.04,E,Estimated value,
QCL,Crops and livestock products,143,Morocco,5312,Area harvested,17530,"Fibre Crops, Fibre Equivalent",2008,2008,ha,3498,E,Estimated value,
QCL,Crops and livestock products,143,Morocco,5419,Yield,17530,"Fibre Crops, Fibre Equivalent",2008,2008,100 g/ha,4884,E,Estimated value,
QCL,Crops and livestock products,143,Morocco,5510,Production,17530,"Fibre Crops, Fibre Equivalent",2008,2008,t,1708.37,E,Estimated value,
QCL,Crops and livestock products,143,Morocco,5312,Area harvested,17530,"Fibre Crops, Fibre Equivalent",2009,2009,ha,3597,E,Estimated value,
QCL,Crops and livestock products,143,Morocco,5419,Yield,17530,"Fibre Crops, Fibre Equivalent",2009,2009,100 g/ha,4694,E,Estimated value,
QCL,Crops and livestock products,143,Morocco,5510,Production,17530,"Fibre Crops, Fibre Equivalent",2009,2009,t,1688.59,E,Estimated value,
QCL,Crops and livestock products,143,Morocco,5312,Area harvested,17530,"Fibre Crops, Fibre Equivalent",2010,2010,ha,3714,E,Estimated value,
QCL,Crops and livestock products,143,Morocco,5419,Yield,17530,"Fibre Crops, Fibre Equivalent",2010,2010,100 g/ha,4518,E,Estimated value,
QCL,Crops and livestock products,143,Morocco,5510,Production,17530,"Fibre Crops, Fibre Equivalent",2010,2010,t,1677.83,E,Estimated value,
QCL,Crops and livestock products,143,Morocco,5312,Area harvested,17530,"Fibre Crops, Fibre Equivalent",2011,2011,ha,4155,E,Estimated value,
QCL,Crops and livestock products,143,Morocco,5419,Yield,17530,"Fibre Crops, Fibre Equivalent",2011,2011,100 g/ha,4034,E,Estimated value,
QCL,Crops and livestock products,143,Morocco,5510,Production,17530,"Fibre Crops, Fibre Equivalent",2011,2011,t,1676.3,E,Estimated value,
QCL,Crops and livestock products,143,Morocco,5312,Area harvested,17530,"Fibre Crops, Fibre Equivalent",2012,2012,ha,4150,E,Estimated value,
QCL,Crops and livestock products,143,Morocco,5419,Yield,17530,"Fibre Crops, Fibre Equivalent",2012,2012,100 g/ha,4084,E,Estimated value,
QCL,Crops and livestock products,143,Morocco,5510,Production,17530,"Fibre Crops, Fibre Equivalent",2012,2012,t,1695,E,Estimated value,
QCL,Crops and livestock products,143,Morocco,5312,Area harvested,17530,"Fibre Crops, Fibre Equivalent",2013,2013,ha,4180,E,Estimated value,
QCL,Crops and livestock products,143,Morocco,5419,Yield,17530,"Fibre Crops, Fibre Equivalent",2013,2013,100 g/ha,4123,E,Estimated value,
QCL,Crops and livestock products,143,Morocco,5510,Production,17530,"Fibre Crops, Fibre Equivalent",2013,2013,t,1723.5,E,Estimated value,
QCL,Crops and livestock products,143,Morocco,5312,Area harvested,17530,"Fibre Crops, Fibre Equivalent",2014,2014,ha,4515,E,Estimated value,
QCL,Crops and livestock products,143,Morocco,5419,Yield,17530,"Fibre Crops, Fibre Equivalent",2014,2014,100 g/ha,3873,E,Estimated value,
QCL,Crops and livestock products,143,Morocco,5510,Production,17530,"Fibre Crops, Fibre Equivalent",2014,2014,t,1748.71,E,Estimated value,
QCL,Crops and livestock products,143,Morocco,5312,Area harvested,17530,"Fibre Crops, Fibre Equivalent",2015,2015,ha,4726,E,Estimated value,
QCL,Crops and livestock products,143,Morocco,5419,Yield,17530,"Fibre Crops, Fibre Equivalent",2015,2015,100 g/ha,3559,E,Estimated value,
QCL,Crops and livestock products,143,Morocco,5510,Production,17530,"Fibre Crops, Fibre Equivalent",2015,2015,t,1682.1,E,Estimated value,
QCL,Crops and livestock products,143,Morocco,5312,Area harvested,17530,"Fibre Crops, Fibre Equivalent",2016,2016,ha,4477,E,Estimated value,
QCL,Crops and livestock products,143,Morocco,5419,Yield,17530,"Fibre Crops, Fibre Equivalent",2016,2016,100 g/ha,3844,E,Estimated value,
QCL,Crops and livestock products,143,Morocco,5510,Production,17530,"Fibre Crops, Fibre Equivalent",2016,2016,t,1721.14,E,Estimated value,
QCL,Crops and livestock products,143,Morocco,5312,Area harvested,17530,"Fibre Crops, Fibre Equivalent",2017,2017,ha,4753,E,Estimated value,
QCL,Crops and livestock products,143,Morocco,5419,Yield,17530,"Fibre Crops, Fibre Equivalent",2017,2017,100 g/ha,3645,E,Estimated value,
QCL,Crops and livestock products,143,Morocco,5510,Production,17530,"Fibre Crops, Fibre Equivalent",2017,2017,t,1732.62,E,Estimated value,
QCL,Crops and livestock products,143,Morocco,5312,Area harvested,17530,"Fibre Crops, Fibre Equivalent",2018,2018,ha,4648,E,Estimated value,
QCL,Crops and livestock products,143,Morocco,5419,Yield,17530,"Fibre Crops, Fibre Equivalent",2018,2018,100 g/ha,3756,E,Estimated value,
QCL,Crops and livestock products,143,Morocco,5510,Production,17530,"Fibre Crops, Fibre Equivalent",2018,2018,t,1745.76,E,Estimated value,
QCL,Crops and livestock products,143,Morocco,5312,Area harvested,17530,"Fibre Crops, Fibre Equivalent",2019,2019,ha,4626,E,Estimated value,
QCL,Crops and livestock products,143,Morocco,5419,Yield,17530,"Fibre Crops, Fibre Equivalent",2019,2019,100 g/ha,3746,E,Estimated value,
QCL,Crops and livestock products,143,Morocco,5510,Production,17530,"Fibre Crops, Fibre Equivalent",2019,2019,t,1733.01,E,Estimated value,
QCL,Crops and livestock products,143,Morocco,5312,Area harvested,17530,"Fibre Crops, Fibre Equivalent",2020,2020,ha,4676,E,Estimated value,
QCL,Crops and livestock products,143,Morocco,5419,Yield,17530,"Fibre Crops, Fibre Equivalent",2020,2020,100 g/ha,3726,E,Estimated value,
QCL,Crops and livestock products,143,Morocco,5510,Production,17530,"Fibre Crops, Fibre Equivalent",2020,2020,t,1742.3,E,Estimated value,
QCL,Crops and livestock products,143,Morocco,5312,Area harvested,17530,"Fibre Crops, Fibre Equivalent",2021,2021,ha,4650,E,Estimated value,
QCL,Crops and livestock products,143,Morocco,5419,Yield,17530,"Fibre Crops, Fibre Equivalent",2021,2021,100 g/ha,3758,E,Estimated value,
QCL,Crops and livestock products,143,Morocco,5510,Production,17530,"Fibre Crops, Fibre Equivalent",2021,2021,t,1747.32,E,Estimated value,
QCL,Crops and livestock products,143,Morocco,5312,Area harvested,17530,"Fibre Crops, Fibre Equivalent",2022,2022,ha,4651,E,Estimated value,
QCL,Crops and livestock products,143,Morocco,5419,Yield,17530,"Fibre Crops, Fibre Equivalent",2022,2022,100 g/ha,3767,E,Estimated value,
QCL,Crops and livestock products,143,Morocco,5510,Production,17530,"Fibre Crops, Fibre Equivalent",2022,2022,t,1751.9,E,Estimated value,
QCL,Crops and livestock products,143,Morocco,5312,Area harvested,1738,Fruit Primary,1961,1961,ha,105125,E,Estimated value,
QCL,Crops and livestock products,143,Morocco,5419,Yield,1738,Fruit Primary,1961,1961,100 g/ha,111333,E,Estimated value,
QCL,Crops and livestock products,143,Morocco,5510,Production,1738,Fruit Primary,1961,1961,t,1170385,A,Official figure,
QCL,Crops and livestock products,143,Morocco,5312,Area harvested,1738,Fruit Primary,1962,1962,ha,106133,E,Estimated value,
QCL,Crops and livestock products,143,Morocco,5419,Yield,1738,Fruit Primary,1962,1962,100 g/ha,102849,E,Estimated value,
QCL,Crops and livestock products,143,Morocco,5510,Production,1738,Fruit Primary,1962,1962,t,1091565,A,Official figure,
QCL,Crops and livestock products,143,Morocco,5312,Area harvested,1738,Fruit Primary,1963,1963,ha,105134,E,Estimated value,
QCL,Crops and livestock products,143,Morocco,5419,Yield,1738,Fruit Primary,1963,1963,100 g/ha,116128,E,Estimated value,
QCL,Crops and livestock products,143,Morocco,5510,Production,1738,Fruit Primary,1963,1963,t,1220900,E,Estimated value,
QCL,Crops and livestock products,143,Morocco,5312,Area harvested,1738,Fruit Primary,1964,1964,ha,109140,E,Estimated value,
QCL,Crops and livestock products,143,Morocco,5419,Yield,1738,Fruit Primary,1964,1964,100 g/ha,139464,E,Estimated value,
QCL,Crops and livestock products,143,Morocco,5510,Production,1738,Fruit Primary,1964,1964,t,1522110,A,Official figure,
QCL,Crops and livestock products,143,Morocco,5312,Area harvested,1738,Fruit Primary,1965,1965,ha,111296,E,Estimated value,
QCL,Crops and livestock products,143,Morocco,5419,Yield,1738,Fruit Primary,1965,1965,100 g/ha,136202,E,Estimated value,
QCL,Crops and livestock products,143,Morocco,5510,Production,1738,Fruit Primary,1965,1965,t,1515871,E,Estimated value,
QCL,Crops and livestock products,143,Morocco,5312,Area harvested,1738,Fruit Primary,1966,1966,ha,108818,E,Estimated value,
QCL,Crops and livestock products,143,Morocco,5419,Yield,1738,Fruit Primary,1966,1966,100 g/ha,133484,E,Estimated value,
QCL,Crops and livestock products,143,Morocco,5510,Production,1738,Fruit Primary,1966,1966,t,1452543,E,Estimated value,
QCL,Crops and livestock products,143,Morocco,5312,Area harvested,1738,Fruit Primary,1967,1967,ha,108186,E,Estimated value,
QCL,Crops and livestock products,143,Morocco,5419,Yield,1738,Fruit Primary,1967,1967,100 g/ha,138527,E,Estimated value,
QCL,Crops and livestock products,143,Morocco,5510,Production,1738,Fruit Primary,1967,1967,t,1498673,E,Estimated value,
QCL,Crops and livestock products,143,Morocco,5312,Area harvested,1738,Fruit Primary,1968,1968,ha,104325,E,Estimated value,
QCL,Crops and livestock products,143,Morocco,5419,Yield,1738,Fruit Primary,1968,1968,100 g/ha,168210,E,Estimated value,
QCL,Crops and livestock products,143,Morocco,5510,Production,1738,Fruit Primary,1968,1968,t,1754850,E,Estimated value,
QCL,Crops and livestock products,143,Morocco,5312,Area harvested,1738,Fruit Primary,1969,1969,ha,96278,E,Estimated value,
QCL,Crops and livestock products,143,Morocco,5419,Yield,1738,Fruit Primary,1969,1969,100 g/ha,153108,E,Estimated value,
QCL,Crops and livestock products,143,Morocco,5510,Production,1738,Fruit Primary,1969,1969,t,1474090,E,Estimated value,
QCL,Crops and livestock products,143,Morocco,5312,Area harvested,1738,Fruit Primary,1970,1970,ha,101202,E,Estimated value,
QCL,Crops and livestock products,143,Morocco,5419,Yield,1738,Fruit Primary,1970,1970,100 g/ha,173576,E,Estimated value,
QCL,Crops and livestock products,143,Morocco,5510,Production,1738,Fruit Primary,1970,1970,t,1756620,E,Estimated value,
QCL,Crops and livestock products,143,Morocco,5312,Area harvested,1738,Fruit Primary,1971,1971,ha,96502,E,Estimated value,
QCL,Crops and livestock products,143,Morocco,5419,Yield,1738,Fruit Primary,1971,1971,100 g/ha,168181,E,Estimated value,
QCL,Crops and livestock products,143,Morocco,5510,Production,1738,Fruit Primary,1971,1971,t,1622980,E,Estimated value,
QCL,Crops and livestock products,143,Morocco,5312,Area harvested,1738,Fruit Primary,1972,1972,ha,97502,E,Estimated value,
QCL,Crops and livestock products,143,Morocco,5419,Yield,1738,Fruit Primary,1972,1972,100 g/ha,167380,E,Estimated value,
QCL,Crops and livestock products,143,Morocco,5510,Production,1738,Fruit Primary,1972,1972,t,1631990,E,Estimated value,
QCL,Crops and livestock products,143,Morocco,5312,Area harvested,1738,Fruit Primary,1973,1973,ha,93602,E,Estimated value,
QCL,Crops and livestock products,143,Morocco,5419,Yield,1738,Fruit Primary,1973,1973,100 g/ha,198099,E,Estimated value,
QCL,Crops and livestock products,143,Morocco,5510,Production,1738,Fruit Primary,1973,1973,t,1854250,E,Estimated value,
QCL,Crops and livestock products,143,Morocco,5312,Area harvested,1738,Fruit Primary,1974,1974,ha,93002,E,Estimated value,
QCL,Crops and livestock products,143,Morocco,5419,Yield,1738,Fruit Primary,1974,1974,100 g/ha,190222,E,Estimated value,
QCL,Crops and livestock products,143,Morocco,5510,Production,1738,Fruit Primary,1974,1974,t,1769100,E,Estimated value,
QCL,Crops and livestock products,143,Morocco,5312,Area harvested,1738,Fruit Primary,1975,1975,ha,92187,E,Estimated value,
QCL,Crops and livestock products,143,Morocco,5419,Yield,1738,Fruit Primary,1975,1975,100 g/ha,165139,E,Estimated value,
QCL,Crops and livestock products,143,Morocco,5510,Production,1738,Fruit Primary,1975,1975,t,1522370,E,Estimated value,
QCL,Crops and livestock products,143,Morocco,5312,Area harvested,1738,Fruit Primary,1976,1976,ha,95787,E,Estimated value,
QCL,Crops and livestock products,143,Morocco,5419,Yield,1738,Fruit Primary,1976,1976,100 g/ha,164406,E,Estimated value,
QCL,Crops and livestock products,143,Morocco,5510,Production,1738,Fruit Primary,1976,1976,t,1574800,E,Estimated value,
QCL,Crops and livestock products,143,Morocco,5312,Area harvested,1738,Fruit Primary,1977,1977,ha,103687,E,Estimated value,
QCL,Crops and livestock products,143,Morocco,5419,Yield,1738,Fruit Primary,1977,1977,100 g/ha,167047,E,Estimated value,
QCL,Crops and livestock products,143,Morocco,5510,Production,1738,Fruit Primary,1977,1977,t,1732060,E,Estimated value,
QCL,Crops and livestock products,143,Morocco,5312,Area harvested,1738,Fruit Primary,1978,1978,ha,102387,E,Estimated value,
QCL,Crops and livestock products,143,Morocco,5419,Yield,1738,Fruit Primary,1978,1978,100 g/ha,190355,E,Estimated value,
QCL,Crops and livestock products,143,Morocco,5510,Production,1738,Fruit Primary,1978,1978,t,1948990,E,Estimated value,
QCL,Crops and livestock products,143,Morocco,5312,Area harvested,1738,Fruit Primary,1979,1979,ha,93907,E,Estimated value,
QCL,Crops and livestock products,143,Morocco,5419,Yield,1738,Fruit Primary,1979,1979,100 g/ha,196009,E,Estimated value,
QCL,Crops and livestock products,143,Morocco,5510,Production,1738,Fruit Primary,1979,1979,t,1840660,E,Estimated value,
QCL,Crops and livestock products,143,Morocco,5312,Area harvested,1738,Fruit Primary,1980,1980,ha,92027,E,Estimated value,
QCL,Crops and livestock products,143,Morocco,5419,Yield,1738,Fruit Primary,1980,1980,100 g/ha,213503,E,Estimated value,
QCL,Crops and livestock products,143,Morocco,5510,Production,1738,Fruit Primary,1980,1980,t,1964800,E,Estimated value,
QCL,Crops and livestock products,143,Morocco,5312,Area harvested,1738,Fruit Primary,1981,1981,ha,97931,E,Estimated value,
QCL,Crops and livestock products,143,Morocco,5419,Yield,1738,Fruit Primary,1981,1981,100 g/ha,199743,E,Estimated value,
QCL,Crops and livestock products,143,Morocco,5510,Production,1738,Fruit Primary,1981,1981,t,1956100,E,Estimated value,
QCL,Crops and livestock products,143,Morocco,5312,Area harvested,1738,Fruit Primary,1982,1982,ha,103351,E,Estimated value,
QCL,Crops and livestock products,143,Morocco,5419,Yield,1738,Fruit Primary,1982,1982,100 g/ha,188089,E,Estimated value,
QCL,Crops and livestock products,143,Morocco,5510,Production,1738,Fruit Primary,1982,1982,t,1943920,E,Estimated value,
QCL,Crops and livestock products,143,Morocco,5312,Area harvested,1738,Fruit Primary,1983,1983,ha,104571,E,Estimated value,
QCL,Crops and livestock products,143,Morocco,5419,Yield,1738,Fruit Primary,1983,1983,100 g/ha,193242,E,Estimated value,
QCL,Crops and livestock products,143,Morocco,5510,Production,1738,Fruit Primary,1983,1983,t,2020750,E,Estimated value,
QCL,Crops and livestock products,143,Morocco,5312,Area harvested,1738,Fruit Primary,1984,1984,ha,106901,E,Estimated value,
QCL,Crops and livestock products,143,Morocco,5419,Yield,1738,Fruit Primary,1984,1984,100 g/ha,204579,E,Estimated value,
QCL,Crops and livestock products,143,Morocco,5510,Production,1738,Fruit Primary,1984,1984,t,2186970,E,Estimated value,
QCL,Crops and livestock products,143,Morocco,5312,Area harvested,1738,Fruit Primary,1985,1985,ha,255697,E,Estimated value,
QCL,Crops and livestock products,143,Morocco,5419,Yield,1738,Fruit Primary,1985,1985,100 g/ha,87932,E,Estimated value,
QCL,Crops and livestock products,143,Morocco,5510,Production,1738,Fruit Primary,1985,1985,t,2248390,E,Estimated value,
QCL,Crops and livestock products,143,Morocco,5312,Area harvested,1738,Fruit Primary,1986,1986,ha,267590,E,Estimated value,
QCL,Crops and livestock products,143,Morocco,5419,Yield,1738,Fruit Primary,1986,1986,100 g/ha,96412,E,Estimated value,
QCL,Crops and livestock products,143,Morocco,5510,Production,1738,Fruit Primary,1986,1986,t,2579880,E,Estimated value,
QCL,Crops and livestock products,143,Morocco,5312,Area harvested,1738,Fruit Primary,1987,1987,ha,256892,E,Estimated value,
QCL,Crops and livestock products,143,Morocco,5419,Yield,1738,Fruit Primary,1987,1987,100 g/ha,92019,E,Estimated value,
QCL,Crops and livestock products,143,Morocco,5510,Production,1738,Fruit Primary,1987,1987,t,2363900,E,Estimated value,
QCL,Crops and livestock products,143,Morocco,5312,Area harvested,1738,Fruit Primary,1988,1988,ha,262008,E,Estimated value,
QCL,Crops and livestock products,143,Morocco,5419,Yield,1738,Fruit Primary,1988,1988,100 g/ha,102414,E,Estimated value,
QCL,Crops and livestock products,143,Morocco,5510,Production,1738,Fruit Primary,1988,1988,t,2683320,E,Estimated value,
QCL,Crops and livestock products,143,Morocco,5312,Area harvested,1738,Fruit Primary,1989,1989,ha,277393,E,Estimated value,
QCL,Crops and livestock products,143,Morocco,5419,Yield,1738,Fruit Primary,1989,1989,100 g/ha,113368,E,Estimated value,
QCL,Crops and livestock products,143,Morocco,5510,Production,1738,Fruit Primary,1989,1989,t,3144762,A,Official figure,
QCL,Crops and livestock products,143,Morocco,5312,Area harvested,1738,Fruit Primary,1990,1990,ha,293620,E,Estimated value,
QCL,Crops and livestock products,143,Morocco,5419,Yield,1738,Fruit Primary,1990,1990,100 g/ha,94486,E,Estimated value,
QCL,Crops and livestock products,143,Morocco,5510,Production,1738,Fruit Primary,1990,1990,t,2774284,A,Official figure,
QCL,Crops and livestock products,143,Morocco,5312,Area harvested,1738,Fruit Primary,1991,1991,ha,293562,E,Estimated value,
QCL,Crops and livestock products,143,Morocco,5419,Yield,1738,Fruit Primary,1991,1991,100 g/ha,107883,E,Estimated value,
QCL,Crops and livestock products,143,Morocco,5510,Production,1738,Fruit Primary,1991,1991,t,3167032,A,Official figure,
QCL,Crops and livestock products,143,Morocco,5312,Area harvested,1738,Fruit Primary,1992,1992,ha,299163,E,Estimated value,
QCL,Crops and livestock products,143,Morocco,5419,Yield,1738,Fruit Primary,1992,1992,100 g/ha,90570,E,Estimated value,
QCL,Crops and livestock products,143,Morocco,5510,Production,1738,Fruit Primary,1992,1992,t,2709513.86,E,Estimated value,
QCL,Crops and livestock products,143,Morocco,5312,Area harvested,1738,Fruit Primary,1993,1993,ha,295744,E,Estimated value,
QCL,Crops and livestock products,143,Morocco,5419,Yield,1738,Fruit Primary,1993,1993,100 g/ha,102826,E,Estimated value,
QCL,Crops and livestock products,143,Morocco,5510,Production,1738,Fruit Primary,1993,1993,t,3041026.21,E,Estimated value,
QCL,Crops and livestock products,143,Morocco,5312,Area harvested,1738,Fruit Primary,1994,1994,ha,306176,E,Estimated value,
QCL,Crops and livestock products,143,Morocco,5419,Yield,1738,Fruit Primary,1994,1994,100 g/ha,99816,E,Estimated value,
QCL,Crops and livestock products,143,Morocco,5510,Production,1738,Fruit Primary,1994,1994,t,3056111.57,E,Estimated value,
QCL,Crops and livestock products,143,Morocco,5312,Area harvested,1738,Fruit Primary,1995,1995,ha,310917,E,Estimated value,
QCL,Crops and livestock products,143,Morocco,5419,Yield,1738,Fruit Primary,1995,1995,100 g/ha,75195,E,Estimated value,
QCL,Crops and livestock products,143,Morocco,5510,Production,1738,Fruit Primary,1995,1995,t,2337927.53,E,Estimated value,
QCL,Crops and livestock products,143,Morocco,5312,Area harvested,1738,Fruit Primary,1996,1996,ha,325559,E,Estimated value,
QCL,Crops and livestock products,143,Morocco,5419,Yield,1738,Fruit Primary,1996,1996,100 g/ha,98528,E,Estimated value,
QCL,Crops and livestock products,143,Morocco,5510,Production,1738,Fruit Primary,1996,1996,t,3207682.23,E,Estimated value,
QCL,Crops and livestock products,143,Morocco,5312,Area harvested,1738,Fruit Primary,1997,1997,ha,323681,E,Estimated value,
QCL,Crops and livestock products,143,Morocco,5419,Yield,1738,Fruit Primary,1997,1997,100 g/ha,96753,E,Estimated value,
QCL,Crops and livestock products,143,Morocco,5510,Production,1738,Fruit Primary,1997,1997,t,3131699.08,E,Estimated value,
QCL,Crops and livestock products,143,Morocco,5312,Area harvested,1738,Fruit Primary,1998,1998,ha,321648,E,Estimated value,
QCL,Crops and livestock products,143,Morocco,5419,Yield,1738,Fruit Primary,1998,1998,100 g/ha,105626,E,Estimated value,
QCL,Crops and livestock products,143,Morocco,5510,Production,1738,Fruit Primary,1998,1998,t,3397449.15,E,Estimated value,
QCL,Crops and livestock products,143,Morocco,5312,Area harvested,1738,Fruit Primary,1999,1999,ha,327467,E,Estimated value,
QCL,Crops and livestock products,143,Morocco,5419,Yield,1738,Fruit Primary,1999,1999,100 g/ha,100594,E,Estimated value,
QCL,Crops and livestock products,143,Morocco,5510,Production,1738,Fruit Primary,1999,1999,t,3294128.76,E,Estimated value,
QCL,Crops and livestock products,143,Morocco,5312,Area harvested,1738,Fruit Primary,2000,2000,ha,314900,E,Estimated value,
QCL,Crops and livestock products,143,Morocco,5419,Yield,1738,Fruit Primary,2000,2000,100 g/ha,105379,E,Estimated value,
QCL,Crops and livestock products,143,Morocco,5510,Production,1738,Fruit Primary,2000,2000,t,3318401.51,E,Estimated value,
QCL,Crops and livestock products,143,Morocco,5312,Area harvested,1738,Fruit Primary,2001,2001,ha,322557,E,Estimated value,
QCL,Crops and livestock products,143,Morocco,5419,Yield,1738,Fruit Primary,2001,2001,100 g/ha,90454,E,Estimated value,
QCL,Crops and livestock products,143,Morocco,5510,Production,1738,Fruit Primary,2001,2001,t,2917653.83,E,Estimated value,
QCL,Crops and livestock products,143,Morocco,5312,Area harvested,1738,Fruit Primary,2002,2002,ha,322544,E,Estimated value,
QCL,Crops and livestock products,143,Morocco,5419,Yield,1738,Fruit Primary,2002,2002,100 g/ha,106952,E,Estimated value,
QCL,Crops and livestock products,143,Morocco,5510,Production,1738,Fruit Primary,2002,2002,t,3449678.95,E,Estimated value,
QCL,Crops and livestock products,143,Morocco,5312,Area harvested,1738,Fruit Primary,2003,2003,ha,327974,E,Estimated value,
QCL,Crops and livestock products,143,Morocco,5419,Yield,1738,Fruit Primary,2003,2003,100 g/ha,113613,E,Estimated value,
QCL,Crops and livestock products,143,Morocco,5510,Production,1738,Fruit Primary,2003,2003,t,3726195.02,E,Estimated value,
QCL,Crops and livestock products,143,Morocco,5312,Area harvested,1738,Fruit Primary,2004,2004,ha,335356,E,Estimated value,
QCL,Crops and livestock products,143,Morocco,5419,Yield,1738,Fruit Primary,2004,2004,100 g/ha,119138,E,Estimated value,
QCL,Crops and livestock products,143,Morocco,5510,Production,1738,Fruit Primary,2004,2004,t,3995359.22,E,Estimated value,
QCL,Crops and livestock products,143,Morocco,5312,Area harvested,1738,Fruit Primary,2005,2005,ha,338078,E,Estimated value,
QCL,Crops and livestock products,143,Morocco,5419,Yield,1738,Fruit Primary,2005,2005,100 g/ha,114133,E,Estimated value,
QCL,Crops and livestock products,143,Morocco,5510,Production,1738,Fruit Primary,2005,2005,t,3858579.83,A,Official figure,
QCL,Crops and livestock products,143,Morocco,5312,Area harvested,1738,Fruit Primary,2006,2006,ha,346104,E,Estimated value,
QCL,Crops and livestock products,143,Morocco,5419,Yield,1738,Fruit Primary,2006,2006,100 g/ha,123025,E,Estimated value,
QCL,Crops and livestock products,143,Morocco,5510,Production,1738,Fruit Primary,2006,2006,t,4257949.91,A,Official figure,
QCL,Crops and livestock products,143,Morocco,5312,Area harvested,1738,Fruit Primary,2007,2007,ha,354389,E,Estimated value,
QCL,Crops and livestock products,143,Morocco,5419,Yield,1738,Fruit Primary,2007,2007,100 g/ha,118512,E,Estimated value,
QCL,Crops and livestock products,143,Morocco,5510,Production,1738,Fruit Primary,2007,2007,t,4199936.08,E,Estimated value,
QCL,Crops and livestock products,143,Morocco,5312,Area harvested,1738,Fruit Primary,2008,2008,ha,350190,E,Estimated value,
QCL,Crops and livestock products,143,Morocco,5419,Yield,1738,Fruit Primary,2008,2008,100 g/ha,117371,E,Estimated value,
QCL,Crops and livestock products,143,Morocco,5510,Production,1738,Fruit Primary,2008,2008,t,4110209.61,A,Official figure,
QCL,Crops and livestock products,143,Morocco,5312,Area harvested,1738,Fruit Primary,2009,2009,ha,346317,E,Estimated value,
QCL,Crops and livestock products,143,Morocco,5419,Yield,1738,Fruit Primary,2009,2009,100 g/ha,137549,E,Estimated value,
QCL,Crops and livestock products,143,Morocco,5510,Production,1738,Fruit Primary,2009,2009,t,4763576.51,E,Estimated value,
QCL,Crops and livestock products,143,Morocco,5312,Area harvested,1738,Fruit Primary,2010,2010,ha,389400,E,Estimated value,
QCL,Crops and livestock products,143,Morocco,5419,Yield,1738,Fruit Primary,2010,2010,100 g/ha,110640,E,Estimated value,
QCL,Crops and livestock products,143,Morocco,5510,Production,1738,Fruit Primary,2010,2010,t,4308302,E,Estimated value,
QCL,Crops and livestock products,143,Morocco,5312,Area harvested,1738,Fruit Primary,2011,2011,ha,387380,E,Estimated value,
QCL,Crops and livestock products,143,Morocco,5419,Yield,1738,Fruit Primary,2011,2011,100 g/ha,129151,E,Estimated value,
QCL,Crops and livestock products,143,Morocco,5510,Production,1738,Fruit Primary,2011,2011,t,5003052.74,E,Estimated value,
QCL,Crops and livestock products,143,Morocco,5312,Area harvested,1738,Fruit Primary,2012,2012,ha,393096,E,Estimated value,
QCL,Crops and livestock products,143,Morocco,5419,Yield,1738,Fruit Primary,2012,2012,100 g/ha,128817,E,Estimated value,
QCL,Crops and livestock products,143,Morocco,5510,Production,1738,Fruit Primary,2012,2012,t,5063766.21,E,Estimated value,
QCL,Crops and livestock products,143,Morocco,5312,Area harvested,1738,Fruit Primary,2013,2013,ha,423466,E,Estimated value,
QCL,Crops and livestock products,143,Morocco,5419,Yield,1738,Fruit Primary,2013,2013,100 g/ha,115652,E,Estimated value,
QCL,Crops and livestock products,143,Morocco,5510,Production,1738,Fruit Primary,2013,2013,t,4897461.84,E,Estimated value,
QCL,Crops and livestock products,143,Morocco,5312,Area harvested,1738,Fruit Primary,2014,2014,ha,432286,E,Estimated value,
QCL,Crops and livestock products,143,Morocco,5419,Yield,1738,Fruit Primary,2014,2014,100 g/ha,133846,E,Estimated value,
QCL,Crops and livestock products,143,Morocco,5510,Production,1738,Fruit Primary,2014,2014,t,5785963.7,E,Estimated value,
QCL,Crops and livestock products,143,Morocco,5312,Area harvested,1738,Fruit Primary,2015,2015,ha,440439,E,Estimated value,
QCL,Crops and livestock products,143,Morocco,5419,Yield,1738,Fruit Primary,2015,2015,100 g/ha,128673,E,Estimated value,
QCL,Crops and livestock products,143,Morocco,5510,Production,1738,Fruit Primary,2015,2015,t,5667262.46,E,Estimated value,
QCL,Crops and livestock products,143,Morocco,5312,Area harvested,1738,Fruit Primary,2016,2016,ha,451654,E,Estimated value,
QCL,Crops and livestock products,143,Morocco,5419,Yield,1738,Fruit Primary,2016,2016,100 g/ha,109336,E,Estimated value,
QCL,Crops and livestock products,143,Morocco,5510,Production,1738,Fruit Primary,2016,2016,t,4938207.06,E,Estimated value,
QCL,Crops and livestock products,143,Morocco,5312,Area harvested,1738,Fruit Primary,2017,2017,ha,461687,E,Estimated value,
QCL,Crops and livestock products,143,Morocco,5419,Yield,1738,Fruit Primary,2017,2017,100 g/ha,135600,E,Estimated value,
QCL,Crops and livestock products,143,Morocco,5510,Production,1738,Fruit Primary,2017,2017,t,6260450.8,E,Estimated value,
QCL,Crops and livestock products,143,Morocco,5312,Area harvested,1738,Fruit Primary,2018,2018,ha,467029,E,Estimated value,
QCL,Crops and livestock products,143,Morocco,5419,Yield,1738,Fruit Primary,2018,2018,100 g/ha,131324,E,Estimated value,
QCL,Crops and livestock products,143,Morocco,5510,Production,1738,Fruit Primary,2018,2018,t,6133208,E,Estimated value,
QCL,Crops and livestock products,143,Morocco,5312,Area harvested,1738,Fruit Primary,2019,2019,ha,470728,A,Official figure,
QCL,Crops and livestock products,143,Morocco,5419,Yield,1738,Fruit Primary,2019,2019,100 g/ha,136905,A,Official figure,
QCL,Crops and livestock products,143,Morocco,5510,Production,1738,Fruit Primary,2019,2019,t,6444498.44,A,Official figure,
QCL,Crops and livestock products,143,Morocco,5312,Area harvested,1738,Fruit Primary,2020,2020,ha,483406,A,Official figure,
QCL,Crops and livestock products,143,Morocco,5419,Yield,1738,Fruit Primary,2020,2020,100 g/ha,117120,A,Official figure,
QCL,Crops and livestock products,143,Morocco,5510,Production,1738,Fruit Primary,2020,2020,t,5661628.23,A,Official figure,
QCL,Crops and livestock products,143,Morocco,5312,Area harvested,1738,Fruit Primary,2021,2021,ha,488156,A,Official figure,
QCL,Crops and livestock products,143,Morocco,5419,Yield,1738,Fruit Primary,2021,2021,100 g/ha,134969,A,Official figure,
QCL,Crops and livestock products,143,Morocco,5510,Production,1738,Fruit Primary,2021,2021,t,6588587.43,A,Official figure,
QCL,Crops and livestock products,143,Morocco,5312,Area harvested,1738,Fruit Primary,2022,2022,ha,482231,A,Official figure,
QCL,Crops and livestock products,143,Morocco,5419,Yield,1738,Fruit Primary,2022,2022,100 g/ha,136516,A,Official figure,
QCL,Crops and livestock products,143,Morocco,5510,Production,1738,Fruit Primary,2022,2022,t,6583221.04,A,Official figure,
QCL,Crops and livestock products,143,Morocco,5424,Yield/Carcass Weight,1808,"Meat, Poultry",1961,1961,0.1 g/An,8000,E,Estimated value,
QCL,Crops and livestock products,143,Morocco,5510,Production,1808,"Meat, Poultry",1961,1961,t,25743,E,Estimated value,
QCL,Crops and livestock products,143,Morocco,5321,Producing Animals/Slaughtered,1808,"Meat, Poultry",1961,1961,1000 An,32180,E,Estimated value,
QCL,Crops and livestock products,143,Morocco,5424,Yield/Carcass Weight,1808,"Meat, Poultry",1962,1962,0.1 g/An,8000,E,Estimated value,
QCL,Crops and livestock products,143,Morocco,5510,Production,1808,"Meat, Poultry",1962,1962,t,25280,E,Estimated value,
QCL,Crops and livestock products,143,Morocco,5321,Producing Animals/Slaughtered,1808,"Meat, Poultry",1962,1962,1000 An,31600,E,Estimated value,
QCL,Crops and livestock products,143,Morocco,5424,Yield/Carcass Weight,1808,"Meat, Poultry",1963,1963,0.1 g/An,8000,E,Estimated value,
QCL,Crops and livestock products,143,Morocco,5510,Production,1808,"Meat, Poultry",1963,1963,t,25496,A,Official figure,
QCL,Crops and livestock products,143,Morocco,5321,Producing Animals/Slaughtered,1808,"Meat, Poultry",1963,1963,1000 An,31870,E,Estimated value,
QCL,Crops and livestock products,143,Morocco,5424,Yield/Carcass Weight,1808,"Meat, Poultry",1964,1964,0.1 g/An,8001,E,Estimated value,
QCL,Crops and livestock products,143,Morocco,5510,Production,1808,"Meat, Poultry",1964,1964,t,27363,A,Official figure,
QCL,Crops and livestock products,143,Morocco,5321,Producing Animals/Slaughtered,1808,"Meat, Poultry",1964,1964,1000 An,34200,E,Estimated value,
QCL,Crops and livestock products,143,Morocco,5424,Yield/Carcass Weight,1808,"Meat, Poultry",1965,1965,0.1 g/An,8000,E,Estimated value,
QCL,Crops and livestock products,143,Morocco,5510,Production,1808,"Meat, Poultry",1965,1965,t,26660,E,Estimated value,
QCL,Crops and livestock products,143,Morocco,5321,Producing Animals/Slaughtered,1808,"Meat, Poultry",1965,1965,1000 An,33325,E,Estimated value,
QCL,Crops and livestock products,143,Morocco,5424,Yield/Carcass Weight,1808,"Meat, Poultry",1966,1966,0.1 g/An,8000,E,Estimated value,
QCL,Crops and livestock products,143,Morocco,5510,Production,1808,"Meat, Poultry",1966,1966,t,27500,E,Estimated value,
QCL,Crops and livestock products,143,Morocco,5321,Producing Animals/Slaughtered,1808,"Meat, Poultry",1966,1966,1000 An,34375,E,Estimated value,
QCL,Crops and livestock products,143,Morocco,5424,Yield/Carcass Weight,1808,"Meat, Poultry",1967,1967,0.1 g/An,8000,E,Estimated value,
QCL,Crops and livestock products,143,Morocco,5510,Production,1808,"Meat, Poultry",1967,1967,t,28000,E,Estimated value,
QCL,Crops and livestock products,143,Morocco,5321,Producing Animals/Slaughtered,1808,"Meat, Poultry",1967,1967,1000 An,35000,E,Estimated value,
QCL,Crops and livestock products,143,Morocco,5424,Yield/Carcass Weight,1808,"Meat, Poultry",1968,1968,0.1 g/An,8000,E,Estimated value,
QCL,Crops and livestock products,143,Morocco,5510,Production,1808,"Meat, Poultry",1968,1968,t,28880,E,Estimated value,
QCL,Crops and livestock products,143,Morocco,5321,Producing Animals/Slaughtered,1808,"Meat, Poultry",1968,1968,1000 An,36100,E,Estimated value,
QCL,Crops and livestock products,143,Morocco,5424,Yield/Carcass Weight,1808,"Meat, Poultry",1969,1969,0.1 g/An,8000,E,Estimated value,
QCL,Crops and livestock products,143,Morocco,5510,Production,1808,"Meat, Poultry",1969,1969,t,29360,E,Estimated value,
QCL,Crops and livestock products,143,Morocco,5321,Producing Animals/Slaughtered,1808,"Meat, Poultry",1969,1969,1000 An,36700,E,Estimated value,
QCL,Crops and livestock products,143,Morocco,5424,Yield/Carcass Weight,1808,"Meat, Poultry",1970,1970,0.1 g/An,8000,E,Estimated value,
QCL,Crops and livestock products,143,Morocco,5510,Production,1808,"Meat, Poultry",1970,1970,t,31200,E,Estimated value,
QCL,Crops and livestock products,143,Morocco,5321,Producing Animals/Slaughtered,1808,"Meat, Poultry",1970,1970,1000 An,39000,E,Estimated value,
QCL,Crops and livestock products,143,Morocco,5424,Yield/Carcass Weight,1808,"Meat, Poultry",1971,1971,0.1 g/An,8000,E,Estimated value,
QCL,Crops and livestock products,143,Morocco,5510,Production,1808,"Meat, Poultry",1971,1971,t,31200,E,Estimated value,
QCL,Crops and livestock products,143,Morocco,5321,Producing Animals/Slaughtered,1808,"Meat, Poultry",1971,1971,1000 An,39000,E,Estimated value,
QCL,Crops and livestock products,143,Morocco,5424,Yield/Carcass Weight,1808,"Meat, Poultry",1972,1972,0.1 g/An,8000,E,Estimated value,
QCL,Crops and livestock products,143,Morocco,5510,Production,1808,"Meat, Poultry",1972,1972,t,37600,E,Estimated value,
QCL,Crops and livestock products,143,Morocco,5321,Producing Animals/Slaughtered,1808,"Meat, Poultry",1972,1972,1000 An,47000,E,Estimated value,
QCL,Crops and livestock products,143,Morocco,5424,Yield/Carcass Weight,1808,"Meat, Poultry",1973,1973,0.1 g/An,8000,E,Estimated value,
QCL,Crops and livestock products,143,Morocco,5510,Production,1808,"Meat, Poultry",1973,1973,t,35000,E,Estimated value,
QCL,Crops and livestock products,143,Morocco,5321,Producing Animals/Slaughtered,1808,"Meat, Poultry",1973,1973,1000 An,43750,E,Estimated value,
QCL,Crops and livestock products,143,Morocco,5424,Yield/Carcass Weight,1808,"Meat, Poultry",1974,1974,0.1 g/An,8000,E,Estimated value,
QCL,Crops and livestock products,143,Morocco,5510,Production,1808,"Meat, Poultry",1974,1974,t,36000,E,Estimated value,
QCL,Crops and livestock products,143,Morocco,5321,Producing Animals/Slaughtered,1808,"Meat, Poultry",1974,1974,1000 An,45000,E,Estimated value,
QCL,Crops and livestock products,143,Morocco,5424,Yield/Carcass Weight,1808,"Meat, Poultry",1975,1975,0.1 g/An,8000,E,Estimated value,
QCL,Crops and livestock products,143,Morocco,5510,Production,1808,"Meat, Poultry",1975,1975,t,43200,E,Estimated value,
QCL,Crops and livestock products,143,Morocco,5321,Producing Animals/Slaughtered,1808,"Meat, Poultry",1975,1975,1000 An,54000,E,Estimated value,
QCL,Crops and livestock products,143,Morocco,5424,Yield/Carcass Weight,1808,"Meat, Poultry",1976,1976,0.1 g/An,8000,E,Estimated value,
QCL,Crops and livestock products,143,Morocco,5510,Production,1808,"Meat, Poultry",1976,1976,t,46400,E,Estimated value,
QCL,Crops and livestock products,143,Morocco,5321,Producing Animals/Slaughtered,1808,"Meat, Poultry",1976,1976,1000 An,58000,E,Estimated value,
QCL,Crops and livestock products,143,Morocco,5424,Yield/Carcass Weight,1808,"Meat, Poultry",1977,1977,0.1 g/An,8000,E,Estimated value,
QCL,Crops and livestock products,143,Morocco,5510,Production,1808,"Meat, Poultry",1977,1977,t,54400,E,Estimated value,
QCL,Crops and livestock products,143,Morocco,5321,Producing Animals/Slaughtered,1808,"Meat, Poultry",1977,1977,1000 An,68000,E,Estimated value,
QCL,Crops and livestock products,143,Morocco,5424,Yield/Carcass Weight,1808,"Meat, Poultry",1978,1978,0.1 g/An,8000,E,Estimated value,
QCL,Crops and livestock products,143,Morocco,5510,Production,1808,"Meat, Poultry",1978,1978,t,57920,E,Estimated value,
QCL,Crops and livestock products,143,Morocco,5321,Producing Animals/Slaughtered,1808,"Meat, Poultry",1978,1978,1000 An,72400,E,Estimated value,
QCL,Crops and livestock products,143,Morocco,5424,Yield/Carcass Weight,1808,"Meat, Poultry",1979,1979,0.1 g/An,8000,E,Estimated value,
QCL,Crops and livestock products,143,Morocco,5510,Production,1808,"Meat, Poultry",1979,1979,t,58080,E,Estimated value,
QCL,Crops and livestock products,143,Morocco,5321,Producing Animals/Slaughtered,1808,"Meat, Poultry",1979,1979,1000 An,72600,E,Estimated value,
QCL,Crops and livestock products,143,Morocco,5424,Yield/Carcass Weight,1808,"Meat, Poultry",1980,1980,0.1 g/An,8000,E,Estimated value,
QCL,Crops and livestock products,143,Morocco,5510,Production,1808,"Meat, Poultry",1980,1980,t,54000,E,Estimated value,
QCL,Crops and livestock products,143,Morocco,5321,Producing Animals/Slaughtered,1808,"Meat, Poultry",1980,1980,1000 An,67500,E,Estimated value,
QCL,Crops and livestock products,143,Morocco,5424,Yield/Carcass Weight,1808,"Meat, Poultry",1981,1981,0.1 g/An,8000,E,Estimated value,
QCL,Crops and livestock products,143,Morocco,5510,Production,1808,"Meat, Poultry",1981,1981,t,52000,E,Estimated value,
QCL,Crops and livestock products,143,Morocco,5321,Producing Animals/Slaughtered,1808,"Meat, Poultry",1981,1981,1000 An,65000,E,Estimated value,
QCL,Crops and livestock products,143,Morocco,5424,Yield/Carcass Weight,1808,"Meat, Poultry",1982,1982,0.1 g/An,8000,E,Estimated value,
QCL,Crops and livestock products,143,Morocco,5510,Production,1808,"Meat, Poultry",1982,1982,t,54400,E,Estimated value,
QCL,Crops and livestock products,143,Morocco,5321,Producing Animals/Slaughtered,1808,"Meat, Poultry",1982,1982,1000 An,68000,E,Estimated value,
QCL,Crops and livestock products,143,Morocco,5424,Yield/Carcass Weight,1808,"Meat, Poultry",1983,1983,0.1 g/An,8000,E,Estimated value,
QCL,Crops and livestock products,143,Morocco,5510,Production,1808,"Meat, Poultry",1983,1983,t,59200,E,Estimated value,
QCL,Crops and livestock products,143,Morocco,5321,Producing Animals/Slaughtered,1808,"Meat, Poultry",1983,1983,1000 An,74000,E,Estimated value,
QCL,Crops and livestock products,143,Morocco,5424,Yield/Carcass Weight,1808,"Meat, Poultry",1984,1984,0.1 g/An,8000,E,Estimated value,
QCL,Crops and livestock products,143,Morocco,5510,Production,1808,"Meat, Poultry",1984,1984,t,64000,E,Estimated value,
QCL,Crops and livestock products,143,Morocco,5321,Producing Animals/Slaughtered,1808,"Meat, Poultry",1984,1984,1000 An,80000,E,Estimated value,
QCL,Crops and livestock products,143,Morocco,5424,Yield/Carcass Weight,1808,"Meat, Poultry",1985,1985,0.1 g/An,8000,E,Estimated value,
QCL,Crops and livestock products,143,Morocco,5510,Production,1808,"Meat, Poultry",1985,1985,t,80000,E,Estimated value,
QCL,Crops and livestock products,143,Morocco,5321,Producing Animals/Slaughtered,1808,"Meat, Poultry",1985,1985,1000 An,100000,E,Estimated value,
QCL,Crops and livestock products,143,Morocco,5424,Yield/Carcass Weight,1808,"Meat, Poultry",1986,1986,0.1 g/An,8000,E,Estimated value,
QCL,Crops and livestock products,143,Morocco,5510,Production,1808,"Meat, Poultry",1986,1986,t,100000,E,Estimated value,
QCL,Crops and livestock products,143,Morocco,5321,Producing Animals/Slaughtered,1808,"Meat, Poultry",1986,1986,1000 An,125000,E,Estimated value,
QCL,Crops and livestock products,143,Morocco,5424,Yield/Carcass Weight,1808,"Meat, Poultry",1987,1987,0.1 g/An,8000,E,Estimated value,
QCL,Crops and livestock products,143,Morocco,5510,Production,1808,"Meat, Poultry",1987,1987,t,129000,A,Official figure,
QCL,Crops and livestock products,143,Morocco,5321,Producing Animals/Slaughtered,1808,"Meat, Poultry",1987,1987,1000 An,161250,E,Estimated value,
QCL,Crops and livestock products,143,Morocco,5424,Yield/Carcass Weight,1808,"Meat, Poultry",1988,1988,0.1 g/An,8000,E,Estimated value,
QCL,Crops and livestock products,143,Morocco,5510,Production,1808,"Meat, Poultry",1988,1988,t,125000,A,Official figure,
QCL,Crops and livestock products,143,Morocco,5321,Producing Animals/Slaughtered,1808,"Meat, Poultry",1988,1988,1000 An,156250,E,Estimated value,
QCL,Crops and livestock products,143,Morocco,5424,Yield/Carcass Weight,1808,"Meat, Poultry",1989,1989,0.1 g/An,8000,E,Estimated value,
QCL,Crops and livestock products,143,Morocco,5510,Production,1808,"Meat, Poultry",1989,1989,t,138000,A,Official figure,
QCL,Crops and livestock products,143,Morocco,5321,Producing Animals/Slaughtered,1808,"Meat, Poultry",1989,1989,1000 An,172500,E,Estimated value,
QCL,Crops and livestock products,143,Morocco,5424,Yield/Carcass Weight,1808,"Meat, Poultry",1990,1990,0.1 g/An,8000,E,Estimated value,
QCL,Crops and livestock products,143,Morocco,5510,Production,1808,"Meat, Poultry",1990,1990,t,147200,A,Official figure,
QCL,Crops and livestock products,143,Morocco,5321,Producing Animals/Slaughtered,1808,"Meat, Poultry",1990,1990,1000 An,184000,E,Estimated value,
QCL,Crops and livestock products,143,Morocco,5424,Yield/Carcass Weight,1808,"Meat, Poultry",1991,1991,0.1 g/An,5500,E,Estimated value,
QCL,Crops and livestock products,143,Morocco,5510,Production,1808,"Meat, Poultry",1991,1991,t,95000,A,Official figure,
QCL,Crops and livestock products,143,Morocco,5321,Producing Animals/Slaughtered,1808,"Meat, Poultry",1991,1991,1000 An,172727,E,Estimated value,
QCL,Crops and livestock products,143,Morocco,5424,Yield/Carcass Weight,1808,"Meat, Poultry",1992,1992,0.1 g/An,5500,E,Estimated value,
QCL,Crops and livestock products,143,Morocco,5510,Production,1808,"Meat, Poultry",1992,1992,t,102000,A,Official figure,
QCL,Crops and livestock products,143,Morocco,5321,Producing Animals/Slaughtered,1808,"Meat, Poultry",1992,1992,1000 An,185455,E,Estimated value,
QCL,Crops and livestock products,143,Morocco,5424,Yield/Carcass Weight,1808,"Meat, Poultry",1993,1993,0.1 g/An,5500,E,Estimated value,
QCL,Crops and livestock products,143,Morocco,5510,Production,1808,"Meat, Poultry",1993,1993,t,90000,A,Official figure,
QCL,Crops and livestock products,143,Morocco,5321,Producing Animals/Slaughtered,1808,"Meat, Poultry",1993,1993,1000 An,163636,E,Estimated value,
QCL,Crops and livestock products,143,Morocco,5424,Yield/Carcass Weight,1808,"Meat, Poultry",1994,1994,0.1 g/An,5500,E,Estimated value,
QCL,Crops and livestock products,143,Morocco,5510,Production,1808,"Meat, Poultry",1994,1994,t,110000,A,Official figure,
QCL,Crops and livestock products,143,Morocco,5321,Producing Animals/Slaughtered,1808,"Meat, Poultry",1994,1994,1000 An,200000,X,Figure from international organizations,
QCL,Crops and livestock products,143,Morocco,5424,Yield/Carcass Weight,1808,"Meat, Poultry",1995,1995,0.1 g/An,5778,E,Estimated value,
QCL,Crops and livestock products,143,Morocco,5510,Production,1808,"Meat, Poultry",1995,1995,t,130000,A,Official figure,
QCL,Crops and livestock products,143,Morocco,5321,Producing Animals/Slaughtered,1808,"Meat, Poultry",1995,1995,1000 An,225000,X,Figure from international organizations,
QCL,Crops and livestock products,143,Morocco,5424,Yield/Carcass Weight,1808,"Meat, Poultry",1996,1996,0.1 g/An,7500,E,Estimated value,
QCL,Crops and livestock products,143,Morocco,5510,Production,1808,"Meat, Poultry",1996,1996,t,180000,A,Official figure,
QCL,Crops and livestock products,143,Morocco,5321,Producing Animals/Slaughtered,1808,"Meat, Poultry",1996,1996,1000 An,240000,E,Estimated value,
QCL,Crops and livestock products,143,Morocco,5424,Yield/Carcass Weight,1808,"Meat, Poultry",1997,1997,0.1 g/An,8958,E,Estimated value,
QCL,Crops and livestock products,143,Morocco,5510,Production,1808,"Meat, Poultry",1997,1997,t,215000,A,Official figure,
QCL,Crops and livestock products,143,Morocco,5321,Producing Animals/Slaughtered,1808,"Meat, Poultry",1997,1997,1000 An,240000,E,Estimated value,
QCL,Crops and livestock products,143,Morocco,5424,Yield/Carcass Weight,1808,"Meat, Poultry",1998,1998,0.1 g/An,9283,E,Estimated value,
QCL,Crops and livestock products,143,Morocco,5510,Production,1808,"Meat, Poultry",1998,1998,t,220000,A,Official figure,
QCL,Crops and livestock products,143,Morocco,5321,Producing Animals/Slaughtered,1808,"Meat, Poultry",1998,1998,1000 An,237000,E,Estimated value,
QCL,Crops and livestock products,143,Morocco,5424,Yield/Carcass Weight,1808,"Meat, Poultry",1999,1999,0.1 g/An,6741,E,Estimated value,
QCL,Crops and livestock products,143,Morocco,5510,Production,1808,"Meat, Poultry",1999,1999,t,213000,A,Official figure,
QCL,Crops and livestock products,143,Morocco,5321,Producing Animals/Slaughtered,1808,"Meat, Poultry",1999,1999,1000 An,316000,E,Estimated value,
QCL,Crops and livestock products,143,Morocco,5424,Yield/Carcass Weight,1808,"Meat, Poultry",2000,2000,0.1 g/An,6536,E,Estimated value,
QCL,Crops and livestock products,143,Morocco,5510,Production,1808,"Meat, Poultry",2000,2000,t,203000,A,Official figure,
QCL,Crops and livestock products,143,Morocco,5321,Producing Animals/Slaughtered,1808,"Meat, Poultry",2000,2000,1000 An,310600,E,Estimated value,
QCL,Crops and livestock products,143,Morocco,5424,Yield/Carcass Weight,1808,"Meat, Poultry",2001,2001,0.1 g/An,7437,E,Estimated value,
QCL,Crops and livestock products,143,Morocco,5510,Production,1808,"Meat, Poultry",2001,2001,t,235000,A,Official figure,
QCL,Crops and livestock products,143,Morocco,5321,Producing Animals/Slaughtered,1808,"Meat, Poultry",2001,2001,1000 An,316000,E,Estimated value,
QCL,Crops and livestock products,143,Morocco,5424,Yield/Carcass Weight,1808,"Meat, Poultry",2002,2002,0.1 g/An,8215,E,Estimated value,
QCL,Crops and livestock products,143,Morocco,5510,Production,1808,"Meat, Poultry",2002,2002,t,260500,A,Official figure,
QCL,Crops and livestock products,143,Morocco,5321,Producing Animals/Slaughtered,1808,"Meat, Poultry",2002,2002,1000 An,317100,E,Estimated value,
QCL,Crops and livestock products,143,Morocco,5424,Yield/Carcass Weight,1808,"Meat, Poultry",2003,2003,0.1 g/An,8570,E,Estimated value,
QCL,Crops and livestock products,143,Morocco,5510,Production,1808,"Meat, Poultry",2003,2003,t,272000,A,Official figure,
QCL,Crops and livestock products,143,Morocco,5321,Producing Animals/Slaughtered,1808,"Meat, Poultry",2003,2003,1000 An,317400,E,Estimated value,
QCL,Crops and livestock products,143,Morocco,5424,Yield/Carcass Weight,1808,"Meat, Poultry",2004,2004,0.1 g/An,9042,E,Estimated value,
QCL,Crops and livestock products,143,Morocco,5510,Production,1808,"Meat, Poultry",2004,2004,t,292500,A,Official figure,
QCL,Crops and livestock products,143,Morocco,5321,Producing Animals/Slaughtered,1808,"Meat, Poultry",2004,2004,1000 An,323500,E,Estimated value,
QCL,Crops and livestock products,143,Morocco,5424,Yield/Carcass Weight,1808,"Meat, Poultry",2005,2005,0.1 g/An,10317,E,Estimated value,
QCL,Crops and livestock products,143,Morocco,5510,Production,1808,"Meat, Poultry",2005,2005,t,338000,A,Official figure,
QCL,Crops and livestock products,143,Morocco,5321,Producing Animals/Slaughtered,1808,"Meat, Poultry",2005,2005,1000 An,327600,E,Estimated value,
QCL,Crops and livestock products,143,Morocco,5424,Yield/Carcass Weight,1808,"Meat, Poultry",2006,2006,0.1 g/An,8939,E,Estimated value,
QCL,Crops and livestock products,143,Morocco,5510,Production,1808,"Meat, Poultry",2006,2006,t,320000,A,Official figure,
QCL,Crops and livestock products,143,Morocco,5321,Producing Animals/Slaughtered,1808,"Meat, Poultry",2006,2006,1000 An,358000,E,Estimated value,
QCL,Crops and livestock products,143,Morocco,5424,Yield/Carcass Weight,1808,"Meat, Poultry",2007,2007,0.1 g/An,10278,E,Estimated value,
QCL,Crops and livestock products,143,Morocco,5510,Production,1808,"Meat, Poultry",2007,2007,t,370000,A,Official figure,
QCL,Crops and livestock products,143,Morocco,5321,Producing Animals/Slaughtered,1808,"Meat, Poultry",2007,2007,1000 An,360000,E,Estimated value,
QCL,Crops and livestock products,143,Morocco,5424,Yield/Carcass Weight,1808,"Meat, Poultry",2008,2008,0.1 g/An,11579,E,Estimated value,
QCL,Crops and livestock products,143,Morocco,5510,Production,1808,"Meat, Poultry",2008,2008,t,440000,A,Official figure,
QCL,Crops and livestock products,143,Morocco,5321,Producing Animals/Slaughtered,1808,"Meat, Poultry",2008,2008,1000 An,380000,E,Estimated value,
QCL,Crops and livestock products,143,Morocco,5424,Yield/Carcass Weight,1808,"Meat, Poultry",2009,2009,0.1 g/An,10330,E,Estimated value,
QCL,Crops and livestock products,143,Morocco,5510,Production,1808,"Meat, Poultry",2009,2009,t,440000,A,Official figure,
QCL,Crops and livestock products,143,Morocco,5321,Producing Animals/Slaughtered,1808,"Meat, Poultry",2009,2009,1000 An,425936,E,Estimated value,
QCL,Crops and livestock products,143,Morocco,5424,Yield/Carcass Weight,1808,"Meat, Poultry",2010,2010,0.1 g/An,10481,E,Estimated value,
QCL,Crops and livestock products,143,Morocco,5510,Production,1808,"Meat, Poultry",2010,2010,t,510000,A,Official figure,
QCL,Crops and livestock products,143,Morocco,5321,Producing Animals/Slaughtered,1808,"Meat, Poultry",2010,2010,1000 An,486589,E,Estimated value,
QCL,Crops and livestock products,143,Morocco,5424,Yield/Carcass Weight,1808,"Meat, Poultry",2011,2011,0.1 g/An,10502,E,Estimated value,
QCL,Crops and livestock products,143,Morocco,5510,Production,1808,"Meat, Poultry",2011,2011,t,540000,A,Official figure,
QCL,Crops and livestock products,143,Morocco,5321,Producing Animals/Slaughtered,1808,"Meat, Poultry",2011,2011,1000 An,514201,E,Estimated value,
QCL,Crops and livestock products,143,Morocco,5424,Yield/Carcass Weight,1808,"Meat, Poultry",2012,2012,0.1 g/An,9909,E,Estimated value,
QCL,Crops and livestock products,143,Morocco,5510,Production,1808,"Meat, Poultry",2012,2012,t,510000,A,Official figure,
QCL,Crops and livestock products,143,Morocco,5321,Producing Animals/Slaughtered,1808,"Meat, Poultry",2012,2012,1000 An,514663,E,Estimated value,
QCL,Crops and livestock products,143,Morocco,5424,Yield/Carcass Weight,1808,"Meat, Poultry",2013,2013,0.1 g/An,9426,E,Estimated value,
QCL,Crops and livestock products,143,Morocco,5510,Production,1808,"Meat, Poultry",2013,2013,t,495000,A,Official figure,
QCL,Crops and livestock products,143,Morocco,5321,Producing Animals/Slaughtered,1808,"Meat, Poultry",2013,2013,1000 An,525126,E,Estimated value,
QCL,Crops and livestock products,143,Morocco,5424,Yield/Carcass Weight,1808,"Meat, Poultry",2014,2014,0.1 g/An,10097,E,Estimated value,
QCL,Crops and livestock products,143,Morocco,5510,Production,1808,"Meat, Poultry",2014,2014,t,534000,A,Official figure,
QCL,Crops and livestock products,143,Morocco,5321,Producing Animals/Slaughtered,1808,"Meat, Poultry",2014,2014,1000 An,528850,E,Estimated value,
QCL,Crops and livestock products,143,Morocco,5424,Yield/Carcass Weight,1808,"Meat, Poultry",2015,2015,0.1 g/An,11168,E,Estimated value,
QCL,Crops and livestock products,143,Morocco,5510,Production,1808,"Meat, Poultry",2015,2015,t,610000,A,Official figure,
QCL,Crops and livestock products,143,Morocco,5321,Producing Animals/Slaughtered,1808,"Meat, Poultry",2015,2015,1000 An,546215,E,Estimated value,
QCL,Crops and livestock products,143,Morocco,5424,Yield/Carcass Weight,1808,"Meat, Poultry",2016,2016,0.1 g/An,9800,E,Estimated value,
QCL,Crops and livestock products,143,Morocco,5510,Production,1808,"Meat, Poultry",2016,2016,t,560000,A,Official figure,
QCL,Crops and livestock products,143,Morocco,5321,Producing Animals/Slaughtered,1808,"Meat, Poultry",2016,2016,1000 An,571450,E,Estimated value,
QCL,Crops and livestock products,143,Morocco,5424,Yield/Carcass Weight,1808,"Meat, Poultry",2017,2017,0.1 g/An,9986,E,Estimated value,
QCL,Crops and livestock products,143,Morocco,5510,Production,1808,"Meat, Poultry",2017,2017,t,640000,A,Official figure,
QCL,Crops and livestock products,143,Morocco,5321,Producing Animals/Slaughtered,1808,"Meat, Poultry",2017,2017,1000 An,640892,E,Estimated value,
QCL,Crops and livestock products,143,Morocco,5424,Yield/Carcass Weight,1808,"Meat, Poultry",2018,2018,0.1 g/An,10275,E,Estimated value,
QCL,Crops and livestock products,143,Morocco,5510,Production,1808,"Meat, Poultry",2018,2018,t,670000,A,Official figure,
QCL,Crops and livestock products,143,Morocco,5321,Producing Animals/Slaughtered,1808,"Meat, Poultry",2018,2018,1000 An,652088,E,Estimated value,
QCL,Crops and livestock products,143,Morocco,5424,Yield/Carcass Weight,1808,"Meat, Poultry",2019,2019,0.1 g/An,10736,E,Estimated value,
QCL,Crops and livestock products,143,Morocco,5510,Production,1808,"Meat, Poultry",2019,2019,t,732000,A,Official figure,
QCL,Crops and livestock products,143,Morocco,5321,Producing Animals/Slaughtered,1808,"Meat, Poultry",2019,2019,1000 An,681789,E,Estimated value,
QCL,Crops and livestock products,143,Morocco,5424,Yield/Carcass Weight,1808,"Meat, Poultry",2020,2020,0.1 g/An,9044,E,Estimated value,
QCL,Crops and livestock products,143,Morocco,5510,Production,1808,"Meat, Poultry",2020,2020,t,635000,A,Official figure,
QCL,Crops and livestock products,143,Morocco,5321,Producing Animals/Slaughtered,1808,"Meat, Poultry",2020,2020,1000 An,702132,E,Estimated value,
QCL,Crops and livestock products,143,Morocco,5424,Yield/Carcass Weight,1808,"Meat, Poultry",2021,2021,0.1 g/An,8787,E,Estimated value,
QCL,Crops and livestock products,143,Morocco,5510,Production,1808,"Meat, Poultry",2021,2021,t,640000,A,Official figure,
QCL,Crops and livestock products,143,Morocco,5321,Producing Animals/Slaughtered,1808,"Meat, Poultry",2021,2021,1000 An,728353,E,Estimated value,
QCL,Crops and livestock products,143,Morocco,5424,Yield/Carcass Weight,1808,"Meat, Poultry",2022,2022,0.1 g/An,8542,E,Estimated value,
QCL,Crops and livestock products,143,Morocco,5510,Production,1808,"Meat, Poultry",2022,2022,t,645000,A,Official figure,
QCL,Crops and livestock products,143,Morocco,5321,Producing Animals/Slaughtered,1808,"Meat, Poultry",2022,2022,1000 An,755056,E,Estimated value,
QCL,Crops and livestock products,143,Morocco,5510,Production,1765,"Meat, Total",1961,1961,t,164813,E,Estimated value,
QCL,Crops and livestock products,143,Morocco,5510,Production,1765,"Meat, Total",1962,1962,t,154590,E,Estimated value,
QCL,Crops and livestock products,143,Morocco,5510,Production,1765,"Meat, Total",1963,1963,t,147731,E,Estimated value,
QCL,Crops and livestock products,143,Morocco,5510,Production,1765,"Meat, Total",1964,1964,t,148023,E,Estimated value,
QCL,Crops and livestock products,143,Morocco,5510,Production,1765,"Meat, Total",1965,1965,t,162655,E,Estimated value,
QCL,Crops and livestock products,143,Morocco,5510,Production,1765,"Meat, Total",1966,1966,t,171400,A,Official figure,
QCL,Crops and livestock products,143,Morocco,5510,Production,1765,"Meat, Total",1967,1967,t,178700,A,Official figure,
QCL,Crops and livestock products,143,Morocco,5510,Production,1765,"Meat, Total",1968,1968,t,193280,A,Official figure,
QCL,Crops and livestock products,143,Morocco,5510,Production,1765,"Meat, Total",1969,1969,t,197460,A,Official figure,
QCL,Crops and livestock products,143,Morocco,5510,Production,1765,"Meat, Total",1970,1970,t,202320,E,Estimated value,
QCL,Crops and livestock products,143,Morocco,5510,Production,1765,"Meat, Total",1971,1971,t,205387,A,Official figure,
QCL,Crops and livestock products,143,Morocco,5510,Production,1765,"Meat, Total",1972,1972,t,217184,A,Official figure,
QCL,Crops and livestock products,143,Morocco,5510,Production,1765,"Meat, Total",1973,1973,t,213356,A,Official figure,
QCL,Crops and livestock products,143,Morocco,5510,Production,1765,"Meat, Total",1974,1974,t,210365,A,Official figure,
QCL,Crops and livestock products,143,Morocco,5510,Production,1765,"Meat, Total",1975,1975,t,198500,E,Estimated value,
QCL,Crops and livestock products,143,Morocco,5510,Production,1765,"Meat, Total",1976,1976,t,186610,X,Figure from international organizations,
QCL,Crops and livestock products,143,Morocco,5510,Production,1765,"Meat, Total",1977,1977,t,212457,E,Estimated value,
QCL,Crops and livestock products,143,Morocco,5510,Production,1765,"Meat, Total",1978,1978,t,226464,E,Estimated value,
QCL,Crops and livestock products,143,Morocco,5510,Production,1765,"Meat, Total",1979,1979,t,233036,E,Estimated value,
QCL,Crops and livestock products,143,Morocco,5510,Production,1765,"Meat, Total",1980,1980,t,238780,E,Estimated value,
QCL,Crops and livestock products,143,Morocco,5510,Production,1765,"Meat, Total",1981,1981,t,271300,E,Estimated value,
QCL,Crops and livestock products,143,Morocco,5510,Production,1765,"Meat, Total",1982,1982,t,272130,E,Estimated value,
QCL,Crops and livestock products,143,Morocco,5510,Production,1765,"Meat, Total",1983,1983,t,248643,A,Official figure,
QCL,Crops and livestock products,143,Morocco,5510,Production,1765,"Meat, Total",1984,1984,t,248887,E,Estimated value,
QCL,Crops and livestock products,143,Morocco,5510,Production,1765,"Meat, Total",1985,1985,t,242307,E,Estimated value,
QCL,Crops and livestock products,143,Morocco,5510,Production,1765,"Meat, Total",1986,1986,t,288985,E,Estimated value,
QCL,Crops and livestock products,143,Morocco,5510,Production,1765,"Meat, Total",1987,1987,t,355800,A,Official figure,
QCL,Crops and livestock products,143,Morocco,5510,Production,1765,"Meat, Total",1988,1988,t,387845,E,Estimated value,
QCL,Crops and livestock products,143,Morocco,5510,Production,1765,"Meat, Total",1989,1989,t,447205,A,Official figure,
QCL,Crops and livestock products,143,Morocco,5510,Production,1765,"Meat, Total",1990,1990,t,446625,A,Official figure,
QCL,Crops and livestock products,143,Morocco,5510,Production,1765,"Meat, Total",1991,1991,t,398564,A,Official figure,
QCL,Crops and livestock products,143,Morocco,5510,Production,1765,"Meat, Total",1992,1992,t,410624,E,Estimated value,
QCL,Crops and livestock products,143,Morocco,5510,Production,1765,"Meat, Total",1993,1993,t,403119,E,Estimated value,
QCL,Crops and livestock products,143,Morocco,5510,Production,1765,"Meat, Total",1994,1994,t,402250,E,Estimated value,
QCL,Crops and livestock products,143,Morocco,5510,Production,1765,"Meat, Total",1995,1995,t,427484.01,E,Estimated value,
QCL,Crops and livestock products,143,Morocco,5510,Production,1765,"Meat, Total",1996,1996,t,440649.63,E,Estimated value,
QCL,Crops and livestock products,143,Morocco,5510,Production,1765,"Meat, Total",1997,1997,t,529991.11,E,Estimated value,
QCL,Crops and livestock products,143,Morocco,5510,Production,1765,"Meat, Total",1998,1998,t,526316.6,E,Estimated value,
QCL,Crops and livestock products,143,Morocco,5510,Production,1765,"Meat, Total",1999,1999,t,544118.09,A,Official figure,
QCL,Crops and livestock products,143,Morocco,5510,Production,1765,"Meat, Total",2000,2000,t,541043.56,E,Estimated value,
QCL,Crops and livestock products,143,Morocco,5510,Production,1765,"Meat, Total",2001,2001,t,577603.92,E,Estimated value,
QCL,Crops and livestock products,143,Morocco,5510,Production,1765,"Meat, Total",2002,2002,t,615372.4,E,Estimated value,
QCL,Crops and livestock products,143,Morocco,5510,Production,1765,"Meat, Total",2003,2003,t,603905.36,E,Estimated value,
QCL,Crops and livestock products,143,Morocco,5510,Production,1765,"Meat, Total",2004,2004,t,616274.87,E,Estimated value,
QCL,Crops and livestock products,143,Morocco,5510,Production,1765,"Meat, Total",2005,2005,t,688947.67,E,Estimated value,
QCL,Crops and livestock products,143,Morocco,5510,Production,1765,"Meat, Total",2006,2006,t,680312.56,E,Estimated value,
QCL,Crops and livestock products,143,Morocco,5510,Production,1765,"Meat, Total",2007,2007,t,730237.29,E,Estimated value,
QCL,Crops and livestock products,143,Morocco,5510,Production,1765,"Meat, Total",2008,2008,t,822627.58,E,Estimated value,
QCL,Crops and livestock products,143,Morocco,5510,Production,1765,"Meat, Total",2009,2009,t,850927.12,E,Estimated value,
QCL,Crops and livestock products,143,Morocco,5510,Production,1765,"Meat, Total",2010,2010,t,930335.53,E,Estimated value,
QCL,Crops and livestock products,143,Morocco,5510,Production,1765,"Meat, Total",2011,2011,t,974399,E,Estimated value,
QCL,Crops and livestock products,143,Morocco,5510,Production,1765,"Meat, Total",2012,2012,t,956854.21,E,Estimated value,
QCL,Crops and livestock products,143,Morocco,5510,Production,1765,"Meat, Total",2013,2013,t,964090.04,E,Estimated value,
QCL,Crops and livestock products,143,Morocco,5510,Production,1765,"Meat, Total",2014,2014,t,1012200.51,E,Estimated value,
QCL,Crops and livestock products,143,Morocco,5510,Production,1765,"Meat, Total",2015,2015,t,1115237.25,E,Estimated value,
QCL,Crops and livestock products,143,Morocco,5510,Production,1765,"Meat, Total",2016,2016,t,1081848.9,E,Estimated value,
QCL,Crops and livestock products,143,Morocco,5510,Production,1765,"Meat, Total",2017,2017,t,1195532.7,E,Estimated value,
QCL,Crops and livestock products,143,Morocco,5510,Production,1765,"Meat, Total",2018,2018,t,1237531.94,E,Estimated value,
QCL,Crops and livestock products,143,Morocco,5510,Production,1765,"Meat, Total",2019,2019,t,1301338.91,E,Estimated value,
QCL,Crops and livestock products,143,Morocco,5510,Production,1765,"Meat, Total",2020,2020,t,1203266.16,E,Estimated value,
QCL,Crops and livestock products,143,Morocco,5510,Production,1765,"Meat, Total",2021,2021,t,1209326.1,E,Estimated value,
QCL,Crops and livestock products,143,Morocco,5510,Production,1765,"Meat, Total",2022,2022,t,1173980.5,E,Estimated value,
QCL,Crops and livestock products,143,Morocco,5420,Yield,1780,"Milk, Total",1961,1961,100 g/An,1820,E,Estimated value,
QCL,Crops and livestock products,143,Morocco,5510,Production,1780,"Milk, Total",1961,1961,t,390100,E,Estimated value,
QCL,Crops and livestock products,143,Morocco,5318,Milk Animals,1780,"Milk, Total",1961,1961,An,2143250,E,Estimated value,
QCL,Crops and livestock products,143,Morocco,5420,Yield,1780,"Milk, Total",1962,1962,100 g/An,1821,E,Estimated value,
QCL,Crops and livestock products,143,Morocco,5510,Production,1780,"Milk, Total",1962,1962,t,357200,E,Estimated value,
QCL,Crops and livestock products,143,Morocco,5318,Milk Animals,1780,"Milk, Total",1962,1962,An,1962000,E,Estimated value,
QCL,Crops and livestock products,143,Morocco,5420,Yield,1780,"Milk, Total",1963,1963,100 g/An,1894,E,Estimated value,
QCL,Crops and livestock products,143,Morocco,5510,Production,1780,"Milk, Total",1963,1963,t,371700,E,Estimated value,
QCL,Crops and livestock products,143,Morocco,5318,Milk Animals,1780,"Milk, Total",1963,1963,An,1962500,E,Estimated value,
QCL,Crops and livestock products,143,Morocco,5420,Yield,1780,"Milk, Total",1964,1964,100 g/An,1957,E,Estimated value,
QCL,Crops and livestock products,143,Morocco,5510,Production,1780,"Milk, Total",1964,1964,t,395275,E,Estimated value,
QCL,Crops and livestock products,143,Morocco,5318,Milk Animals,1780,"Milk, Total",1964,1964,An,2019750,E,Estimated value,
QCL,Crops and livestock products,143,Morocco,5420,Yield,1780,"Milk, Total",1965,1965,100 g/An,1963,E,Estimated value,
QCL,Crops and livestock products,143,Morocco,5510,Production,1780,"Milk, Total",1965,1965,t,418450,E,Estimated value,
QCL,Crops and livestock products,143,Morocco,5318,Milk Animals,1780,"Milk, Total",1965,1965,An,2132000,E,Estimated value,
QCL,Crops and livestock products,143,Morocco,5420,Yield,1780,"Milk, Total",1966,1966,100 g/An,2009,E,Estimated value,
QCL,Crops and livestock products,143,Morocco,5510,Production,1780,"Milk, Total",1966,1966,t,449300,E,Estimated value,
QCL,Crops and livestock products,143,Morocco,5318,Milk Animals,1780,"Milk, Total",1966,1966,An,2236000,E,Estimated value,
QCL,Crops and livestock products,143,Morocco,5420,Yield,1780,"Milk, Total",1967,1967,100 g/An,1936,E,Estimated value,
QCL,Crops and livestock products,143,Morocco,5510,Production,1780,"Milk, Total",1967,1967,t,457100,E,Estimated value,
QCL,Crops and livestock products,143,Morocco,5318,Milk Animals,1780,"Milk, Total",1967,1967,An,2361000,E,Estimated value,
QCL,Crops and livestock products,143,Morocco,5420,Yield,1780,"Milk, Total",1968,1968,100 g/An,1891,E,Estimated value,
QCL,Crops and livestock products,143,Morocco,5510,Production,1780,"Milk, Total",1968,1968,t,458500,E,Estimated value,
QCL,Crops and livestock products,143,Morocco,5318,Milk Animals,1780,"Milk, Total",1968,1968,An,2425000,E,Estimated value,
QCL,Crops and livestock products,143,Morocco,5420,Yield,1780,"Milk, Total",1969,1969,100 g/An,1869,E,Estimated value,
QCL,Crops and livestock products,143,Morocco,5510,Production,1780,"Milk, Total",1969,1969,t,487100,E,Estimated value,
QCL,Crops and livestock products,143,Morocco,5318,Milk Animals,1780,"Milk, Total",1969,1969,An,2606900,E,Estimated value,
QCL,Crops and livestock products,143,Morocco,5420,Yield,1780,"Milk, Total",1970,1970,100 g/An,1920,E,Estimated value,
QCL,Crops and livestock products,143,Morocco,5510,Production,1780,"Milk, Total",1970,1970,t,496300,E,Estimated value,
QCL,Crops and livestock products,143,Morocco,5318,Milk Animals,1780,"Milk, Total",1970,1970,An,2585000,E,Estimated value,
QCL,Crops and livestock products,143,Morocco,5420,Yield,1780,"Milk, Total",1971,1971,100 g/An,1975,A,Official figure,
QCL,Crops and livestock products,143,Morocco,5510,Production,1780,"Milk, Total",1971,1971,t,508000,A,Official figure,
QCL,Crops and livestock products,143,Morocco,5318,Milk Animals,1780,"Milk, Total",1971,1971,An,2572000,A,Official figure,
QCL,Crops and livestock products,143,Morocco,5420,Yield,1780,"Milk, Total",1972,1972,100 g/An,2087,A,Official figure,
QCL,Crops and livestock products,143,Morocco,5510,Production,1780,"Milk, Total",1972,1972,t,527200,A,Official figure,
QCL,Crops and livestock products,143,Morocco,5318,Milk Animals,1780,"Milk, Total",1972,1972,An,2526000,A,Official figure,
QCL,Crops and livestock products,143,Morocco,5420,Yield,1780,"Milk, Total",1973,1973,100 g/An,2201,A,Official figure,
QCL,Crops and livestock products,143,Morocco,5510,Production,1780,"Milk, Total",1973,1973,t,546400,A,Official figure,
QCL,Crops and livestock products,143,Morocco,5318,Milk Animals,1780,"Milk, Total",1973,1973,An,2482000,A,Official figure,
QCL,Crops and livestock products,143,Morocco,5420,Yield,1780,"Milk, Total",1974,1974,100 g/An,2170,A,Official figure,
QCL,Crops and livestock products,143,Morocco,5510,Production,1780,"Milk, Total",1974,1974,t,524600,A,Official figure,
QCL,Crops and livestock products,143,Morocco,5318,Milk Animals,1780,"Milk, Total",1974,1974,An,2418000,A,Official figure,
QCL,Crops and livestock products,143,Morocco,5420,Yield,1780,"Milk, Total",1975,1975,100 g/An,2091,E,Estimated value,
QCL,Crops and livestock products,143,Morocco,5510,Production,1780,"Milk, Total",1975,1975,t,513320,E,Estimated value,
QCL,Crops and livestock products,143,Morocco,5318,Milk Animals,1780,"Milk, Total",1975,1975,An,2455100,A,Official figure,
QCL,Crops and livestock products,143,Morocco,5420,Yield,1780,"Milk, Total",1976,1976,100 g/An,2166,E,Estimated value,
QCL,Crops and livestock products,143,Morocco,5510,Production,1780,"Milk, Total",1976,1976,t,547620,E,Estimated value,
QCL,Crops and livestock products,143,Morocco,5318,Milk Animals,1780,"Milk, Total",1976,1976,An,2528100,E,Estimated value,
QCL,Crops and livestock products,143,Morocco,5420,Yield,1780,"Milk, Total",1977,1977,100 g/An,2281,E,Estimated value,
QCL,Crops and livestock products,143,Morocco,5510,Production,1780,"Milk, Total",1977,1977,t,608640,E,Estimated value,
QCL,Crops and livestock products,143,Morocco,5318,Milk Animals,1780,"Milk, Total",1977,1977,An,2668200,E,Estimated value,
QCL,Crops and livestock products,143,Morocco,5420,Yield,1780,"Milk, Total",1978,1978,100 g/An,2524,E,Estimated value,
QCL,Crops and livestock products,143,Morocco,5510,Production,1780,"Milk, Total",1978,1978,t,672280,E,Estimated value,
QCL,Crops and livestock products,143,Morocco,5318,Milk Animals,1780,"Milk, Total",1978,1978,An,2663400,E,Estimated value,
QCL,Crops and livestock products,143,Morocco,5420,Yield,1780,"Milk, Total",1979,1979,100 g/An,2954,E,Estimated value,
QCL,Crops and livestock products,143,Morocco,5510,Production,1780,"Milk, Total",1979,1979,t,800200,E,Estimated value,
QCL,Crops and livestock products,143,Morocco,5318,Milk Animals,1780,"Milk, Total",1979,1979,An,2708500,E,Estimated value,
QCL,Crops and livestock products,143,Morocco,5420,Yield,1780,"Milk, Total",1980,1980,100 g/An,2638,E,Estimated value,
QCL,Crops and livestock products,143,Morocco,5510,Production,1780,"Milk, Total",1980,1980,t,779220,E,Estimated value,
QCL,Crops and livestock products,143,Morocco,5318,Milk Animals,1780,"Milk, Total",1980,1980,An,2953600,E,Estimated value,
QCL,Crops and livestock products,143,Morocco,5420,Yield,1780,"Milk, Total",1981,1981,100 g/An,2670,E,Estimated value,
QCL,Crops and livestock products,143,Morocco,5510,Production,1780,"Milk, Total",1981,1981,t,832720,E,Estimated value,
QCL,Crops and livestock products,143,Morocco,5318,Milk Animals,1780,"Milk, Total",1981,1981,An,3118600,E,Estimated value,
QCL,Crops and livestock products,143,Morocco,5420,Yield,1780,"Milk, Total",1982,1982,100 g/An,2705,E,Estimated value,
QCL,Crops and livestock products,143,Morocco,5510,Production,1780,"Milk, Total",1982,1982,t,843760,E,Estimated value,
QCL,Crops and livestock products,143,Morocco,5318,Milk Animals,1780,"Milk, Total",1982,1982,An,3118800,E,Estimated value,
QCL,Crops and livestock products,143,Morocco,5420,Yield,1780,"Milk, Total",1983,1983,100 g/An,2706,E,Estimated value,
QCL,Crops and livestock products,143,Morocco,5510,Production,1780,"Milk, Total",1983,1983,t,854780,E,Estimated value,
QCL,Crops and livestock products,143,Morocco,5318,Milk Animals,1780,"Milk, Total",1983,1983,An,3158900,E,Estimated value,
QCL,Crops and livestock products,143,Morocco,5420,Yield,1780,"Milk, Total",1984,1984,100 g/An,2637,E,Estimated value,
QCL,Crops and livestock products,143,Morocco,5510,Production,1780,"Milk, Total",1984,1984,t,745540,E,Estimated value,
QCL,Crops and livestock products,143,Morocco,5318,Milk Animals,1780,"Milk, Total",1984,1984,An,2827700,E,Estimated value,
QCL,Crops and livestock products,143,Morocco,5420,Yield,1780,"Milk, Total",1985,1985,100 g/An,2551,E,Estimated value,
QCL,Crops and livestock products,143,Morocco,5510,Production,1780,"Milk, Total",1985,1985,t,779860,E,Estimated value,
QCL,Crops and livestock products,143,Morocco,5318,Milk Animals,1780,"Milk, Total",1985,1985,An,3056800,E,Estimated value,
QCL,Crops and livestock products,143,Morocco,5420,Yield,1780,"Milk, Total",1986,1986,100 g/An,2294,E,Estimated value,
QCL,Crops and livestock products,143,Morocco,5510,Production,1780,"Milk, Total",1986,1986,t,791140,E,Estimated value,
QCL,Crops and livestock products,143,Morocco,5318,Milk Animals,1780,"Milk, Total",1986,1986,An,3448700,E,Estimated value,
QCL,Crops and livestock products,143,Morocco,5420,Yield,1780,"Milk, Total",1987,1987,100 g/An,2228,E,Estimated value,
QCL,Crops and livestock products,143,Morocco,5510,Production,1780,"Milk, Total",1987,1987,t,850300,E,Estimated value,
QCL,Crops and livestock products,143,Morocco,5318,Milk Animals,1780,"Milk, Total",1987,1987,An,3816000,E,Estimated value,
QCL,Crops and livestock products,143,Morocco,5420,Yield,1780,"Milk, Total",1988,1988,100 g/An,2699,E,Estimated value,
QCL,Crops and livestock products,143,Morocco,5510,Production,1780,"Milk, Total",1988,1988,t,951080,E,Estimated value,
QCL,Crops and livestock products,143,Morocco,5318,Milk Animals,1780,"Milk, Total",1988,1988,An,3524400,E,Estimated value,
QCL,Crops and livestock products,143,Morocco,5420,Yield,1780,"Milk, Total",1989,1989,100 g/An,2756,E,Estimated value,
QCL,Crops and livestock products,143,Morocco,5510,Production,1780,"Milk, Total",1989,1989,t,1028020,E,Estimated value,
QCL,Crops and livestock products,143,Morocco,5318,Milk Animals,1780,"Milk, Total",1989,1989,An,3730600,E,Estimated value,
QCL,Crops and livestock products,143,Morocco,5420,Yield,1780,"Milk, Total",1990,1990,100 g/An,2508,E,Estimated value,
QCL,Crops and livestock products,143,Morocco,5510,Production,1780,"Milk, Total",1990,1990,t,961780,E,Estimated value,
QCL,Crops and livestock products,143,Morocco,5318,Milk Animals,1780,"Milk, Total",1990,1990,An,3835219,E,Estimated value,
QCL,Crops and livestock products,143,Morocco,5420,Yield,1780,"Milk, Total",1991,1991,100 g/An,2665,E,Estimated value,
QCL,Crops and livestock products,143,Morocco,5510,Production,1780,"Milk, Total",1991,1991,t,996375.52,E,Estimated value,
QCL,Crops and livestock products,143,Morocco,5318,Milk Animals,1780,"Milk, Total",1991,1991,An,3738200,E,Estimated value,
QCL,Crops and livestock products,143,Morocco,5420,Yield,1780,"Milk, Total",1992,1992,100 g/An,2805,E,Estimated value,
QCL,Crops and livestock products,143,Morocco,5510,Production,1780,"Milk, Total",1992,1992,t,1017564.95,E,Estimated value,
QCL,Crops and livestock products,143,Morocco,5318,Milk Animals,1780,"Milk, Total",1992,1992,An,3627056,E,Estimated value,
QCL,Crops and livestock products,143,Morocco,5420,Yield,1780,"Milk, Total",1993,1993,100 g/An,2530,E,Estimated value,
QCL,Crops and livestock products,143,Morocco,5510,Production,1780,"Milk, Total",1993,1993,t,908718.43,E,Estimated value,
QCL,Crops and livestock products,143,Morocco,5318,Milk Animals,1780,"Milk, Total",1993,1993,An,3592300,E,Estimated value,
QCL,Crops and livestock products,143,Morocco,5420,Yield,1780,"Milk, Total",1994,1994,100 g/An,2640,E,Estimated value,
QCL,Crops and livestock products,143,Morocco,5510,Production,1780,"Milk, Total",1994,1994,t,911897.62,E,Estimated value,
QCL,Crops and livestock products,143,Morocco,5318,Milk Animals,1780,"Milk, Total",1994,1994,An,3454117,E,Estimated value,
QCL,Crops and livestock products,143,Morocco,5420,Yield,1780,"Milk, Total",1995,1995,100 g/An,2744,E,Estimated value,
QCL,Crops and livestock products,143,Morocco,5510,Production,1780,"Milk, Total",1995,1995,t,923921.26,E,Estimated value,
QCL,Crops and livestock products,143,Morocco,5318,Milk Animals,1780,"Milk, Total",1995,1995,An,3367587,E,Estimated value,
QCL,Crops and livestock products,143,Morocco,5420,Yield,1780,"Milk, Total",1996,1996,100 g/An,2837,E,Estimated value,
QCL,Crops and livestock products,143,Morocco,5510,Production,1780,"Milk, Total",1996,1996,t,948688.98,E,Estimated value,
QCL,Crops and livestock products,143,Morocco,5318,Milk Animals,1780,"Milk, Total",1996,1996,An,3343477,E,Estimated value,
QCL,Crops and livestock products,143,Morocco,5420,Yield,1780,"Milk, Total",1997,1997,100 g/An,3742,A,Official figure,
QCL,Crops and livestock products,143,Morocco,5510,Production,1780,"Milk, Total",1997,1997,t,1302177.05,A,Official figure,
QCL,Crops and livestock products,143,Morocco,5318,Milk Animals,1780,"Milk, Total",1997,1997,An,3480200,A,Official figure,
QCL,Crops and livestock products,143,Morocco,5420,Yield,1780,"Milk, Total",1998,1998,100 g/An,3244,E,Estimated value,
QCL,Crops and livestock products,143,Morocco,5510,Production,1780,"Milk, Total",1998,1998,t,1118777.86,A,Official figure,
QCL,Crops and livestock products,143,Morocco,5318,Milk Animals,1780,"Milk, Total",1998,1998,An,3448537,E,Estimated value,
QCL,Crops and livestock products,143,Morocco,5420,Yield,1780,"Milk, Total",1999,1999,100 g/An,3605,E,Estimated value,
QCL,Crops and livestock products,143,Morocco,5510,Production,1780,"Milk, Total",1999,1999,t,1232054,A,Official figure,
QCL,Crops and livestock products,143,Morocco,5318,Milk Animals,1780,"Milk, Total",1999,1999,An,3417630,E,Estimated value,
QCL,Crops and livestock products,143,Morocco,5420,Yield,1780,"Milk, Total",2000,2000,100 g/An,3647,E,Estimated value,
QCL,Crops and livestock products,143,Morocco,5510,Production,1780,"Milk, Total",2000,2000,t,1258723.44,E,Estimated value,
QCL,Crops and livestock products,143,Morocco,5318,Milk Animals,1780,"Milk, Total",2000,2000,An,3451773,E,Estimated value,
QCL,Crops and livestock products,143,Morocco,5420,Yield,1780,"Milk, Total",2001,2001,100 g/An,3428,E,Estimated value,
QCL,Crops and livestock products,143,Morocco,5510,Production,1780,"Milk, Total",2001,2001,t,1212080.35,E,Estimated value,
QCL,Crops and livestock products,143,Morocco,5318,Milk Animals,1780,"Milk, Total",2001,2001,An,3536299,E,Estimated value,
QCL,Crops and livestock products,143,Morocco,5420,Yield,1780,"Milk, Total",2002,2002,100 g/An,3734,E,Estimated value,
QCL,Crops and livestock products,143,Morocco,5510,Production,1780,"Milk, Total",2002,2002,t,1310180.88,E,Estimated value,
QCL,Crops and livestock products,143,Morocco,5318,Milk Animals,1780,"Milk, Total",2002,2002,An,3508442,E,Estimated value,
QCL,Crops and livestock products,143,Morocco,5420,Yield,1780,"Milk, Total",2003,2003,100 g/An,3833,E,Estimated value,
QCL,Crops and livestock products,143,Morocco,5510,Production,1780,"Milk, Total",2003,2003,t,1321174.5,E,Estimated value,
QCL,Crops and livestock products,143,Morocco,5318,Milk Animals,1780,"Milk, Total",2003,2003,An,3446800,E,Estimated value,
QCL,Crops and livestock products,143,Morocco,5420,Yield,1780,"Milk, Total",2004,2004,100 g/An,4017,E,Estimated value,
QCL,Crops and livestock products,143,Morocco,5510,Production,1780,"Milk, Total",2004,2004,t,1451084.33,E,Estimated value,
QCL,Crops and livestock products,143,Morocco,5318,Milk Animals,1780,"Milk, Total",2004,2004,An,3612374,E,Estimated value,
QCL,Crops and livestock products,143,Morocco,5420,Yield,1780,"Milk, Total",2005,2005,100 g/An,3972,E,Estimated value,
QCL,Crops and livestock products,143,Morocco,5510,Production,1780,"Milk, Total",2005,2005,t,1480322.01,E,Estimated value,
QCL,Crops and livestock products,143,Morocco,5318,Milk Animals,1780,"Milk, Total",2005,2005,An,3726773,E,Estimated value,
QCL,Crops and livestock products,143,Morocco,5420,Yield,1780,"Milk, Total",2006,2006,100 g/An,4142,E,Estimated value,
QCL,Crops and livestock products,143,Morocco,5510,Production,1780,"Milk, Total",2006,2006,t,1581359.45,E,Estimated value,
QCL,Crops and livestock products,143,Morocco,5318,Milk Animals,1780,"Milk, Total",2006,2006,An,3817666,E,Estimated value,
QCL,Crops and livestock products,143,Morocco,5420,Yield,1780,"Milk, Total",2007,2007,100 g/An,4487,E,Estimated value,
QCL,Crops and livestock products,143,Morocco,5510,Production,1780,"Milk, Total",2007,2007,t,1681159.63,E,Estimated value,
QCL,Crops and livestock products,143,Morocco,5318,Milk Animals,1780,"Milk, Total",2007,2007,An,3746863,E,Estimated value,
QCL,Crops and livestock products,143,Morocco,5420,Yield,1780,"Milk, Total",2008,2008,100 g/An,4734,E,Estimated value,
QCL,Crops and livestock products,143,Morocco,5510,Production,1780,"Milk, Total",2008,2008,t,1780559.39,E,Estimated value,
QCL,Crops and livestock products,143,Morocco,5318,Milk Animals,1780,"Milk, Total",2008,2008,An,3761378,E,Estimated value,
QCL,Crops and livestock products,143,Morocco,5420,Yield,1780,"Milk, Total",2009,2009,100 g/An,4958,E,Estimated value,
QCL,Crops and livestock products,143,Morocco,5510,Production,1780,"Milk, Total",2009,2009,t,1880562.23,E,Estimated value,
QCL,Crops and livestock products,143,Morocco,5318,Milk Animals,1780,"Milk, Total",2009,2009,An,3792989,E,Estimated value,
QCL,Crops and livestock products,143,Morocco,5420,Yield,1780,"Milk, Total",2010,2010,100 g/An,5184,E,Estimated value,
QCL,Crops and livestock products,143,Morocco,5510,Production,1780,"Milk, Total",2010,2010,t,2047562.92,E,Estimated value,
QCL,Crops and livestock products,143,Morocco,5318,Milk Animals,1780,"Milk, Total",2010,2010,An,3950121,E,Estimated value,
QCL,Crops and livestock products,143,Morocco,5420,Yield,1780,"Milk, Total",2011,2011,100 g/An,5578,E,Estimated value,
QCL,Crops and livestock products,143,Morocco,5510,Production,1780,"Milk, Total",2011,2011,t,2373919.29,E,Estimated value,
QCL,Crops and livestock products,143,Morocco,5318,Milk Animals,1780,"Milk, Total",2011,2011,An,4255800,E,Estimated value,
QCL,Crops and livestock products,143,Morocco,5420,Yield,1780,"Milk, Total",2012,2012,100 g/An,6342,E,Estimated value,
QCL,Crops and livestock products,143,Morocco,5510,Production,1780,"Milk, Total",2012,2012,t,2686582.38,E,Estimated value,
QCL,Crops and livestock products,143,Morocco,5318,Milk Animals,1780,"Milk, Total",2012,2012,An,4236500,E,Estimated value,
QCL,Crops and livestock products,143,Morocco,5420,Yield,1780,"Milk, Total",2013,2013,100 g/An,5758,E,Estimated value,
QCL,Crops and livestock products,143,Morocco,5510,Production,1780,"Milk, Total",2013,2013,t,2465398.91,E,Estimated value,
QCL,Crops and livestock products,143,Morocco,5318,Milk Animals,1780,"Milk, Total",2013,2013,An,4281612,E,Estimated value,
QCL,Crops and livestock products,143,Morocco,5420,Yield,1780,"Milk, Total",2014,2014,100 g/An,5928,E,Estimated value,
QCL,Crops and livestock products,143,Morocco,5510,Production,1780,"Milk, Total",2014,2014,t,2560998.24,E,Estimated value,
QCL,Crops and livestock products,143,Morocco,5318,Milk Animals,1780,"Milk, Total",2014,2014,An,4319878,E,Estimated value,
QCL,Crops and livestock products,143,Morocco,5420,Yield,1780,"Milk, Total",2015,2015,100 g/An,6021,E,Estimated value,
QCL,Crops and livestock products,143,Morocco,5510,Production,1780,"Milk, Total",2015,2015,t,2612268.95,E,Estimated value,
QCL,Crops and livestock products,143,Morocco,5318,Milk Animals,1780,"Milk, Total",2015,2015,An,4338394,E,Estimated value,
QCL,Crops and livestock products,143,Morocco,5420,Yield,1780,"Milk, Total",2016,2016,100 g/An,6261,E,Estimated value,
QCL,Crops and livestock products,143,Morocco,5510,Production,1780,"Milk, Total",2016,2016,t,2662281.87,E,Estimated value,
QCL,Crops and livestock products,143,Morocco,5318,Milk Animals,1780,"Milk, Total",2016,2016,An,4252207,E,Estimated value,
QCL,Crops and livestock products,143,Morocco,5420,Yield,1780,"Milk, Total",2017,2017,100 g/An,6469,E,Estimated value,
QCL,Crops and livestock products,143,Morocco,5510,Production,1780,"Milk, Total",2017,2017,t,2712000.61,E,Estimated value,
QCL,Crops and livestock products,143,Morocco,5318,Milk Animals,1780,"Milk, Total",2017,2017,An,4192356,E,Estimated value,
QCL,Crops and livestock products,143,Morocco,5420,Yield,1780,"Milk, Total",2018,2018,100 g/An,6224,E,Estimated value,
QCL,Crops and livestock products,143,Morocco,5510,Production,1780,"Milk, Total",2018,2018,t,2714445.91,E,Estimated value,
QCL,Crops and livestock products,143,Morocco,5318,Milk Animals,1780,"Milk, Total",2018,2018,An,4360907,E,Estimated value,
QCL,Crops and livestock products,143,Morocco,5420,Yield,1780,"Milk, Total",2019,2019,100 g/An,6129,E,Estimated value,
QCL,Crops and livestock products,143,Morocco,5510,Production,1780,"Milk, Total",2019,2019,t,2717477.87,E,Estimated value,
QCL,Crops and livestock products,143,Morocco,5318,Milk Animals,1780,"Milk, Total",2019,2019,An,4433983,E,Estimated value,
QCL,Crops and livestock products,143,Morocco,5420,Yield,1780,"Milk, Total",2020,2020,100 g/An,6074,E,Estimated value,
QCL,Crops and livestock products,143,Morocco,5510,Production,1780,"Milk, Total",2020,2020,t,2717938.49,E,Estimated value,
QCL,Crops and livestock products,143,Morocco,5318,Milk Animals,1780,"Milk, Total",2020,2020,An,4474482,E,Estimated value,
QCL,Crops and livestock products,143,Morocco,5420,Yield,1780,"Milk, Total",2021,2021,100 g/An,5862,E,Estimated value,
QCL,Crops and livestock products,143,Morocco,5510,Production,1780,"Milk, Total",2021,2021,t,2668319.61,E,Estimated value,
QCL,Crops and livestock products,143,Morocco,5318,Milk Animals,1780,"Milk, Total",2021,2021,An,4552158,E,Estimated value,
QCL,Crops and livestock products,143,Morocco,5420,Yield,1780,"Milk, Total",2022,2022,100 g/An,4886,E,Estimated value,
QCL,Crops and livestock products,143,Morocco,5510,Production,1780,"Milk, Total",2022,2022,t,2151865.67,E,Estimated value,
QCL,Crops and livestock products,143,Morocco,5318,Milk Animals,1780,"Milk, Total",2022,2022,An,4403969,E,Estimated value,
QCL,Crops and livestock products,143,Morocco,5312,Area harvested,1841,"Oilcrops, Cake Equivalent",1961,1961,ha,30190,E,Estimated value,
QCL,Crops and livestock products,143,Morocco,5419,Yield,1841,"Oilcrops, Cake Equivalent",1961,1961,100 g/ha,2359,E,Estimated value,
QCL,Crops and livestock products,143,Morocco,5510,Production,1841,"Oilcrops, Cake Equivalent",1961,1961,t,7122,E,Estimated value,
QCL,Crops and livestock products,143,Morocco,5312,Area harvested,1841,"Oilcrops, Cake Equivalent",1962,1962,ha,28175,E,Estimated value,
QCL,Crops and livestock products,143,Morocco,5419,Yield,1841,"Oilcrops, Cake Equivalent",1962,1962,100 g/ha,3422,E,Estimated value,
QCL,Crops and livestock products,143,Morocco,5510,Production,1841,"Oilcrops, Cake Equivalent",1962,1962,t,9643,E,Estimated value,
QCL,Crops and livestock products,143,Morocco,5312,Area harvested,1841,"Oilcrops, Cake Equivalent",1963,1963,ha,34885,E,Estimated value,
QCL,Crops and livestock products,143,Morocco,5419,Yield,1841,"Oilcrops, Cake Equivalent",1963,1963,100 g/ha,4062,E,Estimated value,
QCL,Crops and livestock products,143,Morocco,5510,Production,1841,"Oilcrops, Cake Equivalent",1963,1963,t,14169,E,Estimated value,
QCL,Crops and livestock products,143,Morocco,5312,Area harvested,1841,"Oilcrops, Cake Equivalent",1964,1964,ha,37908,E,Estimated value,
QCL,Crops and livestock products,143,Morocco,5419,Yield,1841,"Oilcrops, Cake Equivalent",1964,1964,100 g/ha,4209,E,Estimated value,
QCL,Crops and livestock products,143,Morocco,5510,Production,1841,"Oilcrops, Cake Equivalent",1964,1964,t,15954,E,Estimated value,
QCL,Crops and livestock products,143,Morocco,5312,Area harvested,1841,"Oilcrops, Cake Equivalent",1965,1965,ha,44533,E,Estimated value,
QCL,Crops and livestock products,143,Morocco,5419,Yield,1841,"Oilcrops, Cake Equivalent",1965,1965,100 g/ha,3478,E,Estimated value,
QCL,Crops and livestock products,143,Morocco,5510,Production,1841,"Oilcrops, Cake Equivalent",1965,1965,t,15490,E,Estimated value,
QCL,Crops and livestock products,143,Morocco,5312,Area harvested,1841,"Oilcrops, Cake Equivalent",1966,1966,ha,42316,E,Estimated value,
QCL,Crops and livestock products,143,Morocco,5419,Yield,1841,"Oilcrops, Cake Equivalent",1966,1966,100 g/ha,3676,E,Estimated value,
QCL,Crops and livestock products,143,Morocco,5510,Production,1841,"Oilcrops, Cake Equivalent",1966,1966,t,15553,E,Estimated value,
QCL,Crops and livestock products,143,Morocco,5312,Area harvested,1841,"Oilcrops, Cake Equivalent",1967,1967,ha,29816,E,Estimated value,
QCL,Crops and livestock products,143,Morocco,5419,Yield,1841,"Oilcrops, Cake Equivalent",1967,1967,100 g/ha,2933,E,Estimated value,
QCL,Crops and livestock products,143,Morocco,5510,Production,1841,"Oilcrops, Cake Equivalent",1967,1967,t,8746,E,Estimated value,
QCL,Crops and livestock products,143,Morocco,5312,Area harvested,1841,"Oilcrops, Cake Equivalent",1968,1968,ha,30913,E,Estimated value,
QCL,Crops and livestock products,143,Morocco,5419,Yield,1841,"Oilcrops, Cake Equivalent",1968,1968,100 g/ha,3602,E,Estimated value,
QCL,Crops and livestock products,143,Morocco,5510,Production,1841,"Oilcrops, Cake Equivalent",1968,1968,t,11136,E,Estimated value,
QCL,Crops and livestock products,143,Morocco,5312,Area harvested,1841,"Oilcrops, Cake Equivalent",1969,1969,ha,42015,E,Estimated value,
QCL,Crops and livestock products,143,Morocco,5419,Yield,1841,"Oilcrops, Cake Equivalent",1969,1969,100 g/ha,2727,E,Estimated value,
QCL,Crops and livestock products,143,Morocco,5510,Production,1841,"Oilcrops, Cake Equivalent",1969,1969,t,11459,E,Estimated value,
QCL,Crops and livestock products,143,Morocco,5312,Area harvested,1841,"Oilcrops, Cake Equivalent",1970,1970,ha,54468,E,Estimated value,
QCL,Crops and livestock products,143,Morocco,5419,Yield,1841,"Oilcrops, Cake Equivalent",1970,1970,100 g/ha,4199,E,Estimated value,
QCL,Crops and livestock products,143,Morocco,5510,Production,1841,"Oilcrops, Cake Equivalent",1970,1970,t,22869,E,Estimated value,
QCL,Crops and livestock products,143,Morocco,5312,Area harvested,1841,"Oilcrops, Cake Equivalent",1971,1971,ha,39768,E,Estimated value,
QCL,Crops and livestock products,143,Morocco,5419,Yield,1841,"Oilcrops, Cake Equivalent",1971,1971,100 g/ha,4322,E,Estimated value,
QCL,Crops and livestock products,143,Morocco,5510,Production,1841,"Oilcrops, Cake Equivalent",1971,1971,t,17186,E,Estimated value,
QCL,Crops and livestock products,143,Morocco,5312,Area harvested,1841,"Oilcrops, Cake Equivalent",1972,1972,ha,70968,E,Estimated value,
QCL,Crops and livestock products,143,Morocco,5419,Yield,1841,"Oilcrops, Cake Equivalent",1972,1972,100 g/ha,4037,E,Estimated value,
QCL,Crops and livestock products,143,Morocco,5510,Production,1841,"Oilcrops, Cake Equivalent",1972,1972,t,28650,E,Estimated value,
QCL,Crops and livestock products,143,Morocco,5312,Area harvested,1841,"Oilcrops, Cake Equivalent",1973,1973,ha,51668,E,Estimated value,
QCL,Crops and livestock products,143,Morocco,5419,Yield,1841,"Oilcrops, Cake Equivalent",1973,1973,100 g/ha,3498,E,Estimated value,
QCL,Crops and livestock products,143,Morocco,5510,Production,1841,"Oilcrops, Cake Equivalent",1973,1973,t,18073,E,Estimated value,
QCL,Crops and livestock products,143,Morocco,5312,Area harvested,1841,"Oilcrops, Cake Equivalent",1974,1974,ha,54927,E,Estimated value,
QCL,Crops and livestock products,143,Morocco,5419,Yield,1841,"Oilcrops, Cake Equivalent",1974,1974,100 g/ha,3445,E,Estimated value,
QCL,Crops and livestock products,143,Morocco,5510,Production,1841,"Oilcrops, Cake Equivalent",1974,1974,t,18921,E,Estimated value,
QCL,Crops and livestock products,143,Morocco,5312,Area harvested,1841,"Oilcrops, Cake Equivalent",1975,1975,ha,53445,E,Estimated value,
QCL,Crops and livestock products,143,Morocco,5419,Yield,1841,"Oilcrops, Cake Equivalent",1975,1975,100 g/ha,3834,E,Estimated value,
QCL,Crops and livestock products,143,Morocco,5510,Production,1841,"Oilcrops, Cake Equivalent",1975,1975,t,20493,E,Estimated value,
QCL,Crops and livestock products,143,Morocco,5312,Area harvested,1841,"Oilcrops, Cake Equivalent",1976,1976,ha,52445,E,Estimated value,
QCL,Crops and livestock products,143,Morocco,5419,Yield,1841,"Oilcrops, Cake Equivalent",1976,1976,100 g/ha,3723,E,Estimated value,
QCL,Crops and livestock products,143,Morocco,5510,Production,1841,"Oilcrops, Cake Equivalent",1976,1976,t,19528,E,Estimated value,
QCL,Crops and livestock products,143,Morocco,5312,Area harvested,1841,"Oilcrops, Cake Equivalent",1977,1977,ha,86755,E,Estimated value,
QCL,Crops and livestock products,143,Morocco,5419,Yield,1841,"Oilcrops, Cake Equivalent",1977,1977,100 g/ha,2043,E,Estimated value,
QCL,Crops and livestock products,143,Morocco,5510,Production,1841,"Oilcrops, Cake Equivalent",1977,1977,t,17723,E,Estimated value,
QCL,Crops and livestock products,143,Morocco,5312,Area harvested,1841,"Oilcrops, Cake Equivalent",1978,1978,ha,51955,E,Estimated value,
QCL,Crops and livestock products,143,Morocco,5419,Yield,1841,"Oilcrops, Cake Equivalent",1978,1978,100 g/ha,4066,E,Estimated value,
QCL,Crops and livestock products,143,Morocco,5510,Production,1841,"Oilcrops, Cake Equivalent",1978,1978,t,21123,E,Estimated value,
QCL,Crops and livestock products,143,Morocco,5312,Area harvested,1841,"Oilcrops, Cake Equivalent",1979,1979,ha,68959,E,Estimated value,
QCL,Crops and livestock products,143,Morocco,5419,Yield,1841,"Oilcrops, Cake Equivalent",1979,1979,100 g/ha,4964,E,Estimated value,
QCL,Crops and livestock products,143,Morocco,5510,Production,1841,"Oilcrops, Cake Equivalent",1979,1979,t,34231,E,Estimated value,
QCL,Crops and livestock products,143,Morocco,5312,Area harvested,1841,"Oilcrops, Cake Equivalent",1980,1980,ha,47694,E,Estimated value,
QCL,Crops and livestock products,143,Morocco,5419,Yield,1841,"Oilcrops, Cake Equivalent",1980,1980,100 g/ha,4465,E,Estimated value,
QCL,Crops and livestock products,143,Morocco,5510,Production,1841,"Oilcrops, Cake Equivalent",1980,1980,t,21295,E,Estimated value,
QCL,Crops and livestock products,143,Morocco,5312,Area harvested,1841,"Oilcrops, Cake Equivalent",1981,1981,ha,59025,E,Estimated value,
QCL,Crops and livestock products,143,Morocco,5419,Yield,1841,"Oilcrops, Cake Equivalent",1981,1981,100 g/ha,4500,E,Estimated value,
QCL,Crops and livestock products,143,Morocco,5510,Production,1841,"Oilcrops, Cake Equivalent",1981,1981,t,26562,E,Estimated value,
QCL,Crops and livestock products,143,Morocco,5312,Area harvested,1841,"Oilcrops, Cake Equivalent",1982,1982,ha,60005,E,Estimated value,
QCL,Crops and livestock products,143,Morocco,5419,Yield,1841,"Oilcrops, Cake Equivalent",1982,1982,100 g/ha,4305,E,Estimated value,
QCL,Crops and livestock products,143,Morocco,5510,Production,1841,"Oilcrops, Cake Equivalent",1982,1982,t,25832,E,Estimated value,
QCL,Crops and livestock products,143,Morocco,5312,Area harvested,1841,"Oilcrops, Cake Equivalent",1983,1983,ha,54748,E,Estimated value,
QCL,Crops and livestock products,143,Morocco,5419,Yield,1841,"Oilcrops, Cake Equivalent",1983,1983,100 g/ha,5115,E,Estimated value,
QCL,Crops and livestock products,143,Morocco,5510,Production,1841,"Oilcrops, Cake Equivalent",1983,1983,t,28003,E,Estimated value,
QCL,Crops and livestock products,143,Morocco,5312,Area harvested,1841,"Oilcrops, Cake Equivalent",1984,1984,ha,65463,E,Estimated value,
QCL,Crops and livestock products,143,Morocco,5419,Yield,1841,"Oilcrops, Cake Equivalent",1984,1984,100 g/ha,4247,E,Estimated value,
QCL,Crops and livestock products,143,Morocco,5510,Production,1841,"Oilcrops, Cake Equivalent",1984,1984,t,27805,E,Estimated value,
QCL,Crops and livestock products,143,Morocco,5312,Area harvested,1841,"Oilcrops, Cake Equivalent",1985,1985,ha,73270,E,Estimated value,
QCL,Crops and livestock products,143,Morocco,5419,Yield,1841,"Oilcrops, Cake Equivalent",1985,1985,100 g/ha,4212,E,Estimated value,
QCL,Crops and livestock products,143,Morocco,5510,Production,1841,"Oilcrops, Cake Equivalent",1985,1985,t,30863,E,Estimated value,
QCL,Crops and livestock products,143,Morocco,5312,Area harvested,1841,"Oilcrops, Cake Equivalent",1986,1986,ha,86300,E,Estimated value,
QCL,Crops and livestock products,143,Morocco,5419,Yield,1841,"Oilcrops, Cake Equivalent",1986,1986,100 g/ha,4688,E,Estimated value,
QCL,Crops and livestock products,143,Morocco,5510,Production,1841,"Oilcrops, Cake Equivalent",1986,1986,t,40460,E,Estimated value,
QCL,Crops and livestock products,143,Morocco,5312,Area harvested,1841,"Oilcrops, Cake Equivalent",1987,1987,ha,130206,E,Estimated value,
QCL,Crops and livestock products,143,Morocco,5419,Yield,1841,"Oilcrops, Cake Equivalent",1987,1987,100 g/ha,5884,E,Estimated value,
QCL,Crops and livestock products,143,Morocco,5510,Production,1841,"Oilcrops, Cake Equivalent",1987,1987,t,76611,E,Estimated value,
QCL,Crops and livestock products,143,Morocco,5312,Area harvested,1841,"Oilcrops, Cake Equivalent",1988,1988,ha,164450,E,Estimated value,
QCL,Crops and livestock products,143,Morocco,5419,Yield,1841,"Oilcrops, Cake Equivalent",1988,1988,100 g/ha,6652,E,Estimated value,
QCL,Crops and livestock products,143,Morocco,5510,Production,1841,"Oilcrops, Cake Equivalent",1988,1988,t,109388,E,Estimated value,
QCL,Crops and livestock products,143,Morocco,5312,Area harvested,1841,"Oilcrops, Cake Equivalent",1989,1989,ha,154785,E,Estimated value,
QCL,Crops and livestock products,143,Morocco,5419,Yield,1841,"Oilcrops, Cake Equivalent",1989,1989,100 g/ha,4219,E,Estimated value,
QCL,Crops and livestock products,143,Morocco,5510,Production,1841,"Oilcrops, Cake Equivalent",1989,1989,t,65307,E,Estimated value,
QCL,Crops and livestock products,143,Morocco,5312,Area harvested,1841,"Oilcrops, Cake Equivalent",1990,1990,ha,214915,E,Estimated value,
QCL,Crops and livestock products,143,Morocco,5419,Yield,1841,"Oilcrops, Cake Equivalent",1990,1990,100 g/ha,4672,E,Estimated value,
QCL,Crops and livestock products,143,Morocco,5510,Production,1841,"Oilcrops, Cake Equivalent",1990,1990,t,100401,E,Estimated value,
QCL,Crops and livestock products,143,Morocco,5312,Area harvested,1841,"Oilcrops, Cake Equivalent",1991,1991,ha,182777,E,Estimated value,
QCL,Crops and livestock products,143,Morocco,5419,Yield,1841,"Oilcrops, Cake Equivalent",1991,1991,100 g/ha,3778,E,Estimated value,
QCL,Crops and livestock products,143,Morocco,5510,Production,1841,"Oilcrops, Cake Equivalent",1991,1991,t,69047,E,Estimated value,
QCL,Crops and livestock products,143,Morocco,5312,Area harvested,1841,"Oilcrops, Cake Equivalent",1992,1992,ha,230521,E,Estimated value,
QCL,Crops and livestock products,143,Morocco,5419,Yield,1841,"Oilcrops, Cake Equivalent",1992,1992,100 g/ha,3880,E,Estimated value,
QCL,Crops and livestock products,143,Morocco,5510,Production,1841,"Oilcrops, Cake Equivalent",1992,1992,t,89453,E,Estimated value,
QCL,Crops and livestock products,143,Morocco,5312,Area harvested,1841,"Oilcrops, Cake Equivalent",1993,1993,ha,259021,E,Estimated value,
QCL,Crops and livestock products,143,Morocco,5419,Yield,1841,"Oilcrops, Cake Equivalent",1993,1993,100 g/ha,1500,E,Estimated value,
QCL,Crops and livestock products,143,Morocco,5510,Production,1841,"Oilcrops, Cake Equivalent",1993,1993,t,38852,E,Estimated value,
QCL,Crops and livestock products,143,Morocco,5312,Area harvested,1841,"Oilcrops, Cake Equivalent",1994,1994,ha,106661,E,Estimated value,
QCL,Crops and livestock products,143,Morocco,5419,Yield,1841,"Oilcrops, Cake Equivalent",1994,1994,100 g/ha,3761,E,Estimated value,
QCL,Crops and livestock products,143,Morocco,5510,Production,1841,"Oilcrops, Cake Equivalent",1994,1994,t,40113,E,Estimated value,
QCL,Crops and livestock products,143,Morocco,5312,Area harvested,1841,"Oilcrops, Cake Equivalent",1995,1995,ha,79640,E,Estimated value,
QCL,Crops and livestock products,143,Morocco,5419,Yield,1841,"Oilcrops, Cake Equivalent",1995,1995,100 g/ha,1631,E,Estimated value,
QCL,Crops and livestock products,143,Morocco,5510,Production,1841,"Oilcrops, Cake Equivalent",1995,1995,t,12986,E,Estimated value,
QCL,Crops and livestock products,143,Morocco,5312,Area harvested,1841,"Oilcrops, Cake Equivalent",1996,1996,ha,114273,E,Estimated value,
QCL,Crops and livestock products,143,Morocco,5419,Yield,1841,"Oilcrops, Cake Equivalent",1996,1996,100 g/ha,3203,E,Estimated value,
QCL,Crops and livestock products,143,Morocco,5510,Production,1841,"Oilcrops, Cake Equivalent",1996,1996,t,36600,E,Estimated value,
QCL,Crops and livestock products,143,Morocco,5312,Area harvested,1841,"Oilcrops, Cake Equivalent",1997,1997,ha,141322,E,Estimated value,
QCL,Crops and livestock products,143,Morocco,5419,Yield,1841,"Oilcrops, Cake Equivalent",1997,1997,100 g/ha,3786,E,Estimated value,
QCL,Crops and livestock products,143,Morocco,5510,Production,1841,"Oilcrops, Cake Equivalent",1997,1997,t,53505,E,Estimated value,
QCL,Crops and livestock products,143,Morocco,5312,Area harvested,1841,"Oilcrops, Cake Equivalent",1998,1998,ha,135297,E,Estimated value,
QCL,Crops and livestock products,143,Morocco,5419,Yield,1841,"Oilcrops, Cake Equivalent",1998,1998,100 g/ha,3613,E,Estimated value,
QCL,Crops and livestock products,143,Morocco,5510,Production,1841,"Oilcrops, Cake Equivalent",1998,1998,t,48885,E,Estimated value,
QCL,Crops and livestock products,143,Morocco,5312,Area harvested,1841,"Oilcrops, Cake Equivalent",1999,1999,ha,108639,E,Estimated value,
QCL,Crops and livestock products,143,Morocco,5419,Yield,1841,"Oilcrops, Cake Equivalent",1999,1999,100 g/ha,3190,E,Estimated value,
QCL,Crops and livestock products,143,Morocco,5510,Production,1841,"Oilcrops, Cake Equivalent",1999,1999,t,34652,E,Estimated value,
QCL,Crops and livestock products,143,Morocco,5312,Area harvested,1841,"Oilcrops, Cake Equivalent",2000,2000,ha,62667,E,Estimated value,
QCL,Crops and livestock products,143,Morocco,5419,Yield,1841,"Oilcrops, Cake Equivalent",2000,2000,100 g/ha,4175,E,Estimated value,
QCL,Crops and livestock products,143,Morocco,5510,Production,1841,"Oilcrops, Cake Equivalent",2000,2000,t,26160,E,Estimated value,
QCL,Crops and livestock products,143,Morocco,5312,Area harvested,1841,"Oilcrops, Cake Equivalent",2001,2001,ha,81962,E,Estimated value,
QCL,Crops and livestock products,143,Morocco,5419,Yield,1841,"Oilcrops, Cake Equivalent",2001,2001,100 g/ha,3869,E,Estimated value,
QCL,Crops and livestock products,143,Morocco,5510,Production,1841,"Oilcrops, Cake Equivalent",2001,2001,t,31711,E,Estimated value,
QCL,Crops and livestock products,143,Morocco,5312,Area harvested,1841,"Oilcrops, Cake Equivalent",2002,2002,ha,74538,E,Estimated value,
QCL,Crops and livestock products,143,Morocco,5419,Yield,1841,"Oilcrops, Cake Equivalent",2002,2002,100 g/ha,4478,E,Estimated value,
QCL,Crops and livestock products,143,Morocco,5510,Production,1841,"Oilcrops, Cake Equivalent",2002,2002,t,33378,E,Estimated value,
QCL,Crops and livestock products,143,Morocco,5312,Area harvested,1841,"Oilcrops, Cake Equivalent",2003,2003,ha,129243,E,Estimated value,
QCL,Crops and livestock products,143,Morocco,5419,Yield,1841,"Oilcrops, Cake Equivalent",2003,2003,100 g/ha,4090,E,Estimated value,
QCL,Crops and livestock products,143,Morocco,5510,Production,1841,"Oilcrops, Cake Equivalent",2003,2003,t,52855,E,Estimated value,
QCL,Crops and livestock products,143,Morocco,5312,Area harvested,1841,"Oilcrops, Cake Equivalent",2004,2004,ha,88253,E,Estimated value,
QCL,Crops and livestock products,143,Morocco,5419,Yield,1841,"Oilcrops, Cake Equivalent",2004,2004,100 g/ha,5099,E,Estimated value,
QCL,Crops and livestock products,143,Morocco,5510,Production,1841,"Oilcrops, Cake Equivalent",2004,2004,t,45002,E,Estimated value,
QCL,Crops and livestock products,143,Morocco,5312,Area harvested,1841,"Oilcrops, Cake Equivalent",2005,2005,ha,75641,E,Estimated value,
QCL,Crops and livestock products,143,Morocco,5419,Yield,1841,"Oilcrops, Cake Equivalent",2005,2005,100 g/ha,3803,E,Estimated value,
QCL,Crops and livestock products,143,Morocco,5510,Production,1841,"Oilcrops, Cake Equivalent",2005,2005,t,28766,E,Estimated value,
QCL,Crops and livestock products,143,Morocco,5312,Area harvested,1841,"Oilcrops, Cake Equivalent",2006,2006,ha,51782,E,Estimated value,
QCL,Crops and livestock products,143,Morocco,5419,Yield,1841,"Oilcrops, Cake Equivalent",2006,2006,100 g/ha,5787,E,Estimated value,
QCL,Crops and livestock products,143,Morocco,5510,Production,1841,"Oilcrops, Cake Equivalent",2006,2006,t,29964,E,Estimated value,
QCL,Crops and livestock products,143,Morocco,5312,Area harvested,1841,"Oilcrops, Cake Equivalent",2007,2007,ha,60605,E,Estimated value,
QCL,Crops and livestock products,143,Morocco,5419,Yield,1841,"Oilcrops, Cake Equivalent",2007,2007,100 g/ha,6134,E,Estimated value,
QCL,Crops and livestock products,143,Morocco,5510,Production,1841,"Oilcrops, Cake Equivalent",2007,2007,t,37174,E,Estimated value,
QCL,Crops and livestock products,143,Morocco,5312,Area harvested,1841,"Oilcrops, Cake Equivalent",2008,2008,ha,50198,E,Estimated value,
QCL,Crops and livestock products,143,Morocco,5419,Yield,1841,"Oilcrops, Cake Equivalent",2008,2008,100 g/ha,6593,E,Estimated value,
QCL,Crops and livestock products,143,Morocco,5510,Production,1841,"Oilcrops, Cake Equivalent",2008,2008,t,33093,E,Estimated value,
QCL,Crops and livestock products,143,Morocco,5312,Area harvested,1841,"Oilcrops, Cake Equivalent",2009,2009,ha,69502,E,Estimated value,
QCL,Crops and livestock products,143,Morocco,5419,Yield,1841,"Oilcrops, Cake Equivalent",2009,2009,100 g/ha,6570,E,Estimated value,
QCL,Crops and livestock products,143,Morocco,5510,Production,1841,"Oilcrops, Cake Equivalent",2009,2009,t,45662,E,Estimated value,
QCL,Crops and livestock products,143,Morocco,5312,Area harvested,1841,"Oilcrops, Cake Equivalent",2010,2010,ha,88407,E,Estimated value,
QCL,Crops and livestock products,143,Morocco,5419,Yield,1841,"Oilcrops, Cake Equivalent",2010,2010,100 g/ha,5533,E,Estimated value,
QCL,Crops and livestock products,143,Morocco,5510,Production,1841,"Oilcrops, Cake Equivalent",2010,2010,t,48918,E,Estimated value,
QCL,Crops and livestock products,143,Morocco,5312,Area harvested,1841,"Oilcrops, Cake Equivalent",2011,2011,ha,57905,E,Estimated value,
QCL,Crops and livestock products,143,Morocco,5419,Yield,1841,"Oilcrops, Cake Equivalent",2011,2011,100 g/ha,6898,E,Estimated value,
QCL,Crops and livestock products,143,Morocco,5510,Production,1841,"Oilcrops, Cake Equivalent",2011,2011,t,39943,E,Estimated value,
QCL,Crops and livestock products,143,Morocco,5312,Area harvested,1841,"Oilcrops, Cake Equivalent",2012,2012,ha,30835,E,Estimated value,
QCL,Crops and livestock products,143,Morocco,5419,Yield,1841,"Oilcrops, Cake Equivalent",2012,2012,100 g/ha,7990,E,Estimated value,
QCL,Crops and livestock products,143,Morocco,5510,Production,1841,"Oilcrops, Cake Equivalent",2012,2012,t,24636,E,Estimated value,
QCL,Crops and livestock products,143,Morocco,5312,Area harvested,1841,"Oilcrops, Cake Equivalent",2013,2013,ha,36261,E,Estimated value,
QCL,Crops and livestock products,143,Morocco,5419,Yield,1841,"Oilcrops, Cake Equivalent",2013,2013,100 g/ha,7042,E,Estimated value,
QCL,Crops and livestock products,143,Morocco,5510,Production,1841,"Oilcrops, Cake Equivalent",2013,2013,t,25536,E,Estimated value,
QCL,Crops and livestock products,143,Morocco,5312,Area harvested,1841,"Oilcrops, Cake Equivalent",2014,2014,ha,40029,E,Estimated value,
QCL,Crops and livestock products,143,Morocco,5419,Yield,1841,"Oilcrops, Cake Equivalent",2014,2014,100 g/ha,7492,E,Estimated value,
QCL,Crops and livestock products,143,Morocco,5510,Production,1841,"Oilcrops, Cake Equivalent",2014,2014,t,29988,E,Estimated value,
QCL,Crops and livestock products,143,Morocco,5312,Area harvested,1841,"Oilcrops, Cake Equivalent",2015,2015,ha,54180,E,Estimated value,
QCL,Crops and livestock products,143,Morocco,5419,Yield,1841,"Oilcrops, Cake Equivalent",2015,2015,100 g/ha,7433,E,Estimated value,
QCL,Crops and livestock products,143,Morocco,5510,Production,1841,"Oilcrops, Cake Equivalent",2015,2015,t,40271,E,Estimated value,
QCL,Crops and livestock products,143,Morocco,5312,Area harvested,1841,"Oilcrops, Cake Equivalent",2016,2016,ha,57831,E,Estimated value,
QCL,Crops and livestock products,143,Morocco,5419,Yield,1841,"Oilcrops, Cake Equivalent",2016,2016,100 g/ha,5324,E,Estimated value,
QCL,Crops and livestock products,143,Morocco,5510,Production,1841,"Oilcrops, Cake Equivalent",2016,2016,t,30788,E,Estimated value,
QCL,Crops and livestock products,143,Morocco,5312,Area harvested,1841,"Oilcrops, Cake Equivalent",2017,2017,ha,37166,E,Estimated value,
QCL,Crops and livestock products,143,Morocco,5419,Yield,1841,"Oilcrops, Cake Equivalent",2017,2017,100 g/ha,7580,E,Estimated value,
QCL,Crops and livestock products,143,Morocco,5510,Production,1841,"Oilcrops, Cake Equivalent",2017,2017,t,28171,E,Estimated value,
QCL,Crops and livestock products,143,Morocco,5312,Area harvested,1841,"Oilcrops, Cake Equivalent",2018,2018,ha,38629,E,Estimated value,
QCL,Crops and livestock products,143,Morocco,5419,Yield,1841,"Oilcrops, Cake Equivalent",2018,2018,100 g/ha,8595,E,Estimated value,
QCL,Crops and livestock products,143,Morocco,5510,Production,1841,"Oilcrops, Cake Equivalent",2018,2018,t,33201,E,Estimated value,
QCL,Crops and livestock products,143,Morocco,5312,Area harvested,1841,"Oilcrops, Cake Equivalent",2019,2019,ha,40567,E,Estimated value,
QCL,Crops and livestock products,143,Morocco,5419,Yield,1841,"Oilcrops, Cake Equivalent",2019,2019,100 g/ha,7796,E,Estimated value,
QCL,Crops and livestock products,143,Morocco,5510,Production,1841,"Oilcrops, Cake Equivalent",2019,2019,t,31626,E,Estimated value,
QCL,Crops and livestock products,143,Morocco,5312,Area harvested,1841,"Oilcrops, Cake Equivalent",2020,2020,ha,36693,E,Estimated value,
QCL,Crops and livestock products,143,Morocco,5419,Yield,1841,"Oilcrops, Cake Equivalent",2020,2020,100 g/ha,7555,E,Estimated value,
QCL,Crops and livestock products,143,Morocco,5510,Production,1841,"Oilcrops, Cake Equivalent",2020,2020,t,27721,E,Estimated value,
QCL,Crops and livestock products,143,Morocco,5312,Area harvested,1841,"Oilcrops, Cake Equivalent",2021,2021,ha,33989,E,Estimated value,
QCL,Crops and livestock products,143,Morocco,5419,Yield,1841,"Oilcrops, Cake Equivalent",2021,2021,100 g/ha,8463,E,Estimated value,
QCL,Crops and livestock products,143,Morocco,5510,Production,1841,"Oilcrops, Cake Equivalent",2021,2021,t,28766,E,Estimated value,
QCL,Crops and livestock products,143,Morocco,5312,Area harvested,1841,"Oilcrops, Cake Equivalent",2022,2022,ha,39750,E,Estimated value,
QCL,Crops and livestock products,143,Morocco,5419,Yield,1841,"Oilcrops, Cake Equivalent",2022,2022,100 g/ha,6866,E,Estimated value,
QCL,Crops and livestock products,143,Morocco,5510,Production,1841,"Oilcrops, Cake Equivalent",2022,2022,t,27294,E,Estimated value,
QCL,Crops and livestock products,143,Morocco,5312,Area harvested,1732,"Oilcrops, Oil Equivalent",1961,1961,ha,185790,E,Estimated value,
QCL,Crops and livestock products,143,Morocco,5419,Yield,1732,"Oilcrops, Oil Equivalent",1961,1961,100 g/ha,1876,E,Estimated value,
QCL,Crops and livestock products,143,Morocco,5510,Production,1732,"Oilcrops, Oil Equivalent",1961,1961,t,34854.66,E,Estimated value,
QCL,Crops and livestock products,143,Morocco,5312,Area harvested,1732,"Oilcrops, Oil Equivalent",1962,1962,ha,188475,E,Estimated value,
QCL,Crops and livestock products,143,Morocco,5419,Yield,1732,"Oilcrops, Oil Equivalent",1962,1962,100 g/ha,1967,E,Estimated value,
QCL,Crops and livestock products,143,Morocco,5510,Production,1732,"Oilcrops, Oil Equivalent",1962,1962,t,37073.46,E,Estimated value,
QCL,Crops and livestock products,143,Morocco,5312,Area harvested,1732,"Oilcrops, Oil Equivalent",1963,1963,ha,265185,E,Estimated value,
QCL,Crops and livestock products,143,Morocco,5419,Yield,1732,"Oilcrops, Oil Equivalent",1963,1963,100 g/ha,1970,E,Estimated value,
QCL,Crops and livestock products,143,Morocco,5510,Production,1732,"Oilcrops, Oil Equivalent",1963,1963,t,52237.63,E,Estimated value,
QCL,Crops and livestock products,143,Morocco,5312,Area harvested,1732,"Oilcrops, Oil Equivalent",1964,1964,ha,238208,E,Estimated value,
QCL,Crops and livestock products,143,Morocco,5419,Yield,1732,"Oilcrops, Oil Equivalent",1964,1964,100 g/ha,2023,E,Estimated value,
QCL,Crops and livestock products,143,Morocco,5510,Production,1732,"Oilcrops, Oil Equivalent",1964,1964,t,48182.5,E,Estimated value,
QCL,Crops and livestock products,143,Morocco,5312,Area harvested,1732,"Oilcrops, Oil Equivalent",1965,1965,ha,344733,E,Estimated value,
QCL,Crops and livestock products,143,Morocco,5419,Yield,1732,"Oilcrops, Oil Equivalent",1965,1965,100 g/ha,1924,E,Estimated value,
QCL,Crops and livestock products,143,Morocco,5510,Production,1732,"Oilcrops, Oil Equivalent",1965,1965,t,66338.38,E,Estimated value,
QCL,Crops and livestock products,143,Morocco,5312,Area harvested,1732,"Oilcrops, Oil Equivalent",1966,1966,ha,312616,E,Estimated value,
QCL,Crops and livestock products,143,Morocco,5419,Yield,1732,"Oilcrops, Oil Equivalent",1966,1966,100 g/ha,1909,E,Estimated value,
QCL,Crops and livestock products,143,Morocco,5510,Production,1732,"Oilcrops, Oil Equivalent",1966,1966,t,59665.9,E,Estimated value,
QCL,Crops and livestock products,143,Morocco,5312,Area harvested,1732,"Oilcrops, Oil Equivalent",1967,1967,ha,200016,E,Estimated value,
QCL,Crops and livestock products,143,Morocco,5419,Yield,1732,"Oilcrops, Oil Equivalent",1967,1967,100 g/ha,1870,E,Estimated value,
QCL,Crops and livestock products,143,Morocco,5510,Production,1732,"Oilcrops, Oil Equivalent",1967,1967,t,37394,E,Estimated value,
QCL,Crops and livestock products,143,Morocco,5312,Area harvested,1732,"Oilcrops, Oil Equivalent",1968,1968,ha,581113,E,Estimated value,
QCL,Crops and livestock products,143,Morocco,5419,Yield,1732,"Oilcrops, Oil Equivalent",1968,1968,100 g/ha,1954,E,Estimated value,
QCL,Crops and livestock products,143,Morocco,5510,Production,1732,"Oilcrops, Oil Equivalent",1968,1968,t,113577.07,E,Estimated value,
QCL,Crops and livestock products,143,Morocco,5312,Area harvested,1732,"Oilcrops, Oil Equivalent",1969,1969,ha,392185,E,Estimated value,
QCL,Crops and livestock products,143,Morocco,5419,Yield,1732,"Oilcrops, Oil Equivalent",1969,1969,100 g/ha,1933,E,Estimated value,
QCL,Crops and livestock products,143,Morocco,5510,Production,1732,"Oilcrops, Oil Equivalent",1969,1969,t,75816.1,E,Estimated value,
QCL,Crops and livestock products,143,Morocco,5312,Area harvested,1732,"Oilcrops, Oil Equivalent",1970,1970,ha,234638,E,Estimated value,
QCL,Crops and livestock products,143,Morocco,5419,Yield,1732,"Oilcrops, Oil Equivalent",1970,1970,100 g/ha,2127,E,Estimated value,
QCL,Crops and livestock products,143,Morocco,5510,Production,1732,"Oilcrops, Oil Equivalent",1970,1970,t,49916.72,E,Estimated value,
QCL,Crops and livestock products,143,Morocco,5312,Area harvested,1732,"Oilcrops, Oil Equivalent",1971,1971,ha,599938,E,Estimated value,
QCL,Crops and livestock products,143,Morocco,5419,Yield,1732,"Oilcrops, Oil Equivalent",1971,1971,100 g/ha,2017,E,Estimated value,
QCL,Crops and livestock products,143,Morocco,5510,Production,1732,"Oilcrops, Oil Equivalent",1971,1971,t,120985.8,E,Estimated value,
QCL,Crops and livestock products,143,Morocco,5312,Area harvested,1732,"Oilcrops, Oil Equivalent",1972,1972,ha,291138,E,Estimated value,
QCL,Crops and livestock products,143,Morocco,5419,Yield,1732,"Oilcrops, Oil Equivalent",1972,1972,100 g/ha,2100,E,Estimated value,
QCL,Crops and livestock products,143,Morocco,5510,Production,1732,"Oilcrops, Oil Equivalent",1972,1972,t,61130.82,E,Estimated value,
QCL,Crops and livestock products,143,Morocco,5312,Area harvested,1732,"Oilcrops, Oil Equivalent",1973,1973,ha,331838,E,Estimated value,
QCL,Crops and livestock products,143,Morocco,5419,Yield,1732,"Oilcrops, Oil Equivalent",1973,1973,100 g/ha,2053,E,Estimated value,
QCL,Crops and livestock products,143,Morocco,5510,Production,1732,"Oilcrops, Oil Equivalent",1973,1973,t,68130.36,E,Estimated value,
QCL,Crops and livestock products,143,Morocco,5312,Area harvested,1732,"Oilcrops, Oil Equivalent",1974,1974,ha,349807,E,Estimated value,
QCL,Crops and livestock products,143,Morocco,5419,Yield,1732,"Oilcrops, Oil Equivalent",1974,1974,100 g/ha,1734,E,Estimated value,
QCL,Crops and livestock products,143,Morocco,5510,Production,1732,"Oilcrops, Oil Equivalent",1974,1974,t,60654.04,E,Estimated value,
QCL,Crops and livestock products,143,Morocco,5312,Area harvested,1732,"Oilcrops, Oil Equivalent",1975,1975,ha,368025,E,Estimated value,
QCL,Crops and livestock products,143,Morocco,5419,Yield,1732,"Oilcrops, Oil Equivalent",1975,1975,100 g/ha,2255,E,Estimated value,
QCL,Crops and livestock products,143,Morocco,5510,Production,1732,"Oilcrops, Oil Equivalent",1975,1975,t,82971.7,E,Estimated value,
QCL,Crops and livestock products,143,Morocco,5312,Area harvested,1732,"Oilcrops, Oil Equivalent",1976,1976,ha,392645,E,Estimated value,
QCL,Crops and livestock products,143,Morocco,5419,Yield,1732,"Oilcrops, Oil Equivalent",1976,1976,100 g/ha,2026,E,Estimated value,
QCL,Crops and livestock products,143,Morocco,5510,Production,1732,"Oilcrops, Oil Equivalent",1976,1976,t,79552.68,E,Estimated value,
QCL,Crops and livestock products,143,Morocco,5312,Area harvested,1732,"Oilcrops, Oil Equivalent",1977,1977,ha,286955,E,Estimated value,
QCL,Crops and livestock products,143,Morocco,5419,Yield,1732,"Oilcrops, Oil Equivalent",1977,1977,100 g/ha,1806,E,Estimated value,
QCL,Crops and livestock products,143,Morocco,5510,Production,1732,"Oilcrops, Oil Equivalent",1977,1977,t,51810.12,E,Estimated value,
QCL,Crops and livestock products,143,Morocco,5312,Area harvested,1732,"Oilcrops, Oil Equivalent",1978,1978,ha,272175,E,Estimated value,
QCL,Crops and livestock products,143,Morocco,5419,Yield,1732,"Oilcrops, Oil Equivalent",1978,1978,100 g/ha,2191,E,Estimated value,
QCL,Crops and livestock products,143,Morocco,5510,Production,1732,"Oilcrops, Oil Equivalent",1978,1978,t,59627.88,E,Estimated value,
QCL,Crops and livestock products,143,Morocco,5312,Area harvested,1732,"Oilcrops, Oil Equivalent",1979,1979,ha,499199,E,Estimated value,
QCL,Crops and livestock products,143,Morocco,5419,Yield,1732,"Oilcrops, Oil Equivalent",1979,1979,100 g/ha,2247,E,Estimated value,
QCL,Crops and livestock products,143,Morocco,5510,Production,1732,"Oilcrops, Oil Equivalent",1979,1979,t,112194.41,E,Estimated value,
QCL,Crops and livestock products,143,Morocco,5312,Area harvested,1732,"Oilcrops, Oil Equivalent",1980,1980,ha,347934,E,Estimated value,
QCL,Crops and livestock products,143,Morocco,5419,Yield,1732,"Oilcrops, Oil Equivalent",1980,1980,100 g/ha,2105,E,Estimated value,
QCL,Crops and livestock products,143,Morocco,5510,Production,1732,"Oilcrops, Oil Equivalent",1980,1980,t,73252.12,E,Estimated value,
QCL,Crops and livestock products,143,Morocco,5312,Area harvested,1732,"Oilcrops, Oil Equivalent",1981,1981,ha,301375,E,Estimated value,
QCL,Crops and livestock products,143,Morocco,5419,Yield,1732,"Oilcrops, Oil Equivalent",1981,1981,100 g/ha,2062,E,Estimated value,
QCL,Crops and livestock products,143,Morocco,5510,Production,1732,"Oilcrops, Oil Equivalent",1981,1981,t,62149.99,E,Estimated value,
QCL,Crops and livestock products,143,Morocco,5312,Area harvested,1732,"Oilcrops, Oil Equivalent",1982,1982,ha,319965,E,Estimated value,
QCL,Crops and livestock products,143,Morocco,5419,Yield,1732,"Oilcrops, Oil Equivalent",1982,1982,100 g/ha,3522,E,Estimated value,
QCL,Crops and livestock products,143,Morocco,5510,Production,1732,"Oilcrops, Oil Equivalent",1982,1982,t,112683.28,E,Estimated value,
QCL,Crops and livestock products,143,Morocco,5312,Area harvested,1732,"Oilcrops, Oil Equivalent",1983,1983,ha,336908,E,Estimated value,
QCL,Crops and livestock products,143,Morocco,5419,Yield,1732,"Oilcrops, Oil Equivalent",1983,1983,100 g/ha,2348,E,Estimated value,
QCL,Crops and livestock products,143,Morocco,5510,Production,1732,"Oilcrops, Oil Equivalent",1983,1983,t,79093.36,E,Estimated value,
QCL,Crops and livestock products,143,Morocco,5312,Area harvested,1732,"Oilcrops, Oil Equivalent",1984,1984,ha,352363,E,Estimated value,
QCL,Crops and livestock products,143,Morocco,5419,Yield,1732,"Oilcrops, Oil Equivalent",1984,1984,100 g/ha,2616,E,Estimated value,
QCL,Crops and livestock products,143,Morocco,5510,Production,1732,"Oilcrops, Oil Equivalent",1984,1984,t,92166.28,E,Estimated value,
QCL,Crops and livestock products,143,Morocco,5312,Area harvested,1732,"Oilcrops, Oil Equivalent",1985,1985,ha,366780,E,Estimated value,
QCL,Crops and livestock products,143,Morocco,5419,Yield,1732,"Oilcrops, Oil Equivalent",1985,1985,100 g/ha,2792,E,Estimated value,
QCL,Crops and livestock products,143,Morocco,5510,Production,1732,"Oilcrops, Oil Equivalent",1985,1985,t,102397.08,E,Estimated value,
QCL,Crops and livestock products,143,Morocco,5312,Area harvested,1732,"Oilcrops, Oil Equivalent",1986,1986,ha,388110,E,Estimated value,
QCL,Crops and livestock products,143,Morocco,5419,Yield,1732,"Oilcrops, Oil Equivalent",1986,1986,100 g/ha,3008,E,Estimated value,
QCL,Crops and livestock products,143,Morocco,5510,Production,1732,"Oilcrops, Oil Equivalent",1986,1986,t,116726.8,E,Estimated value,
QCL,Crops and livestock products,143,Morocco,5312,Area harvested,1732,"Oilcrops, Oil Equivalent",1987,1987,ha,404706,E,Estimated value,
QCL,Crops and livestock products,143,Morocco,5419,Yield,1732,"Oilcrops, Oil Equivalent",1987,1987,100 g/ha,3891,E,Estimated value,
QCL,Crops and livestock products,143,Morocco,5510,Production,1732,"Oilcrops, Oil Equivalent",1987,1987,t,157483.16,E,Estimated value,
QCL,Crops and livestock products,143,Morocco,5312,Area harvested,1732,"Oilcrops, Oil Equivalent",1988,1988,ha,496700,E,Estimated value,
QCL,Crops and livestock products,143,Morocco,5419,Yield,1732,"Oilcrops, Oil Equivalent",1988,1988,100 g/ha,3281,E,Estimated value,
QCL,Crops and livestock products,143,Morocco,5510,Production,1732,"Oilcrops, Oil Equivalent",1988,1988,t,162949.43,E,Estimated value,
QCL,Crops and livestock products,143,Morocco,5312,Area harvested,1732,"Oilcrops, Oil Equivalent",1989,1989,ha,515535,E,Estimated value,
QCL,Crops and livestock products,143,Morocco,5419,Yield,1732,"Oilcrops, Oil Equivalent",1989,1989,100 g/ha,3760,E,Estimated value,
QCL,Crops and livestock products,143,Morocco,5510,Production,1732,"Oilcrops, Oil Equivalent",1989,1989,t,193817.96,E,Estimated value,
QCL,Crops and livestock products,143,Morocco,5312,Area harvested,1732,"Oilcrops, Oil Equivalent",1990,1990,ha,580465,E,Estimated value,
QCL,Crops and livestock products,143,Morocco,5419,Yield,1732,"Oilcrops, Oil Equivalent",1990,1990,100 g/ha,2828,E,Estimated value,
QCL,Crops and livestock products,143,Morocco,5510,Production,1732,"Oilcrops, Oil Equivalent",1990,1990,t,164166.96,E,Estimated value,
QCL,Crops and livestock products,143,Morocco,5312,Area harvested,1732,"Oilcrops, Oil Equivalent",1991,1991,ha,542977,E,Estimated value,
QCL,Crops and livestock products,143,Morocco,5419,Yield,1732,"Oilcrops, Oil Equivalent",1991,1991,100 g/ha,3111,E,Estimated value,
QCL,Crops and livestock products,143,Morocco,5510,Production,1732,"Oilcrops, Oil Equivalent",1991,1991,t,168920.62,E,Estimated value,
QCL,Crops and livestock products,143,Morocco,5312,Area harvested,1732,"Oilcrops, Oil Equivalent",1992,1992,ha,625851,E,Estimated value,
QCL,Crops and livestock products,143,Morocco,5419,Yield,1732,"Oilcrops, Oil Equivalent",1992,1992,100 g/ha,2502,E,Estimated value,
QCL,Crops and livestock products,143,Morocco,5510,Production,1732,"Oilcrops, Oil Equivalent",1992,1992,t,156612.22,E,Estimated value,
QCL,Crops and livestock products,143,Morocco,5312,Area harvested,1732,"Oilcrops, Oil Equivalent",1993,1993,ha,671262,E,Estimated value,
QCL,Crops and livestock products,143,Morocco,5419,Yield,1732,"Oilcrops, Oil Equivalent",1993,1993,100 g/ha,1824,E,Estimated value,
QCL,Crops and livestock products,143,Morocco,5510,Production,1732,"Oilcrops, Oil Equivalent",1993,1993,t,122447.78,E,Estimated value,
QCL,Crops and livestock products,143,Morocco,5312,Area harvested,1732,"Oilcrops, Oil Equivalent",1994,1994,ha,536901,E,Estimated value,
QCL,Crops and livestock products,143,Morocco,5419,Yield,1732,"Oilcrops, Oil Equivalent",1994,1994,100 g/ha,2629,E,Estimated value,
QCL,Crops and livestock products,143,Morocco,5510,Production,1732,"Oilcrops, Oil Equivalent",1994,1994,t,141167.56,E,Estimated value,
QCL,Crops and livestock products,143,Morocco,5312,Area harvested,1732,"Oilcrops, Oil Equivalent",1995,1995,ha,495040,E,Estimated value,
QCL,Crops and livestock products,143,Morocco,5419,Yield,1732,"Oilcrops, Oil Equivalent",1995,1995,100 g/ha,2109,E,Estimated value,
QCL,Crops and livestock products,143,Morocco,5510,Production,1732,"Oilcrops, Oil Equivalent",1995,1995,t,104402.62,E,Estimated value,
QCL,Crops and livestock products,143,Morocco,5312,Area harvested,1732,"Oilcrops, Oil Equivalent",1996,1996,ha,533252,E,Estimated value,
QCL,Crops and livestock products,143,Morocco,5419,Yield,1732,"Oilcrops, Oil Equivalent",1996,1996,100 g/ha,4299,E,Estimated value,
QCL,Crops and livestock products,143,Morocco,5510,Production,1732,"Oilcrops, Oil Equivalent",1996,1996,t,229222.94,E,Estimated value,
QCL,Crops and livestock products,143,Morocco,5312,Area harvested,1732,"Oilcrops, Oil Equivalent",1997,1997,ha,568102,E,Estimated value,
QCL,Crops and livestock products,143,Morocco,5419,Yield,1732,"Oilcrops, Oil Equivalent",1997,1997,100 g/ha,2776,E,Estimated value,
QCL,Crops and livestock products,143,Morocco,5510,Production,1732,"Oilcrops, Oil Equivalent",1997,1997,t,157721,E,Estimated value,
QCL,Crops and livestock products,143,Morocco,5312,Area harvested,1732,"Oilcrops, Oil Equivalent",1998,1998,ha,655476,E,Estimated value,
QCL,Crops and livestock products,143,Morocco,5419,Yield,1732,"Oilcrops, Oil Equivalent",1998,1998,100 g/ha,2993,E,Estimated value,
QCL,Crops and livestock products,143,Morocco,5510,Production,1732,"Oilcrops, Oil Equivalent",1998,1998,t,196153.63,E,Estimated value,
QCL,Crops and livestock products,143,Morocco,5312,Area harvested,1732,"Oilcrops, Oil Equivalent",1999,1999,ha,628818,E,Estimated value,
QCL,Crops and livestock products,143,Morocco,5419,Yield,1732,"Oilcrops, Oil Equivalent",1999,1999,100 g/ha,2111,E,Estimated value,
QCL,Crops and livestock products,143,Morocco,5510,Production,1732,"Oilcrops, Oil Equivalent",1999,1999,t,132713.92,E,Estimated value,
QCL,Crops and livestock products,143,Morocco,5312,Area harvested,1732,"Oilcrops, Oil Equivalent",2000,2000,ha,602846,E,Estimated value,
QCL,Crops and livestock products,143,Morocco,5419,Yield,1732,"Oilcrops, Oil Equivalent",2000,2000,100 g/ha,1804,E,Estimated value,
QCL,Crops and livestock products,143,Morocco,5510,Production,1732,"Oilcrops, Oil Equivalent",2000,2000,t,108737.37,E,Estimated value,
QCL,Crops and livestock products,143,Morocco,5312,Area harvested,1732,"Oilcrops, Oil Equivalent",2001,2001,ha,632142,E,Estimated value,
QCL,Crops and livestock products,143,Morocco,5419,Yield,1732,"Oilcrops, Oil Equivalent",2001,2001,100 g/ha,1867,E,Estimated value,
QCL,Crops and livestock products,143,Morocco,5510,Production,1732,"Oilcrops, Oil Equivalent",2001,2001,t,118003.58,E,Estimated value,
QCL,Crops and livestock products,143,Morocco,5312,Area harvested,1732,"Oilcrops, Oil Equivalent",2002,2002,ha,552017,E,Estimated value,
QCL,Crops and livestock products,143,Morocco,5419,Yield,1732,"Oilcrops, Oil Equivalent",2002,2002,100 g/ha,2304,E,Estimated value,
QCL,Crops and livestock products,143,Morocco,5510,Production,1732,"Oilcrops, Oil Equivalent",2002,2002,t,127190.45,E,Estimated value,
QCL,Crops and livestock products,143,Morocco,5312,Area harvested,1732,"Oilcrops, Oil Equivalent",2003,2003,ha,610422,E,Estimated value,
QCL,Crops and livestock products,143,Morocco,5419,Yield,1732,"Oilcrops, Oil Equivalent",2003,2003,100 g/ha,3725,E,Estimated value,
QCL,Crops and livestock products,143,Morocco,5510,Production,1732,"Oilcrops, Oil Equivalent",2003,2003,t,227356.1,E,Estimated value,
QCL,Crops and livestock products,143,Morocco,5312,Area harvested,1732,"Oilcrops, Oil Equivalent",2004,2004,ha,678432,E,Estimated value,
QCL,Crops and livestock products,143,Morocco,5419,Yield,1732,"Oilcrops, Oil Equivalent",2004,2004,100 g/ha,2165,E,Estimated value,
QCL,Crops and livestock products,143,Morocco,5510,Production,1732,"Oilcrops, Oil Equivalent",2004,2004,t,146912.13,E,Estimated value,
QCL,Crops and livestock products,143,Morocco,5312,Area harvested,1732,"Oilcrops, Oil Equivalent",2005,2005,ha,675819,E,Estimated value,
QCL,Crops and livestock products,143,Morocco,5419,Yield,1732,"Oilcrops, Oil Equivalent",2005,2005,100 g/ha,2780,E,Estimated value,
QCL,Crops and livestock products,143,Morocco,5510,Production,1732,"Oilcrops, Oil Equivalent",2005,2005,t,187876.49,E,Estimated value,
QCL,Crops and livestock products,143,Morocco,5312,Area harvested,1732,"Oilcrops, Oil Equivalent",2006,2006,ha,574760,E,Estimated value,
QCL,Crops and livestock products,143,Morocco,5419,Yield,1732,"Oilcrops, Oil Equivalent",2006,2006,100 g/ha,2837,E,Estimated value,
QCL,Crops and livestock products,143,Morocco,5510,Production,1732,"Oilcrops, Oil Equivalent",2006,2006,t,163066.65,E,Estimated value,
QCL,Crops and livestock products,143,Morocco,5312,Area harvested,1732,"Oilcrops, Oil Equivalent",2007,2007,ha,591682,E,Estimated value,
QCL,Crops and livestock products,143,Morocco,5419,Yield,1732,"Oilcrops, Oil Equivalent",2007,2007,100 g/ha,2960,E,Estimated value,
QCL,Crops and livestock products,143,Morocco,5510,Production,1732,"Oilcrops, Oil Equivalent",2007,2007,t,175124.43,E,Estimated value,
QCL,Crops and livestock products,143,Morocco,5312,Area harvested,1732,"Oilcrops, Oil Equivalent",2008,2008,ha,598005,E,Estimated value,
QCL,Crops and livestock products,143,Morocco,5419,Yield,1732,"Oilcrops, Oil Equivalent",2008,2008,100 g/ha,3265,E,Estimated value,
QCL,Crops and livestock products,143,Morocco,5510,Production,1732,"Oilcrops, Oil Equivalent",2008,2008,t,195233.62,E,Estimated value,
QCL,Crops and livestock products,143,Morocco,5312,Area harvested,1732,"Oilcrops, Oil Equivalent",2009,2009,ha,735116,E,Estimated value,
QCL,Crops and livestock products,143,Morocco,5419,Yield,1732,"Oilcrops, Oil Equivalent",2009,2009,100 g/ha,3054,E,Estimated value,
QCL,Crops and livestock products,143,Morocco,5510,Production,1732,"Oilcrops, Oil Equivalent",2009,2009,t,224475.76,E,Estimated value,
QCL,Crops and livestock products,143,Morocco,5312,Area harvested,1732,"Oilcrops, Oil Equivalent",2010,2010,ha,919108,E,Estimated value,
QCL,Crops and livestock products,143,Morocco,5419,Yield,1732,"Oilcrops, Oil Equivalent",2010,2010,100 g/ha,4045,E,Estimated value,
QCL,Crops and livestock products,143,Morocco,5510,Production,1732,"Oilcrops, Oil Equivalent",2010,2010,t,371813.38,E,Estimated value,
QCL,Crops and livestock products,143,Morocco,5312,Area harvested,1732,"Oilcrops, Oil Equivalent",2011,2011,ha,958873,E,Estimated value,
QCL,Crops and livestock products,143,Morocco,5419,Yield,1732,"Oilcrops, Oil Equivalent",2011,2011,100 g/ha,3591,E,Estimated value,
QCL,Crops and livestock products,143,Morocco,5510,Production,1732,"Oilcrops, Oil Equivalent",2011,2011,t,344367.43,E,Estimated value,
QCL,Crops and livestock products,143,Morocco,5312,Area harvested,1732,"Oilcrops, Oil Equivalent",2012,2012,ha,999238,E,Estimated value,
QCL,Crops and livestock products,143,Morocco,5419,Yield,1732,"Oilcrops, Oil Equivalent",2012,2012,100 g/ha,3093,E,Estimated value,
QCL,Crops and livestock products,143,Morocco,5510,Production,1732,"Oilcrops, Oil Equivalent",2012,2012,t,309095.06,E,Estimated value,
QCL,Crops and livestock products,143,Morocco,5312,Area harvested,1732,"Oilcrops, Oil Equivalent",2013,2013,ha,958776,E,Estimated value,
QCL,Crops and livestock products,143,Morocco,5419,Yield,1732,"Oilcrops, Oil Equivalent",2013,2013,100 g/ha,2924,E,Estimated value,
QCL,Crops and livestock products,143,Morocco,5510,Production,1732,"Oilcrops, Oil Equivalent",2013,2013,t,280312.61,E,Estimated value,
QCL,Crops and livestock products,143,Morocco,5312,Area harvested,1732,"Oilcrops, Oil Equivalent",2014,2014,ha,987106,E,Estimated value,
QCL,Crops and livestock products,143,Morocco,5419,Yield,1732,"Oilcrops, Oil Equivalent",2014,2014,100 g/ha,3750,E,Estimated value,
QCL,Crops and livestock products,143,Morocco,5510,Production,1732,"Oilcrops, Oil Equivalent",2014,2014,t,370191.45,E,Estimated value,
QCL,Crops and livestock products,143,Morocco,5312,Area harvested,1732,"Oilcrops, Oil Equivalent",2015,2015,ha,1060929,E,Estimated value,
QCL,Crops and livestock products,143,Morocco,5419,Yield,1732,"Oilcrops, Oil Equivalent",2015,2015,100 g/ha,2686,E,Estimated value,
QCL,Crops and livestock products,143,Morocco,5510,Production,1732,"Oilcrops, Oil Equivalent",2015,2015,t,284925.27,E,Estimated value,
QCL,Crops and livestock products,143,Morocco,5312,Area harvested,1732,"Oilcrops, Oil Equivalent",2016,2016,ha,1066456,E,Estimated value,
QCL,Crops and livestock products,143,Morocco,5419,Yield,1732,"Oilcrops, Oil Equivalent",2016,2016,100 g/ha,3154,E,Estimated value,
QCL,Crops and livestock products,143,Morocco,5510,Production,1732,"Oilcrops, Oil Equivalent",2016,2016,t,336378.76,E,Estimated value,
QCL,Crops and livestock products,143,Morocco,5312,Area harvested,1732,"Oilcrops, Oil Equivalent",2017,2017,ha,1058002,E,Estimated value,
QCL,Crops and livestock products,143,Morocco,5419,Yield,1732,"Oilcrops, Oil Equivalent",2017,2017,100 g/ha,2373,E,Estimated value,
QCL,Crops and livestock products,143,Morocco,5510,Production,1732,"Oilcrops, Oil Equivalent",2017,2017,t,251036.03,E,Estimated value,
QCL,Crops and livestock products,143,Morocco,5312,Area harvested,1732,"Oilcrops, Oil Equivalent",2018,2018,ha,1084088,E,Estimated value,
QCL,Crops and livestock products,143,Morocco,5419,Yield,1732,"Oilcrops, Oil Equivalent",2018,2018,100 g/ha,3417,E,Estimated value,
QCL,Crops and livestock products,143,Morocco,5510,Production,1732,"Oilcrops, Oil Equivalent",2018,2018,t,370457.33,E,Estimated value,
QCL,Crops and livestock products,143,Morocco,5312,Area harvested,1732,"Oilcrops, Oil Equivalent",2019,2019,ha,1114326,E,Estimated value,
QCL,Crops and livestock products,143,Morocco,5419,Yield,1732,"Oilcrops, Oil Equivalent",2019,2019,100 g/ha,4004,E,Estimated value,
QCL,Crops and livestock products,143,Morocco,5510,Production,1732,"Oilcrops, Oil Equivalent",2019,2019,t,446159.15,E,Estimated value,
QCL,Crops and livestock products,143,Morocco,5312,Area harvested,1732,"Oilcrops, Oil Equivalent",2020,2020,ha,1105856,E,Estimated value,
QCL,Crops and livestock products,143,Morocco,5419,Yield,1732,"Oilcrops, Oil Equivalent",2020,2020,100 g/ha,3003,E,Estimated value,
QCL,Crops and livestock products,143,Morocco,5510,Production,1732,"Oilcrops, Oil Equivalent",2020,2020,t,332050.87,E,Estimated value,
QCL,Crops and livestock products,143,Morocco,5312,Area harvested,1732,"Oilcrops, Oil Equivalent",2021,2021,ha,1138341,E,Estimated value,
QCL,Crops and livestock products,143,Morocco,5419,Yield,1732,"Oilcrops, Oil Equivalent",2021,2021,100 g/ha,3275,E,Estimated value,
QCL,Crops and livestock products,143,Morocco,5510,Production,1732,"Oilcrops, Oil Equivalent",2021,2021,t,372833.19,E,Estimated value,
QCL,Crops and livestock products,143,Morocco,5312,Area harvested,1732,"Oilcrops, Oil Equivalent",2022,2022,ha,1241327,E,Estimated value,
QCL,Crops and livestock products,143,Morocco,5419,Yield,1732,"Oilcrops, Oil Equivalent",2022,2022,100 g/ha,3666,E,Estimated value,
QCL,Crops and livestock products,143,Morocco,5510,Production,1732,"Oilcrops, Oil Equivalent",2022,2022,t,455055.55,E,Estimated value,
QCL,Crops and livestock products,143,Morocco,5112,Stocks,2029,Poultry Birds,1961,1961,1000 An,13408,A,Official figure,
QCL,Crops and livestock products,143,Morocco,5112,Stocks,2029,Poultry Birds,1962,1962,1000 An,13170,A,Official figure,
QCL,Crops and livestock products,143,Morocco,5112,Stocks,2029,Poultry Birds,1963,1963,1000 An,13278,A,Official figure,
QCL,Crops and livestock products,143,Morocco,5112,Stocks,2029,Poultry Birds,1964,1964,1000 An,13885,A,Official figure,
QCL,Crops and livestock products,143,Morocco,5112,Stocks,2029,Poultry Birds,1965,1965,1000 An,13627,A,Official figure,
QCL,Crops and livestock products,143,Morocco,5112,Stocks,2029,Poultry Birds,1966,1966,1000 An,14134,A,Official figure,
QCL,Crops and livestock products,143,Morocco,5112,Stocks,2029,Poultry Birds,1967,1967,1000 An,14530,A,Official figure,
QCL,Crops and livestock products,143,Morocco,5112,Stocks,2029,Poultry Birds,1968,1968,1000 An,15200,A,Official figure,
QCL,Crops and livestock products,143,Morocco,5112,Stocks,2029,Poultry Birds,1969,1969,1000 An,15400,A,Official figure,
QCL,Crops and livestock products,143,Morocco,5112,Stocks,2029,Poultry Birds,1970,1970,1000 An,16000,E,Estimated value,
QCL,Crops and livestock products,143,Morocco,5112,Stocks,2029,Poultry Birds,1971,1971,1000 An,16000,E,Estimated value,
QCL,Crops and livestock products,143,Morocco,5112,Stocks,2029,Poultry Birds,1972,1972,1000 An,18000,E,Estimated value,
QCL,Crops and livestock products,143,Morocco,5112,Stocks,2029,Poultry Birds,1973,1973,1000 An,18000,E,Estimated value,
QCL,Crops and livestock products,143,Morocco,5112,Stocks,2029,Poultry Birds,1974,1974,1000 An,18500,E,Estimated value,
QCL,Crops and livestock products,143,Morocco,5112,Stocks,2029,Poultry Birds,1975,1975,1000 An,19000,E,Estimated value,
QCL,Crops and livestock products,143,Morocco,5112,Stocks,2029,Poultry Birds,1976,1976,1000 An,20000,E,Estimated value,
QCL,Crops and livestock products,143,Morocco,5112,Stocks,2029,Poultry Birds,1977,1977,1000 An,21000,E,Estimated value,
QCL,Crops and livestock products,143,Morocco,5112,Stocks,2029,Poultry Birds,1978,1978,1000 An,22000,E,Estimated value,
QCL,Crops and livestock products,143,Morocco,5112,Stocks,2029,Poultry Birds,1979,1979,1000 An,23000,E,Estimated value,
QCL,Crops and livestock products,143,Morocco,5112,Stocks,2029,Poultry Birds,1980,1980,1000 An,24000,E,Estimated value,
QCL,Crops and livestock products,143,Morocco,5112,Stocks,2029,Poultry Birds,1981,1981,1000 An,26000,E,Estimated value,
QCL,Crops and livestock products,143,Morocco,5112,Stocks,2029,Poultry Birds,1982,1982,1000 An,28000,E,Estimated value,
QCL,Crops and livestock products,143,Morocco,5112,Stocks,2029,Poultry Birds,1983,1983,1000 An,30000,E,Estimated value,
QCL,Crops and livestock products,143,Morocco,5112,Stocks,2029,Poultry Birds,1984,1984,1000 An,32000,E,Estimated value,
QCL,Crops and livestock products,143,Morocco,5112,Stocks,2029,Poultry Birds,1985,1985,1000 An,40000,E,Estimated value,
QCL,Crops and livestock products,143,Morocco,5112,Stocks,2029,Poultry Birds,1986,1986,1000 An,50000,E,Estimated value,
QCL,Crops and livestock products,143,Morocco,5112,Stocks,2029,Poultry Birds,1987,1987,1000 An,64000,E,Estimated value,
QCL,Crops and livestock products,143,Morocco,5112,Stocks,2029,Poultry Birds,1988,1988,1000 An,66000,E,Estimated value,
QCL,Crops and livestock products,143,Morocco,5112,Stocks,2029,Poultry Birds,1989,1989,1000 An,69000,E,Estimated value,
QCL,Crops and livestock products,143,Morocco,5112,Stocks,2029,Poultry Birds,1990,1990,1000 An,73000,E,Estimated value,
QCL,Crops and livestock products,143,Morocco,5112,Stocks,2029,Poultry Birds,1991,1991,1000 An,71600,E,Estimated value,
QCL,Crops and livestock products,143,Morocco,5112,Stocks,2029,Poultry Birds,1992,1992,1000 An,76000,E,Estimated value,
QCL,Crops and livestock products,143,Morocco,5112,Stocks,2029,Poultry Birds,1993,1993,1000 An,78000,E,Estimated value,
QCL,Crops and livestock products,143,Morocco,5112,Stocks,2029,Poultry Birds,1994,1994,1000 An,82000,E,Estimated value,
QCL,Crops and livestock products,143,Morocco,5112,Stocks,2029,Poultry Birds,1995,1995,1000 An,93000,E,Estimated value,
QCL,Crops and livestock products,143,Morocco,5112,Stocks,2029,Poultry Birds,1996,1996,1000 An,98000,E,Estimated value,
QCL,Crops and livestock products,143,Morocco,5112,Stocks,2029,Poultry Birds,1997,1997,1000 An,100000,A,Official figure,
QCL,Crops and livestock products,143,Morocco,5112,Stocks,2029,Poultry Birds,1998,1998,1000 An,100000,A,Official figure,
QCL,Crops and livestock products,143,Morocco,5112,Stocks,2029,Poultry Birds,1999,1999,1000 An,140000,A,Official figure,
QCL,Crops and livestock products,143,Morocco,5112,Stocks,2029,Poultry Birds,2000,2000,1000 An,138100,E,Estimated value,
QCL,Crops and livestock products,143,Morocco,5112,Stocks,2029,Poultry Birds,2001,2001,1000 An,140100,E,Estimated value,
QCL,Crops and livestock products,143,Morocco,5112,Stocks,2029,Poultry Birds,2002,2002,1000 An,140100,E,Estimated value,
QCL,Crops and livestock products,143,Morocco,5112,Stocks,2029,Poultry Birds,2003,2003,1000 An,140100,E,Estimated value,
QCL,Crops and livestock products,143,Morocco,5112,Stocks,2029,Poultry Birds,2004,2004,1000 An,140200,E,Estimated value,
QCL,Crops and livestock products,143,Morocco,5112,Stocks,2029,Poultry Birds,2005,2005,1000 An,140250,E,Estimated value,
QCL,Crops and livestock products,143,Morocco,5112,Stocks,2029,Poultry Birds,2006,2006,1000 An,155024,E,Estimated value,
QCL,Crops and livestock products,143,Morocco,5112,Stocks,2029,Poultry Birds,2007,2007,1000 An,156500,E,Estimated value,
QCL,Crops and livestock products,143,Morocco,5112,Stocks,2029,Poultry Birds,2008,2008,1000 An,167500,E,Estimated value,
QCL,Crops and livestock products,143,Morocco,5112,Stocks,2029,Poultry Birds,2009,2009,1000 An,173000,E,Estimated value,
QCL,Crops and livestock products,143,Morocco,5112,Stocks,2029,Poultry Birds,2010,2010,1000 An,179000,E,Estimated value,
QCL,Crops and livestock products,143,Morocco,5112,Stocks,2029,Poultry Birds,2011,2011,1000 An,185000,E,Estimated value,
QCL,Crops and livestock products,143,Morocco,5112,Stocks,2029,Poultry Birds,2012,2012,1000 An,190000,E,Estimated value,
QCL,Crops and livestock products,143,Morocco,5112,Stocks,2029,Poultry Birds,2013,2013,1000 An,195000,E,Estimated value,
QCL,Crops and livestock products,143,Morocco,5112,Stocks,2029,Poultry Birds,2014,2014,1000 An,197000,E,Estimated value,
QCL,Crops and livestock products,143,Morocco,5112,Stocks,2029,Poultry Birds,2015,2015,1000 An,200426,E,Estimated value,
QCL,Crops and livestock products,143,Morocco,5112,Stocks,2029,Poultry Birds,2016,2016,1000 An,208799,E,Estimated value,
QCL,Crops and livestock products,143,Morocco,5112,Stocks,2029,Poultry Birds,2017,2017,1000 An,214050,E,Estimated value,
QCL,Crops and livestock products,143,Morocco,5112,Stocks,2029,Poultry Birds,2018,2018,1000 An,219202,E,Estimated value,
QCL,Crops and livestock products,143,Morocco,5112,Stocks,2029,Poultry Birds,2019,2019,1000 An,224773,E,Estimated value,
QCL,Crops and livestock products,143,Morocco,5112,Stocks,2029,Poultry Birds,2020,2020,1000 An,227203,E,Estimated value,
QCL,Crops and livestock products,143,Morocco,5112,Stocks,2029,Poultry Birds,2021,2021,1000 An,231484,E,Estimated value,
QCL,Crops and livestock products,143,Morocco,5112,Stocks,2029,Poultry Birds,2022,2022,1000 An,235764,E,Estimated value,
QCL,Crops and livestock products,143,Morocco,5312,Area harvested,1726,"Pulses, Total",1961,1961,ha,393119,A,Official figure,
QCL,Crops and livestock products,143,Morocco,5419,Yield,1726,"Pulses, Total",1961,1961,100 g/ha,3619,A,Official figure,
QCL,Crops and livestock products,143,Morocco,5510,Production,1726,"Pulses, Total",1961,1961,t,142265,A,Official figure,
QCL,Crops and livestock products,143,Morocco,5312,Area harvested,1726,"Pulses, Total",1962,1962,ha,403663,A,Official figure,
QCL,Crops and livestock products,143,Morocco,5419,Yield,1726,"Pulses, Total",1962,1962,100 g/ha,5920,A,Official figure,
QCL,Crops and livestock products,143,Morocco,5510,Production,1726,"Pulses, Total",1962,1962,t,238982,A,Official figure,
QCL,Crops and livestock products,143,Morocco,5312,Area harvested,1726,"Pulses, Total",1963,1963,ha,402845,A,Official figure,
QCL,Crops and livestock products,143,Morocco,5419,Yield,1726,"Pulses, Total",1963,1963,100 g/ha,6410,A,Official figure,
QCL,Crops and livestock products,143,Morocco,5510,Production,1726,"Pulses, Total",1963,1963,t,258236,A,Official figure,
QCL,Crops and livestock products,143,Morocco,5312,Area harvested,1726,"Pulses, Total",1964,1964,ha,406790,A,Official figure,
QCL,Crops and livestock products,143,Morocco,5419,Yield,1726,"Pulses, Total",1964,1964,100 g/ha,6499,A,Official figure,
QCL,Crops and livestock products,143,Morocco,5510,Production,1726,"Pulses, Total",1964,1964,t,264370,A,Official figure,
QCL,Crops and livestock products,143,Morocco,5312,Area harvested,1726,"Pulses, Total",1965,1965,ha,409822,A,Official figure,
QCL,Crops and livestock products,143,Morocco,5419,Yield,1726,"Pulses, Total",1965,1965,100 g/ha,7611,A,Official figure,
QCL,Crops and livestock products,143,Morocco,5510,Production,1726,"Pulses, Total",1965,1965,t,311912,A,Official figure,
QCL,Crops and livestock products,143,Morocco,5312,Area harvested,1726,"Pulses, Total",1966,1966,ha,438510,A,Official figure,
QCL,Crops and livestock products,143,Morocco,5419,Yield,1726,"Pulses, Total",1966,1966,100 g/ha,5280,A,Official figure,
QCL,Crops and livestock products,143,Morocco,5510,Production,1726,"Pulses, Total",1966,1966,t,231540,A,Official figure,
QCL,Crops and livestock products,143,Morocco,5312,Area harvested,1726,"Pulses, Total",1967,1967,ha,416681,A,Official figure,
QCL,Crops and livestock products,143,Morocco,5419,Yield,1726,"Pulses, Total",1967,1967,100 g/ha,5775,A,Official figure,
QCL,Crops and livestock products,143,Morocco,5510,Production,1726,"Pulses, Total",1967,1967,t,240624,A,Official figure,
QCL,Crops and livestock products,143,Morocco,5312,Area harvested,1726,"Pulses, Total",1968,1968,ha,371200,A,Official figure,
QCL,Crops and livestock products,143,Morocco,5419,Yield,1726,"Pulses, Total",1968,1968,100 g/ha,10894,A,Official figure,
QCL,Crops and livestock products,143,Morocco,5510,Production,1726,"Pulses, Total",1968,1968,t,404400,A,Official figure,
QCL,Crops and livestock products,143,Morocco,5312,Area harvested,1726,"Pulses, Total",1969,1969,ha,370800,A,Official figure,
QCL,Crops and livestock products,143,Morocco,5419,Yield,1726,"Pulses, Total",1969,1969,100 g/ha,8104,A,Official figure,
QCL,Crops and livestock products,143,Morocco,5510,Production,1726,"Pulses, Total",1969,1969,t,300500,A,Official figure,
QCL,Crops and livestock products,143,Morocco,5312,Area harvested,1726,"Pulses, Total",1970,1970,ha,470000,A,Official figure,
QCL,Crops and livestock products,143,Morocco,5419,Yield,1726,"Pulses, Total",1970,1970,100 g/ha,8409,A,Official figure,
QCL,Crops and livestock products,143,Morocco,5510,Production,1726,"Pulses, Total",1970,1970,t,395240,A,Official figure,
QCL,Crops and livestock products,143,Morocco,5312,Area harvested,1726,"Pulses, Total",1971,1971,ha,432900,A,Official figure,
QCL,Crops and livestock products,143,Morocco,5419,Yield,1726,"Pulses, Total",1971,1971,100 g/ha,7857,A,Official figure,
QCL,Crops and livestock products,143,Morocco,5510,Production,1726,"Pulses, Total",1971,1971,t,340150,A,Official figure,
QCL,Crops and livestock products,143,Morocco,5312,Area harvested,1726,"Pulses, Total",1972,1972,ha,482900,A,Official figure,
QCL,Crops and livestock products,143,Morocco,5419,Yield,1726,"Pulses, Total",1972,1972,100 g/ha,8612,A,Official figure,
QCL,Crops and livestock products,143,Morocco,5510,Production,1726,"Pulses, Total",1972,1972,t,415870,A,Official figure,
QCL,Crops and livestock products,143,Morocco,5312,Area harvested,1726,"Pulses, Total",1973,1973,ha,554600,A,Official figure,
QCL,Crops and livestock products,143,Morocco,5419,Yield,1726,"Pulses, Total",1973,1973,100 g/ha,6406,A,Official figure,
QCL,Crops and livestock products,143,Morocco,5510,Production,1726,"Pulses, Total",1973,1973,t,355250,A,Official figure,
QCL,Crops and livestock products,143,Morocco,5312,Area harvested,1726,"Pulses, Total",1974,1974,ha,588100,A,Official figure,
QCL,Crops and livestock products,143,Morocco,5419,Yield,1726,"Pulses, Total",1974,1974,100 g/ha,12014,A,Official figure,
QCL,Crops and livestock products,143,Morocco,5510,Production,1726,"Pulses, Total",1974,1974,t,706550,A,Official figure,
QCL,Crops and livestock products,143,Morocco,5312,Area harvested,1726,"Pulses, Total",1975,1975,ha,564300,A,Official figure,
QCL,Crops and livestock products,143,Morocco,5419,Yield,1726,"Pulses, Total",1975,1975,100 g/ha,8021,A,Official figure,
QCL,Crops and livestock products,143,Morocco,5510,Production,1726,"Pulses, Total",1975,1975,t,452610,A,Official figure,
QCL,Crops and livestock products,143,Morocco,5312,Area harvested,1726,"Pulses, Total",1976,1976,ha,581800,A,Official figure,
QCL,Crops and livestock products,143,Morocco,5419,Yield,1726,"Pulses, Total",1976,1976,100 g/ha,8407,E,Estimated value,
QCL,Crops and livestock products,143,Morocco,5510,Production,1726,"Pulses, Total",1976,1976,t,489120,E,Estimated value,
QCL,Crops and livestock products,143,Morocco,5312,Area harvested,1726,"Pulses, Total",1977,1977,ha,470800,A,Official figure,
QCL,Crops and livestock products,143,Morocco,5419,Yield,1726,"Pulses, Total",1977,1977,100 g/ha,3531,A,Official figure,
QCL,Crops and livestock products,143,Morocco,5510,Production,1726,"Pulses, Total",1977,1977,t,166220,A,Official figure,
QCL,Crops and livestock products,143,Morocco,5312,Area harvested,1726,"Pulses, Total",1978,1978,ha,512000,E,Estimated value,
QCL,Crops and livestock products,143,Morocco,5419,Yield,1726,"Pulses, Total",1978,1978,100 g/ha,5642,E,Estimated value,
QCL,Crops and livestock products,143,Morocco,5510,Production,1726,"Pulses, Total",1978,1978,t,288890,E,Estimated value,
QCL,Crops and livestock products,143,Morocco,5312,Area harvested,1726,"Pulses, Total",1979,1979,ha,447100,E,Estimated value,
QCL,Crops and livestock products,143,Morocco,5419,Yield,1726,"Pulses, Total",1979,1979,100 g/ha,7242,E,Estimated value,
QCL,Crops and livestock products,143,Morocco,5510,Production,1726,"Pulses, Total",1979,1979,t,323810,E,Estimated value,
QCL,Crops and livestock products,143,Morocco,5312,Area harvested,1726,"Pulses, Total",1980,1980,ha,396600,A,Official figure,
QCL,Crops and livestock products,143,Morocco,5419,Yield,1726,"Pulses, Total",1980,1980,100 g/ha,6231,A,Official figure,
QCL,Crops and livestock products,143,Morocco,5510,Production,1726,"Pulses, Total",1980,1980,t,247127,A,Official figure,
QCL,Crops and livestock products,143,Morocco,5312,Area harvested,1726,"Pulses, Total",1981,1981,ha,320400,A,Official figure,
QCL,Crops and livestock products,143,Morocco,5419,Yield,1726,"Pulses, Total",1981,1981,100 g/ha,3643,A,Official figure,
QCL,Crops and livestock products,143,Morocco,5510,Production,1726,"Pulses, Total",1981,1981,t,116730,A,Official figure,
QCL,Crops and livestock products,143,Morocco,5312,Area harvested,1726,"Pulses, Total",1982,1982,ha,303900,A,Official figure,
QCL,Crops and livestock products,143,Morocco,5419,Yield,1726,"Pulses, Total",1982,1982,100 g/ha,7551,A,Official figure,
QCL,Crops and livestock products,143,Morocco,5510,Production,1726,"Pulses, Total",1982,1982,t,229490,A,Official figure,
QCL,Crops and livestock products,143,Morocco,5312,Area harvested,1726,"Pulses, Total",1983,1983,ha,422700,A,Official figure,
QCL,Crops and livestock products,143,Morocco,5419,Yield,1726,"Pulses, Total",1983,1983,100 g/ha,6929,A,Official figure,
QCL,Crops and livestock products,143,Morocco,5510,Production,1726,"Pulses, Total",1983,1983,t,292900,A,Official figure,
QCL,Crops and livestock products,143,Morocco,5312,Area harvested,1726,"Pulses, Total",1984,1984,ha,454300,A,Official figure,
QCL,Crops and livestock products,143,Morocco,5419,Yield,1726,"Pulses, Total",1984,1984,100 g/ha,5566,A,Official figure,
QCL,Crops and livestock products,143,Morocco,5510,Production,1726,"Pulses, Total",1984,1984,t,252860,A,Official figure,
QCL,Crops and livestock products,143,Morocco,5312,Area harvested,1726,"Pulses, Total",1985,1985,ha,523100,A,Official figure,
QCL,Crops and livestock products,143,Morocco,5419,Yield,1726,"Pulses, Total",1985,1985,100 g/ha,7573,A,Official figure,
QCL,Crops and livestock products,143,Morocco,5510,Production,1726,"Pulses, Total",1985,1985,t,396140,A,Official figure,
QCL,Crops and livestock products,143,Morocco,5312,Area harvested,1726,"Pulses, Total",1986,1986,ha,512500,A,Official figure,
QCL,Crops and livestock products,143,Morocco,5419,Yield,1726,"Pulses, Total",1986,1986,100 g/ha,9283,A,Official figure,
QCL,Crops and livestock products,143,Morocco,5510,Production,1726,"Pulses, Total",1986,1986,t,475730,A,Official figure,
QCL,Crops and livestock products,143,Morocco,5312,Area harvested,1726,"Pulses, Total",1987,1987,ha,540600,A,Official figure,
QCL,Crops and livestock products,143,Morocco,5419,Yield,1726,"Pulses, Total",1987,1987,100 g/ha,5947,A,Official figure,
QCL,Crops and livestock products,143,Morocco,5510,Production,1726,"Pulses, Total",1987,1987,t,321510,A,Official figure,
QCL,Crops and livestock products,143,Morocco,5312,Area harvested,1726,"Pulses, Total",1988,1988,ha,494200,A,Official figure,
QCL,Crops and livestock products,143,Morocco,5419,Yield,1726,"Pulses, Total",1988,1988,100 g/ha,9272,A,Official figure,
QCL,Crops and livestock products,143,Morocco,5510,Production,1726,"Pulses, Total",1988,1988,t,458220,A,Official figure,
QCL,Crops and livestock products,143,Morocco,5312,Area harvested,1726,"Pulses, Total",1989,1989,ha,502900,A,Official figure,
QCL,Crops and livestock products,143,Morocco,5419,Yield,1726,"Pulses, Total",1989,1989,100 g/ha,7070,A,Official figure,
QCL,Crops and livestock products,143,Morocco,5510,Production,1726,"Pulses, Total",1989,1989,t,355540,A,Official figure,
QCL,Crops and livestock products,143,Morocco,5312,Area harvested,1726,"Pulses, Total",1990,1990,ha,516226,A,Official figure,
QCL,Crops and livestock products,143,Morocco,5419,Yield,1726,"Pulses, Total",1990,1990,100 g/ha,6683,A,Official figure,
QCL,Crops and livestock products,143,Morocco,5510,Production,1726,"Pulses, Total",1990,1990,t,344983,A,Official figure,
QCL,Crops and livestock products,143,Morocco,5312,Area harvested,1726,"Pulses, Total",1991,1991,ha,455856,A,Official figure,
QCL,Crops and livestock products,143,Morocco,5419,Yield,1726,"Pulses, Total",1991,1991,100 g/ha,9984,A,Official figure,
QCL,Crops and livestock products,143,Morocco,5510,Production,1726,"Pulses, Total",1991,1991,t,455148.33,A,Official figure,
QCL,Crops and livestock products,143,Morocco,5312,Area harvested,1726,"Pulses, Total",1992,1992,ha,463125,A,Official figure,
QCL,Crops and livestock products,143,Morocco,5419,Yield,1726,"Pulses, Total",1992,1992,100 g/ha,3508,A,Official figure,
QCL,Crops and livestock products,143,Morocco,5510,Production,1726,"Pulses, Total",1992,1992,t,162444.56,A,Official figure,
QCL,Crops and livestock products,143,Morocco,5312,Area harvested,1726,"Pulses, Total",1993,1993,ha,336924,A,Official figure,
QCL,Crops and livestock products,143,Morocco,5419,Yield,1726,"Pulses, Total",1993,1993,100 g/ha,3881,A,Official figure,
QCL,Crops and livestock products,143,Morocco,5510,Production,1726,"Pulses, Total",1993,1993,t,130765.96,A,Official figure,
QCL,Crops and livestock products,143,Morocco,5312,Area harvested,1726,"Pulses, Total",1994,1994,ha,360700,A,Official figure,
QCL,Crops and livestock products,143,Morocco,5419,Yield,1726,"Pulses, Total",1994,1994,100 g/ha,7907,A,Official figure,
QCL,Crops and livestock products,143,Morocco,5510,Production,1726,"Pulses, Total",1994,1994,t,285190,A,Official figure,
QCL,Crops and livestock products,143,Morocco,5312,Area harvested,1726,"Pulses, Total",1995,1995,ha,335233,A,Official figure,
QCL,Crops and livestock products,143,Morocco,5419,Yield,1726,"Pulses, Total",1995,1995,100 g/ha,2978,A,Official figure,
QCL,Crops and livestock products,143,Morocco,5510,Production,1726,"Pulses, Total",1995,1995,t,99819.28,A,Official figure,
QCL,Crops and livestock products,143,Morocco,5312,Area harvested,1726,"Pulses, Total",1996,1996,ha,329800,A,Official figure,
QCL,Crops and livestock products,143,Morocco,5419,Yield,1726,"Pulses, Total",1996,1996,100 g/ha,8638,A,Official figure,
QCL,Crops and livestock products,143,Morocco,5510,Production,1726,"Pulses, Total",1996,1996,t,284880,A,Official figure,
QCL,Crops and livestock products,143,Morocco,5312,Area harvested,1726,"Pulses, Total",1997,1997,ha,396156,E,Estimated value,
QCL,Crops and livestock products,143,Morocco,5419,Yield,1726,"Pulses, Total",1997,1997,100 g/ha,5942,E,Estimated value,
QCL,Crops and livestock products,143,Morocco,5510,Production,1726,"Pulses, Total",1997,1997,t,235415.54,A,Official figure,
QCL,Crops and livestock products,143,Morocco,5312,Area harvested,1726,"Pulses, Total",1998,1998,ha,419727,A,Official figure,
QCL,Crops and livestock products,143,Morocco,5419,Yield,1726,"Pulses, Total",1998,1998,100 g/ha,6416,A,Official figure,
QCL,Crops and livestock products,143,Morocco,5510,Production,1726,"Pulses, Total",1998,1998,t,269310,A,Official figure,
QCL,Crops and livestock products,143,Morocco,5312,Area harvested,1726,"Pulses, Total",1999,1999,ha,382630,A,Official figure,
QCL,Crops and livestock products,143,Morocco,5419,Yield,1726,"Pulses, Total",1999,1999,100 g/ha,4185,A,Official figure,
QCL,Crops and livestock products,143,Morocco,5510,Production,1726,"Pulses, Total",1999,1999,t,160143.01,A,Official figure,
QCL,Crops and livestock products,143,Morocco,5312,Area harvested,1726,"Pulses, Total",2000,2000,ha,367368,A,Official figure,
QCL,Crops and livestock products,143,Morocco,5419,Yield,1726,"Pulses, Total",2000,2000,100 g/ha,2942,A,Official figure,
QCL,Crops and livestock products,143,Morocco,5510,Production,1726,"Pulses, Total",2000,2000,t,108063.25,A,Official figure,
QCL,Crops and livestock products,143,Morocco,5312,Area harvested,1726,"Pulses, Total",2001,2001,ha,367833,A,Official figure,
QCL,Crops and livestock products,143,Morocco,5419,Yield,1726,"Pulses, Total",2001,2001,100 g/ha,5267,A,Official figure,
QCL,Crops and livestock products,143,Morocco,5510,Production,1726,"Pulses, Total",2001,2001,t,193731.93,A,Official figure,
QCL,Crops and livestock products,143,Morocco,5312,Area harvested,1726,"Pulses, Total",2002,2002,ha,438372,A,Official figure,
QCL,Crops and livestock products,143,Morocco,5419,Yield,1726,"Pulses, Total",2002,2002,100 g/ha,6217,A,Official figure,
QCL,Crops and livestock products,143,Morocco,5510,Production,1726,"Pulses, Total",2002,2002,t,272518.01,A,Official figure,
QCL,Crops and livestock products,143,Morocco,5312,Area harvested,1726,"Pulses, Total",2003,2003,ha,416112,A,Official figure,
QCL,Crops and livestock products,143,Morocco,5419,Yield,1726,"Pulses, Total",2003,2003,100 g/ha,6488,A,Official figure,
QCL,Crops and livestock products,143,Morocco,5510,Production,1726,"Pulses, Total",2003,2003,t,269994.05,A,Official figure,
QCL,Crops and livestock products,143,Morocco,5312,Area harvested,1726,"Pulses, Total",2004,2004,ha,431107,A,Official figure,
QCL,Crops and livestock products,143,Morocco,5419,Yield,1726,"Pulses, Total",2004,2004,100 g/ha,6623,A,Official figure,
QCL,Crops and livestock products,143,Morocco,5510,Production,1726,"Pulses, Total",2004,2004,t,285516.94,A,Official figure,
QCL,Crops and livestock products,143,Morocco,5312,Area harvested,1726,"Pulses, Total",2005,2005,ha,415913,A,Official figure,
QCL,Crops and livestock products,143,Morocco,5419,Yield,1726,"Pulses, Total",2005,2005,100 g/ha,4767,A,Official figure,
QCL,Crops and livestock products,143,Morocco,5510,Production,1726,"Pulses, Total",2005,2005,t,198259.83,A,Official figure,
QCL,Crops and livestock products,143,Morocco,5312,Area harvested,1726,"Pulses, Total",2006,2006,ha,445208,A,Official figure,
QCL,Crops and livestock products,143,Morocco,5419,Yield,1726,"Pulses, Total",2006,2006,100 g/ha,8539,A,Official figure,
QCL,Crops and livestock products,143,Morocco,5510,Production,1726,"Pulses, Total",2006,2006,t,380175.48,A,Official figure,
QCL,Crops and livestock products,143,Morocco,5312,Area harvested,1726,"Pulses, Total",2007,2007,ha,427031,A,Official figure,
QCL,Crops and livestock products,143,Morocco,5419,Yield,1726,"Pulses, Total",2007,2007,100 g/ha,4240,A,Official figure,
QCL,Crops and livestock products,143,Morocco,5510,Production,1726,"Pulses, Total",2007,2007,t,181065.62,A,Official figure,
QCL,Crops and livestock products,143,Morocco,5312,Area harvested,1726,"Pulses, Total",2008,2008,ha,428743,A,Official figure,
QCL,Crops and livestock products,143,Morocco,5419,Yield,1726,"Pulses, Total",2008,2008,100 g/ha,5623,A,Official figure,
QCL,Crops and livestock products,143,Morocco,5510,Production,1726,"Pulses, Total",2008,2008,t,241088.51,A,Official figure,
QCL,Crops and livestock products,143,Morocco,5312,Area harvested,1726,"Pulses, Total",2009,2009,ha,440389,A,Official figure,
QCL,Crops and livestock products,143,Morocco,5419,Yield,1726,"Pulses, Total",2009,2009,100 g/ha,7223,A,Official figure,
QCL,Crops and livestock products,143,Morocco,5510,Production,1726,"Pulses, Total",2009,2009,t,318111.4,A,Official figure,
QCL,Crops and livestock products,143,Morocco,5312,Area harvested,1726,"Pulses, Total",2010,2010,ha,466520,A,Official figure,
QCL,Crops and livestock products,143,Morocco,5419,Yield,1726,"Pulses, Total",2010,2010,100 g/ha,7021,A,Official figure,
QCL,Crops and livestock products,143,Morocco,5510,Production,1726,"Pulses, Total",2010,2010,t,327544.29,A,Official figure,
QCL,Crops and livestock products,143,Morocco,5312,Area harvested,1726,"Pulses, Total",2011,2011,ha,502046,A,Official figure,
QCL,Crops and livestock products,143,Morocco,5419,Yield,1726,"Pulses, Total",2011,2011,100 g/ha,7718,A,Official figure,
QCL,Crops and livestock products,143,Morocco,5510,Production,1726,"Pulses, Total",2011,2011,t,387484.19,A,Official figure,
QCL,Crops and livestock products,143,Morocco,5312,Area harvested,1726,"Pulses, Total",2012,2012,ha,478198,A,Official figure,
QCL,Crops and livestock products,143,Morocco,5419,Yield,1726,"Pulses, Total",2012,2012,100 g/ha,7035,A,Official figure,
QCL,Crops and livestock products,143,Morocco,5510,Production,1726,"Pulses, Total",2012,2012,t,336420.08,A,Official figure,
QCL,Crops and livestock products,143,Morocco,5312,Area harvested,1726,"Pulses, Total",2013,2013,ha,479178,A,Official figure,
QCL,Crops and livestock products,143,Morocco,5419,Yield,1726,"Pulses, Total",2013,2013,100 g/ha,7383,A,Official figure,
QCL,Crops and livestock products,143,Morocco,5510,Production,1726,"Pulses, Total",2013,2013,t,353760.63,A,Official figure,
QCL,Crops and livestock products,143,Morocco,5312,Area harvested,1726,"Pulses, Total",2014,2014,ha,462794,A,Official figure,
QCL,Crops and livestock products,143,Morocco,5419,Yield,1726,"Pulses, Total",2014,2014,100 g/ha,8359,A,Official figure,
QCL,Crops and livestock products,143,Morocco,5510,Production,1726,"Pulses, Total",2014,2014,t,386861.86,A,Official figure,
QCL,Crops and livestock products,143,Morocco,5312,Area harvested,1726,"Pulses, Total",2015,2015,ha,453011,A,Official figure,
QCL,Crops and livestock products,143,Morocco,5419,Yield,1726,"Pulses, Total",2015,2015,100 g/ha,7404,A,Official figure,
QCL,Crops and livestock products,143,Morocco,5510,Production,1726,"Pulses, Total",2015,2015,t,335426.91,A,Official figure,
QCL,Crops and livestock products,143,Morocco,5312,Area harvested,1726,"Pulses, Total",2016,2016,ha,295258,A,Official figure,
QCL,Crops and livestock products,143,Morocco,5419,Yield,1726,"Pulses, Total",2016,2016,100 g/ha,5551,A,Official figure,
QCL,Crops and livestock products,143,Morocco,5510,Production,1726,"Pulses, Total",2016,2016,t,163887.44,A,Official figure,
QCL,Crops and livestock products,143,Morocco,5312,Area harvested,1726,"Pulses, Total",2017,2017,ha,349059,A,Official figure,
QCL,Crops and livestock products,143,Morocco,5419,Yield,1726,"Pulses, Total",2017,2017,100 g/ha,7187,A,Official figure,
QCL,Crops and livestock products,143,Morocco,5510,Production,1726,"Pulses, Total",2017,2017,t,250856.11,A,Official figure,
QCL,Crops and livestock products,143,Morocco,5312,Area harvested,1726,"Pulses, Total",2018,2018,ha,418601,A,Official figure,
QCL,Crops and livestock products,143,Morocco,5419,Yield,1726,"Pulses, Total",2018,2018,100 g/ha,8344,A,Official figure,
QCL,Crops and livestock products,143,Morocco,5510,Production,1726,"Pulses, Total",2018,2018,t,349299.32,A,Official figure,
QCL,Crops and livestock products,143,Morocco,5312,Area harvested,1726,"Pulses, Total",2019,2019,ha,396200,A,Official figure,
QCL,Crops and livestock products,143,Morocco,5419,Yield,1726,"Pulses, Total",2019,2019,100 g/ha,7338,A,Official figure,
QCL,Crops and livestock products,143,Morocco,5510,Production,1726,"Pulses, Total",2019,2019,t,290731.29,A,Official figure,
QCL,Crops and livestock products,143,Morocco,5312,Area harvested,1726,"Pulses, Total",2020,2020,ha,362215,A,Official figure,
QCL,Crops and livestock products,143,Morocco,5419,Yield,1726,"Pulses, Total",2020,2020,100 g/ha,6053,A,Official figure,
QCL,Crops and livestock products,143,Morocco,5510,Production,1726,"Pulses, Total",2020,2020,t,219263.14,A,Official figure,
QCL,Crops and livestock products,143,Morocco,5312,Area harvested,1726,"Pulses, Total",2021,2021,ha,351050,A,Official figure,
QCL,Crops and livestock products,143,Morocco,5419,Yield,1726,"Pulses, Total",2021,2021,100 g/ha,10526,A,Official figure,
QCL,Crops and livestock products,143,Morocco,5510,Production,1726,"Pulses, Total",2021,2021,t,369525.51,A,Official figure,
QCL,Crops and livestock products,143,Morocco,5312,Area harvested,1726,"Pulses, Total",2022,2022,ha,304733,A,Official figure,
QCL,Crops and livestock products,143,Morocco,5419,Yield,1726,"Pulses, Total",2022,2022,100 g/ha,5572,A,Official figure,
QCL,Crops and livestock products,143,Morocco,5510,Production,1726,"Pulses, Total",2022,2022,t,169802.31,A,Official figure,
QCL,Crops and livestock products,143,Morocco,5312,Area harvested,1720,"Roots and Tubers, Total",1961,1961,ha,15058,E,Estimated value,
QCL,Crops and livestock products,143,Morocco,5419,Yield,1720,"Roots and Tubers, Total",1961,1961,100 g/ha,100046,E,Estimated value,
QCL,Crops and livestock products,143,Morocco,5510,Production,1720,"Roots and Tubers, Total",1961,1961,t,150650,E,Estimated value,
QCL,Crops and livestock products,143,Morocco,5312,Area harvested,1720,"Roots and Tubers, Total",1962,1962,ha,22841,E,Estimated value,
QCL,Crops and livestock products,143,Morocco,5419,Yield,1720,"Roots and Tubers, Total",1962,1962,100 g/ha,94873,E,Estimated value,
QCL,Crops and livestock products,143,Morocco,5510,Production,1720,"Roots and Tubers, Total",1962,1962,t,216700,E,Estimated value,
QCL,Crops and livestock products,143,Morocco,5312,Area harvested,1720,"Roots and Tubers, Total",1963,1963,ha,24953,E,Estimated value,
QCL,Crops and livestock products,143,Morocco,5419,Yield,1720,"Roots and Tubers, Total",1963,1963,100 g/ha,90562,E,Estimated value,
QCL,Crops and livestock products,143,Morocco,5510,Production,1720,"Roots and Tubers, Total",1963,1963,t,225980,E,Estimated value,
QCL,Crops and livestock products,143,Morocco,5312,Area harvested,1720,"Roots and Tubers, Total",1964,1964,ha,18250,E,Estimated value,
QCL,Crops and livestock products,143,Morocco,5419,Yield,1720,"Roots and Tubers, Total",1964,1964,100 g/ha,103342,E,Estimated value,
QCL,Crops and livestock products,143,Morocco,5510,Production,1720,"Roots and Tubers, Total",1964,1964,t,188600,E,Estimated value,
QCL,Crops and livestock products,143,Morocco,5312,Area harvested,1720,"Roots and Tubers, Total",1965,1965,ha,25838,E,Estimated value,
QCL,Crops and livestock products,143,Morocco,5419,Yield,1720,"Roots and Tubers, Total",1965,1965,100 g/ha,104729,E,Estimated value,
QCL,Crops and livestock products,143,Morocco,5510,Production,1720,"Roots and Tubers, Total",1965,1965,t,270600,E,Estimated value,
QCL,Crops and livestock products,143,Morocco,5312,Area harvested,1720,"Roots and Tubers, Total",1966,1966,ha,26146,E,Estimated value,
QCL,Crops and livestock products,143,Morocco,5419,Yield,1720,"Roots and Tubers, Total",1966,1966,100 g/ha,105408,E,Estimated value,
QCL,Crops and livestock products,143,Morocco,5510,Production,1720,"Roots and Tubers, Total",1966,1966,t,275600,E,Estimated value,
QCL,Crops and livestock products,143,Morocco,5312,Area harvested,1720,"Roots and Tubers, Total",1967,1967,ha,24050,E,Estimated value,
QCL,Crops and livestock products,143,Morocco,5419,Yield,1720,"Roots and Tubers, Total",1967,1967,100 g/ha,85489,E,Estimated value,
QCL,Crops and livestock products,143,Morocco,5510,Production,1720,"Roots and Tubers, Total",1967,1967,t,205600,E,Estimated value,
QCL,Crops and livestock products,143,Morocco,5312,Area harvested,1720,"Roots and Tubers, Total",1968,1968,ha,20050,E,Estimated value,
QCL,Crops and livestock products,143,Morocco,5419,Yield,1720,"Roots and Tubers, Total",1968,1968,100 g/ha,80100,E,Estimated value,
QCL,Crops and livestock products,143,Morocco,5510,Production,1720,"Roots and Tubers, Total",1968,1968,t,160600,E,Estimated value,
QCL,Crops and livestock products,143,Morocco,5312,Area harvested,1720,"Roots and Tubers, Total",1969,1969,ha,28050,E,Estimated value,
QCL,Crops and livestock products,143,Morocco,5419,Yield,1720,"Roots and Tubers, Total",1969,1969,100 g/ha,107166,E,Estimated value,
QCL,Crops and livestock products,143,Morocco,5510,Production,1720,"Roots and Tubers, Total",1969,1969,t,300600,E,Estimated value,
QCL,Crops and livestock products,143,Morocco,5312,Area harvested,1720,"Roots and Tubers, Total",1970,1970,ha,28058,E,Estimated value,
QCL,Crops and livestock products,143,Morocco,5419,Yield,1720,"Roots and Tubers, Total",1970,1970,100 g/ha,98243,E,Estimated value,
QCL,Crops and livestock products,143,Morocco,5510,Production,1720,"Roots and Tubers, Total",1970,1970,t,275650,E,Estimated value,
QCL,Crops and livestock products,143,Morocco,5312,Area harvested,1720,"Roots and Tubers, Total",1971,1971,ha,28080,E,Estimated value,
QCL,Crops and livestock products,143,Morocco,5419,Yield,1720,"Roots and Tubers, Total",1971,1971,100 g/ha,98326,E,Estimated value,
QCL,Crops and livestock products,143,Morocco,5510,Production,1720,"Roots and Tubers, Total",1971,1971,t,276100,E,Estimated value,
QCL,Crops and livestock products,143,Morocco,5312,Area harvested,1720,"Roots and Tubers, Total",1972,1972,ha,20080,E,Estimated value,
QCL,Crops and livestock products,143,Morocco,5419,Yield,1720,"Roots and Tubers, Total",1972,1972,100 g/ha,139990,E,Estimated value,
QCL,Crops and livestock products,143,Morocco,5510,Production,1720,"Roots and Tubers, Total",1972,1972,t,281100,E,Estimated value,
QCL,Crops and livestock products,143,Morocco,5312,Area harvested,1720,"Roots and Tubers, Total",1973,1973,ha,20080,E,Estimated value,
QCL,Crops and livestock products,143,Morocco,5419,Yield,1720,"Roots and Tubers, Total",1973,1973,100 g/ha,139990,E,Estimated value,
QCL,Crops and livestock products,143,Morocco,5510,Production,1720,"Roots and Tubers, Total",1973,1973,t,281100,E,Estimated value,
QCL,Crops and livestock products,143,Morocco,5312,Area harvested,1720,"Roots and Tubers, Total",1974,1974,ha,20077,E,Estimated value,
QCL,Crops and livestock products,143,Morocco,5419,Yield,1720,"Roots and Tubers, Total",1974,1974,100 g/ha,137511,E,Estimated value,
QCL,Crops and livestock products,143,Morocco,5510,Production,1720,"Roots and Tubers, Total",1974,1974,t,276080,E,Estimated value,
QCL,Crops and livestock products,143,Morocco,5312,Area harvested,1720,"Roots and Tubers, Total",1975,1975,ha,19568,E,Estimated value,
QCL,Crops and livestock products,143,Morocco,5419,Yield,1720,"Roots and Tubers, Total",1975,1975,100 g/ha,100225,E,Estimated value,
QCL,Crops and livestock products,143,Morocco,5510,Production,1720,"Roots and Tubers, Total",1975,1975,t,196120,E,Estimated value,
QCL,Crops and livestock products,143,Morocco,5312,Area harvested,1720,"Roots and Tubers, Total",1976,1976,ha,16488,E,Estimated value,
QCL,Crops and livestock products,143,Morocco,5419,Yield,1720,"Roots and Tubers, Total",1976,1976,100 g/ha,103760,E,Estimated value,
QCL,Crops and livestock products,143,Morocco,5510,Production,1720,"Roots and Tubers, Total",1976,1976,t,171080,E,Estimated value,
QCL,Crops and livestock products,143,Morocco,5312,Area harvested,1720,"Roots and Tubers, Total",1977,1977,ha,25077,E,Estimated value,
QCL,Crops and livestock products,143,Morocco,5419,Yield,1720,"Roots and Tubers, Total",1977,1977,100 g/ha,120062,E,Estimated value,
QCL,Crops and livestock products,143,Morocco,5510,Production,1720,"Roots and Tubers, Total",1977,1977,t,301080,E,Estimated value,
QCL,Crops and livestock products,143,Morocco,5312,Area harvested,1720,"Roots and Tubers, Total",1978,1978,ha,33677,E,Estimated value,
QCL,Crops and livestock products,143,Morocco,5419,Yield,1720,"Roots and Tubers, Total",1978,1978,100 g/ha,140998,E,Estimated value,
QCL,Crops and livestock products,143,Morocco,5510,Production,1720,"Roots and Tubers, Total",1978,1978,t,474840,E,Estimated value,
QCL,Crops and livestock products,143,Morocco,5312,Area harvested,1720,"Roots and Tubers, Total",1979,1979,ha,40077,E,Estimated value,
QCL,Crops and livestock products,143,Morocco,5419,Yield,1720,"Roots and Tubers, Total",1979,1979,100 g/ha,141997,E,Estimated value,
QCL,Crops and livestock products,143,Morocco,5510,Production,1720,"Roots and Tubers, Total",1979,1979,t,569080,E,Estimated value,
QCL,Crops and livestock products,143,Morocco,5312,Area harvested,1720,"Roots and Tubers, Total",1980,1980,ha,38077,E,Estimated value,
QCL,Crops and livestock products,143,Morocco,5419,Yield,1720,"Roots and Tubers, Total",1980,1980,100 g/ha,142994,E,Estimated value,
QCL,Crops and livestock products,143,Morocco,5510,Production,1720,"Roots and Tubers, Total",1980,1980,t,544480,E,Estimated value,
QCL,Crops and livestock products,143,Morocco,5312,Area harvested,1720,"Roots and Tubers, Total",1981,1981,ha,28512,E,Estimated value,
QCL,Crops and livestock products,143,Morocco,5419,Yield,1720,"Roots and Tubers, Total",1981,1981,100 g/ha,140039,E,Estimated value,
QCL,Crops and livestock products,143,Morocco,5510,Production,1720,"Roots and Tubers, Total",1981,1981,t,399280,E,Estimated value,
QCL,Crops and livestock products,143,Morocco,5312,Area harvested,1720,"Roots and Tubers, Total",1982,1982,ha,40212,E,Estimated value,
QCL,Crops and livestock products,143,Morocco,5419,Yield,1720,"Roots and Tubers, Total",1982,1982,100 g/ha,119387,E,Estimated value,
QCL,Crops and livestock products,143,Morocco,5510,Production,1720,"Roots and Tubers, Total",1982,1982,t,480080,E,Estimated value,
QCL,Crops and livestock products,143,Morocco,5312,Area harvested,1720,"Roots and Tubers, Total",1983,1983,ha,40812,E,Estimated value,
QCL,Crops and livestock products,143,Morocco,5419,Yield,1720,"Roots and Tubers, Total",1983,1983,100 g/ha,157326,E,Estimated value,
QCL,Crops and livestock products,143,Morocco,5510,Production,1720,"Roots and Tubers, Total",1983,1983,t,642080,E,Estimated value,
QCL,Crops and livestock products,143,Morocco,5312,Area harvested,1720,"Roots and Tubers, Total",1984,1984,ha,38912,E,Estimated value,
QCL,Crops and livestock products,143,Morocco,5419,Yield,1720,"Roots and Tubers, Total",1984,1984,100 g/ha,159380,E,Estimated value,
QCL,Crops and livestock products,143,Morocco,5510,Production,1720,"Roots and Tubers, Total",1984,1984,t,620180,E,Estimated value,
QCL,Crops and livestock products,143,Morocco,5312,Area harvested,1720,"Roots and Tubers, Total",1985,1985,ha,48612,E,Estimated value,
QCL,Crops and livestock products,143,Morocco,5419,Yield,1720,"Roots and Tubers, Total",1985,1985,100 g/ha,173595,E,Estimated value,
QCL,Crops and livestock products,143,Morocco,5510,Production,1720,"Roots and Tubers, Total",1985,1985,t,843880,E,Estimated value,
QCL,Crops and livestock products,143,Morocco,5312,Area harvested,1720,"Roots and Tubers, Total",1986,1986,ha,44542,E,Estimated value,
QCL,Crops and livestock products,143,Morocco,5419,Yield,1720,"Roots and Tubers, Total",1986,1986,100 g/ha,165765,E,Estimated value,
QCL,Crops and livestock products,143,Morocco,5510,Production,1720,"Roots and Tubers, Total",1986,1986,t,738350,E,Estimated value,
QCL,Crops and livestock products,143,Morocco,5312,Area harvested,1720,"Roots and Tubers, Total",1987,1987,ha,36162,E,Estimated value,
QCL,Crops and livestock products,143,Morocco,5419,Yield,1720,"Roots and Tubers, Total",1987,1987,100 g/ha,215957,E,Estimated value,
QCL,Crops and livestock products,143,Morocco,5510,Production,1720,"Roots and Tubers, Total",1987,1987,t,780942,E,Estimated value,
QCL,Crops and livestock products,143,Morocco,5312,Area harvested,1720,"Roots and Tubers, Total",1988,1988,ha,52462,E,Estimated value,
QCL,Crops and livestock products,143,Morocco,5419,Yield,1720,"Roots and Tubers, Total",1988,1988,100 g/ha,167003,E,Estimated value,
QCL,Crops and livestock products,143,Morocco,5510,Production,1720,"Roots and Tubers, Total",1988,1988,t,876132,E,Estimated value,
QCL,Crops and livestock products,143,Morocco,5312,Area harvested,1720,"Roots and Tubers, Total",1989,1989,ha,55512,E,Estimated value,
QCL,Crops and livestock products,143,Morocco,5419,Yield,1720,"Roots and Tubers, Total",1989,1989,100 g/ha,166917,E,Estimated value,
QCL,Crops and livestock products,143,Morocco,5510,Production,1720,"Roots and Tubers, Total",1989,1989,t,926589,E,Estimated value,
QCL,Crops and livestock products,143,Morocco,5312,Area harvested,1720,"Roots and Tubers, Total",1990,1990,ha,52709,E,Estimated value,
QCL,Crops and livestock products,143,Morocco,5419,Yield,1720,"Roots and Tubers, Total",1990,1990,100 g/ha,171394,E,Estimated value,
QCL,Crops and livestock products,143,Morocco,5510,Production,1720,"Roots and Tubers, Total",1990,1990,t,903400,E,Estimated value,
QCL,Crops and livestock products,143,Morocco,5312,Area harvested,1720,"Roots and Tubers, Total",1991,1991,ha,63761,E,Estimated value,
QCL,Crops and livestock products,143,Morocco,5419,Yield,1720,"Roots and Tubers, Total",1991,1991,100 g/ha,171608,E,Estimated value,
QCL,Crops and livestock products,143,Morocco,5510,Production,1720,"Roots and Tubers, Total",1991,1991,t,1094195.22,E,Estimated value,
QCL,Crops and livestock products,143,Morocco,5312,Area harvested,1720,"Roots and Tubers, Total",1992,1992,ha,61466,E,Estimated value,
QCL,Crops and livestock products,143,Morocco,5419,Yield,1720,"Roots and Tubers, Total",1992,1992,100 g/ha,151444,E,Estimated value,
QCL,Crops and livestock products,143,Morocco,5510,Production,1720,"Roots and Tubers, Total",1992,1992,t,930864.18,E,Estimated value,
QCL,Crops and livestock products,143,Morocco,5312,Area harvested,1720,"Roots and Tubers, Total",1993,1993,ha,57310,E,Estimated value,
QCL,Crops and livestock products,143,Morocco,5419,Yield,1720,"Roots and Tubers, Total",1993,1993,100 g/ha,156030,E,Estimated value,
QCL,Crops and livestock products,143,Morocco,5510,Production,1720,"Roots and Tubers, Total",1993,1993,t,894210.13,E,Estimated value,
QCL,Crops and livestock products,143,Morocco,5312,Area harvested,1720,"Roots and Tubers, Total",1994,1994,ha,59611,E,Estimated value,
QCL,Crops and livestock products,143,Morocco,5419,Yield,1720,"Roots and Tubers, Total",1994,1994,100 g/ha,176210,E,Estimated value,
QCL,Crops and livestock products,143,Morocco,5510,Production,1720,"Roots and Tubers, Total",1994,1994,t,1050396.32,E,Estimated value,
QCL,Crops and livestock products,143,Morocco,5312,Area harvested,1720,"Roots and Tubers, Total",1995,1995,ha,54161,E,Estimated value,
QCL,Crops and livestock products,143,Morocco,5419,Yield,1720,"Roots and Tubers, Total",1995,1995,100 g/ha,166189,E,Estimated value,
QCL,Crops and livestock products,143,Morocco,5510,Production,1720,"Roots and Tubers, Total",1995,1995,t,900096.2,E,Estimated value,
QCL,Crops and livestock products,143,Morocco,5312,Area harvested,1720,"Roots and Tubers, Total",1996,1996,ha,66162,E,Estimated value,
QCL,Crops and livestock products,143,Morocco,5419,Yield,1720,"Roots and Tubers, Total",1996,1996,100 g/ha,190228,E,Estimated value,
QCL,Crops and livestock products,143,Morocco,5510,Production,1720,"Roots and Tubers, Total",1996,1996,t,1258580,E,Estimated value,
QCL,Crops and livestock products,143,Morocco,5312,Area harvested,1720,"Roots and Tubers, Total",1997,1997,ha,67262,E,Estimated value,
QCL,Crops and livestock products,143,Morocco,5419,Yield,1720,"Roots and Tubers, Total",1997,1997,100 g/ha,178727,E,Estimated value,
QCL,Crops and livestock products,143,Morocco,5510,Production,1720,"Roots and Tubers, Total",1997,1997,t,1202151.97,E,Estimated value,
QCL,Crops and livestock products,143,Morocco,5312,Area harvested,1720,"Roots and Tubers, Total",1998,1998,ha,59362,E,Estimated value,
QCL,Crops and livestock products,143,Morocco,5419,Yield,1720,"Roots and Tubers, Total",1998,1998,100 g/ha,190320,E,Estimated value,
QCL,Crops and livestock products,143,Morocco,5510,Production,1720,"Roots and Tubers, Total",1998,1998,t,1129784.87,E,Estimated value,
QCL,Crops and livestock products,143,Morocco,5312,Area harvested,1720,"Roots and Tubers, Total",1999,1999,ha,62773,E,Estimated value,
QCL,Crops and livestock products,143,Morocco,5419,Yield,1720,"Roots and Tubers, Total",1999,1999,100 g/ha,182907,E,Estimated value,
QCL,Crops and livestock products,143,Morocco,5510,Production,1720,"Roots and Tubers, Total",1999,1999,t,1148157.77,E,Estimated value,
QCL,Crops and livestock products,143,Morocco,5312,Area harvested,1720,"Roots and Tubers, Total",2000,2000,ha,61288,E,Estimated value,
QCL,Crops and livestock products,143,Morocco,5419,Yield,1720,"Roots and Tubers, Total",2000,2000,100 g/ha,179995,E,Estimated value,
QCL,Crops and livestock products,143,Morocco,5510,Production,1720,"Roots and Tubers, Total",2000,2000,t,1103160.68,E,Estimated value,
QCL,Crops and livestock products,143,Morocco,5312,Area harvested,1720,"Roots and Tubers, Total",2001,2001,ha,62004,E,Estimated value,
QCL,Crops and livestock products,143,Morocco,5419,Yield,1720,"Roots and Tubers, Total",2001,2001,100 g/ha,187202,E,Estimated value,
QCL,Crops and livestock products,143,Morocco,5510,Production,1720,"Roots and Tubers, Total",2001,2001,t,1160723.59,E,Estimated value,
QCL,Crops and livestock products,143,Morocco,5312,Area harvested,1720,"Roots and Tubers, Total",2002,2002,ha,57989,E,Estimated value,
QCL,Crops and livestock products,143,Morocco,5419,Yield,1720,"Roots and Tubers, Total",2002,2002,100 g/ha,231198,E,Estimated value,
QCL,Crops and livestock products,143,Morocco,5510,Production,1720,"Roots and Tubers, Total",2002,2002,t,1340696.52,E,Estimated value,
QCL,Crops and livestock products,143,Morocco,5312,Area harvested,1720,"Roots and Tubers, Total",2003,2003,ha,65015,E,Estimated value,
QCL,Crops and livestock products,143,Morocco,5419,Yield,1720,"Roots and Tubers, Total",2003,2003,100 g/ha,217069,E,Estimated value,
QCL,Crops and livestock products,143,Morocco,5510,Production,1720,"Roots and Tubers, Total",2003,2003,t,1411269.44,E,Estimated value,
QCL,Crops and livestock products,143,Morocco,5312,Area harvested,1720,"Roots and Tubers, Total",2004,2004,ha,62085,E,Estimated value,
QCL,Crops and livestock products,143,Morocco,5419,Yield,1720,"Roots and Tubers, Total",2004,2004,100 g/ha,240589,E,Estimated value,
QCL,Crops and livestock products,143,Morocco,5510,Production,1720,"Roots and Tubers, Total",2004,2004,t,1493702.38,E,Estimated value,
QCL,Crops and livestock products,143,Morocco,5312,Area harvested,1720,"Roots and Tubers, Total",2005,2005,ha,62696,E,Estimated value,
QCL,Crops and livestock products,143,Morocco,5419,Yield,1720,"Roots and Tubers, Total",2005,2005,100 g/ha,237043,E,Estimated value,
QCL,Crops and livestock products,143,Morocco,5510,Production,1720,"Roots and Tubers, Total",2005,2005,t,1486155.33,E,Estimated value,
QCL,Crops and livestock products,143,Morocco,5312,Area harvested,1720,"Roots and Tubers, Total",2006,2006,ha,60181,E,Estimated value,
QCL,Crops and livestock products,143,Morocco,5419,Yield,1720,"Roots and Tubers, Total",2006,2006,100 g/ha,262429,E,Estimated value,
QCL,Crops and livestock products,143,Morocco,5510,Production,1720,"Roots and Tubers, Total",2006,2006,t,1579328.28,E,Estimated value,
QCL,Crops and livestock products,143,Morocco,5312,Area harvested,1720,"Roots and Tubers, Total",2007,2007,ha,58460,E,Estimated value,
QCL,Crops and livestock products,143,Morocco,5419,Yield,1720,"Roots and Tubers, Total",2007,2007,100 g/ha,247346,E,Estimated value,
QCL,Crops and livestock products,143,Morocco,5510,Production,1720,"Roots and Tubers, Total",2007,2007,t,1445976.24,E,Estimated value,
QCL,Crops and livestock products,143,Morocco,5312,Area harvested,1720,"Roots and Tubers, Total",2008,2008,ha,63442,E,Estimated value,
QCL,Crops and livestock products,143,Morocco,5419,Yield,1720,"Roots and Tubers, Total",2008,2008,100 g/ha,243934,E,Estimated value,
QCL,Crops and livestock products,143,Morocco,5510,Production,1720,"Roots and Tubers, Total",2008,2008,t,1547569.21,E,Estimated value,
QCL,Crops and livestock products,143,Morocco,5312,Area harvested,1720,"Roots and Tubers, Total",2009,2009,ha,63913,E,Estimated value,
QCL,Crops and livestock products,143,Morocco,5419,Yield,1720,"Roots and Tubers, Total",2009,2009,100 g/ha,195027,E,Estimated value,
QCL,Crops and livestock products,143,Morocco,5510,Production,1720,"Roots and Tubers, Total",2009,2009,t,1246469.19,E,Estimated value,
QCL,Crops and livestock products,143,Morocco,5312,Area harvested,1720,"Roots and Tubers, Total",2010,2010,ha,57265,E,Estimated value,
QCL,Crops and livestock products,143,Morocco,5419,Yield,1720,"Roots and Tubers, Total",2010,2010,100 g/ha,282112,E,Estimated value,
QCL,Crops and livestock products,143,Morocco,5510,Production,1720,"Roots and Tubers, Total",2010,2010,t,1615519.18,E,Estimated value,
QCL,Crops and livestock products,143,Morocco,5312,Area harvested,1720,"Roots and Tubers, Total",2011,2011,ha,58690,E,Estimated value,
QCL,Crops and livestock products,143,Morocco,5419,Yield,1720,"Roots and Tubers, Total",2011,2011,100 g/ha,296323,E,Estimated value,
QCL,Crops and livestock products,143,Morocco,5510,Production,1720,"Roots and Tubers, Total",2011,2011,t,1739107.18,E,Estimated value,
QCL,Crops and livestock products,143,Morocco,5312,Area harvested,1720,"Roots and Tubers, Total",2012,2012,ha,60194,E,Estimated value,
QCL,Crops and livestock products,143,Morocco,5419,Yield,1720,"Roots and Tubers, Total",2012,2012,100 g/ha,279589,E,Estimated value,
QCL,Crops and livestock products,143,Morocco,5510,Production,1720,"Roots and Tubers, Total",2012,2012,t,1682957,E,Estimated value,
QCL,Crops and livestock products,143,Morocco,5312,Area harvested,1720,"Roots and Tubers, Total",2013,2013,ha,54147,E,Estimated value,
QCL,Crops and livestock products,143,Morocco,5419,Yield,1720,"Roots and Tubers, Total",2013,2013,100 g/ha,361091,E,Estimated value,
QCL,Crops and livestock products,143,Morocco,5510,Production,1720,"Roots and Tubers, Total",2013,2013,t,1955186.3,E,Estimated value,
QCL,Crops and livestock products,143,Morocco,5312,Area harvested,1720,"Roots and Tubers, Total",2014,2014,ha,64376,E,Estimated value,
QCL,Crops and livestock products,143,Morocco,5419,Yield,1720,"Roots and Tubers, Total",2014,2014,100 g/ha,305632,E,Estimated value,
QCL,Crops and livestock products,143,Morocco,5510,Production,1720,"Roots and Tubers, Total",2014,2014,t,1967533.7,E,Estimated value,
QCL,Crops and livestock products,143,Morocco,5312,Area harvested,1720,"Roots and Tubers, Total",2015,2015,ha,65436,E,Estimated value,
QCL,Crops and livestock products,143,Morocco,5419,Yield,1720,"Roots and Tubers, Total",2015,2015,100 g/ha,296845,E,Estimated value,
QCL,Crops and livestock products,143,Morocco,5510,Production,1720,"Roots and Tubers, Total",2015,2015,t,1942425.88,E,Estimated value,
QCL,Crops and livestock products,143,Morocco,5312,Area harvested,1720,"Roots and Tubers, Total",2016,2016,ha,60327,E,Estimated value,
QCL,Crops and livestock products,143,Morocco,5419,Yield,1720,"Roots and Tubers, Total",2016,2016,100 g/ha,291712,E,Estimated value,
QCL,Crops and livestock products,143,Morocco,5510,Production,1720,"Roots and Tubers, Total",2016,2016,t,1759815.23,E,Estimated value,
QCL,Crops and livestock products,143,Morocco,5312,Area harvested,1720,"Roots and Tubers, Total",2017,2017,ha,65157,E,Estimated value,
QCL,Crops and livestock products,143,Morocco,5419,Yield,1720,"Roots and Tubers, Total",2017,2017,100 g/ha,297892,E,Estimated value,
QCL,Crops and livestock products,143,Morocco,5510,Production,1720,"Roots and Tubers, Total",2017,2017,t,1940976.53,E,Estimated value,
QCL,Crops and livestock products,143,Morocco,5312,Area harvested,1720,"Roots and Tubers, Total",2018,2018,ha,62891,E,Estimated value,
QCL,Crops and livestock products,143,Morocco,5419,Yield,1720,"Roots and Tubers, Total",2018,2018,100 g/ha,300107,E,Estimated value,
QCL,Crops and livestock products,143,Morocco,5510,Production,1720,"Roots and Tubers, Total",2018,2018,t,1887412.62,E,Estimated value,
QCL,Crops and livestock products,143,Morocco,5312,Area harvested,1720,"Roots and Tubers, Total",2019,2019,ha,62941,E,Estimated value,
QCL,Crops and livestock products,143,Morocco,5419,Yield,1720,"Roots and Tubers, Total",2019,2019,100 g/ha,312391,E,Estimated value,
QCL,Crops and livestock products,143,Morocco,5510,Production,1720,"Roots and Tubers, Total",2019,2019,t,1966217.67,E,Estimated value,
QCL,Crops and livestock products,143,Morocco,5312,Area harvested,1720,"Roots and Tubers, Total",2020,2020,ha,58415,E,Estimated value,
QCL,Crops and livestock products,143,Morocco,5419,Yield,1720,"Roots and Tubers, Total",2020,2020,100 g/ha,293527,E,Estimated value,
QCL,Crops and livestock products,143,Morocco,5510,Production,1720,"Roots and Tubers, Total",2020,2020,t,1714639.86,E,Estimated value,
QCL,Crops and livestock products,143,Morocco,5312,Area harvested,1720,"Roots and Tubers, Total",2021,2021,ha,52408,E,Estimated value,
QCL,Crops and livestock products,143,Morocco,5419,Yield,1720,"Roots and Tubers, Total",2021,2021,100 g/ha,315075,E,Estimated value,
QCL,Crops and livestock products,143,Morocco,5510,Production,1720,"Roots and Tubers, Total",2021,2021,t,1651254.98,E,Estimated value,
QCL,Crops and livestock products,143,Morocco,5312,Area harvested,1720,"Roots and Tubers, Total",2022,2022,ha,54463,E,Estimated value,
QCL,Crops and livestock products,143,Morocco,5419,Yield,1720,"Roots and Tubers, Total",2022,2022,100 g/ha,326864,E,Estimated value,
QCL,Crops and livestock products,143,Morocco,5510,Production,1720,"Roots and Tubers, Total",2022,2022,t,1780213.44,E,Estimated value,
QCL,Crops and livestock products,143,Morocco,5417,Yield/Carcass Weight,1807,Sheep and Goat Meat,1961,1961,100 g/An,111,E,Estimated value,
QCL,Crops and livestock products,143,Morocco,5510,Production,1807,Sheep and Goat Meat,1961,1961,t,65200,E,Estimated value,
QCL,Crops and livestock products,143,Morocco,5320,Producing Animals/Slaughtered,1807,Sheep and Goat Meat,1961,1961,An,5860310,E,Estimated value,
QCL,Crops and livestock products,143,Morocco,5417,Yield/Carcass Weight,1807,Sheep and Goat Meat,1962,1962,100 g/An,114,E,Estimated value,
QCL,Crops and livestock products,143,Morocco,5510,Production,1807,Sheep and Goat Meat,1962,1962,t,54800,E,Estimated value,
QCL,Crops and livestock products,143,Morocco,5320,Producing Animals/Slaughtered,1807,Sheep and Goat Meat,1962,1962,An,4824530,E,Estimated value,
QCL,Crops and livestock products,143,Morocco,5417,Yield/Carcass Weight,1807,Sheep and Goat Meat,1963,1963,100 g/An,115,E,Estimated value,
QCL,Crops and livestock products,143,Morocco,5510,Production,1807,Sheep and Goat Meat,1963,1963,t,48800,E,Estimated value,
QCL,Crops and livestock products,143,Morocco,5320,Producing Animals/Slaughtered,1807,Sheep and Goat Meat,1963,1963,An,4254710,E,Estimated value,
QCL,Crops and livestock products,143,Morocco,5417,Yield/Carcass Weight,1807,Sheep and Goat Meat,1964,1964,100 g/An,112,E,Estimated value,
QCL,Crops and livestock products,143,Morocco,5510,Production,1807,Sheep and Goat Meat,1964,1964,t,51160,E,Estimated value,
QCL,Crops and livestock products,143,Morocco,5320,Producing Animals/Slaughtered,1807,Sheep and Goat Meat,1964,1964,An,4551940,E,Estimated value,
QCL,Crops and livestock products,143,Morocco,5417,Yield/Carcass Weight,1807,Sheep and Goat Meat,1965,1965,100 g/An,114,E,Estimated value,
QCL,Crops and livestock products,143,Morocco,5510,Production,1807,Sheep and Goat Meat,1965,1965,t,57660,E,Estimated value,
QCL,Crops and livestock products,143,Morocco,5320,Producing Animals/Slaughtered,1807,Sheep and Goat Meat,1965,1965,An,5079478,E,Estimated value,
QCL,Crops and livestock products,143,Morocco,5417,Yield/Carcass Weight,1807,Sheep and Goat Meat,1966,1966,100 g/An,113,A,Official figure,
QCL,Crops and livestock products,143,Morocco,5510,Production,1807,Sheep and Goat Meat,1966,1966,t,60000,A,Official figure,
QCL,Crops and livestock products,143,Morocco,5320,Producing Animals/Slaughtered,1807,Sheep and Goat Meat,1966,1966,An,5304200,A,Official figure,
QCL,Crops and livestock products,143,Morocco,5417,Yield/Carcass Weight,1807,Sheep and Goat Meat,1967,1967,100 g/An,113,A,Official figure,
QCL,Crops and livestock products,143,Morocco,5510,Production,1807,Sheep and Goat Meat,1967,1967,t,64700,A,Official figure,
QCL,Crops and livestock products,143,Morocco,5320,Producing Animals/Slaughtered,1807,Sheep and Goat Meat,1967,1967,An,5712700,A,Official figure,
QCL,Crops and livestock products,143,Morocco,5417,Yield/Carcass Weight,1807,Sheep and Goat Meat,1968,1968,100 g/An,114,A,Official figure,
QCL,Crops and livestock products,143,Morocco,5510,Production,1807,Sheep and Goat Meat,1968,1968,t,71000,A,Official figure,
QCL,Crops and livestock products,143,Morocco,5320,Producing Animals/Slaughtered,1807,Sheep and Goat Meat,1968,1968,An,6206040,A,Official figure,
QCL,Crops and livestock products,143,Morocco,5417,Yield/Carcass Weight,1807,Sheep and Goat Meat,1969,1969,100 g/An,107,A,Official figure,
QCL,Crops and livestock products,143,Morocco,5510,Production,1807,Sheep and Goat Meat,1969,1969,t,69000,A,Official figure,
QCL,Crops and livestock products,143,Morocco,5320,Producing Animals/Slaughtered,1807,Sheep and Goat Meat,1969,1969,An,6450000,A,Official figure,
QCL,Crops and livestock products,143,Morocco,5417,Yield/Carcass Weight,1807,Sheep and Goat Meat,1970,1970,100 g/An,107,E,Estimated value,
QCL,Crops and livestock products,143,Morocco,5510,Production,1807,Sheep and Goat Meat,1970,1970,t,70800,E,Estimated value,
QCL,Crops and livestock products,143,Morocco,5320,Producing Animals/Slaughtered,1807,Sheep and Goat Meat,1970,1970,An,6600000,E,Estimated value,
QCL,Crops and livestock products,143,Morocco,5417,Yield/Carcass Weight,1807,Sheep and Goat Meat,1971,1971,100 g/An,105,A,Official figure,
QCL,Crops and livestock products,143,Morocco,5510,Production,1807,Sheep and Goat Meat,1971,1971,t,74000,A,Official figure,
QCL,Crops and livestock products,143,Morocco,5320,Producing Animals/Slaughtered,1807,Sheep and Goat Meat,1971,1971,An,7024760,A,Official figure,
QCL,Crops and livestock products,143,Morocco,5417,Yield/Carcass Weight,1807,Sheep and Goat Meat,1972,1972,100 g/An,114,A,Official figure,
QCL,Crops and livestock products,143,Morocco,5510,Production,1807,Sheep and Goat Meat,1972,1972,t,76000,A,Official figure,
QCL,Crops and livestock products,143,Morocco,5320,Producing Animals/Slaughtered,1807,Sheep and Goat Meat,1972,1972,An,6673980,A,Official figure,
QCL,Crops and livestock products,143,Morocco,5417,Yield/Carcass Weight,1807,Sheep and Goat Meat,1973,1973,100 g/An,103,A,Official figure,
QCL,Crops and livestock products,143,Morocco,5510,Production,1807,Sheep and Goat Meat,1973,1973,t,76000,A,Official figure,
QCL,Crops and livestock products,143,Morocco,5320,Producing Animals/Slaughtered,1807,Sheep and Goat Meat,1973,1973,An,7407692,A,Official figure,
QCL,Crops and livestock products,143,Morocco,5417,Yield/Carcass Weight,1807,Sheep and Goat Meat,1974,1974,100 g/An,104,A,Official figure,
QCL,Crops and livestock products,143,Morocco,5510,Production,1807,Sheep and Goat Meat,1974,1974,t,75000,A,Official figure,
QCL,Crops and livestock products,143,Morocco,5320,Producing Animals/Slaughtered,1807,Sheep and Goat Meat,1974,1974,An,7188644,A,Official figure,
QCL,Crops and livestock products,143,Morocco,5417,Yield/Carcass Weight,1807,Sheep and Goat Meat,1975,1975,100 g/An,104,E,Estimated value,
QCL,Crops and livestock products,143,Morocco,5510,Production,1807,Sheep and Goat Meat,1975,1975,t,66300,E,Estimated value,
QCL,Crops and livestock products,143,Morocco,5320,Producing Animals/Slaughtered,1807,Sheep and Goat Meat,1975,1975,An,6370000,X,Figure from international organizations,
QCL,Crops and livestock products,143,Morocco,5417,Yield/Carcass Weight,1807,Sheep and Goat Meat,1976,1976,100 g/An,113,X,Figure from international organizations,
QCL,Crops and livestock products,143,Morocco,5510,Production,1807,Sheep and Goat Meat,1976,1976,t,53570,X,Figure from international organizations,
QCL,Crops and livestock products,143,Morocco,5320,Producing Animals/Slaughtered,1807,Sheep and Goat Meat,1976,1976,An,4720000,X,Figure from international organizations,
QCL,Crops and livestock products,143,Morocco,5417,Yield/Carcass Weight,1807,Sheep and Goat Meat,1977,1977,100 g/An,121,E,Estimated value,
QCL,Crops and livestock products,143,Morocco,5510,Production,1807,Sheep and Goat Meat,1977,1977,t,61150,E,Estimated value,
QCL,Crops and livestock products,143,Morocco,5320,Producing Animals/Slaughtered,1807,Sheep and Goat Meat,1977,1977,An,5040000,X,Figure from international organizations,
QCL,Crops and livestock products,143,Morocco,5417,Yield/Carcass Weight,1807,Sheep and Goat Meat,1978,1978,100 g/An,124,E,Estimated value,
QCL,Crops and livestock products,143,Morocco,5510,Production,1807,Sheep and Goat Meat,1978,1978,t,68000,E,Estimated value,
QCL,Crops and livestock products,143,Morocco,5320,Producing Animals/Slaughtered,1807,Sheep and Goat Meat,1978,1978,An,5470000,X,Figure from international organizations,
QCL,Crops and livestock products,143,Morocco,5417,Yield/Carcass Weight,1807,Sheep and Goat Meat,1979,1979,100 g/An,124,E,Estimated value,
QCL,Crops and livestock products,143,Morocco,5510,Production,1807,Sheep and Goat Meat,1979,1979,t,69000,E,Estimated value,
QCL,Crops and livestock products,143,Morocco,5320,Producing Animals/Slaughtered,1807,Sheep and Goat Meat,1979,1979,An,5550000,X,Figure from international organizations,
QCL,Crops and livestock products,143,Morocco,5417,Yield/Carcass Weight,1807,Sheep and Goat Meat,1980,1980,100 g/An,114,E,Estimated value,
QCL,Crops and livestock products,143,Morocco,5510,Production,1807,Sheep and Goat Meat,1980,1980,t,71000,E,Estimated value,
QCL,Crops and livestock products,143,Morocco,5320,Producing Animals/Slaughtered,1807,Sheep and Goat Meat,1980,1980,An,6215000,X,Figure from international organizations,
QCL,Crops and livestock products,143,Morocco,5417,Yield/Carcass Weight,1807,Sheep and Goat Meat,1981,1981,100 g/An,124,E,Estimated value,
QCL,Crops and livestock products,143,Morocco,5510,Production,1807,Sheep and Goat Meat,1981,1981,t,80000,E,Estimated value,
QCL,Crops and livestock products,143,Morocco,5320,Producing Animals/Slaughtered,1807,Sheep and Goat Meat,1981,1981,An,6475400,E,Estimated value,
QCL,Crops and livestock products,143,Morocco,5417,Yield/Carcass Weight,1807,Sheep and Goat Meat,1982,1982,100 g/An,112,E,Estimated value,
QCL,Crops and livestock products,143,Morocco,5510,Production,1807,Sheep and Goat Meat,1982,1982,t,59000,E,Estimated value,
QCL,Crops and livestock products,143,Morocco,5320,Producing Animals/Slaughtered,1807,Sheep and Goat Meat,1982,1982,An,5289650,A,Official figure,
QCL,Crops and livestock products,143,Morocco,5417,Yield/Carcass Weight,1807,Sheep and Goat Meat,1983,1983,100 g/An,109,A,Official figure,
QCL,Crops and livestock products,143,Morocco,5510,Production,1807,Sheep and Goat Meat,1983,1983,t,58690,A,Official figure,
QCL,Crops and livestock products,143,Morocco,5320,Producing Animals/Slaughtered,1807,Sheep and Goat Meat,1983,1983,An,5378928,A,Official figure,
QCL,Crops and livestock products,143,Morocco,5417,Yield/Carcass Weight,1807,Sheep and Goat Meat,1984,1984,100 g/An,121,A,Official figure,
QCL,Crops and livestock products,143,Morocco,5510,Production,1807,Sheep and Goat Meat,1984,1984,t,61030,A,Official figure,
QCL,Crops and livestock products,143,Morocco,5320,Producing Animals/Slaughtered,1807,Sheep and Goat Meat,1984,1984,An,5054140,A,Official figure,
QCL,Crops and livestock products,143,Morocco,5417,Yield/Carcass Weight,1807,Sheep and Goat Meat,1985,1985,100 g/An,128,E,Estimated value,
QCL,Crops and livestock products,143,Morocco,5510,Production,1807,Sheep and Goat Meat,1985,1985,t,66540,A,Official figure,
QCL,Crops and livestock products,143,Morocco,5320,Producing Animals/Slaughtered,1807,Sheep and Goat Meat,1985,1985,An,5200000,E,Estimated value,
QCL,Crops and livestock products,143,Morocco,5417,Yield/Carcass Weight,1807,Sheep and Goat Meat,1986,1986,100 g/An,122,E,Estimated value,
QCL,Crops and livestock products,143,Morocco,5510,Production,1807,Sheep and Goat Meat,1986,1986,t,67030,E,Estimated value,
QCL,Crops and livestock products,143,Morocco,5320,Producing Animals/Slaughtered,1807,Sheep and Goat Meat,1986,1986,An,5500000,E,Estimated value,
QCL,Crops and livestock products,143,Morocco,5417,Yield/Carcass Weight,1807,Sheep and Goat Meat,1987,1987,100 g/An,142,E,Estimated value,
QCL,Crops and livestock products,143,Morocco,5510,Production,1807,Sheep and Goat Meat,1987,1987,t,84200,A,Official figure,
QCL,Crops and livestock products,143,Morocco,5320,Producing Animals/Slaughtered,1807,Sheep and Goat Meat,1987,1987,An,5950000,E,Estimated value,
QCL,Crops and livestock products,143,Morocco,5417,Yield/Carcass Weight,1807,Sheep and Goat Meat,1988,1988,100 g/An,173,E,Estimated value,
QCL,Crops and livestock products,143,Morocco,5510,Production,1807,Sheep and Goat Meat,1988,1988,t,110995,E,Estimated value,
QCL,Crops and livestock products,143,Morocco,5320,Producing Animals/Slaughtered,1807,Sheep and Goat Meat,1988,1988,An,6430000,E,Estimated value,
QCL,Crops and livestock products,143,Morocco,5417,Yield/Carcass Weight,1807,Sheep and Goat Meat,1989,1989,100 g/An,170,E,Estimated value,
QCL,Crops and livestock products,143,Morocco,5510,Production,1807,Sheep and Goat Meat,1989,1989,t,126520,E,Estimated value,
QCL,Crops and livestock products,143,Morocco,5320,Producing Animals/Slaughtered,1807,Sheep and Goat Meat,1989,1989,An,7450000,E,Estimated value,
QCL,Crops and livestock products,143,Morocco,5417,Yield/Carcass Weight,1807,Sheep and Goat Meat,1990,1990,100 g/An,170,E,Estimated value,
QCL,Crops and livestock products,143,Morocco,5510,Production,1807,Sheep and Goat Meat,1990,1990,t,121835,E,Estimated value,
QCL,Crops and livestock products,143,Morocco,5320,Producing Animals/Slaughtered,1807,Sheep and Goat Meat,1990,1990,An,7150000,E,Estimated value,
QCL,Crops and livestock products,143,Morocco,5417,Yield/Carcass Weight,1807,Sheep and Goat Meat,1991,1991,100 g/An,178,E,Estimated value,
QCL,Crops and livestock products,143,Morocco,5510,Production,1807,Sheep and Goat Meat,1991,1991,t,120014,A,Official figure,
QCL,Crops and livestock products,143,Morocco,5320,Producing Animals/Slaughtered,1807,Sheep and Goat Meat,1991,1991,An,6750000,E,Estimated value,
QCL,Crops and livestock products,143,Morocco,5417,Yield/Carcass Weight,1807,Sheep and Goat Meat,1992,1992,100 g/An,173,E,Estimated value,
QCL,Crops and livestock products,143,Morocco,5510,Production,1807,Sheep and Goat Meat,1992,1992,t,128305,A,Official figure,
QCL,Crops and livestock products,143,Morocco,5320,Producing Animals/Slaughtered,1807,Sheep and Goat Meat,1992,1992,An,7420000,E,Estimated value,
QCL,Crops and livestock products,143,Morocco,5417,Yield/Carcass Weight,1807,Sheep and Goat Meat,1993,1993,100 g/An,189,A,Official figure,
QCL,Crops and livestock products,143,Morocco,5510,Production,1807,Sheep and Goat Meat,1993,1993,t,122459,A,Official figure,
QCL,Crops and livestock products,143,Morocco,5320,Producing Animals/Slaughtered,1807,Sheep and Goat Meat,1993,1993,An,6483000,A,Official figure,
QCL,Crops and livestock products,143,Morocco,5417,Yield/Carcass Weight,1807,Sheep and Goat Meat,1994,1994,100 g/An,173,E,Estimated value,
QCL,Crops and livestock products,143,Morocco,5510,Production,1807,Sheep and Goat Meat,1994,1994,t,124570,A,Official figure,
QCL,Crops and livestock products,143,Morocco,5320,Producing Animals/Slaughtered,1807,Sheep and Goat Meat,1994,1994,An,7220000,X,Figure from international organizations,
QCL,Crops and livestock products,143,Morocco,5417,Yield/Carcass Weight,1807,Sheep and Goat Meat,1995,1995,100 g/An,175,E,Estimated value,
QCL,Crops and livestock products,143,Morocco,5510,Production,1807,Sheep and Goat Meat,1995,1995,t,132000,A,Official figure,
QCL,Crops and livestock products,143,Morocco,5320,Producing Animals/Slaughtered,1807,Sheep and Goat Meat,1995,1995,An,7530000,X,Figure from international organizations,
QCL,Crops and livestock products,143,Morocco,5417,Yield/Carcass Weight,1807,Sheep and Goat Meat,1996,1996,100 g/An,151,E,Estimated value,
QCL,Crops and livestock products,143,Morocco,5510,Production,1807,Sheep and Goat Meat,1996,1996,t,112000,A,Official figure,
QCL,Crops and livestock products,143,Morocco,5320,Producing Animals/Slaughtered,1807,Sheep and Goat Meat,1996,1996,An,7430000,X,Figure from international organizations,
QCL,Crops and livestock products,143,Morocco,5417,Yield/Carcass Weight,1807,Sheep and Goat Meat,1997,1997,100 g/An,178,E,Estimated value,
QCL,Crops and livestock products,143,Morocco,5510,Production,1807,Sheep and Goat Meat,1997,1997,t,142000,A,Official figure,
QCL,Crops and livestock products,143,Morocco,5320,Producing Animals/Slaughtered,1807,Sheep and Goat Meat,1997,1997,An,7980000,E,Estimated value,
QCL,Crops and livestock products,143,Morocco,5417,Yield/Carcass Weight,1807,Sheep and Goat Meat,1998,1998,100 g/An,178,A,Official figure,
QCL,Crops and livestock products,143,Morocco,5510,Production,1807,Sheep and Goat Meat,1998,1998,t,137000,A,Official figure,
QCL,Crops and livestock products,143,Morocco,5320,Producing Animals/Slaughtered,1807,Sheep and Goat Meat,1998,1998,An,7700000,A,Official figure,
QCL,Crops and livestock products,143,Morocco,5417,Yield/Carcass Weight,1807,Sheep and Goat Meat,1999,1999,100 g/An,177,E,Estimated value,
QCL,Crops and livestock products,143,Morocco,5510,Production,1807,Sheep and Goat Meat,1999,1999,t,146000,A,Official figure,
QCL,Crops and livestock products,143,Morocco,5320,Producing Animals/Slaughtered,1807,Sheep and Goat Meat,1999,1999,An,8250000,E,Estimated value,
QCL,Crops and livestock products,143,Morocco,5417,Yield/Carcass Weight,1807,Sheep and Goat Meat,2000,2000,100 g/An,168,E,Estimated value,
QCL,Crops and livestock products,143,Morocco,5510,Production,1807,Sheep and Goat Meat,2000,2000,t,147000,A,Official figure,
QCL,Crops and livestock products,143,Morocco,5320,Producing Animals/Slaughtered,1807,Sheep and Goat Meat,2000,2000,An,8750000,E,Estimated value,
QCL,Crops and livestock products,143,Morocco,5417,Yield/Carcass Weight,1807,Sheep and Goat Meat,2001,2001,100 g/An,165,E,Estimated value,
QCL,Crops and livestock products,143,Morocco,5510,Production,1807,Sheep and Goat Meat,2001,2001,t,145500,A,Official figure,
QCL,Crops and livestock products,143,Morocco,5320,Producing Animals/Slaughtered,1807,Sheep and Goat Meat,2001,2001,An,8800000,E,Estimated value,
QCL,Crops and livestock products,143,Morocco,5417,Yield/Carcass Weight,1807,Sheep and Goat Meat,2002,2002,100 g/An,156,E,Estimated value,
QCL,Crops and livestock products,143,Morocco,5510,Production,1807,Sheep and Goat Meat,2002,2002,t,132000,A,Official figure,
QCL,Crops and livestock products,143,Morocco,5320,Producing Animals/Slaughtered,1807,Sheep and Goat Meat,2002,2002,An,8450000,E,Estimated value,
QCL,Crops and livestock products,143,Morocco,5417,Yield/Carcass Weight,1807,Sheep and Goat Meat,2003,2003,100 g/An,148,E,Estimated value,
QCL,Crops and livestock products,143,Morocco,5510,Production,1807,Sheep and Goat Meat,2003,2003,t,127000,A,Official figure,
QCL,Crops and livestock products,143,Morocco,5320,Producing Animals/Slaughtered,1807,Sheep and Goat Meat,2003,2003,An,8600000,E,Estimated value,
QCL,Crops and livestock products,143,Morocco,5417,Yield/Carcass Weight,1807,Sheep and Goat Meat,2004,2004,100 g/An,139,E,Estimated value,
QCL,Crops and livestock products,143,Morocco,5510,Production,1807,Sheep and Goat Meat,2004,2004,t,128000,A,Official figure,
QCL,Crops and livestock products,143,Morocco,5320,Producing Animals/Slaughtered,1807,Sheep and Goat Meat,2004,2004,An,9182768,E,Estimated value,
QCL,Crops and livestock products,143,Morocco,5417,Yield/Carcass Weight,1807,Sheep and Goat Meat,2005,2005,100 g/An,151,E,Estimated value,
QCL,Crops and livestock products,143,Morocco,5510,Production,1807,Sheep and Goat Meat,2005,2005,t,137000,A,Official figure,
QCL,Crops and livestock products,143,Morocco,5320,Producing Animals/Slaughtered,1807,Sheep and Goat Meat,2005,2005,An,9062740,E,Estimated value,
QCL,Crops and livestock products,143,Morocco,5417,Yield/Carcass Weight,1807,Sheep and Goat Meat,2006,2006,100 g/An,136,E,Estimated value,
QCL,Crops and livestock products,143,Morocco,5510,Production,1807,Sheep and Goat Meat,2006,2006,t,142500,A,Official figure,
QCL,Crops and livestock products,143,Morocco,5320,Producing Animals/Slaughtered,1807,Sheep and Goat Meat,2006,2006,An,10460000,E,Estimated value,
QCL,Crops and livestock products,143,Morocco,5417,Yield/Carcass Weight,1807,Sheep and Goat Meat,2007,2007,100 g/An,137,A,Official figure,
QCL,Crops and livestock products,143,Morocco,5510,Production,1807,Sheep and Goat Meat,2007,2007,t,142000,A,Official figure,
QCL,Crops and livestock products,143,Morocco,5320,Producing Animals/Slaughtered,1807,Sheep and Goat Meat,2007,2007,An,10390000,A,Official figure,
QCL,Crops and livestock products,143,Morocco,5417,Yield/Carcass Weight,1807,Sheep and Goat Meat,2008,2008,100 g/An,136,E,Estimated value,
QCL,Crops and livestock products,143,Morocco,5510,Production,1807,Sheep and Goat Meat,2008,2008,t,143000,A,Official figure,
QCL,Crops and livestock products,143,Morocco,5320,Producing Animals/Slaughtered,1807,Sheep and Goat Meat,2008,2008,An,10500000,E,Estimated value,
QCL,Crops and livestock products,143,Morocco,5417,Yield/Carcass Weight,1807,Sheep and Goat Meat,2009,2009,100 g/An,137,E,Estimated value,
QCL,Crops and livestock products,143,Morocco,5510,Production,1807,Sheep and Goat Meat,2009,2009,t,155670,A,Official figure,
QCL,Crops and livestock products,143,Morocco,5320,Producing Animals/Slaughtered,1807,Sheep and Goat Meat,2009,2009,An,11322000,E,Estimated value,
QCL,Crops and livestock products,143,Morocco,5417,Yield/Carcass Weight,1807,Sheep and Goat Meat,2010,2010,100 g/An,138,E,Estimated value,
QCL,Crops and livestock products,143,Morocco,5510,Production,1807,Sheep and Goat Meat,2010,2010,t,162000,A,Official figure,
QCL,Crops and livestock products,143,Morocco,5320,Producing Animals/Slaughtered,1807,Sheep and Goat Meat,2010,2010,An,11770000,E,Estimated value,
QCL,Crops and livestock products,143,Morocco,5417,Yield/Carcass Weight,1807,Sheep and Goat Meat,2011,2011,100 g/An,137,E,Estimated value,
QCL,Crops and livestock products,143,Morocco,5510,Production,1807,Sheep and Goat Meat,2011,2011,t,167021,A,Official figure,
QCL,Crops and livestock products,143,Morocco,5320,Producing Animals/Slaughtered,1807,Sheep and Goat Meat,2011,2011,An,12200000,E,Estimated value,
QCL,Crops and livestock products,143,Morocco,5417,Yield/Carcass Weight,1807,Sheep and Goat Meat,2012,2012,100 g/An,137,E,Estimated value,
QCL,Crops and livestock products,143,Morocco,5510,Production,1807,Sheep and Goat Meat,2012,2012,t,171868,A,Official figure,
QCL,Crops and livestock products,143,Morocco,5320,Producing Animals/Slaughtered,1807,Sheep and Goat Meat,2012,2012,An,12550000,E,Estimated value,
QCL,Crops and livestock products,143,Morocco,5417,Yield/Carcass Weight,1807,Sheep and Goat Meat,2013,2013,100 g/An,112,E,Estimated value,
QCL,Crops and livestock products,143,Morocco,5510,Production,1807,Sheep and Goat Meat,2013,2013,t,144000,A,Official figure,
QCL,Crops and livestock products,143,Morocco,5320,Producing Animals/Slaughtered,1807,Sheep and Goat Meat,2013,2013,An,12863000,E,Estimated value,
QCL,Crops and livestock products,143,Morocco,5417,Yield/Carcass Weight,1807,Sheep and Goat Meat,2014,2014,100 g/An,114,E,Estimated value,
QCL,Crops and livestock products,143,Morocco,5510,Production,1807,Sheep and Goat Meat,2014,2014,t,146879,A,Official figure,
QCL,Crops and livestock products,143,Morocco,5320,Producing Animals/Slaughtered,1807,Sheep and Goat Meat,2014,2014,An,12892245,E,Estimated value,
QCL,Crops and livestock products,143,Morocco,5417,Yield/Carcass Weight,1807,Sheep and Goat Meat,2015,2015,100 g/An,148,E,Estimated value,
QCL,Crops and livestock products,143,Morocco,5510,Production,1807,Sheep and Goat Meat,2015,2015,t,185430,A,Official figure,
QCL,Crops and livestock products,143,Morocco,5320,Producing Animals/Slaughtered,1807,Sheep and Goat Meat,2015,2015,An,12505974,E,Estimated value,
QCL,Crops and livestock products,143,Morocco,5417,Yield/Carcass Weight,1807,Sheep and Goat Meat,2016,2016,100 g/An,145,E,Estimated value,
QCL,Crops and livestock products,143,Morocco,5510,Production,1807,Sheep and Goat Meat,2016,2016,t,190762,A,Official figure,
QCL,Crops and livestock products,143,Morocco,5320,Producing Animals/Slaughtered,1807,Sheep and Goat Meat,2016,2016,An,13175309,E,Estimated value,
QCL,Crops and livestock products,143,Morocco,5417,Yield/Carcass Weight,1807,Sheep and Goat Meat,2017,2017,100 g/An,156,E,Estimated value,
QCL,Crops and livestock products,143,Morocco,5510,Production,1807,Sheep and Goat Meat,2017,2017,t,204636,A,Official figure,
QCL,Crops and livestock products,143,Morocco,5320,Producing Animals/Slaughtered,1807,Sheep and Goat Meat,2017,2017,An,13111886,E,Estimated value,
QCL,Crops and livestock products,143,Morocco,5417,Yield/Carcass Weight,1807,Sheep and Goat Meat,2018,2018,100 g/An,156,E,Estimated value,
QCL,Crops and livestock products,143,Morocco,5510,Production,1807,Sheep and Goat Meat,2018,2018,t,209844,A,Official figure,
QCL,Crops and livestock products,143,Morocco,5320,Producing Animals/Slaughtered,1807,Sheep and Goat Meat,2018,2018,An,13427486,E,Estimated value,
QCL,Crops and livestock products,143,Morocco,5417,Yield/Carcass Weight,1807,Sheep and Goat Meat,2019,2019,100 g/An,144,E,Estimated value,
QCL,Crops and livestock products,143,Morocco,5510,Production,1807,Sheep and Goat Meat,2019,2019,t,210888,A,Official figure,
QCL,Crops and livestock products,143,Morocco,5320,Producing Animals/Slaughtered,1807,Sheep and Goat Meat,2019,2019,An,14634680,E,Estimated value,
QCL,Crops and livestock products,143,Morocco,5417,Yield/Carcass Weight,1807,Sheep and Goat Meat,2020,2020,100 g/An,140,E,Estimated value,
QCL,Crops and livestock products,143,Morocco,5510,Production,1807,Sheep and Goat Meat,2020,2020,t,210000,A,Official figure,
QCL,Crops and livestock products,143,Morocco,5320,Producing Animals/Slaughtered,1807,Sheep and Goat Meat,2020,2020,An,15049488,E,Estimated value,
QCL,Crops and livestock products,143,Morocco,5417,Yield/Carcass Weight,1807,Sheep and Goat Meat,2021,2021,100 g/An,134,E,Estimated value,
QCL,Crops and livestock products,143,Morocco,5510,Production,1807,Sheep and Goat Meat,2021,2021,t,210000,A,Official figure,
QCL,Crops and livestock products,143,Morocco,5320,Producing Animals/Slaughtered,1807,Sheep and Goat Meat,2021,2021,An,15660486,E,Estimated value,
QCL,Crops and livestock products,143,Morocco,5417,Yield/Carcass Weight,1807,Sheep and Goat Meat,2022,2022,100 g/An,128,E,Estimated value,
QCL,Crops and livestock products,143,Morocco,5510,Production,1807,Sheep and Goat Meat,2022,2022,t,194231,A,Official figure,
QCL,Crops and livestock products,143,Morocco,5320,Producing Animals/Slaughtered,1807,Sheep and Goat Meat,2022,2022,An,15199540,E,Estimated value,
QCL,Crops and livestock products,143,Morocco,5111,Stocks,1749,Sheep and Goats,1961,1961,An,20041700,A,Official figure,
QCL,Crops and livestock products,143,Morocco,5111,Stocks,1749,Sheep and Goats,1962,1962,An,16268100,A,Official figure,
QCL,Crops and livestock products,143,Morocco,5111,Stocks,1749,Sheep and Goats,1963,1963,An,15623500,A,Official figure,
QCL,Crops and livestock products,143,Morocco,5111,Stocks,1749,Sheep and Goats,1964,1964,An,16762900,A,Official figure,
QCL,Crops and livestock products,143,Morocco,5111,Stocks,1749,Sheep and Goats,1965,1965,An,18530300,A,Official figure,
QCL,Crops and livestock products,143,Morocco,5111,Stocks,1749,Sheep and Goats,1966,1966,An,19549700,A,Official figure,
QCL,Crops and livestock products,143,Morocco,5111,Stocks,1749,Sheep and Goats,1967,1967,An,21038000,A,Official figure,
QCL,Crops and livestock products,143,Morocco,5111,Stocks,1749,Sheep and Goats,1968,1968,An,22926000,A,Official figure,
QCL,Crops and livestock products,143,Morocco,5111,Stocks,1749,Sheep and Goats,1969,1969,An,24750000,A,Official figure,
QCL,Crops and livestock products,143,Morocco,5111,Stocks,1749,Sheep and Goats,1970,1970,An,25500000,E,Estimated value,
QCL,Crops and livestock products,143,Morocco,5111,Stocks,1749,Sheep and Goats,1971,1971,An,26410000,A,Official figure,
QCL,Crops and livestock products,143,Morocco,5111,Stocks,1749,Sheep and Goats,1972,1972,An,24500000,A,Official figure,
QCL,Crops and livestock products,143,Morocco,5111,Stocks,1749,Sheep and Goats,1973,1973,An,23500000,A,Official figure,
QCL,Crops and livestock products,143,Morocco,5111,Stocks,1749,Sheep and Goats,1974,1974,An,23000000,A,Official figure,
QCL,Crops and livestock products,143,Morocco,5111,Stocks,1749,Sheep and Goats,1975,1975,An,21600000,A,Official figure,
QCL,Crops and livestock products,143,Morocco,5111,Stocks,1749,Sheep and Goats,1976,1976,An,20020000,X,Figure from international organizations,
QCL,Crops and livestock products,143,Morocco,5111,Stocks,1749,Sheep and Goats,1977,1977,An,19900000,E,Estimated value,
QCL,Crops and livestock products,143,Morocco,5111,Stocks,1749,Sheep and Goats,1978,1978,An,20272000,A,Official figure,
QCL,Crops and livestock products,143,Morocco,5111,Stocks,1749,Sheep and Goats,1979,1979,An,19202440,A,Official figure,
QCL,Crops and livestock products,143,Morocco,5111,Stocks,1749,Sheep and Goats,1980,1980,An,22663308,A,Official figure,
QCL,Crops and livestock products,143,Morocco,5111,Stocks,1749,Sheep and Goats,1981,1981,An,21137260,A,Official figure,
QCL,Crops and livestock products,143,Morocco,5111,Stocks,1749,Sheep and Goats,1982,1982,An,14247000,A,Official figure,
QCL,Crops and livestock products,143,Morocco,5111,Stocks,1749,Sheep and Goats,1983,1983,An,17522000,A,Official figure,
QCL,Crops and livestock products,143,Morocco,5111,Stocks,1749,Sheep and Goats,1984,1984,An,15715179,A,Official figure,
QCL,Crops and livestock products,143,Morocco,5111,Stocks,1749,Sheep and Goats,1985,1985,An,17524000,A,Official figure,
QCL,Crops and livestock products,143,Morocco,5111,Stocks,1749,Sheep and Goats,1986,1986,An,19821200,A,Official figure,
QCL,Crops and livestock products,143,Morocco,5111,Stocks,1749,Sheep and Goats,1987,1987,An,21942560,A,Official figure,
QCL,Crops and livestock products,143,Morocco,5111,Stocks,1749,Sheep and Goats,1988,1988,An,17763840,A,Official figure,
QCL,Crops and livestock products,143,Morocco,5111,Stocks,1749,Sheep and Goats,1989,1989,An,19042678,A,Official figure,
QCL,Crops and livestock products,143,Morocco,5111,Stocks,1749,Sheep and Goats,1990,1990,An,18849519,A,Official figure,
QCL,Crops and livestock products,143,Morocco,5111,Stocks,1749,Sheep and Goats,1991,1991,An,17868552,A,Official figure,
QCL,Crops and livestock products,143,Morocco,5111,Stocks,1749,Sheep and Goats,1992,1992,An,17827376,A,Official figure,
QCL,Crops and livestock products,143,Morocco,5111,Stocks,1749,Sheep and Goats,1993,1993,An,15735490,A,Official figure,
QCL,Crops and livestock products,143,Morocco,5111,Stocks,1749,Sheep and Goats,1994,1994,An,17281900,A,Official figure,
QCL,Crops and livestock products,143,Morocco,5111,Stocks,1749,Sheep and Goats,1995,1995,An,17403000,A,Official figure,
QCL,Crops and livestock products,143,Morocco,5111,Stocks,1749,Sheep and Goats,1996,1996,An,19130800,A,Official figure,
QCL,Crops and livestock products,143,Morocco,5111,Stocks,1749,Sheep and Goats,1997,1997,An,20076600,A,Official figure,
QCL,Crops and livestock products,143,Morocco,5111,Stocks,1749,Sheep and Goats,1998,1998,An,19743100,A,Official figure,
QCL,Crops and livestock products,143,Morocco,5111,Stocks,1749,Sheep and Goats,1999,1999,An,21280800,A,Official figure,
QCL,Crops and livestock products,143,Morocco,5111,Stocks,1749,Sheep and Goats,2000,2000,An,22230400,A,Official figure,
QCL,Crops and livestock products,143,Morocco,5111,Stocks,1749,Sheep and Goats,2001,2001,An,22305600,A,Official figure,
QCL,Crops and livestock products,143,Morocco,5111,Stocks,1749,Sheep and Goats,2002,2002,An,21425900,A,Official figure,
QCL,Crops and livestock products,143,Morocco,5111,Stocks,1749,Sheep and Goats,2003,2003,An,21951300,A,Official figure,
QCL,Crops and livestock products,143,Morocco,5111,Stocks,1749,Sheep and Goats,2004,2004,An,22384900,A,Official figure,
QCL,Crops and livestock products,143,Morocco,5111,Stocks,1749,Sheep and Goats,2005,2005,An,22203600,A,Official figure,
QCL,Crops and livestock products,143,Morocco,5111,Stocks,1749,Sheep and Goats,2006,2006,An,22615100,A,Official figure,
QCL,Crops and livestock products,143,Morocco,5111,Stocks,1749,Sheep and Goats,2007,2007,An,22177800,A,Official figure,
QCL,Crops and livestock products,143,Morocco,5111,Stocks,1749,Sheep and Goats,2008,2008,An,22255600,A,Official figure,
QCL,Crops and livestock products,143,Morocco,5111,Stocks,1749,Sheep and Goats,2009,2009,An,22299300,A,Official figure,
QCL,Crops and livestock products,143,Morocco,5111,Stocks,1749,Sheep and Goats,2010,2010,An,23708900,A,Official figure,
QCL,Crops and livestock products,143,Morocco,5111,Stocks,1749,Sheep and Goats,2011,2011,An,24728710,A,Official figure,
QCL,Crops and livestock products,143,Morocco,5111,Stocks,1749,Sheep and Goats,2012,2012,An,24607580,A,Official figure,
QCL,Crops and livestock products,143,Morocco,5111,Stocks,1749,Sheep and Goats,2013,2013,An,24885098,A,Official figure,
QCL,Crops and livestock products,143,Morocco,5111,Stocks,1749,Sheep and Goats,2014,2014,An,25378060,A,Official figure,
QCL,Crops and livestock products,143,Morocco,5111,Stocks,1749,Sheep and Goats,2015,2015,An,24740986,A,Official figure,
QCL,Crops and livestock products,143,Morocco,5111,Stocks,1749,Sheep and Goats,2016,2016,An,25470000,A,Official figure,
QCL,Crops and livestock products,143,Morocco,5111,Stocks,1749,Sheep and Goats,2017,2017,An,25068000,A,Official figure,
QCL,Crops and livestock products,143,Morocco,5111,Stocks,1749,Sheep and Goats,2018,2018,An,25611000,A,Official figure,
QCL,Crops and livestock products,143,Morocco,5111,Stocks,1749,Sheep and Goats,2019,2019,An,27584000,A,Official figure,
QCL,Crops and livestock products,143,Morocco,5111,Stocks,1749,Sheep and Goats,2020,2020,An,28049400,A,Official figure,
QCL,Crops and livestock products,143,Morocco,5111,Stocks,1749,Sheep and Goats,2021,2021,An,28933872,A,Official figure,
QCL,Crops and livestock products,143,Morocco,5111,Stocks,1749,Sheep and Goats,2022,2022,An,27845756,A,Official figure,
QCL,Crops and livestock products,143,Morocco,5510,Production,1809,"Skim Milk & Buttermilk, Dry",2014,2014,t,1,E,Estimated value,
QCL,Crops and livestock products,143,Morocco,5510,Production,1809,"Skim Milk & Buttermilk, Dry",2015,2015,t,0,E,Estimated value,
QCL,Crops and livestock products,143,Morocco,5510,Production,1809,"Skim Milk & Buttermilk, Dry",2016,2016,t,1,E,Estimated value,
QCL,Crops and livestock products,143,Morocco,5510,Production,1809,"Skim Milk & Buttermilk, Dry",2017,2017,t,4,E,Estimated value,
QCL,Crops and livestock products,143,Morocco,5510,Production,1809,"Skim Milk & Buttermilk, Dry",2018,2018,t,11607,E,Estimated value,
QCL,Crops and livestock products,143,Morocco,5510,Production,1809,"Skim Milk & Buttermilk, Dry",2019,2019,t,11660,E,Estimated value,
QCL,Crops and livestock products,143,Morocco,5510,Production,1809,"Skim Milk & Buttermilk, Dry",2020,2020,t,11751,E,Estimated value,
QCL,Crops and livestock products,143,Morocco,5510,Production,1809,"Skim Milk & Buttermilk, Dry",2021,2021,t,11780,E,Estimated value,
QCL,Crops and livestock products,143,Morocco,5312,Area harvested,1723,Sugar Crops Primary,1961,1961,ha,3500,E,Estimated value,
QCL,Crops and livestock products,143,Morocco,5419,Yield,1723,Sugar Crops Primary,1961,1961,100 g/ha,200000,E,Estimated value,
QCL,Crops and livestock products,143,Morocco,5510,Production,1723,Sugar Crops Primary,1961,1961,t,70000,E,Estimated value,
QCL,Crops and livestock products,143,Morocco,5312,Area harvested,1723,Sugar Crops Primary,1962,1962,ha,3500,E,Estimated value,
QCL,Crops and livestock products,143,Morocco,5419,Yield,1723,Sugar Crops Primary,1962,1962,100 g/ha,200000,E,Estimated value,
QCL,Crops and livestock products,143,Morocco,5510,Production,1723,Sugar Crops Primary,1962,1962,t,70000,E,Estimated value,
QCL,Crops and livestock products,143,Morocco,5312,Area harvested,1723,Sugar Crops Primary,1963,1963,ha,3480,A,Official figure,
QCL,Crops and livestock products,143,Morocco,5419,Yield,1723,Sugar Crops Primary,1963,1963,100 g/ha,210546,A,Official figure,
QCL,Crops and livestock products,143,Morocco,5510,Production,1723,Sugar Crops Primary,1963,1963,t,73270,A,Official figure,
QCL,Crops and livestock products,143,Morocco,5312,Area harvested,1723,Sugar Crops Primary,1964,1964,ha,8630,A,Official figure,
QCL,Crops and livestock products,143,Morocco,5419,Yield,1723,Sugar Crops Primary,1964,1964,100 g/ha,209583,A,Official figure,
QCL,Crops and livestock products,143,Morocco,5510,Production,1723,Sugar Crops Primary,1964,1964,t,180870,A,Official figure,
QCL,Crops and livestock products,143,Morocco,5312,Area harvested,1723,Sugar Crops Primary,1965,1965,ha,9140,A,Official figure,
QCL,Crops and livestock products,143,Morocco,5419,Yield,1723,Sugar Crops Primary,1965,1965,100 g/ha,191411,A,Official figure,
QCL,Crops and livestock products,143,Morocco,5510,Production,1723,Sugar Crops Primary,1965,1965,t,174950,A,Official figure,
QCL,Crops and livestock products,143,Morocco,5312,Area harvested,1723,Sugar Crops Primary,1966,1966,ha,14100,A,Official figure,
QCL,Crops and livestock products,143,Morocco,5419,Yield,1723,Sugar Crops Primary,1966,1966,100 g/ha,270922,A,Official figure,
QCL,Crops and livestock products,143,Morocco,5510,Production,1723,Sugar Crops Primary,1966,1966,t,382000,A,Official figure,
QCL,Crops and livestock products,143,Morocco,5312,Area harvested,1723,Sugar Crops Primary,1967,1967,ha,20200,A,Official figure,
QCL,Crops and livestock products,143,Morocco,5419,Yield,1723,Sugar Crops Primary,1967,1967,100 g/ha,180198,A,Official figure,
QCL,Crops and livestock products,143,Morocco,5510,Production,1723,Sugar Crops Primary,1967,1967,t,364000,A,Official figure,
QCL,Crops and livestock products,143,Morocco,5312,Area harvested,1723,Sugar Crops Primary,1968,1968,ha,25600,A,Official figure,
QCL,Crops and livestock products,143,Morocco,5419,Yield,1723,Sugar Crops Primary,1968,1968,100 g/ha,292164,A,Official figure,
QCL,Crops and livestock products,143,Morocco,5510,Production,1723,Sugar Crops Primary,1968,1968,t,747940,A,Official figure,
QCL,Crops and livestock products,143,Morocco,5312,Area harvested,1723,Sugar Crops Primary,1969,1969,ha,32000,A,Official figure,
QCL,Crops and livestock products,143,Morocco,5419,Yield,1723,Sugar Crops Primary,1969,1969,100 g/ha,280844,A,Official figure,
QCL,Crops and livestock products,143,Morocco,5510,Production,1723,Sugar Crops Primary,1969,1969,t,898700,A,Official figure,
QCL,Crops and livestock products,143,Morocco,5312,Area harvested,1723,Sugar Crops Primary,1970,1970,ha,35000,A,Official figure,
QCL,Crops and livestock products,143,Morocco,5419,Yield,1723,Sugar Crops Primary,1970,1970,100 g/ha,318286,A,Official figure,
QCL,Crops and livestock products,143,Morocco,5510,Production,1723,Sugar Crops Primary,1970,1970,t,1114000,A,Official figure,
QCL,Crops and livestock products,143,Morocco,5312,Area harvested,1723,Sugar Crops Primary,1971,1971,ha,43000,A,Official figure,
QCL,Crops and livestock products,143,Morocco,5419,Yield,1723,Sugar Crops Primary,1971,1971,100 g/ha,368349,A,Official figure,
QCL,Crops and livestock products,143,Morocco,5510,Production,1723,Sugar Crops Primary,1971,1971,t,1583900,A,Official figure,
QCL,Crops and livestock products,143,Morocco,5312,Area harvested,1723,Sugar Crops Primary,1972,1972,ha,60400,A,Official figure,
QCL,Crops and livestock products,143,Morocco,5419,Yield,1723,Sugar Crops Primary,1972,1972,100 g/ha,277649,A,Official figure,
QCL,Crops and livestock products,143,Morocco,5510,Production,1723,Sugar Crops Primary,1972,1972,t,1677000,A,Official figure,
QCL,Crops and livestock products,143,Morocco,5312,Area harvested,1723,Sugar Crops Primary,1973,1973,ha,45000,A,Official figure,
QCL,Crops and livestock products,143,Morocco,5419,Yield,1723,Sugar Crops Primary,1973,1973,100 g/ha,287262,A,Official figure,
QCL,Crops and livestock products,143,Morocco,5510,Production,1723,Sugar Crops Primary,1973,1973,t,1292680,A,Official figure,
QCL,Crops and livestock products,143,Morocco,5312,Area harvested,1723,Sugar Crops Primary,1974,1974,ha,59700,E,Estimated value,
QCL,Crops and livestock products,143,Morocco,5419,Yield,1723,Sugar Crops Primary,1974,1974,100 g/ha,327240,E,Estimated value,
QCL,Crops and livestock products,143,Morocco,5510,Production,1723,Sugar Crops Primary,1974,1974,t,1953620,E,Estimated value,
QCL,Crops and livestock products,143,Morocco,5312,Area harvested,1723,Sugar Crops Primary,1975,1975,ha,66500,A,Official figure,
QCL,Crops and livestock products,143,Morocco,5419,Yield,1723,Sugar Crops Primary,1975,1975,100 g/ha,278905,A,Official figure,
QCL,Crops and livestock products,143,Morocco,5510,Production,1723,Sugar Crops Primary,1975,1975,t,1854720,A,Official figure,
QCL,Crops and livestock products,143,Morocco,5312,Area harvested,1723,Sugar Crops Primary,1976,1976,ha,68800,A,Official figure,
QCL,Crops and livestock products,143,Morocco,5419,Yield,1723,Sugar Crops Primary,1976,1976,100 g/ha,354536,A,Official figure,
QCL,Crops and livestock products,143,Morocco,5510,Production,1723,Sugar Crops Primary,1976,1976,t,2439210,A,Official figure,
QCL,Crops and livestock products,143,Morocco,5312,Area harvested,1723,Sugar Crops Primary,1977,1977,ha,51800,A,Official figure,
QCL,Crops and livestock products,143,Morocco,5419,Yield,1723,Sugar Crops Primary,1977,1977,100 g/ha,318751,A,Official figure,
QCL,Crops and livestock products,143,Morocco,5510,Production,1723,Sugar Crops Primary,1977,1977,t,1651130,A,Official figure,
QCL,Crops and livestock products,143,Morocco,5312,Area harvested,1723,Sugar Crops Primary,1978,1978,ha,63500,A,Official figure,
QCL,Crops and livestock products,143,Morocco,5419,Yield,1723,Sugar Crops Primary,1978,1978,100 g/ha,430378,A,Official figure,
QCL,Crops and livestock products,143,Morocco,5510,Production,1723,Sugar Crops Primary,1978,1978,t,2732900,A,Official figure,
QCL,Crops and livestock products,143,Morocco,5312,Area harvested,1723,Sugar Crops Primary,1979,1979,ha,66600,A,Official figure,
QCL,Crops and livestock products,143,Morocco,5419,Yield,1723,Sugar Crops Primary,1979,1979,100 g/ha,370569,A,Official figure,
QCL,Crops and livestock products,143,Morocco,5510,Production,1723,Sugar Crops Primary,1979,1979,t,2467989,A,Official figure,
QCL,Crops and livestock products,143,Morocco,5312,Area harvested,1723,Sugar Crops Primary,1980,1980,ha,67422,A,Official figure,
QCL,Crops and livestock products,143,Morocco,5419,Yield,1723,Sugar Crops Primary,1980,1980,100 g/ha,388100,A,Official figure,
QCL,Crops and livestock products,143,Morocco,5510,Production,1723,Sugar Crops Primary,1980,1980,t,2616650,A,Official figure,
QCL,Crops and livestock products,143,Morocco,5312,Area harvested,1723,Sugar Crops Primary,1981,1981,ha,64150,A,Official figure,
QCL,Crops and livestock products,143,Morocco,5419,Yield,1723,Sugar Crops Primary,1981,1981,100 g/ha,425362,A,Official figure,
QCL,Crops and livestock products,143,Morocco,5510,Production,1723,Sugar Crops Primary,1981,1981,t,2728700,A,Official figure,
QCL,Crops and livestock products,143,Morocco,5312,Area harvested,1723,Sugar Crops Primary,1982,1982,ha,64915,A,Official figure,
QCL,Crops and livestock products,143,Morocco,5419,Yield,1723,Sugar Crops Primary,1982,1982,100 g/ha,435023,A,Official figure,
QCL,Crops and livestock products,143,Morocco,5510,Production,1723,Sugar Crops Primary,1982,1982,t,2823950,A,Official figure,
QCL,Crops and livestock products,143,Morocco,5312,Area harvested,1723,Sugar Crops Primary,1983,1983,ha,75700,A,Official figure,
QCL,Crops and livestock products,143,Morocco,5419,Yield,1723,Sugar Crops Primary,1983,1983,100 g/ha,439033,A,Official figure,
QCL,Crops and livestock products,143,Morocco,5510,Production,1723,Sugar Crops Primary,1983,1983,t,3323480,A,Official figure,
QCL,Crops and livestock products,143,Morocco,5312,Area harvested,1723,Sugar Crops Primary,1984,1984,ha,64400,A,Official figure,
QCL,Crops and livestock products,143,Morocco,5419,Yield,1723,Sugar Crops Primary,1984,1984,100 g/ha,512489,A,Official figure,
QCL,Crops and livestock products,143,Morocco,5510,Production,1723,Sugar Crops Primary,1984,1984,t,3300430,A,Official figure,
QCL,Crops and livestock products,143,Morocco,5312,Area harvested,1723,Sugar Crops Primary,1985,1985,ha,68201,A,Official figure,
QCL,Crops and livestock products,143,Morocco,5419,Yield,1723,Sugar Crops Primary,1985,1985,100 g/ha,434744,A,Official figure,
QCL,Crops and livestock products,143,Morocco,5510,Production,1723,Sugar Crops Primary,1985,1985,t,2965000,A,Official figure,
QCL,Crops and livestock products,143,Morocco,5312,Area harvested,1723,Sugar Crops Primary,1986,1986,ha,67600,A,Official figure,
QCL,Crops and livestock products,143,Morocco,5419,Yield,1723,Sugar Crops Primary,1986,1986,100 g/ha,505479,A,Official figure,
QCL,Crops and livestock products,143,Morocco,5510,Production,1723,Sugar Crops Primary,1986,1986,t,3417040,A,Official figure,
QCL,Crops and livestock products,143,Morocco,5312,Area harvested,1723,Sugar Crops Primary,1987,1987,ha,73971,A,Official figure,
QCL,Crops and livestock products,143,Morocco,5419,Yield,1723,Sugar Crops Primary,1987,1987,100 g/ha,486458,A,Official figure,
QCL,Crops and livestock products,143,Morocco,5510,Production,1723,Sugar Crops Primary,1987,1987,t,3598380,A,Official figure,
QCL,Crops and livestock products,143,Morocco,5312,Area harvested,1723,Sugar Crops Primary,1988,1988,ha,76240,A,Official figure,
QCL,Crops and livestock products,143,Morocco,5419,Yield,1723,Sugar Crops Primary,1988,1988,100 g/ha,535742,A,Official figure,
QCL,Crops and livestock products,143,Morocco,5510,Production,1723,Sugar Crops Primary,1988,1988,t,4084500,A,Official figure,
QCL,Crops and livestock products,143,Morocco,5312,Area harvested,1723,Sugar Crops Primary,1989,1989,ha,78362,A,Official figure,
QCL,Crops and livestock products,143,Morocco,5419,Yield,1723,Sugar Crops Primary,1989,1989,100 g/ha,492816,A,Official figure,
QCL,Crops and livestock products,143,Morocco,5510,Production,1723,Sugar Crops Primary,1989,1989,t,3861805,A,Official figure,
QCL,Crops and livestock products,143,Morocco,5312,Area harvested,1723,Sugar Crops Primary,1990,1990,ha,79146,A,Official figure,
QCL,Crops and livestock products,143,Morocco,5419,Yield,1723,Sugar Crops Primary,1990,1990,100 g/ha,505732,A,Official figure,
QCL,Crops and livestock products,143,Morocco,5510,Production,1723,Sugar Crops Primary,1990,1990,t,4002670,A,Official figure,
QCL,Crops and livestock products,143,Morocco,5312,Area harvested,1723,Sugar Crops Primary,1991,1991,ha,83988,A,Official figure,
QCL,Crops and livestock products,143,Morocco,5419,Yield,1723,Sugar Crops Primary,1991,1991,100 g/ha,483634,A,Official figure,
QCL,Crops and livestock products,143,Morocco,5510,Production,1723,Sugar Crops Primary,1991,1991,t,4061942,A,Official figure,
QCL,Crops and livestock products,143,Morocco,5312,Area harvested,1723,Sugar Crops Primary,1992,1992,ha,67200,A,Official figure,
QCL,Crops and livestock products,143,Morocco,5419,Yield,1723,Sugar Crops Primary,1992,1992,100 g/ha,557711,A,Official figure,
QCL,Crops and livestock products,143,Morocco,5510,Production,1723,Sugar Crops Primary,1992,1992,t,3747815,A,Official figure,
QCL,Crops and livestock products,143,Morocco,5312,Area harvested,1723,Sugar Crops Primary,1993,1993,ha,77711,A,Official figure,
QCL,Crops and livestock products,143,Morocco,5419,Yield,1723,Sugar Crops Primary,1993,1993,100 g/ha,515386,A,Official figure,
QCL,Crops and livestock products,143,Morocco,5510,Production,1723,Sugar Crops Primary,1993,1993,t,4005118,A,Official figure,
QCL,Crops and livestock products,143,Morocco,5312,Area harvested,1723,Sugar Crops Primary,1994,1994,ha,77900,A,Official figure,
QCL,Crops and livestock products,143,Morocco,5419,Yield,1723,Sugar Crops Primary,1994,1994,100 g/ha,522379,A,Official figure,
QCL,Crops and livestock products,143,Morocco,5510,Production,1723,Sugar Crops Primary,1994,1994,t,4069330,A,Official figure,
QCL,Crops and livestock products,143,Morocco,5312,Area harvested,1723,Sugar Crops Primary,1995,1995,ha,73000,A,Official figure,
QCL,Crops and livestock products,143,Morocco,5419,Yield,1723,Sugar Crops Primary,1995,1995,100 g/ha,513523,A,Official figure,
QCL,Crops and livestock products,143,Morocco,5510,Production,1723,Sugar Crops Primary,1995,1995,t,3748720,A,Official figure,
QCL,Crops and livestock products,143,Morocco,5312,Area harvested,1723,Sugar Crops Primary,1996,1996,ha,70746,A,Official figure,
QCL,Crops and livestock products,143,Morocco,5419,Yield,1723,Sugar Crops Primary,1996,1996,100 g/ha,515747,A,Official figure,
QCL,Crops and livestock products,143,Morocco,5510,Production,1723,Sugar Crops Primary,1996,1996,t,3648706,A,Official figure,
QCL,Crops and livestock products,143,Morocco,5312,Area harvested,1723,Sugar Crops Primary,1997,1997,ha,74000,A,Official figure,
QCL,Crops and livestock products,143,Morocco,5419,Yield,1723,Sugar Crops Primary,1997,1997,100 g/ha,453457,A,Official figure,
QCL,Crops and livestock products,143,Morocco,5510,Production,1723,Sugar Crops Primary,1997,1997,t,3355580,A,Official figure,
QCL,Crops and livestock products,143,Morocco,5312,Area harvested,1723,Sugar Crops Primary,1998,1998,ha,64974,A,Official figure,
QCL,Crops and livestock products,143,Morocco,5419,Yield,1723,Sugar Crops Primary,1998,1998,100 g/ha,627749,A,Official figure,
QCL,Crops and livestock products,143,Morocco,5510,Production,1723,Sugar Crops Primary,1998,1998,t,4078735,A,Official figure,
QCL,Crops and livestock products,143,Morocco,5312,Area harvested,1723,Sugar Crops Primary,1999,1999,ha,78640,A,Official figure,
QCL,Crops and livestock products,143,Morocco,5419,Yield,1723,Sugar Crops Primary,1999,1999,100 g/ha,586060,A,Official figure,
QCL,Crops and livestock products,143,Morocco,5510,Production,1723,Sugar Crops Primary,1999,1999,t,4608775,A,Official figure,
QCL,Crops and livestock products,143,Morocco,5312,Area harvested,1723,Sugar Crops Primary,2000,2000,ha,71500,A,Official figure,
QCL,Crops and livestock products,143,Morocco,5419,Yield,1723,Sugar Crops Primary,2000,2000,100 g/ha,604102,A,Official figure,
QCL,Crops and livestock products,143,Morocco,5510,Production,1723,Sugar Crops Primary,2000,2000,t,4319331,A,Official figure,
QCL,Crops and livestock products,143,Morocco,5312,Area harvested,1723,Sugar Crops Primary,2001,2001,ha,70700,A,Official figure,
QCL,Crops and livestock products,143,Morocco,5419,Yield,1723,Sugar Crops Primary,2001,2001,100 g/ha,558690,A,Official figure,
QCL,Crops and livestock products,143,Morocco,5510,Production,1723,Sugar Crops Primary,2001,2001,t,3949938,A,Official figure,
QCL,Crops and livestock products,143,Morocco,5312,Area harvested,1723,Sugar Crops Primary,2002,2002,ha,73300,A,Official figure,
QCL,Crops and livestock products,143,Morocco,5419,Yield,1723,Sugar Crops Primary,2002,2002,100 g/ha,536962,A,Official figure,
QCL,Crops and livestock products,143,Morocco,5510,Production,1723,Sugar Crops Primary,2002,2002,t,3935930,A,Official figure,
QCL,Crops and livestock products,143,Morocco,5312,Area harvested,1723,Sugar Crops Primary,2003,2003,ha,77500,A,Official figure,
QCL,Crops and livestock products,143,Morocco,5419,Yield,1723,Sugar Crops Primary,2003,2003,100 g/ha,558338,A,Official figure,
QCL,Crops and livestock products,143,Morocco,5510,Production,1723,Sugar Crops Primary,2003,2003,t,4327120,A,Official figure,
QCL,Crops and livestock products,143,Morocco,5312,Area harvested,1723,Sugar Crops Primary,2004,2004,ha,72700,A,Official figure,
QCL,Crops and livestock products,143,Morocco,5419,Yield,1723,Sugar Crops Primary,2004,2004,100 g/ha,558761,A,Official figure,
QCL,Crops and livestock products,143,Morocco,5510,Production,1723,Sugar Crops Primary,2004,2004,t,4062190,A,Official figure,
QCL,Crops and livestock products,143,Morocco,5312,Area harvested,1723,Sugar Crops Primary,2005,2005,ha,82800,A,Official figure,
QCL,Crops and livestock products,143,Morocco,5419,Yield,1723,Sugar Crops Primary,2005,2005,100 g/ha,493216,A,Official figure,
QCL,Crops and livestock products,143,Morocco,5510,Production,1723,Sugar Crops Primary,2005,2005,t,4083830,A,Official figure,
QCL,Crops and livestock products,143,Morocco,5312,Area harvested,1723,Sugar Crops Primary,2006,2006,ha,63640,A,Official figure,
QCL,Crops and livestock products,143,Morocco,5419,Yield,1723,Sugar Crops Primary,2006,2006,100 g/ha,557619,A,Official figure,
QCL,Crops and livestock products,143,Morocco,5510,Production,1723,Sugar Crops Primary,2006,2006,t,3548690,A,Official figure,
QCL,Crops and livestock products,143,Morocco,5312,Area harvested,1723,Sugar Crops Primary,2007,2007,ha,64200,A,Official figure,
QCL,Crops and livestock products,143,Morocco,5419,Yield,1723,Sugar Crops Primary,2007,2007,100 g/ha,532375,A,Official figure,
QCL,Crops and livestock products,143,Morocco,5510,Production,1723,Sugar Crops Primary,2007,2007,t,3417850,A,Official figure,
QCL,Crops and livestock products,143,Morocco,5312,Area harvested,1723,Sugar Crops Primary,2008,2008,ha,70100,A,Official figure,
QCL,Crops and livestock products,143,Morocco,5419,Yield,1723,Sugar Crops Primary,2008,2008,100 g/ha,547546,A,Official figure,
QCL,Crops and livestock products,143,Morocco,5510,Production,1723,Sugar Crops Primary,2008,2008,t,3838300,A,Official figure,
QCL,Crops and livestock products,143,Morocco,5312,Area harvested,1723,Sugar Crops Primary,2009,2009,ha,62800,A,Official figure,
QCL,Crops and livestock products,143,Morocco,5419,Yield,1723,Sugar Crops Primary,2009,2009,100 g/ha,567900,A,Official figure,
QCL,Crops and livestock products,143,Morocco,5510,Production,1723,Sugar Crops Primary,2009,2009,t,3566410,A,Official figure,
QCL,Crops and livestock products,143,Morocco,5312,Area harvested,1723,Sugar Crops Primary,2010,2010,ha,53500,A,Official figure,
QCL,Crops and livestock products,143,Morocco,5419,Yield,1723,Sugar Crops Primary,2010,2010,100 g/ha,573493,A,Official figure,
QCL,Crops and livestock products,143,Morocco,5510,Production,1723,Sugar Crops Primary,2010,2010,t,3068190,A,Official figure,
QCL,Crops and livestock products,143,Morocco,5312,Area harvested,1723,Sugar Crops Primary,2011,2011,ha,60489,A,Official figure,
QCL,Crops and livestock products,143,Morocco,5419,Yield,1723,Sugar Crops Primary,2011,2011,100 g/ha,628057,A,Official figure,
QCL,Crops and livestock products,143,Morocco,5510,Production,1723,Sugar Crops Primary,2011,2011,t,3799056,A,Official figure,
QCL,Crops and livestock products,143,Morocco,5312,Area harvested,1723,Sugar Crops Primary,2012,2012,ha,38986,A,Official figure,
QCL,Crops and livestock products,143,Morocco,5419,Yield,1723,Sugar Crops Primary,2012,2012,100 g/ha,556009,A,Official figure,
QCL,Crops and livestock products,143,Morocco,5510,Production,1723,Sugar Crops Primary,2012,2012,t,2167655,A,Official figure,
QCL,Crops and livestock products,143,Morocco,5312,Area harvested,1723,Sugar Crops Primary,2013,2013,ha,52662,A,Official figure,
QCL,Crops and livestock products,143,Morocco,5419,Yield,1723,Sugar Crops Primary,2013,2013,100 g/ha,524435,A,Official figure,
QCL,Crops and livestock products,143,Morocco,5510,Production,1723,Sugar Crops Primary,2013,2013,t,2761782,A,Official figure,
QCL,Crops and livestock products,143,Morocco,5312,Area harvested,1723,Sugar Crops Primary,2014,2014,ha,60865,A,Official figure,
QCL,Crops and livestock products,143,Morocco,5419,Yield,1723,Sugar Crops Primary,2014,2014,100 g/ha,572935,A,Official figure,
QCL,Crops and livestock products,143,Morocco,5510,Production,1723,Sugar Crops Primary,2014,2014,t,3487167.54,A,Official figure,
QCL,Crops and livestock products,143,Morocco,5312,Area harvested,1723,Sugar Crops Primary,2015,2015,ha,69393,A,Official figure,
QCL,Crops and livestock products,143,Morocco,5419,Yield,1723,Sugar Crops Primary,2015,2015,100 g/ha,615474,A,Official figure,
QCL,Crops and livestock products,143,Morocco,5510,Production,1723,Sugar Crops Primary,2015,2015,t,4270953.5,A,Official figure,
QCL,Crops and livestock products,143,Morocco,5312,Area harvested,1723,Sugar Crops Primary,2016,2016,ha,71412,A,Official figure,
QCL,Crops and livestock products,143,Morocco,5419,Yield,1723,Sugar Crops Primary,2016,2016,100 g/ha,650515,A,Official figure,
QCL,Crops and livestock products,143,Morocco,5510,Production,1723,Sugar Crops Primary,2016,2016,t,4645425.51,A,Official figure,
QCL,Crops and livestock products,143,Morocco,5312,Area harvested,1723,Sugar Crops Primary,2017,2017,ha,68390,A,Official figure,
QCL,Crops and livestock products,143,Morocco,5419,Yield,1723,Sugar Crops Primary,2017,2017,100 g/ha,627954,A,Official figure,
QCL,Crops and livestock products,143,Morocco,5510,Production,1723,Sugar Crops Primary,2017,2017,t,4294552.62,A,Official figure,
QCL,Crops and livestock products,143,Morocco,5312,Area harvested,1723,Sugar Crops Primary,2018,2018,ha,62706,A,Official figure,
QCL,Crops and livestock products,143,Morocco,5419,Yield,1723,Sugar Crops Primary,2018,2018,100 g/ha,689989,A,Official figure,
QCL,Crops and livestock products,143,Morocco,5510,Production,1723,Sugar Crops Primary,2018,2018,t,4326627.11,A,Official figure,
QCL,Crops and livestock products,143,Morocco,5312,Area harvested,1723,Sugar Crops Primary,2019,2019,ha,68477,A,Official figure,
QCL,Crops and livestock products,143,Morocco,5419,Yield,1723,Sugar Crops Primary,2019,2019,100 g/ha,615078,A,Official figure,
QCL,Crops and livestock products,143,Morocco,5510,Production,1723,Sugar Crops Primary,2019,2019,t,4211840,A,Official figure,
QCL,Crops and livestock products,143,Morocco,5312,Area harvested,1723,Sugar Crops Primary,2020,2020,ha,69352,A,Official figure,
QCL,Crops and livestock products,143,Morocco,5419,Yield,1723,Sugar Crops Primary,2020,2020,100 g/ha,637914,A,Official figure,
QCL,Crops and livestock products,143,Morocco,5510,Production,1723,Sugar Crops Primary,2020,2020,t,4424045.6,A,Official figure,
QCL,Crops and livestock products,143,Morocco,5312,Area harvested,1723,Sugar Crops Primary,2021,2021,ha,54630,A,Official figure,
QCL,Crops and livestock products,143,Morocco,5419,Yield,1723,Sugar Crops Primary,2021,2021,100 g/ha,583427,A,Official figure,
QCL,Crops and livestock products,143,Morocco,5510,Production,1723,Sugar Crops Primary,2021,2021,t,3187245,A,Official figure,
QCL,Crops and livestock products,143,Morocco,5312,Area harvested,1723,Sugar Crops Primary,2022,2022,ha,48111,A,Official figure,
QCL,Crops and livestock products,143,Morocco,5419,Yield,1723,Sugar Crops Primary,2022,2022,100 g/ha,513380,A,Official figure,
QCL,Crops and livestock products,143,Morocco,5510,Production,1723,Sugar Crops Primary,2022,2022,t,2469933.9,A,Official figure,
QCL,Crops and livestock products,143,Morocco,5312,Area harvested,1729,"Treenuts, Total",1961,1961,ha,0,A,Official figure,
QCL,Crops and livestock products,143,Morocco,5510,Production,1729,"Treenuts, Total",1961,1961,t,12509,A,Official figure,
QCL,Crops and livestock products,143,Morocco,5312,Area harvested,1729,"Treenuts, Total",1962,1962,ha,0,A,Official figure,
QCL,Crops and livestock products,143,Morocco,5510,Production,1729,"Treenuts, Total",1962,1962,t,22030,A,Official figure,
QCL,Crops and livestock products,143,Morocco,5312,Area harvested,1729,"Treenuts, Total",1963,1963,ha,0,A,Official figure,
QCL,Crops and livestock products,143,Morocco,5510,Production,1729,"Treenuts, Total",1963,1963,t,24675,A,Official figure,
QCL,Crops and livestock products,143,Morocco,5312,Area harvested,1729,"Treenuts, Total",1964,1964,ha,0,A,Official figure,
QCL,Crops and livestock products,143,Morocco,5510,Production,1729,"Treenuts, Total",1964,1964,t,23030,E,Estimated value,
QCL,Crops and livestock products,143,Morocco,5312,Area harvested,1729,"Treenuts, Total",1965,1965,ha,0,A,Official figure,
QCL,Crops and livestock products,143,Morocco,5510,Production,1729,"Treenuts, Total",1965,1965,t,20030,E,Estimated value,
QCL,Crops and livestock products,143,Morocco,5312,Area harvested,1729,"Treenuts, Total",1966,1966,ha,0,A,Official figure,
QCL,Crops and livestock products,143,Morocco,5510,Production,1729,"Treenuts, Total",1966,1966,t,20050,E,Estimated value,
QCL,Crops and livestock products,143,Morocco,5312,Area harvested,1729,"Treenuts, Total",1967,1967,ha,0,A,Official figure,
QCL,Crops and livestock products,143,Morocco,5510,Production,1729,"Treenuts, Total",1967,1967,t,20050,E,Estimated value,
QCL,Crops and livestock products,143,Morocco,5312,Area harvested,1729,"Treenuts, Total",1968,1968,ha,0,A,Official figure,
QCL,Crops and livestock products,143,Morocco,5510,Production,1729,"Treenuts, Total",1968,1968,t,17130,E,Estimated value,
QCL,Crops and livestock products,143,Morocco,5312,Area harvested,1729,"Treenuts, Total",1969,1969,ha,0,A,Official figure,
QCL,Crops and livestock products,143,Morocco,5510,Production,1729,"Treenuts, Total",1969,1969,t,15530,E,Estimated value,
QCL,Crops and livestock products,143,Morocco,5312,Area harvested,1729,"Treenuts, Total",1970,1970,ha,0,A,Official figure,
QCL,Crops and livestock products,143,Morocco,5510,Production,1729,"Treenuts, Total",1970,1970,t,13510,E,Estimated value,
QCL,Crops and livestock products,143,Morocco,5312,Area harvested,1729,"Treenuts, Total",1971,1971,ha,0,A,Official figure,
QCL,Crops and livestock products,143,Morocco,5510,Production,1729,"Treenuts, Total",1971,1971,t,11020,E,Estimated value,
QCL,Crops and livestock products,143,Morocco,5312,Area harvested,1729,"Treenuts, Total",1972,1972,ha,0,A,Official figure,
QCL,Crops and livestock products,143,Morocco,5510,Production,1729,"Treenuts, Total",1972,1972,t,15530,E,Estimated value,
QCL,Crops and livestock products,143,Morocco,5312,Area harvested,1729,"Treenuts, Total",1973,1973,ha,0,A,Official figure,
QCL,Crops and livestock products,143,Morocco,5510,Production,1729,"Treenuts, Total",1973,1973,t,17540,E,Estimated value,
QCL,Crops and livestock products,143,Morocco,5312,Area harvested,1729,"Treenuts, Total",1974,1974,ha,0,A,Official figure,
QCL,Crops and livestock products,143,Morocco,5510,Production,1729,"Treenuts, Total",1974,1974,t,17730,E,Estimated value,
QCL,Crops and livestock products,143,Morocco,5312,Area harvested,1729,"Treenuts, Total",1975,1975,ha,0,A,Official figure,
QCL,Crops and livestock products,143,Morocco,5510,Production,1729,"Treenuts, Total",1975,1975,t,19920,E,Estimated value,
QCL,Crops and livestock products,143,Morocco,5312,Area harvested,1729,"Treenuts, Total",1976,1976,ha,0,A,Official figure,
QCL,Crops and livestock products,143,Morocco,5510,Production,1729,"Treenuts, Total",1976,1976,t,21130,E,Estimated value,
QCL,Crops and livestock products,143,Morocco,5312,Area harvested,1729,"Treenuts, Total",1977,1977,ha,0,A,Official figure,
QCL,Crops and livestock products,143,Morocco,5510,Production,1729,"Treenuts, Total",1977,1977,t,23220,E,Estimated value,
QCL,Crops and livestock products,143,Morocco,5312,Area harvested,1729,"Treenuts, Total",1978,1978,ha,0,A,Official figure,
QCL,Crops and livestock products,143,Morocco,5510,Production,1729,"Treenuts, Total",1978,1978,t,25320,E,Estimated value,
QCL,Crops and livestock products,143,Morocco,5312,Area harvested,1729,"Treenuts, Total",1979,1979,ha,0,A,Official figure,
QCL,Crops and livestock products,143,Morocco,5510,Production,1729,"Treenuts, Total",1979,1979,t,30420,E,Estimated value,
QCL,Crops and livestock products,143,Morocco,5312,Area harvested,1729,"Treenuts, Total",1980,1980,ha,70000,E,Estimated value,
QCL,Crops and livestock products,143,Morocco,5419,Yield,1729,"Treenuts, Total",1980,1980,100 g/ha,5077,E,Estimated value,
QCL,Crops and livestock products,143,Morocco,5510,Production,1729,"Treenuts, Total",1980,1980,t,35540,E,Estimated value,
QCL,Crops and livestock products,143,Morocco,5312,Area harvested,1729,"Treenuts, Total",1981,1981,ha,89000,A,Official figure,
QCL,Crops and livestock products,143,Morocco,5419,Yield,1729,"Treenuts, Total",1981,1981,100 g/ha,7308,E,Estimated value,
QCL,Crops and livestock products,143,Morocco,5510,Production,1729,"Treenuts, Total",1981,1981,t,65040,E,Estimated value,
QCL,Crops and livestock products,143,Morocco,5312,Area harvested,1729,"Treenuts, Total",1982,1982,ha,90000,A,Official figure,
QCL,Crops and livestock products,143,Morocco,5419,Yield,1729,"Treenuts, Total",1982,1982,100 g/ha,6960,E,Estimated value,
QCL,Crops and livestock products,143,Morocco,5510,Production,1729,"Treenuts, Total",1982,1982,t,62640,E,Estimated value,
QCL,Crops and livestock products,143,Morocco,5312,Area harvested,1729,"Treenuts, Total",1983,1983,ha,91300,A,Official figure,
QCL,Crops and livestock products,143,Morocco,5419,Yield,1729,"Treenuts, Total",1983,1983,100 g/ha,2301,E,Estimated value,
QCL,Crops and livestock products,143,Morocco,5510,Production,1729,"Treenuts, Total",1983,1983,t,21010,E,Estimated value,
QCL,Crops and livestock products,143,Morocco,5312,Area harvested,1729,"Treenuts, Total",1984,1984,ha,92100,A,Official figure,
QCL,Crops and livestock products,143,Morocco,5419,Yield,1729,"Treenuts, Total",1984,1984,100 g/ha,4339,E,Estimated value,
QCL,Crops and livestock products,143,Morocco,5510,Production,1729,"Treenuts, Total",1984,1984,t,39960,E,Estimated value,
QCL,Crops and livestock products,143,Morocco,5312,Area harvested,1729,"Treenuts, Total",1985,1985,ha,99000,E,Estimated value,
QCL,Crops and livestock products,143,Morocco,5419,Yield,1729,"Treenuts, Total",1985,1985,100 g/ha,3289,E,Estimated value,
QCL,Crops and livestock products,143,Morocco,5510,Production,1729,"Treenuts, Total",1985,1985,t,32560,E,Estimated value,
QCL,Crops and livestock products,143,Morocco,5312,Area harvested,1729,"Treenuts, Total",1986,1986,ha,99800,E,Estimated value,
QCL,Crops and livestock products,143,Morocco,5419,Yield,1729,"Treenuts, Total",1986,1986,100 g/ha,3720,E,Estimated value,
QCL,Crops and livestock products,143,Morocco,5510,Production,1729,"Treenuts, Total",1986,1986,t,37130,E,Estimated value,
QCL,Crops and livestock products,143,Morocco,5312,Area harvested,1729,"Treenuts, Total",1987,1987,ha,100300,E,Estimated value,
QCL,Crops and livestock products,143,Morocco,5419,Yield,1729,"Treenuts, Total",1987,1987,100 g/ha,3298,E,Estimated value,
QCL,Crops and livestock products,143,Morocco,5510,Production,1729,"Treenuts, Total",1987,1987,t,33080,A,Official figure,
QCL,Crops and livestock products,143,Morocco,5312,Area harvested,1729,"Treenuts, Total",1988,1988,ha,108600,E,Estimated value,
QCL,Crops and livestock products,143,Morocco,5419,Yield,1729,"Treenuts, Total",1988,1988,100 g/ha,3552,E,Estimated value,
QCL,Crops and livestock products,143,Morocco,5510,Production,1729,"Treenuts, Total",1988,1988,t,38580,A,Official figure,
QCL,Crops and livestock products,143,Morocco,5312,Area harvested,1729,"Treenuts, Total",1989,1989,ha,108900,E,Estimated value,
QCL,Crops and livestock products,143,Morocco,5419,Yield,1729,"Treenuts, Total",1989,1989,100 g/ha,5248,E,Estimated value,
QCL,Crops and livestock products,143,Morocco,5510,Production,1729,"Treenuts, Total",1989,1989,t,57150,A,Official figure,
QCL,Crops and livestock products,143,Morocco,5312,Area harvested,1729,"Treenuts, Total",1990,1990,ha,112149,E,Estimated value,
QCL,Crops and livestock products,143,Morocco,5419,Yield,1729,"Treenuts, Total",1990,1990,100 g/ha,5292,E,Estimated value,
QCL,Crops and livestock products,143,Morocco,5510,Production,1729,"Treenuts, Total",1990,1990,t,59354,E,Estimated value,
QCL,Crops and livestock products,143,Morocco,5312,Area harvested,1729,"Treenuts, Total",1991,1991,ha,114025,E,Estimated value,
QCL,Crops and livestock products,143,Morocco,5419,Yield,1729,"Treenuts, Total",1991,1991,100 g/ha,6297,E,Estimated value,
QCL,Crops and livestock products,143,Morocco,5510,Production,1729,"Treenuts, Total",1991,1991,t,71805.67,E,Estimated value,
QCL,Crops and livestock products,143,Morocco,5312,Area harvested,1729,"Treenuts, Total",1992,1992,ha,122730,E,Estimated value,
QCL,Crops and livestock products,143,Morocco,5419,Yield,1729,"Treenuts, Total",1992,1992,100 g/ha,4569,E,Estimated value,
QCL,Crops and livestock products,143,Morocco,5510,Production,1729,"Treenuts, Total",1992,1992,t,56076.94,E,Estimated value,
QCL,Crops and livestock products,143,Morocco,5312,Area harvested,1729,"Treenuts, Total",1993,1993,ha,123530,E,Estimated value,
QCL,Crops and livestock products,143,Morocco,5419,Yield,1729,"Treenuts, Total",1993,1993,100 g/ha,3942,E,Estimated value,
QCL,Crops and livestock products,143,Morocco,5510,Production,1729,"Treenuts, Total",1993,1993,t,48700.5,E,Estimated value,
QCL,Crops and livestock products,143,Morocco,5312,Area harvested,1729,"Treenuts, Total",1994,1994,ha,130240,E,Estimated value,
QCL,Crops and livestock products,143,Morocco,5419,Yield,1729,"Treenuts, Total",1994,1994,100 g/ha,2605,E,Estimated value,
QCL,Crops and livestock products,143,Morocco,5510,Production,1729,"Treenuts, Total",1994,1994,t,33926.3,E,Estimated value,
QCL,Crops and livestock products,143,Morocco,5312,Area harvested,1729,"Treenuts, Total",1995,1995,ha,135540,E,Estimated value,
QCL,Crops and livestock products,143,Morocco,5419,Yield,1729,"Treenuts, Total",1995,1995,100 g/ha,3634,E,Estimated value,
QCL,Crops and livestock products,143,Morocco,5510,Production,1729,"Treenuts, Total",1995,1995,t,49250.61,E,Estimated value,
QCL,Crops and livestock products,143,Morocco,5312,Area harvested,1729,"Treenuts, Total",1996,1996,ha,140350,E,Estimated value,
QCL,Crops and livestock products,143,Morocco,5419,Yield,1729,"Treenuts, Total",1996,1996,100 g/ha,2912,E,Estimated value,
QCL,Crops and livestock products,143,Morocco,5510,Production,1729,"Treenuts, Total",1996,1996,t,40875.76,E,Estimated value,
QCL,Crops and livestock products,143,Morocco,5312,Area harvested,1729,"Treenuts, Total",1997,1997,ha,144750,E,Estimated value,
QCL,Crops and livestock products,143,Morocco,5419,Yield,1729,"Treenuts, Total",1997,1997,100 g/ha,4118,E,Estimated value,
QCL,Crops and livestock products,143,Morocco,5510,Production,1729,"Treenuts, Total",1997,1997,t,59610,A,Official figure,
QCL,Crops and livestock products,143,Morocco,5312,Area harvested,1729,"Treenuts, Total",1998,1998,ha,144660,E,Estimated value,
QCL,Crops and livestock products,143,Morocco,5419,Yield,1729,"Treenuts, Total",1998,1998,100 g/ha,4011,E,Estimated value,
QCL,Crops and livestock products,143,Morocco,5510,Production,1729,"Treenuts, Total",1998,1998,t,58024.66,A,Official figure,
QCL,Crops and livestock products,143,Morocco,5312,Area harvested,1729,"Treenuts, Total",1999,1999,ha,144402,E,Estimated value,
QCL,Crops and livestock products,143,Morocco,5419,Yield,1729,"Treenuts, Total",1999,1999,100 g/ha,6209,E,Estimated value,
QCL,Crops and livestock products,143,Morocco,5510,Production,1729,"Treenuts, Total",1999,1999,t,89653.32,E,Estimated value,
QCL,Crops and livestock products,143,Morocco,5312,Area harvested,1729,"Treenuts, Total",2000,2000,ha,142870,E,Estimated value,
QCL,Crops and livestock products,143,Morocco,5419,Yield,1729,"Treenuts, Total",2000,2000,100 g/ha,5034,E,Estimated value,
QCL,Crops and livestock products,143,Morocco,5510,Production,1729,"Treenuts, Total",2000,2000,t,71918.18,A,Official figure,
QCL,Crops and livestock products,143,Morocco,5312,Area harvested,1729,"Treenuts, Total",2001,2001,ha,142680,E,Estimated value,
QCL,Crops and livestock products,143,Morocco,5419,Yield,1729,"Treenuts, Total",2001,2001,100 g/ha,7009,E,Estimated value,
QCL,Crops and livestock products,143,Morocco,5510,Production,1729,"Treenuts, Total",2001,2001,t,100000,A,Official figure,
QCL,Crops and livestock products,143,Morocco,5312,Area harvested,1729,"Treenuts, Total",2002,2002,ha,139321,E,Estimated value,
QCL,Crops and livestock products,143,Morocco,5419,Yield,1729,"Treenuts, Total",2002,2002,100 g/ha,6553,E,Estimated value,
QCL,Crops and livestock products,143,Morocco,5510,Production,1729,"Treenuts, Total",2002,2002,t,91302.7,E,Estimated value,
QCL,Crops and livestock products,143,Morocco,5312,Area harvested,1729,"Treenuts, Total",2003,2003,ha,136150,E,Estimated value,
QCL,Crops and livestock products,143,Morocco,5419,Yield,1729,"Treenuts, Total",2003,2003,100 g/ha,5327,E,Estimated value,
QCL,Crops and livestock products,143,Morocco,5510,Production,1729,"Treenuts, Total",2003,2003,t,72524.21,A,Official figure,
QCL,Crops and livestock products,143,Morocco,5312,Area harvested,1729,"Treenuts, Total",2004,2004,ha,139180,E,Estimated value,
QCL,Crops and livestock products,143,Morocco,5419,Yield,1729,"Treenuts, Total",2004,2004,100 g/ha,4873,E,Estimated value,
QCL,Crops and livestock products,143,Morocco,5510,Production,1729,"Treenuts, Total",2004,2004,t,67823.74,E,Estimated value,
QCL,Crops and livestock products,143,Morocco,5312,Area harvested,1729,"Treenuts, Total",2005,2005,ha,146540,E,Estimated value,
QCL,Crops and livestock products,143,Morocco,5419,Yield,1729,"Treenuts, Total",2005,2005,100 g/ha,5541,E,Estimated value,
QCL,Crops and livestock products,143,Morocco,5510,Production,1729,"Treenuts, Total",2005,2005,t,81192.9,E,Estimated value,
QCL,Crops and livestock products,143,Morocco,5312,Area harvested,1729,"Treenuts, Total",2006,2006,ha,148560,E,Estimated value,
QCL,Crops and livestock products,143,Morocco,5419,Yield,1729,"Treenuts, Total",2006,2006,100 g/ha,6303,E,Estimated value,
QCL,Crops and livestock products,143,Morocco,5510,Production,1729,"Treenuts, Total",2006,2006,t,93641.56,E,Estimated value,
QCL,Crops and livestock products,143,Morocco,5312,Area harvested,1729,"Treenuts, Total",2007,2007,ha,150162,E,Estimated value,
QCL,Crops and livestock products,143,Morocco,5419,Yield,1729,"Treenuts, Total",2007,2007,100 g/ha,6371,E,Estimated value,
QCL,Crops and livestock products,143,Morocco,5510,Production,1729,"Treenuts, Total",2007,2007,t,95674.6,E,Estimated value,
QCL,Crops and livestock products,143,Morocco,5312,Area harvested,1729,"Treenuts, Total",2008,2008,ha,149327,E,Estimated value,
QCL,Crops and livestock products,143,Morocco,5419,Yield,1729,"Treenuts, Total",2008,2008,100 g/ha,6715,E,Estimated value,
QCL,Crops and livestock products,143,Morocco,5510,Production,1729,"Treenuts, Total",2008,2008,t,100270.35,E,Estimated value,
QCL,Crops and livestock products,143,Morocco,5312,Area harvested,1729,"Treenuts, Total",2009,2009,ha,141307,E,Estimated value,
QCL,Crops and livestock products,143,Morocco,5419,Yield,1729,"Treenuts, Total",2009,2009,100 g/ha,9018,E,Estimated value,
QCL,Crops and livestock products,143,Morocco,5510,Production,1729,"Treenuts, Total",2009,2009,t,127434.16,E,Estimated value,
QCL,Crops and livestock products,143,Morocco,5312,Area harvested,1729,"Treenuts, Total",2010,2010,ha,147212,E,Estimated value,
QCL,Crops and livestock products,143,Morocco,5419,Yield,1729,"Treenuts, Total",2010,2010,100 g/ha,6639,E,Estimated value,
QCL,Crops and livestock products,143,Morocco,5510,Production,1729,"Treenuts, Total",2010,2010,t,97733.13,E,Estimated value,
QCL,Crops and livestock products,143,Morocco,5312,Area harvested,1729,"Treenuts, Total",2011,2011,ha,151536,E,Estimated value,
QCL,Crops and livestock products,143,Morocco,5419,Yield,1729,"Treenuts, Total",2011,2011,100 g/ha,7001,E,Estimated value,
QCL,Crops and livestock products,143,Morocco,5510,Production,1729,"Treenuts, Total",2011,2011,t,106083.22,E,Estimated value,
QCL,Crops and livestock products,143,Morocco,5312,Area harvested,1729,"Treenuts, Total",2012,2012,ha,156100,E,Estimated value,
QCL,Crops and livestock products,143,Morocco,5419,Yield,1729,"Treenuts, Total",2012,2012,100 g/ha,6913,E,Estimated value,
QCL,Crops and livestock products,143,Morocco,5510,Production,1729,"Treenuts, Total",2012,2012,t,107912.91,E,Estimated value,
QCL,Crops and livestock products,143,Morocco,5312,Area harvested,1729,"Treenuts, Total",2013,2013,ha,162493,E,Estimated value,
QCL,Crops and livestock products,143,Morocco,5419,Yield,1729,"Treenuts, Total",2013,2013,100 g/ha,6652,E,Estimated value,
QCL,Crops and livestock products,143,Morocco,5510,Production,1729,"Treenuts, Total",2013,2013,t,108085.1,E,Estimated value,
QCL,Crops and livestock products,143,Morocco,5312,Area harvested,1729,"Treenuts, Total",2014,2014,ha,166171,E,Estimated value,
QCL,Crops and livestock products,143,Morocco,5419,Yield,1729,"Treenuts, Total",2014,2014,100 g/ha,6865,E,Estimated value,
QCL,Crops and livestock products,143,Morocco,5510,Production,1729,"Treenuts, Total",2014,2014,t,114080.52,E,Estimated value,
QCL,Crops and livestock products,143,Morocco,5312,Area harvested,1729,"Treenuts, Total",2015,2015,ha,167107,E,Estimated value,
QCL,Crops and livestock products,143,Morocco,5419,Yield,1729,"Treenuts, Total",2015,2015,100 g/ha,6883,E,Estimated value,
QCL,Crops and livestock products,143,Morocco,5510,Production,1729,"Treenuts, Total",2015,2015,t,115027.07,E,Estimated value,
QCL,Crops and livestock products,143,Morocco,5312,Area harvested,1729,"Treenuts, Total",2016,2016,ha,173064,E,Estimated value,
QCL,Crops and livestock products,143,Morocco,5419,Yield,1729,"Treenuts, Total",2016,2016,100 g/ha,7123,E,Estimated value,
QCL,Crops and livestock products,143,Morocco,5510,Production,1729,"Treenuts, Total",2016,2016,t,123268.72,E,Estimated value,
QCL,Crops and livestock products,143,Morocco,5312,Area harvested,1729,"Treenuts, Total",2017,2017,ha,178444,E,Estimated value,
QCL,Crops and livestock products,143,Morocco,5419,Yield,1729,"Treenuts, Total",2017,2017,100 g/ha,7294,E,Estimated value,
QCL,Crops and livestock products,143,Morocco,5510,Production,1729,"Treenuts, Total",2017,2017,t,130152.29,E,Estimated value,
QCL,Crops and livestock products,143,Morocco,5312,Area harvested,1729,"Treenuts, Total",2018,2018,ha,194077,E,Estimated value,
QCL,Crops and livestock products,143,Morocco,5419,Yield,1729,"Treenuts, Total",2018,2018,100 g/ha,6715,E,Estimated value,
QCL,Crops and livestock products,143,Morocco,5510,Production,1729,"Treenuts, Total",2018,2018,t,130315.8,E,Estimated value,
QCL,Crops and livestock products,143,Morocco,5312,Area harvested,1729,"Treenuts, Total",2019,2019,ha,198367,E,Estimated value,
QCL,Crops and livestock products,143,Morocco,5419,Yield,1729,"Treenuts, Total",2019,2019,100 g/ha,5681,E,Estimated value,
QCL,Crops and livestock products,143,Morocco,5510,Production,1729,"Treenuts, Total",2019,2019,t,112690.5,E,Estimated value,
QCL,Crops and livestock products,143,Morocco,5312,Area harvested,1729,"Treenuts, Total",2020,2020,ha,216286,E,Estimated value,
QCL,Crops and livestock products,143,Morocco,5419,Yield,1729,"Treenuts, Total",2020,2020,100 g/ha,6799,E,Estimated value,
QCL,Crops and livestock products,143,Morocco,5510,Production,1729,"Treenuts, Total",2020,2020,t,147060.92,E,Estimated value,
QCL,Crops and livestock products,143,Morocco,5312,Area harvested,1729,"Treenuts, Total",2021,2021,ha,225942,E,Estimated value,
QCL,Crops and livestock products,143,Morocco,5419,Yield,1729,"Treenuts, Total",2021,2021,100 g/ha,8628,E,Estimated value,
QCL,Crops and livestock products,143,Morocco,5510,Production,1729,"Treenuts, Total",2021,2021,t,194949.33,E,Estimated value,
QCL,Crops and livestock products,143,Morocco,5312,Area harvested,1729,"Treenuts, Total",2022,2022,ha,233385,E,Estimated value,
QCL,Crops and livestock products,143,Morocco,5419,Yield,1729,"Treenuts, Total",2022,2022,100 g/ha,8104,E,Estimated value,
QCL,Crops and livestock products,143,Morocco,5510,Production,1729,"Treenuts, Total",2022,2022,t,189137.35,E,Estimated value,
QCL,Crops and livestock products,143,Morocco,5312,Area harvested,1735,Vegetables Primary,1961,1961,ha,66915,E,Estimated value,
QCL,Crops and livestock products,143,Morocco,5419,Yield,1735,Vegetables Primary,1961,1961,100 g/ha,75753,E,Estimated value,
QCL,Crops and livestock products,143,Morocco,5510,Production,1735,Vegetables Primary,1961,1961,t,506900,E,Estimated value,
QCL,Crops and livestock products,143,Morocco,5312,Area harvested,1735,Vegetables Primary,1962,1962,ha,66936,E,Estimated value,
QCL,Crops and livestock products,143,Morocco,5419,Yield,1735,Vegetables Primary,1962,1962,100 g/ha,84319,E,Estimated value,
QCL,Crops and livestock products,143,Morocco,5510,Production,1735,Vegetables Primary,1962,1962,t,564400,E,Estimated value,
QCL,Crops and livestock products,143,Morocco,5312,Area harvested,1735,Vegetables Primary,1963,1963,ha,81684,E,Estimated value,
QCL,Crops and livestock products,143,Morocco,5419,Yield,1735,Vegetables Primary,1963,1963,100 g/ha,67882,E,Estimated value,
QCL,Crops and livestock products,143,Morocco,5510,Production,1735,Vegetables Primary,1963,1963,t,554485,E,Estimated value,
QCL,Crops and livestock products,143,Morocco,5312,Area harvested,1735,Vegetables Primary,1964,1964,ha,92978,E,Estimated value,
QCL,Crops and livestock products,143,Morocco,5419,Yield,1735,Vegetables Primary,1964,1964,100 g/ha,75416,E,Estimated value,
QCL,Crops and livestock products,143,Morocco,5510,Production,1735,Vegetables Primary,1964,1964,t,701200,E,Estimated value,
QCL,Crops and livestock products,143,Morocco,5312,Area harvested,1735,Vegetables Primary,1965,1965,ha,88282,E,Estimated value,
QCL,Crops and livestock products,143,Morocco,5419,Yield,1735,Vegetables Primary,1965,1965,100 g/ha,82950,E,Estimated value,
QCL,Crops and livestock products,143,Morocco,5510,Production,1735,Vegetables Primary,1965,1965,t,732303,E,Estimated value,
QCL,Crops and livestock products,143,Morocco,5312,Area harvested,1735,Vegetables Primary,1966,1966,ha,82041,E,Estimated value,
QCL,Crops and livestock products,143,Morocco,5419,Yield,1735,Vegetables Primary,1966,1966,100 g/ha,86499,E,Estimated value,
QCL,Crops and livestock products,143,Morocco,5510,Production,1735,Vegetables Primary,1966,1966,t,709647,E,Estimated value,
QCL,Crops and livestock products,143,Morocco,5312,Area harvested,1735,Vegetables Primary,1967,1967,ha,71638,E,Estimated value,
QCL,Crops and livestock products,143,Morocco,5419,Yield,1735,Vegetables Primary,1967,1967,100 g/ha,90134,E,Estimated value,
QCL,Crops and livestock products,143,Morocco,5510,Production,1735,Vegetables Primary,1967,1967,t,645700,E,Estimated value,
QCL,Crops and livestock products,143,Morocco,5312,Area harvested,1735,Vegetables Primary,1968,1968,ha,74905,E,Estimated value,
QCL,Crops and livestock products,143,Morocco,5419,Yield,1735,Vegetables Primary,1968,1968,100 g/ha,81824,E,Estimated value,
QCL,Crops and livestock products,143,Morocco,5510,Production,1735,Vegetables Primary,1968,1968,t,612900,E,Estimated value,
QCL,Crops and livestock products,143,Morocco,5312,Area harvested,1735,Vegetables Primary,1969,1969,ha,73013,E,Estimated value,
QCL,Crops and livestock products,143,Morocco,5419,Yield,1735,Vegetables Primary,1969,1969,100 g/ha,89587,E,Estimated value,
QCL,Crops and livestock products,143,Morocco,5510,Production,1735,Vegetables Primary,1969,1969,t,654100,E,Estimated value,
QCL,Crops and livestock products,143,Morocco,5312,Area harvested,1735,Vegetables Primary,1970,1970,ha,74621,E,Estimated value,
QCL,Crops and livestock products,143,Morocco,5419,Yield,1735,Vegetables Primary,1970,1970,100 g/ha,90852,E,Estimated value,
QCL,Crops and livestock products,143,Morocco,5510,Production,1735,Vegetables Primary,1970,1970,t,677950,E,Estimated value,
QCL,Crops and livestock products,143,Morocco,5312,Area harvested,1735,Vegetables Primary,1971,1971,ha,70166,E,Estimated value,
QCL,Crops and livestock products,143,Morocco,5419,Yield,1735,Vegetables Primary,1971,1971,100 g/ha,95858,E,Estimated value,
QCL,Crops and livestock products,143,Morocco,5510,Production,1735,Vegetables Primary,1971,1971,t,672600,E,Estimated value,
QCL,Crops and livestock products,143,Morocco,5312,Area harvested,1735,Vegetables Primary,1972,1972,ha,75816,E,Estimated value,
QCL,Crops and livestock products,143,Morocco,5419,Yield,1735,Vegetables Primary,1972,1972,100 g/ha,86797,E,Estimated value,
QCL,Crops and livestock products,143,Morocco,5510,Production,1735,Vegetables Primary,1972,1972,t,658060,E,Estimated value,
QCL,Crops and livestock products,143,Morocco,5312,Area harvested,1735,Vegetables Primary,1973,1973,ha,75616,E,Estimated value,
QCL,Crops and livestock products,143,Morocco,5419,Yield,1735,Vegetables Primary,1973,1973,100 g/ha,100193,E,Estimated value,
QCL,Crops and livestock products,143,Morocco,5510,Production,1735,Vegetables Primary,1973,1973,t,757620,E,Estimated value,
QCL,Crops and livestock products,143,Morocco,5312,Area harvested,1735,Vegetables Primary,1974,1974,ha,77566,E,Estimated value,
QCL,Crops and livestock products,143,Morocco,5419,Yield,1735,Vegetables Primary,1974,1974,100 g/ha,114493,E,Estimated value,
QCL,Crops and livestock products,143,Morocco,5510,Production,1735,Vegetables Primary,1974,1974,t,888080,E,Estimated value,
QCL,Crops and livestock products,143,Morocco,5312,Area harvested,1735,Vegetables Primary,1975,1975,ha,74880,E,Estimated value,
QCL,Crops and livestock products,143,Morocco,5419,Yield,1735,Vegetables Primary,1975,1975,100 g/ha,144048,E,Estimated value,
QCL,Crops and livestock products,143,Morocco,5510,Production,1735,Vegetables Primary,1975,1975,t,1078630,E,Estimated value,
QCL,Crops and livestock products,143,Morocco,5312,Area harvested,1735,Vegetables Primary,1976,1976,ha,81002,E,Estimated value,
QCL,Crops and livestock products,143,Morocco,5419,Yield,1735,Vegetables Primary,1976,1976,100 g/ha,124655,E,Estimated value,
QCL,Crops and livestock products,143,Morocco,5510,Production,1735,Vegetables Primary,1976,1976,t,1009730,E,Estimated value,
QCL,Crops and livestock products,143,Morocco,5312,Area harvested,1735,Vegetables Primary,1977,1977,ha,81757,E,Estimated value,
QCL,Crops and livestock products,143,Morocco,5419,Yield,1735,Vegetables Primary,1977,1977,100 g/ha,138426,E,Estimated value,
QCL,Crops and livestock products,143,Morocco,5510,Production,1735,Vegetables Primary,1977,1977,t,1131730,E,Estimated value,
QCL,Crops and livestock products,143,Morocco,5312,Area harvested,1735,Vegetables Primary,1978,1978,ha,87352,E,Estimated value,
QCL,Crops and livestock products,143,Morocco,5419,Yield,1735,Vegetables Primary,1978,1978,100 g/ha,124534,E,Estimated value,
QCL,Crops and livestock products,143,Morocco,5510,Production,1735,Vegetables Primary,1978,1978,t,1087830,E,Estimated value,
QCL,Crops and livestock products,143,Morocco,5312,Area harvested,1735,Vegetables Primary,1979,1979,ha,85855,E,Estimated value,
QCL,Crops and livestock products,143,Morocco,5419,Yield,1735,Vegetables Primary,1979,1979,100 g/ha,122984,E,Estimated value,
QCL,Crops and livestock products,143,Morocco,5510,Production,1735,Vegetables Primary,1979,1979,t,1055880,E,Estimated value,
QCL,Crops and livestock products,143,Morocco,5312,Area harvested,1735,Vegetables Primary,1980,1980,ha,76855,E,Estimated value,
QCL,Crops and livestock products,143,Morocco,5419,Yield,1735,Vegetables Primary,1980,1980,100 g/ha,130750,E,Estimated value,
QCL,Crops and livestock products,143,Morocco,5510,Production,1735,Vegetables Primary,1980,1980,t,1004880,E,Estimated value,
QCL,Crops and livestock products,143,Morocco,5312,Area harvested,1735,Vegetables Primary,1981,1981,ha,75416,E,Estimated value,
QCL,Crops and livestock products,143,Morocco,5419,Yield,1735,Vegetables Primary,1981,1981,100 g/ha,126423,E,Estimated value,
QCL,Crops and livestock products,143,Morocco,5510,Production,1735,Vegetables Primary,1981,1981,t,953430,E,Estimated value,
QCL,Crops and livestock products,143,Morocco,5312,Area harvested,1735,Vegetables Primary,1982,1982,ha,79154,E,Estimated value,
QCL,Crops and livestock products,143,Morocco,5419,Yield,1735,Vegetables Primary,1982,1982,100 g/ha,135609,E,Estimated value,
QCL,Crops and livestock products,143,Morocco,5510,Production,1735,Vegetables Primary,1982,1982,t,1073400,E,Estimated value,
QCL,Crops and livestock products,143,Morocco,5312,Area harvested,1735,Vegetables Primary,1983,1983,ha,82528,E,Estimated value,
QCL,Crops and livestock products,143,Morocco,5419,Yield,1735,Vegetables Primary,1983,1983,100 g/ha,126203,E,Estimated value,
QCL,Crops and livestock products,143,Morocco,5510,Production,1735,Vegetables Primary,1983,1983,t,1041530,E,Estimated value,
QCL,Crops and livestock products,143,Morocco,5312,Area harvested,1735,Vegetables Primary,1984,1984,ha,96470,E,Estimated value,
QCL,Crops and livestock products,143,Morocco,5419,Yield,1735,Vegetables Primary,1984,1984,100 g/ha,122160,E,Estimated value,
QCL,Crops and livestock products,143,Morocco,5510,Production,1735,Vegetables Primary,1984,1984,t,1178480,E,Estimated value,
QCL,Crops and livestock products,143,Morocco,5312,Area harvested,1735,Vegetables Primary,1985,1985,ha,90960,E,Estimated value,
QCL,Crops and livestock products,143,Morocco,5419,Yield,1735,Vegetables Primary,1985,1985,100 g/ha,135782,E,Estimated value,
QCL,Crops and livestock products,143,Morocco,5510,Production,1735,Vegetables Primary,1985,1985,t,1235070,E,Estimated value,
QCL,Crops and livestock products,143,Morocco,5312,Area harvested,1735,Vegetables Primary,1986,1986,ha,95712,E,Estimated value,
QCL,Crops and livestock products,143,Morocco,5419,Yield,1735,Vegetables Primary,1986,1986,100 g/ha,156410,E,Estimated value,
QCL,Crops and livestock products,143,Morocco,5510,Production,1735,Vegetables Primary,1986,1986,t,1497030,E,Estimated value,
QCL,Crops and livestock products,143,Morocco,5312,Area harvested,1735,Vegetables Primary,1987,1987,ha,103158,E,Estimated value,
QCL,Crops and livestock products,143,Morocco,5419,Yield,1735,Vegetables Primary,1987,1987,100 g/ha,174985,E,Estimated value,
QCL,Crops and livestock products,143,Morocco,5510,Production,1735,Vegetables Primary,1987,1987,t,1805110,E,Estimated value,
QCL,Crops and livestock products,143,Morocco,5312,Area harvested,1735,Vegetables Primary,1988,1988,ha,104526,E,Estimated value,
QCL,Crops and livestock products,143,Morocco,5419,Yield,1735,Vegetables Primary,1988,1988,100 g/ha,173046,E,Estimated value,
QCL,Crops and livestock products,143,Morocco,5510,Production,1735,Vegetables Primary,1988,1988,t,1808780,A,Official figure,
QCL,Crops and livestock products,143,Morocco,5312,Area harvested,1735,Vegetables Primary,1989,1989,ha,103493,E,Estimated value,
QCL,Crops and livestock products,143,Morocco,5419,Yield,1735,Vegetables Primary,1989,1989,100 g/ha,193135,E,Estimated value,
QCL,Crops and livestock products,143,Morocco,5510,Production,1735,Vegetables Primary,1989,1989,t,1998810,A,Official figure,
QCL,Crops and livestock products,143,Morocco,5312,Area harvested,1735,Vegetables Primary,1990,1990,ha,122399,E,Estimated value,
QCL,Crops and livestock products,143,Morocco,5419,Yield,1735,Vegetables Primary,1990,1990,100 g/ha,184001,E,Estimated value,
QCL,Crops and livestock products,143,Morocco,5510,Production,1735,Vegetables Primary,1990,1990,t,2252158,A,Official figure,
QCL,Crops and livestock products,143,Morocco,5312,Area harvested,1735,Vegetables Primary,1991,1991,ha,122787,E,Estimated value,
QCL,Crops and livestock products,143,Morocco,5419,Yield,1735,Vegetables Primary,1991,1991,100 g/ha,190208,E,Estimated value,
QCL,Crops and livestock products,143,Morocco,5510,Production,1735,Vegetables Primary,1991,1991,t,2335496.19,A,Official figure,
QCL,Crops and livestock products,143,Morocco,5312,Area harvested,1735,Vegetables Primary,1992,1992,ha,114381,E,Estimated value,
QCL,Crops and livestock products,143,Morocco,5419,Yield,1735,Vegetables Primary,1992,1992,100 g/ha,190142,E,Estimated value,
QCL,Crops and livestock products,143,Morocco,5510,Production,1735,Vegetables Primary,1992,1992,t,2174857.18,A,Official figure,
QCL,Crops and livestock products,143,Morocco,5312,Area harvested,1735,Vegetables Primary,1993,1993,ha,117371,E,Estimated value,
QCL,Crops and livestock products,143,Morocco,5419,Yield,1735,Vegetables Primary,1993,1993,100 g/ha,185237,E,Estimated value,
QCL,Crops and livestock products,143,Morocco,5510,Production,1735,Vegetables Primary,1993,1993,t,2174155.24,A,Official figure,
QCL,Crops and livestock products,143,Morocco,5312,Area harvested,1735,Vegetables Primary,1994,1994,ha,125330,A,Official figure,
QCL,Crops and livestock products,143,Morocco,5419,Yield,1735,Vegetables Primary,1994,1994,100 g/ha,174180,A,Official figure,
QCL,Crops and livestock products,143,Morocco,5510,Production,1735,Vegetables Primary,1994,1994,t,2183001.54,A,Official figure,
QCL,Crops and livestock products,143,Morocco,5312,Area harvested,1735,Vegetables Primary,1995,1995,ha,96474,A,Official figure,
QCL,Crops and livestock products,143,Morocco,5419,Yield,1735,Vegetables Primary,1995,1995,100 g/ha,197677,A,Official figure,
QCL,Crops and livestock products,143,Morocco,5510,Production,1735,Vegetables Primary,1995,1995,t,1907077.08,A,Official figure,
QCL,Crops and livestock products,143,Morocco,5312,Area harvested,1735,Vegetables Primary,1996,1996,ha,132602,A,Official figure,
QCL,Crops and livestock products,143,Morocco,5419,Yield,1735,Vegetables Primary,1996,1996,100 g/ha,191090,A,Official figure,
QCL,Crops and livestock products,143,Morocco,5510,Production,1735,Vegetables Primary,1996,1996,t,2533895.55,A,Official figure,
QCL,Crops and livestock products,143,Morocco,5312,Area harvested,1735,Vegetables Primary,1997,1997,ha,133191,A,Official figure,
QCL,Crops and livestock products,143,Morocco,5419,Yield,1735,Vegetables Primary,1997,1997,100 g/ha,192382,A,Official figure,
QCL,Crops and livestock products,143,Morocco,5510,Production,1735,Vegetables Primary,1997,1997,t,2562350.17,A,Official figure,
QCL,Crops and livestock products,143,Morocco,5312,Area harvested,1735,Vegetables Primary,1998,1998,ha,142638,A,Official figure,
QCL,Crops and livestock products,143,Morocco,5419,Yield,1735,Vegetables Primary,1998,1998,100 g/ha,212730,A,Official figure,
QCL,Crops and livestock products,143,Morocco,5510,Production,1735,Vegetables Primary,1998,1998,t,3034335.38,A,Official figure,
QCL,Crops and livestock products,143,Morocco,5312,Area harvested,1735,Vegetables Primary,1999,1999,ha,136261,A,Official figure,
QCL,Crops and livestock products,143,Morocco,5419,Yield,1735,Vegetables Primary,1999,1999,100 g/ha,206929,A,Official figure,
QCL,Crops and livestock products,143,Morocco,5510,Production,1735,Vegetables Primary,1999,1999,t,2819632.34,A,Official figure,
QCL,Crops and livestock products,143,Morocco,5312,Area harvested,1735,Vegetables Primary,2000,2000,ha,128847,A,Official figure,
QCL,Crops and livestock products,143,Morocco,5419,Yield,1735,Vegetables Primary,2000,2000,100 g/ha,196903,A,Official figure,
QCL,Crops and livestock products,143,Morocco,5510,Production,1735,Vegetables Primary,2000,2000,t,2537034.46,A,Official figure,
QCL,Crops and livestock products,143,Morocco,5312,Area harvested,1735,Vegetables Primary,2001,2001,ha,138554,A,Official figure,
QCL,Crops and livestock products,143,Morocco,5419,Yield,1735,Vegetables Primary,2001,2001,100 g/ha,195856,A,Official figure,
QCL,Crops and livestock products,143,Morocco,5510,Production,1735,Vegetables Primary,2001,2001,t,2713673.98,A,Official figure,
QCL,Crops and livestock products,143,Morocco,5312,Area harvested,1735,Vegetables Primary,2002,2002,ha,130164,A,Official figure,
QCL,Crops and livestock products,143,Morocco,5419,Yield,1735,Vegetables Primary,2002,2002,100 g/ha,233721,A,Official figure,
QCL,Crops and livestock products,143,Morocco,5510,Production,1735,Vegetables Primary,2002,2002,t,3042209.26,A,Official figure,
QCL,Crops and livestock products,143,Morocco,5312,Area harvested,1735,Vegetables Primary,2003,2003,ha,149544,A,Official figure,
QCL,Crops and livestock products,143,Morocco,5419,Yield,1735,Vegetables Primary,2003,2003,100 g/ha,221806,A,Official figure,
QCL,Crops and livestock products,143,Morocco,5510,Production,1735,Vegetables Primary,2003,2003,t,3316976.38,A,Official figure,
QCL,Crops and livestock products,143,Morocco,5312,Area harvested,1735,Vegetables Primary,2004,2004,ha,159514,A,Official figure,
QCL,Crops and livestock products,143,Morocco,5419,Yield,1735,Vegetables Primary,2004,2004,100 g/ha,243807,A,Official figure,
QCL,Crops and livestock products,143,Morocco,5510,Production,1735,Vegetables Primary,2004,2004,t,3889063.73,A,Official figure,
QCL,Crops and livestock products,143,Morocco,5312,Area harvested,1735,Vegetables Primary,2005,2005,ha,152790,A,Official figure,
QCL,Crops and livestock products,143,Morocco,5419,Yield,1735,Vegetables Primary,2005,2005,100 g/ha,235543,A,Official figure,
QCL,Crops and livestock products,143,Morocco,5510,Production,1735,Vegetables Primary,2005,2005,t,3598846.79,A,Official figure,
QCL,Crops and livestock products,143,Morocco,5312,Area harvested,1735,Vegetables Primary,2006,2006,ha,175100,A,Official figure,
QCL,Crops and livestock products,143,Morocco,5419,Yield,1735,Vegetables Primary,2006,2006,100 g/ha,254258,A,Official figure,
QCL,Crops and livestock products,143,Morocco,5510,Production,1735,Vegetables Primary,2006,2006,t,4452069.05,A,Official figure,
QCL,Crops and livestock products,143,Morocco,5312,Area harvested,1735,Vegetables Primary,2007,2007,ha,150070,A,Official figure,
QCL,Crops and livestock products,143,Morocco,5419,Yield,1735,Vegetables Primary,2007,2007,100 g/ha,252260,A,Official figure,
QCL,Crops and livestock products,143,Morocco,5510,Production,1735,Vegetables Primary,2007,2007,t,3785665.24,A,Official figure,
QCL,Crops and livestock products,143,Morocco,5312,Area harvested,1735,Vegetables Primary,2008,2008,ha,148485,A,Official figure,
QCL,Crops and livestock products,143,Morocco,5419,Yield,1735,Vegetables Primary,2008,2008,100 g/ha,263540,A,Official figure,
QCL,Crops and livestock products,143,Morocco,5510,Production,1735,Vegetables Primary,2008,2008,t,3913188.57,A,Official figure,
QCL,Crops and livestock products,143,Morocco,5312,Area harvested,1735,Vegetables Primary,2009,2009,ha,150965,A,Official figure,
QCL,Crops and livestock products,143,Morocco,5419,Yield,1735,Vegetables Primary,2009,2009,100 g/ha,246727,A,Official figure,
QCL,Crops and livestock products,143,Morocco,5510,Production,1735,Vegetables Primary,2009,2009,t,3724710.71,A,Official figure,
QCL,Crops and livestock products,143,Morocco,5312,Area harvested,1735,Vegetables Primary,2010,2010,ha,158840,A,Official figure,
QCL,Crops and livestock products,143,Morocco,5419,Yield,1735,Vegetables Primary,2010,2010,100 g/ha,275723,A,Official figure,
QCL,Crops and livestock products,143,Morocco,5510,Production,1735,Vegetables Primary,2010,2010,t,4379584.01,A,Official figure,
QCL,Crops and livestock products,143,Morocco,5312,Area harvested,1735,Vegetables Primary,2011,2011,ha,152062,A,Official figure,
QCL,Crops and livestock products,143,Morocco,5419,Yield,1735,Vegetables Primary,2011,2011,100 g/ha,278988,A,Official figure,
QCL,Crops and livestock products,143,Morocco,5510,Production,1735,Vegetables Primary,2011,2011,t,4242356.63,A,Official figure,
QCL,Crops and livestock products,143,Morocco,5312,Area harvested,1735,Vegetables Primary,2012,2012,ha,150531,A,Official figure,
QCL,Crops and livestock products,143,Morocco,5419,Yield,1735,Vegetables Primary,2012,2012,100 g/ha,295137,A,Official figure,
QCL,Crops and livestock products,143,Morocco,5510,Production,1735,Vegetables Primary,2012,2012,t,4442713.55,A,Official figure,
QCL,Crops and livestock products,143,Morocco,5312,Area harvested,1735,Vegetables Primary,2013,2013,ha,154723,A,Official figure,
QCL,Crops and livestock products,143,Morocco,5419,Yield,1735,Vegetables Primary,2013,2013,100 g/ha,285596,A,Official figure,
QCL,Crops and livestock products,143,Morocco,5510,Production,1735,Vegetables Primary,2013,2013,t,4418831.84,A,Official figure,
QCL,Crops and livestock products,143,Morocco,5312,Area harvested,1735,Vegetables Primary,2014,2014,ha,145102,A,Official figure,
QCL,Crops and livestock products,143,Morocco,5419,Yield,1735,Vegetables Primary,2014,2014,100 g/ha,280005,A,Official figure,
QCL,Crops and livestock products,143,Morocco,5510,Production,1735,Vegetables Primary,2014,2014,t,4062934.94,A,Official figure,
QCL,Crops and livestock products,143,Morocco,5312,Area harvested,1735,Vegetables Primary,2015,2015,ha,151992,A,Official figure,
QCL,Crops and livestock products,143,Morocco,5419,Yield,1735,Vegetables Primary,2015,2015,100 g/ha,277213,A,Official figure,
QCL,Crops and livestock products,143,Morocco,5510,Production,1735,Vegetables Primary,2015,2015,t,4213405.9,A,Official figure,
QCL,Crops and livestock products,143,Morocco,5312,Area harvested,1735,Vegetables Primary,2016,2016,ha,122298,A,Official figure,
QCL,Crops and livestock products,143,Morocco,5419,Yield,1735,Vegetables Primary,2016,2016,100 g/ha,298652,A,Official figure,
QCL,Crops and livestock products,143,Morocco,5510,Production,1735,Vegetables Primary,2016,2016,t,3652445.47,A,Official figure,
QCL,Crops and livestock products,143,Morocco,5312,Area harvested,1735,Vegetables Primary,2017,2017,ha,141814,A,Official figure,
QCL,Crops and livestock products,143,Morocco,5419,Yield,1735,Vegetables Primary,2017,2017,100 g/ha,280225,A,Official figure,
QCL,Crops and livestock products,143,Morocco,5510,Production,1735,Vegetables Primary,2017,2017,t,3973983.56,A,Official figure,
QCL,Crops and livestock products,143,Morocco,5312,Area harvested,1735,Vegetables Primary,2018,2018,ha,153705,A,Official figure,
QCL,Crops and livestock products,143,Morocco,5419,Yield,1735,Vegetables Primary,2018,2018,100 g/ha,292207,A,Official figure,
QCL,Crops and livestock products,143,Morocco,5510,Production,1735,Vegetables Primary,2018,2018,t,4491361.87,A,Official figure,
QCL,Crops and livestock products,143,Morocco,5312,Area harvested,1735,Vegetables Primary,2019,2019,ha,142862,A,Official figure,
QCL,Crops and livestock products,143,Morocco,5419,Yield,1735,Vegetables Primary,2019,2019,100 g/ha,294768,A,Official figure,
QCL,Crops and livestock products,143,Morocco,5510,Production,1735,Vegetables Primary,2019,2019,t,4211112.59,A,Official figure,
QCL,Crops and livestock products,143,Morocco,5312,Area harvested,1735,Vegetables Primary,2020,2020,ha,151715,A,Official figure,
QCL,Crops and livestock products,143,Morocco,5419,Yield,1735,Vegetables Primary,2020,2020,100 g/ha,263337,A,Official figure,
QCL,Crops and livestock products,143,Morocco,5510,Production,1735,Vegetables Primary,2020,2020,t,3995215.86,A,Official figure,
QCL,Crops and livestock products,143,Morocco,5312,Area harvested,1735,Vegetables Primary,2021,2021,ha,132192,A,Official figure,
QCL,Crops and livestock products,143,Morocco,5419,Yield,1735,Vegetables Primary,2021,2021,100 g/ha,310975,A,Official figure,
QCL,Crops and livestock products,143,Morocco,5510,Production,1735,Vegetables Primary,2021,2021,t,4110841.81,A,Official figure,
QCL,Crops and livestock products,143,Morocco,5312,Area harvested,1735,Vegetables Primary,2022,2022,ha,128573,A,Official figure,
QCL,Crops and livestock products,143,Morocco,5419,Yield,1735,Vegetables Primary,2022,2022,100 g/ha,331686,A,Official figure,
QCL,Crops and livestock products,143,Morocco,5510,Production,1735,Vegetables Primary,2022,2022,t,4264578.24,A,Official figure,
